id,Tkl,TklW,Def 3rd,Mid 3rd,Att 3rd,Tkl.1,Att,Lost,Blocks,Sh,Pass,Int,Tkl+Int,Clr,Err,recov
00638016,31,17,23,8,0,21,29,8,33,17,16,22,53,86,0,93
007faf7a,30,18,7,15,8,15,29,14,15,0,15,2,32,5,0,68
00891164,33,17,20,12,1,16,24,8,23,12,11,34,67,76,0,101
00a8d210,57,39,22,27,8,36,74,38,27,0,27,28,85,52,0,130
0118c54c,65,34,35,24,6,33,55,22,22,3,19,33,98,49,1,161
01870104,12,5,4,3,5,3,24,21,7,1,6,7,19,14,0,50
02bcaf8e,2,2,0,2,0,0,5,5,1,0,1,3,5,2,0,37
032f894e,19,7,8,10,1,9,26,17,14,3,11,14,33,7,0,124
037f2523,7,5,0,5,2,2,10,8,7,1,6,0,7,1,0,23
03e91055,29,14,5,17,7,12,34,22,14,2,12,8,37,4,1,98
04bb2b06,7,4,0,3,4,2,3,1,8,3,5,1,8,3,0,20
0512a60a,0,0,0,0,0,0,0,0,0,0,0,0,0,1,0,0
0557ff4f,0,0,0,0,0,0,0,0,1,1,0,2,2,10,0,2
0630eb63,0,0,0,0,0,0,0,0,0,0,0,0,0,0,0,1
065dc209,17,10,3,12,2,9,32,23,11,2,9,4,21,22,0,72
06c48679,60,28,24,28,8,25,45,20,39,27,12,65,125,106,0,221
06df8256,36,19,21,15,0,14,23,9,18,12,6,28,64,68,1,150
06f33dc8,1,0,0,0,1,0,0,0,0,0,0,0,1,1,0,2
080de72a,0,0,0,0,0,0,0,0,0,0,0,0,0,1,0,2
08511d65,12,5,6,6,0,8,15,7,4,2,2,8,20,27,0,46
08f5afaa,0,0,0,0,0,0,0,0,0,0,0,0,0,9,2,25
095e4199,1,0,0,0,1,1,5,4,0,0,0,1,2,1,0,19
0ad37003,29,13,14,12,3,9,27,18,8,3,5,23,52,13,0,79
0af4dcf0,2,0,1,0,1,0,3,3,2,0,2,0,2,1,0,5
0b0cbe5b,46,25,14,13,19,22,63,41,30,0,30,8,54,34,1,141
0b2c9aec,8,5,7,0,1,6,15,9,9,0,9,4,12,7,0,49
0b4d8274,10,7,1,5,4,2,13,11,8,0,8,4,14,1,0,28
0bb6e193,41,22,24,14,3,16,42,26,18,4,14,18,59,27,0,100
0be95d34,29,17,3,18,8,14,33,19,12,0,12,8,37,3,0,82
0bfca6a1,45,28,19,20,6,26,49,23,25,4,21,27,72,29,2,145
0c2ac3cb,14,8,3,9,2,7,11,4,3,0,3,4,18,0,0,14
0cbc8baa,71,44,43,21,7,42,90,48,40,5,35,53,124,92,0,205
0d7b6576,18,10,9,6,3,6,16,10,7,0,7,4,22,4,0,46
0e46fa2f,0,0,0,0,0,0,0,0,2,0,2,0,0,1,0,0
0e7ccfc4,33,20,17,11,5,24,42,18,24,3,21,13,46,36,0,49
0ed063d6,6,5,2,4,0,3,3,0,1,0,1,7,13,5,0,19
0f26fd24,8,7,4,2,2,2,6,4,3,0,3,0,8,1,0,11
0f697e02,0,0,0,0,0,0,0,0,1,0,1,0,0,0,0,0
0f8418aa,47,23,18,20,9,19,46,27,32,11,21,35,82,31,0,169
0f86995c,18,12,8,7,3,9,21,12,5,2,3,5,23,6,0,48
0ff630d0,72,44,34,29,9,37,71,34,32,8,24,58,130,48,0,232
1001ae82,27,15,11,12,4,12,29,17,17,2,15,10,37,5,0,132
104b4ad3,19,10,5,5,9,11,25,14,9,0,9,7,26,10,0,46
10f0fdd3,51,32,21,21,9,17,41,24,29,4,25,27,78,19,0,177
114bbdee,6,5,4,2,0,3,5,2,12,10,2,12,18,48,0,61
12bd0579,2,0,2,0,0,1,1,0,0,0,0,0,2,2,0,1
1467af0d,60,40,16,30,14,32,64,32,36,10,26,18,78,14,2,127
148e136f,15,7,4,8,3,5,15,10,7,0,7,5,20,1,0,20
14d2670e,19,10,10,9,0,11,22,11,7,2,5,10,29,19,0,43
14df1d7f,11,5,6,4,1,6,9,3,6,3,3,5,16,9,0,42
1545cf15,58,28,37,18,3,40,57,17,41,21,20,41,99,128,4,178
15944afd,8,7,4,4,0,2,11,9,11,3,8,13,21,9,0,45
165a2e40,7,2,0,2,5,2,17,15,8,1,7,2,9,11,0,31
16aa7d4c,44,25,32,11,1,29,40,11,42,29,13,55,99,141,0,144
1787195f,1,1,1,0,0,1,1,0,0,0,0,0,1,0,0,2
1880614f,18,13,5,6,7,5,18,13,13,2,11,14,32,9,0,72
19053e31,38,20,12,19,7,15,47,32,10,0,10,23,61,4,0,134
1956b948,18,13,8,8,2,5,18,13,11,0,11,6,24,4,0,65
199ff86e,0,0,0,0,0,0,2,2,0,0,0,0,0,2,0,2
19a12bed,13,10,4,6,3,5,8,3,10,2,8,9,22,4,0,41
19ba6c6d,17,6,3,12,2,4,27,23,13,1,12,6,23,12,0,65
19cda00b,29,18,6,13,10,14,37,23,17,0,17,6,35,3,0,71
1a066e69,27,18,22,4,1,15,27,12,31,24,7,22,49,69,1,92
1a248246,2,1,0,0,2,2,9,7,5,1,4,7,9,4,0,49
1a6b7ea4,59,37,18,32,9,26,66,40,33,7,26,38,97,43,0,175
1a992676,3,2,0,3,0,0,4,4,3,0,3,5,8,3,0,26
1bfe34dc,12,9,9,3,0,9,11,2,1,0,1,4,16,6,0,10
1d2d5cc8,0,0,0,0,0,0,1,1,1,0,1,1,1,4,1,20
1ddbc7ca,59,37,38,17,4,41,63,22,33,10,23,51,110,56,0,226
1df4a109,13,9,5,5,3,9,19,10,7,2,5,4,17,2,0,17
1e93fc5d,0,0,0,0,0,0,0,0,0,0,0,0,0,0,0,2
1ec7e1c5,13,9,7,5,1,5,9,4,15,10,5,22,35,53,1,54
1f6298f2,0,0,0,0,0,0,0,0,0,0,0,0,0,0,0,0
2054d037,4,0,0,2,2,0,4,4,9,1,8,1,5,4,0,18
20b9f052,0,0,0,0,0,0,1,1,0,0,0,0,0,12,1,52
20e73fac,46,24,16,18,12,24,67,43,33,3,30,30,76,44,0,144
2180c761,0,0,0,0,0,0,0,0,0,0,0,0,0,2,0,0
22721b88,22,15,11,8,3,15,27,12,4,1,3,16,38,10,0,32
2306bfde,0,0,0,0,0,0,0,0,0,0,0,0,0,0,0,0
2321ea6e,61,38,38,19,4,37,62,25,18,3,15,37,98,50,0,209
23c63b7f,3,2,1,2,0,2,6,4,4,0,4,2,5,3,0,27
2434f24a,1,0,1,0,0,1,2,1,0,0,0,0,1,6,3,49
243f4a0b,36,23,13,21,2,16,39,23,9,3,6,18,54,11,0,70
249ac66d,66,45,38,23,5,36,63,27,28,7,21,29,95,30,0,241
24eb7ed6,22,13,12,7,3,13,22,9,22,3,19,21,43,31,0,86
25146df0,23,16,8,13,2,8,12,4,5,3,2,9,32,15,0,34
2515040a,1,1,0,1,0,0,0,0,0,0,0,0,1,1,0,1
25749008,40,21,15,21,4,17,55,38,34,3,31,11,51,20,0,117
2591b066,7,4,2,3,2,2,8,6,3,0,3,2,9,4,0,40
26777636,43,27,22,14,7,19,68,49,33,3,30,37,80,11,2,150
2677a1de,33,18,7,17,9,9,34,25,21,0,21,12,45,7,0,103
2693f6bc,1,0,0,0,1,0,1,1,0,0,0,1,2,0,0,0
275e2c51,49,37,28,21,0,30,57,27,35,19,16,44,93,126,0,153
279ddf6a,53,30,21,26,6,13,58,45,34,5,29,44,97,38,1,111
288e1e13,27,18,16,11,0,14,24,10,24,14,10,24,51,127,1,154
28a65a2c,0,0,0,0,0,0,0,0,0,0,0,1,1,7,0,8
28dabd43,3,2,3,0,0,3,4,1,0,0,0,0,3,22,3,38
295ba708,18,13,11,5,2,9,24,15,14,4,10,9,27,20,1,67
29939a1d,11,9,7,3,1,5,10,5,4,0,4,7,18,1,0,36
29aee77c,3,1,1,2,0,0,2,2,3,0,3,4,7,5,0,9
29c02c9f,4,2,2,2,0,3,6,3,4,2,2,2,6,1,0,7
2a00c6c0,6,2,2,4,0,2,3,1,3,0,3,3,9,0,0,12
2a657da0,4,2,3,1,0,0,7,7,2,0,2,3,7,1,0,9
2acf0cd7,34,17,21,11,2,17,39,22,39,13,26,43,77,72,2,106
2aeb43f1,4,4,2,1,1,2,4,2,5,3,2,1,5,3,0,7
2b1bed19,46,23,21,21,4,18,39,21,26,6,20,48,94,30,1,171
2b471f99,62,35,25,33,4,28,38,10,32,9,23,48,110,37,0,142
2b5a35e5,1,1,0,1,0,1,2,1,0,0,0,0,1,1,0,2
2c127b6f,0,0,0,0,0,0,0,0,0,0,0,0,0,4,0,20
2d22cea7,33,18,9,16,8,11,30,19,27,2,25,15,48,3,0,118
2d70dbe5,1,0,1,0,0,1,2,1,0,0,0,0,1,10,2,14
2db2fd7b,20,15,11,9,0,9,17,8,20,10,10,20,40,73,0,107
2f9e4435,21,15,9,11,1,11,23,12,10,1,9,14,35,15,1,47
3010aefb,34,14,17,11,6,8,18,10,11,1,10,10,44,15,0,67
30144daa,24,13,11,7,6,14,39,25,23,2,21,8,32,11,0,93
30af8b93,53,30,31,18,4,28,59,31,30,6,24,27,80,37,3,205
31626657,110,60,44,53,13,71,166,95,58,1,57,55,165,13,0,264
316e70c7,1,1,1,0,0,0,0,0,0,0,0,0,1,0,0,1
3189f61a,42,24,15,20,7,16,29,13,24,9,15,28,70,13,0,131
31a62dc7,64,37,43,17,4,36,63,27,32,9,23,43,107,62,2,160
321a71a7,17,8,16,1,0,8,10,2,9,5,4,14,31,32,0,52
32c2d95f,48,27,34,14,0,16,32,16,50,25,25,68,116,104,0,195
33508c78,1,0,0,1,0,1,1,0,0,0,0,1,2,0,0,4
34a0f5ff,13,4,2,8,3,7,24,17,14,1,13,11,24,5,0,68
34a88e3e,14,5,2,8,4,5,6,1,4,1,3,2,16,2,0,32
3544641e,8,4,1,1,6,1,8,7,7,0,7,2,10,6,0,34
3681cfff,48,28,30,16,2,17,26,9,20,15,5,44,92,84,1,99
3708e9fa,40,22,10,18,12,18,41,23,26,1,25,12,52,8,0,96
375622c5,55,35,28,23,4,29,87,58,21,5,16,30,85,35,0,300
37d04e90,31,15,13,10,8,12,44,32,16,0,16,13,44,3,0,122
380a15e2,0,0,0,0,0,0,1,1,0,0,0,0,0,5,1,10
3814b753,12,9,2,6,4,1,17,16,8,1,7,0,12,2,0,27
381d7d54,0,0,0,0,0,0,1,1,3,1,2,0,0,0,0,3
3935e52e,7,6,2,3,2,5,8,3,4,0,4,0,7,7,1,22
397ba086,3,2,1,1,1,0,6,6,6,0,6,0,3,1,0,6
3befc2b6,85,52,49,32,4,52,103,51,67,33,34,69,154,143,0,200
3c6bbbab,33,21,22,9,2,13,32,19,37,8,29,32,65,51,0,101
3cc4bb19,30,18,13,15,2,13,31,18,11,2,9,6,36,21,0,60
3cd7820a,45,26,22,18,5,21,36,15,22,3,19,13,58,9,2,157
3d214e5f,3,1,3,0,0,3,5,2,1,0,1,0,3,24,1,34
3d738df0,0,0,0,0,0,0,0,0,0,0,0,1,1,2,0,0
3dd738a1,78,53,39,32,7,43,68,25,19,4,15,44,122,57,0,157
3e092724,33,17,12,18,3,13,32,19,16,6,10,10,43,14,2,105
3eaf8817,8,4,4,3,1,2,5,3,3,0,3,2,10,0,0,15
3ef0fa48,42,27,10,26,6,21,59,38,26,1,25,17,59,4,0,112
3f034750,0,0,0,0,0,0,0,0,0,0,0,0,0,14,1,19
3f3a2cba,6,6,3,2,1,3,3,0,0,0,0,1,7,6,0,4
40221fa7,28,19,13,11,4,14,24,10,20,8,12,14,42,15,0,64
40774c6b,17,11,5,5,7,4,14,10,7,0,7,5,22,8,0,41
42276181,19,10,5,9,5,6,18,12,22,1,21,6,25,1,0,81
42dcf26d,1,1,1,0,0,1,1,0,0,0,0,1,2,9,0,19
42eaa028,11,3,6,4,1,4,11,7,13,1,12,5,16,4,0,55
42fd9c7f,11,8,1,4,6,7,13,6,6,0,6,5,16,13,0,63
433dc9a2,24,14,10,10,4,13,18,5,8,0,8,8,32,16,0,37
436a9dd0,29,17,7,16,6,14,39,25,22,8,14,14,43,8,0,72
43b78598,5,3,1,3,1,3,7,4,3,0,3,5,10,12,0,19
43e7a164,50,37,33,13,4,18,35,17,30,13,17,61,111,90,2,142
4534a352,33,17,22,10,1,15,23,8,20,13,7,31,64,94,5,157
462475ed,36,25,5,19,12,7,40,33,28,3,25,8,44,31,1,86
46359159,81,44,59,15,7,47,83,36,29,0,29,32,113,30,0,180
46750e9c,14,13,4,7,3,2,8,6,14,0,14,11,25,4,0,67
468fdbad,35,20,12,21,2,19,53,34,17,3,14,22,57,28,1,147
46907171,5,3,2,3,0,5,10,5,2,0,2,0,5,1,0,17
469d3d84,0,0,0,0,0,0,1,1,2,0,2,0,0,0,0,1
46a7b605,0,0,0,0,0,0,0,0,0,0,0,0,0,0,0,1
46faabfa,1,1,0,1,0,0,5,5,6,1,5,3,4,16,0,50
4788cb6b,0,0,0,0,0,0,0,0,0,0,0,0,0,0,0,0
47af88b8,11,4,8,3,0,6,7,1,8,7,1,16,27,52,0,46
47c609d5,13,6,4,6,3,2,7,5,10,3,7,6,19,19,0,37
48b28bfd,16,9,4,9,3,5,19,14,8,1,7,19,35,7,0,77
49070d66,43,32,24,17,2,26,45,19,28,11,17,42,85,67,0,169
49136c42,32,24,19,13,0,17,27,10,25,15,10,33,65,83,1,97
4914ed4a,12,7,7,2,3,9,13,4,9,3,6,18,30,13,0,25
4937a9f7,9,5,5,3,1,3,4,1,8,4,4,12,21,34,0,31
49712367,3,3,0,3,0,2,6,4,7,4,3,1,4,2,0,11
4a987ffa,2,1,0,2,0,2,6,4,3,1,2,0,2,7,0,14
4ade359f,0,0,0,0,0,0,0,0,0,0,0,0,0,0,0,2
4b77bb89,11,7,8,2,1,7,11,4,5,0,5,2,13,4,0,30
4b96c347,35,25,8,18,9,14,44,30,21,5,16,22,57,5,1,137
4bf69118,54,35,31,19,4,33,72,39,17,4,13,43,97,48,1,144
4c3a6744,19,9,6,12,1,5,21,16,13,1,12,14,33,6,0,95
4c4ffacc,1,1,0,1,0,1,2,1,2,1,1,1,2,2,0,2
4c5b714f,24,13,13,8,3,9,24,15,10,1,9,16,40,13,0,52
4e0afc5d,56,35,30,17,9,32,65,33,21,7,14,34,90,60,1,144
4e47507a,5,2,1,3,1,1,3,2,3,1,2,3,8,8,0,35
4e7db402,3,3,3,0,0,3,8,5,1,0,1,1,4,25,2,58
4eb0686f,0,0,0,0,0,0,0,0,0,0,0,0,0,0,0,0
4f093689,5,5,0,3,2,1,4,3,3,0,3,0,5,1,0,13
4f255115,86,45,33,49,4,29,55,26,39,7,32,101,187,34,0,262
5046b7d4,13,8,2,7,4,1,9,8,15,0,15,3,16,3,0,22
5065d67d,3,3,1,2,0,1,1,0,3,1,2,3,6,5,0,11
507d7569,0,0,0,0,0,0,0,0,0,0,0,0,0,0,0,0
50ac8941,10,8,5,4,1,4,8,4,7,2,5,4,14,6,0,32
5148dcc5,55,33,22,16,17,25,43,18,29,3,26,18,73,17,0,110
5167c97e,28,21,18,7,3,15,24,9,18,4,14,22,50,31,0,63
51b41c5c,21,12,9,11,1,6,13,7,8,2,6,20,41,18,0,56
51c30111,47,28,14,27,6,14,29,15,18,3,15,47,94,19,0,181
51dbeea9,21,14,9,11,1,9,21,12,19,11,8,24,45,29,0,70
5219ab4a,63,34,33,20,10,22,55,33,43,1,42,73,136,51,0,203
5313ed43,27,19,11,13,3,12,58,46,24,2,22,26,53,17,1,210
5314e067,7,4,3,4,0,2,5,3,4,0,4,1,8,4,0,6
53f6306f,0,0,0,0,0,0,1,1,1,1,0,2,2,0,0,4
5413ef36,9,7,8,1,0,5,8,3,5,1,4,10,19,5,0,13
542cc80f,26,12,6,16,4,8,18,10,11,2,9,24,50,10,0,46
546bb36e,27,16,10,16,1,11,26,15,11,3,8,16,43,14,0,57
54d51e22,35,22,20,14,1,17,41,24,21,4,17,14,49,24,1,101
562a4799,84,50,56,28,0,48,77,29,63,33,30,79,163,217,3,158
5630a6e0,0,0,0,0,0,0,1,1,0,0,0,2,2,2,0,5
574aa9ec,2,0,2,0,0,1,2,1,2,1,1,0,2,4,0,4
57a46f3f,3,3,1,1,1,1,5,4,1,0,1,2,5,0,0,15
58ad9383,2,2,2,0,0,2,3,1,1,0,1,1,3,21,1,41
58ae47b2,16,8,4,10,2,7,31,24,9,0,9,9,25,3,0,75
59948ef7,22,12,9,6,7,11,26,15,12,0,12,13,35,5,0,69
59d93937,0,0,0,0,0,0,0,0,0,0,0,0,0,0,0,1
5b146df3,40,24,23,13,4,10,21,11,31,21,10,32,72,86,0,153
5b1bf5e3,22,14,2,13,7,4,20,16,10,0,10,4,26,3,0,76
5b3cfa12,0,0,0,0,0,0,0,0,0,0,0,0,0,0,0,0
5b479568,9,7,2,3,4,1,5,4,6,0,6,2,11,1,0,20
5b92d896,18,10,8,6,4,4,11,7,9,2,7,6,24,15,0,66
5b9512c5,34,19,27,7,0,15,23,8,18,9,9,38,72,64,2,179
5c42e7ce,1,1,1,0,0,1,1,0,0,0,0,0,1,1,0,1
5c61496e,5,3,3,0,2,2,4,2,1,0,1,0,5,0,0,5
5c7895a0,0,0,0,0,0,0,0,0,0,0,0,0,0,0,0,0
5c9ac7f0,1,0,0,1,0,0,4,4,2,1,1,0,1,1,0,9
5cdddffa,25,14,5,17,3,12,19,7,8,3,5,3,28,6,2,41
5ceba7fc,13,7,4,6,3,4,21,17,26,0,26,20,33,5,0,97
5d0e0a1f,29,21,17,9,3,11,24,13,25,5,20,19,48,30,0,91
5d8d7454,69,39,33,24,12,32,62,30,37,11,26,55,124,39,0,142
5e080f73,13,7,5,4,4,3,16,13,10,0,10,5,18,17,0,55
5e22e2a4,52,27,15,31,6,24,44,20,33,12,21,33,85,42,0,156
5ea8ef20,45,30,10,26,9,13,47,34,15,1,14,16,61,18,0,178
5ee6e943,0,0,0,0,0,0,2,2,0,0,0,2,2,9,1,7
5f011e05,39,26,23,12,4,18,33,15,26,16,10,38,77,103,2,125
5f0241b2,0,0,0,0,0,0,0,0,0,0,0,0,0,1,0,0
5f26e0c5,25,12,17,8,0,14,25,11,27,14,13,35,60,48,0,90
5f3eaaf5,17,11,6,5,6,11,23,12,14,3,11,12,29,5,0,119
6043997c,35,21,24,9,2,20,27,7,25,16,9,25,60,90,1,178
60740e70,0,0,0,0,0,0,0,0,1,1,0,3,3,6,0,2
60f58477,12,4,3,5,4,3,20,17,6,0,6,6,18,3,0,47
6191093d,33,18,7,20,6,15,44,29,33,3,30,31,64,6,1,172
62124972,0,0,0,0,0,0,0,0,0,0,0,1,1,14,2,35
62e02107,2,2,1,1,0,0,0,0,1,1,0,2,4,5,0,2
6388e356,15,10,14,1,0,13,16,3,11,7,4,4,19,18,2,53
639ca1cf,18,11,6,10,2,10,18,8,8,2,6,5,23,2,1,39
6421ec64,7,3,0,5,2,2,10,8,2,0,2,2,9,2,0,34
642f9f79,2,1,0,1,1,1,1,0,0,0,0,0,2,0,0,1
645a3363,23,13,6,12,5,10,15,5,4,0,4,3,26,4,0,39
6481421d,0,0,0,0,0,0,1,1,0,0,0,0,0,0,0,2
64ba07c0,79,45,52,21,6,42,73,31,22,7,15,48,127,74,0,129
64c14d49,53,29,22,24,7,21,53,32,20,4,16,22,75,17,0,121
64f69877,24,10,2,18,4,6,31,25,20,0,20,3,27,9,0,89
654f49ca,2,2,0,0,2,0,1,1,1,0,1,3,5,2,0,10
65bbfba3,17,9,8,7,2,10,24,14,9,2,7,6,23,17,1,51
6605d143,9,5,0,8,1,0,8,8,13,4,9,4,13,11,0,48
667b65da,1,1,1,0,0,0,0,0,0,0,0,1,2,9,0,11
6690ef25,1,1,1,0,0,0,0,0,1,1,0,0,1,2,0,1
6751b938,0,0,0,0,0,0,0,0,0,0,0,0,0,0,0,0
6763f716,1,0,0,1,0,0,0,0,1,0,1,0,1,0,0,1
677ee102,5,2,2,3,0,0,5,5,8,2,6,9,14,12,0,27
68a26d51,49,31,14,26,9,25,70,45,23,2,21,37,86,11,0,168
69384e5d,29,19,5,12,12,12,36,24,9,1,8,4,33,2,1,84
6993927b,31,17,18,12,1,17,31,14,41,27,14,37,68,89,0,134
6a04bb7c,3,2,2,1,0,0,1,1,2,0,2,1,4,0,0,4
6a2b9aee,1,0,0,1,0,0,1,1,0,0,0,0,1,0,0,2
6a827d8e,29,19,17,10,2,14,25,11,13,2,11,32,61,21,0,72
6b2c894b,35,19,19,15,1,16,30,14,35,8,27,28,63,45,0,176
6ba71da5,14,6,10,4,0,7,22,15,24,14,10,37,51,68,1,105
6bde367b,46,27,18,19,9,21,59,38,23,1,22,25,71,12,1,149
6d075c67,0,0,0,0,0,0,0,0,0,0,0,1,1,2,0,0
6d0fe035,2,1,1,1,0,1,1,0,0,0,0,0,2,0,0,8
6de23ab0,6,3,4,2,0,5,6,1,6,6,0,12,18,26,0,34
6e33125f,41,29,29,12,0,23,34,11,38,25,13,40,81,111,0,206
6f5ec8bb,61,42,34,23,4,38,62,24,24,8,16,37,98,78,3,224
6f806d99,70,44,25,36,9,41,90,49,25,1,24,29,99,18,0,165
706a60e1,1,0,0,1,0,0,0,0,1,0,1,0,1,0,0,1
70c52749,43,27,25,11,7,23,31,8,23,7,16,22,65,40,0,94
7120a04d,10,5,4,5,1,3,13,10,4,0,4,3,13,1,0,30
7155e3e1,38,19,15,22,1,16,31,15,15,3,12,24,62,16,0,109
72c812f3,60,36,24,24,12,18,44,26,23,4,19,24,84,13,0,127
741418c3,2,0,1,0,1,1,4,3,7,0,7,3,5,1,0,11
743fd71f,2,1,0,2,0,1,1,0,0,0,0,1,3,0,0,4
745ca0a3,40,22,14,19,7,16,43,27,15,0,15,16,56,12,0,165
74733221,0,0,0,0,0,0,0,0,0,0,0,0,0,0,0,1
74dc806c,4,2,2,1,1,2,4,2,3,0,3,0,4,1,0,13
75186a6a,3,3,1,2,0,2,2,0,1,0,1,1,4,2,0,3
7587446d,15,11,5,8,2,8,16,8,0,0,0,11,26,6,0,35
75a63397,21,14,9,6,6,5,14,9,13,3,10,2,23,9,0,47
767212e6,10,6,3,3,4,6,13,7,12,1,11,5,15,6,0,36
76a4233b,10,6,8,2,0,4,9,5,11,4,7,16,26,22,1,50
779847d6,51,33,40,11,0,34,59,25,40,19,21,53,104,116,1,190
7909ffa4,59,30,33,23,3,36,78,42,27,15,12,42,101,56,0,206
792a9d41,17,8,2,13,2,8,17,9,8,1,7,7,24,0,0,34
796b1c41,19,10,5,10,4,9,18,9,9,0,9,14,33,5,0,45
79ab7593,7,5,3,2,2,4,10,6,8,0,8,4,11,5,0,31
79b2399c,36,24,16,17,3,18,52,34,12,1,11,16,52,20,0,98
7a42d0df,31,19,7,20,4,12,51,39,31,4,27,25,56,41,0,116
7a72e960,0,0,0,0,0,0,0,0,0,0,0,0,0,0,0,0
7b082ec2,26,15,20,5,1,19,36,17,19,5,14,17,43,28,0,77
7b9a9e25,21,11,8,8,5,8,22,14,19,0,19,6,27,8,0,84
7b9c2d84,4,1,2,1,1,2,5,3,1,1,0,1,5,3,0,8
7c3ed041,9,6,9,0,0,5,14,9,11,4,7,19,28,30,0,78
7cab69b5,37,25,30,7,0,18,26,8,23,8,15,25,62,33,1,57
7cc00776,4,1,1,2,1,2,2,0,3,0,3,1,5,7,0,14
7cdda3bf,21,9,6,9,6,5,26,21,32,3,29,13,34,21,0,94
7d08063d,7,5,2,2,3,4,13,9,7,0,7,4,11,1,1,29
7d937aa1,1,0,0,1,0,0,0,0,0,0,0,1,2,0,0,5
7d9397f8,33,19,11,18,4,17,35,18,31,11,20,28,61,19,0,127
7d9b37bf,9,6,4,4,1,3,6,3,5,0,5,1,10,0,0,13
7d9f3d69,4,2,2,2,0,1,1,0,1,0,1,0,4,0,0,1
7e82a78f,31,22,14,12,5,14,57,43,27,4,23,24,55,13,0,132
7ef972c3,46,31,26,17,3,34,43,9,13,7,6,14,60,34,1,98
7f622eef,1,1,1,0,0,1,1,0,0,0,0,0,1,0,0,5
7fecbcdb,6,5,6,0,0,4,11,7,5,1,4,9,15,13,0,19
7ffaf233,0,0,0,0,0,0,0,0,2,0,2,0,0,2,0,4
80556f08,2,2,1,0,1,0,4,4,4,1,3,2,4,0,0,4
8104e41e,3,2,1,0,2,1,3,2,2,0,2,1,4,0,0,13
810edef9,1,0,0,0,1,1,1,0,0,0,0,0,1,1,0,0
8197a269,0,0,0,0,0,0,0,0,0,0,0,0,0,0,0,0
81ac108d,4,3,2,2,0,1,3,2,3,0,3,1,5,1,0,5
822d51d7,69,43,19,41,9,29,56,27,29,7,22,32,101,22,2,175
82464ce3,43,23,25,16,2,20,57,37,18,1,17,42,85,15,0,186
82518f62,50,31,20,25,5,23,59,36,21,4,17,21,71,11,1,131
828657ff,48,31,17,27,4,18,25,7,10,3,7,30,78,19,0,100
829aa60c,2,1,1,1,0,0,0,0,0,0,0,1,3,2,0,6
83299cc0,39,22,16,22,1,11,40,29,19,1,18,26,65,13,0,94
8332db56,48,35,34,12,2,22,42,20,20,7,13,27,75,31,0,137
834b5c4c,1,1,1,0,0,0,0,0,0,0,0,1,2,22,0,44
84d94b91,41,25,19,17,5,20,57,37,21,10,11,22,63,51,1,160
85613cf0,9,2,0,5,4,4,18,14,9,1,8,3,12,10,1,22
8577e60a,101,57,39,50,12,39,70,31,44,8,36,57,158,35,1,177
86383d0e,5,2,1,1,3,2,7,5,8,0,8,2,7,3,0,28
868eaba0,56,34,26,25,5,27,74,47,45,11,34,53,109,49,1,260
86a2ba20,47,22,24,20,3,19,58,39,33,5,28,46,93,22,2,231
87935cf3,34,22,26,8,0,16,26,10,41,34,7,41,75,134,4,183
87e9c7cd,15,10,8,7,0,8,18,10,4,1,3,10,25,9,0,54
8827bf46,42,17,16,20,6,8,35,27,26,4,22,16,58,16,2,109
8846a40f,21,7,10,7,4,8,30,22,18,7,11,21,42,22,0,63
88c4d190,11,5,4,4,3,1,17,16,15,0,15,4,15,14,0,58
88f130ed,59,37,43,15,1,39,60,21,45,21,24,51,110,130,2,228
890bc029,0,0,0,0,0,0,0,0,0,0,0,0,0,0,0,1
8a2248b4,0,0,0,0,0,0,2,2,1,0,1,0,0,12,2,43
8a53d24b,3,1,0,1,2,0,1,1,4,1,3,2,5,1,0,23
8bbe2df5,11,9,8,2,1,7,12,5,5,2,3,10,21,7,1,27
8bc8829a,51,31,24,20,7,23,45,22,30,9,21,52,103,27,1,148
8ca9415f,0,0,0,0,0,0,1,1,0,0,0,0,0,0,0,0
8dbff17c,10,9,6,4,0,7,8,1,17,9,8,16,26,43,0,71
8e697a8f,0,0,0,0,0,0,2,2,4,0,4,0,0,0,0,9
8eec784d,19,7,8,8,3,10,20,10,16,1,15,10,29,7,0,74
8eef18aa,8,7,8,0,0,4,11,7,5,3,2,27,35,34,0,50
8f325097,80,47,50,23,7,35,65,30,35,19,16,38,118,82,1,137
8f7e6783,16,7,6,9,1,7,20,13,10,0,10,8,24,6,0,57
8fd9996f,33,17,10,20,3,14,28,14,19,10,9,37,70,29,1,163
9004f318,7,5,2,3,2,5,8,3,2,0,2,5,12,9,0,19
90eb507d,28,19,12,13,3,18,40,22,26,4,22,33,61,35,0,135
90f87966,23,12,14,7,2,11,25,14,39,32,7,44,67,159,1,205
90fcf472,10,5,1,8,1,1,9,8,4,0,4,2,12,0,0,17
91f2da4c,5,1,1,4,0,2,5,3,2,0,2,1,6,0,0,20
9226aa22,8,2,2,5,1,5,13,8,9,3,6,3,11,3,0,26
923f4dda,4,2,1,2,1,1,7,6,4,0,4,1,5,8,0,30
9260926b,16,8,10,6,0,8,15,7,4,2,2,14,30,26,0,48
928a4a61,10,6,6,2,2,6,17,11,7,2,5,5,15,6,0,16
92b56413,23,11,10,12,1,10,18,8,7,1,6,9,32,3,0,53
93b8f9f4,1,1,0,1,0,0,1,1,2,1,1,2,3,2,0,16
942b4f90,18,8,1,11,6,6,15,9,12,1,11,0,18,1,0,74
94b442c0,0,0,0,0,0,0,0,0,0,0,0,0,0,0,0,0
94f8d10c,21,8,15,6,0,11,14,3,11,7,4,24,45,55,2,99
95192fe4,8,7,4,4,0,2,4,2,0,0,0,1,9,1,0,9
95bb6ddc,9,4,3,4,2,2,3,1,5,3,2,2,11,1,0,12
96f4ebc0,2,1,0,1,1,0,6,6,0,0,0,1,3,0,0,5
96fcd380,0,0,0,0,0,0,0,0,0,0,0,0,0,0,0,0
972aeb2a,54,32,36,16,2,27,35,8,24,16,8,48,102,85,0,260
9744ff80,0,0,0,0,0,0,1,1,0,0,0,0,0,0,0,0
97bfa797,1,0,0,0,1,0,3,3,1,0,1,0,1,0,0,3
9836e892,8,5,4,2,2,5,12,7,5,0,5,6,14,5,0,16
9980269a,5,1,1,1,3,0,4,4,2,2,0,0,5,11,0,14
999ceb5f,43,26,18,23,2,10,39,29,29,5,24,25,68,11,1,138
9af3613f,0,0,0,0,0,0,0,0,0,0,0,0,0,0,0,2
9b5237b1,1,1,1,0,0,1,1,0,1,0,1,0,1,0,0,2
9b6f7fd5,68,38,24,26,18,17,51,34,43,5,38,9,77,22,0,189
9ba7b4fa,25,14,19,6,0,11,19,8,19,9,10,15,40,42,0,112
9bdd8118,37,24,19,12,6,18,38,20,11,2,9,16,53,21,0,105
9c221d14,40,24,30,9,1,25,33,8,47,37,10,53,93,169,2,199
9c2b1f11,1,1,1,0,0,1,3,2,0,0,0,0,1,1,0,4
9d5dcc23,5,5,1,1,3,3,7,4,4,0,4,6,11,1,0,23
9daeac61,30,20,16,9,5,13,27,14,25,4,21,39,69,51,0,127
9ddf7fae,6,3,1,4,1,2,2,0,1,0,1,0,6,1,0,10
9e17ccff,0,0,0,0,0,0,0,0,0,0,0,0,0,9,1,18
9f0f4b49,6,4,4,2,0,2,11,9,6,1,5,7,13,17,0,47
9f1c2822,4,0,0,3,1,0,2,2,2,1,1,3,7,3,0,7
9f29c204,22,11,12,6,4,15,23,8,12,6,6,22,44,28,0,90
9f90c06b,2,0,1,0,1,0,1,1,3,3,0,2,4,4,0,8
a0415710,32,16,14,15,3,16,35,19,16,1,15,17,49,31,0,76
a0791826,18,10,7,9,2,14,38,24,8,2,6,12,30,5,0,100
a0d55a09,7,4,2,3,2,1,8,7,7,1,6,2,9,1,0,16
a0f9b535,28,19,13,9,6,13,40,27,15,4,11,19,47,13,1,150
a17a94d6,58,32,28,26,4,26,55,29,49,19,30,62,120,43,0,169
a1dbfcb1,36,17,15,14,7,15,43,28,14,0,14,5,41,7,0,97
a2d873dd,10,4,4,4,2,4,13,9,9,1,8,5,15,18,0,34
a30cb0d4,0,0,0,0,0,0,0,0,0,0,0,0,0,0,0,0
a3c8b4d3,3,1,1,2,0,1,5,4,0,0,0,2,5,0,0,7
a3e1d20d,17,8,14,1,2,8,11,3,9,1,8,10,27,35,0,57
a4527d33,0,0,0,0,0,0,0,0,0,0,0,0,0,0,0,1
a4b1028a,63,36,25,26,12,41,59,18,29,8,21,37,100,81,1,177
a5549ec1,65,35,33,25,7,36,52,16,26,12,14,43,108,64,1,143
a5db0bec,46,30,9,25,12,27,54,27,26,1,25,20,66,5,0,155
a62f8bf1,23,12,7,9,7,10,17,7,10,1,9,4,27,5,0,45
a634b9d2,0,0,0,0,0,0,0,0,0,0,0,1,1,0,0,0
a671316d,0,0,0,0,0,0,4,4,1,0,1,0,0,0,0,1
a6b6fa6e,57,35,37,18,2,23,38,15,29,15,14,60,117,84,0,176
a84f9a4b,3,1,1,2,0,2,5,3,4,1,3,4,7,7,0,19
a99138af,43,25,14,24,5,17,40,23,15,5,10,13,56,4,1,131
a99da9ec,11,6,0,5,6,5,7,2,2,1,1,2,13,0,0,9
aad56ca3,22,13,2,13,7,10,32,22,22,5,17,11,33,17,1,89
ab096c6f,43,24,22,14,7,20,36,16,29,7,22,60,103,72,1,148
abd56820,0,0,0,0,0,0,0,0,0,0,0,0,0,0,0,1
ad513a6b,2,1,0,1,1,0,0,0,0,0,0,0,2,0,0,5
ad82197c,42,27,20,21,1,23,39,16,40,30,10,26,68,75,0,183
ae5b93a0,0,0,0,0,0,0,0,0,0,0,0,0,0,0,0,1
ae7d0ecd,0,0,0,0,0,0,1,1,1,0,1,1,1,17,2,22
aef6e670,34,19,18,15,1,14,23,9,20,14,6,38,72,73,1,138
aefa3050,1,0,1,0,0,1,2,1,0,0,0,0,1,2,0,1
af0c835b,48,32,20,20,8,23,62,39,14,2,12,17,65,16,0,98
afb0c500,0,0,0,0,0,0,1,1,0,0,0,0,0,11,1,58
afe39ca8,2,1,1,1,0,1,2,1,2,0,2,0,2,1,0,1
b003239d,29,11,20,8,1,11,18,7,21,14,7,21,50,40,1,52
b026bbf6,15,10,11,3,1,5,9,4,3,1,2,11,26,19,0,40
b0547a87,17,8,7,8,2,3,19,16,12,4,8,5,22,11,0,105
b0c71810,44,29,19,16,9,18,38,20,19,2,17,7,51,1,0,85
b229aa13,3,1,1,0,2,1,3,2,3,1,2,1,4,7,0,20
b2336681,60,39,39,19,2,26,39,13,26,10,16,24,84,71,0,190
b2bd0f6c,30,12,13,9,8,13,36,23,24,1,23,21,51,10,0,169
b34c63a5,6,2,1,3,2,4,9,5,2,0,2,1,7,0,0,18
b3f8bdef,16,14,11,1,4,12,14,2,9,1,8,3,19,12,1,33
b5bb8188,70,49,33,33,4,35,86,51,37,5,32,36,106,23,1,174
b625b241,2,0,0,2,0,0,1,1,2,0,2,0,2,0,0,2
b666421b,28,17,16,11,1,13,28,15,25,17,8,44,72,122,1,215
b73f17f8,9,8,2,5,2,3,8,5,4,0,4,0,9,1,0,19
b85e57bb,0,0,0,0,0,0,1,1,1,1,0,2,2,1,0,4
b8d22478,8,5,3,4,1,2,5,3,2,0,2,3,11,1,0,15
b94b8be1,13,6,5,5,3,5,33,28,18,1,17,17,30,4,0,77
b98cea65,0,0,0,0,0,0,1,1,0,0,0,1,1,9,5,14
bbdb2789,0,0,0,0,0,0,0,0,1,1,0,0,0,0,0,0
bbdd999a,2,1,0,2,0,0,0,0,0,0,0,0,2,0,0,2
bc0bfc64,0,0,0,0,0,0,0,0,1,0,1,0,0,0,0,0
bc7b4580,61,40,31,23,7,36,74,38,29,7,22,35,96,31,1,107
bce37ac0,0,0,0,0,0,0,1,1,0,0,0,0,0,1,0,0
be13e5a8,0,0,0,0,0,0,0,0,0,0,0,0,0,4,0,10
be47b750,2,1,0,0,2,0,2,2,1,0,1,1,3,2,0,5
beae3a73,38,21,18,15,5,18,50,32,21,1,20,19,57,21,1,97
beb391dd,3,1,1,0,2,3,4,1,0,0,0,1,4,1,0,4
bec3d251,0,0,0,0,0,0,5,5,1,0,1,0,0,4,0,8
bef0a7ac,0,0,0,0,0,0,0,0,2,0,2,0,0,0,0,3
bf4c41f9,9,8,1,3,5,2,7,5,6,1,5,8,17,0,0,52
c066d1a5,45,22,22,14,9,20,38,18,27,2,25,20,65,38,1,125
c0b3669f,28,14,7,10,11,10,25,15,14,3,11,6,34,31,0,107
c20bdcd7,43,23,29,11,3,32,51,19,13,4,9,37,80,55,0,102
c252c705,1,1,1,0,0,1,1,0,0,0,0,0,1,15,1,23
c26a3918,32,19,18,13,1,14,37,23,23,6,17,32,64,72,0,165
c2e5f306,4,3,1,2,1,3,4,1,2,0,2,0,4,0,0,14
c3725db2,58,33,44,11,3,26,34,8,30,14,16,40,98,94,0,183
c5908bc4,2,1,2,0,0,1,1,0,1,1,0,0,2,0,0,9
c631f952,2,1,2,0,0,2,3,1,0,0,0,0,2,12,3,58
c678ddd7,0,0,0,0,0,0,0,0,0,0,0,0,0,0,0,1
c6e5d20f,36,22,18,16,2,12,30,18,24,5,19,34,70,56,1,151
c76b7567,64,31,18,27,19,30,93,63,56,4,52,29,93,16,1,177
c801616a,58,30,23,34,1,31,68,37,38,11,27,36,94,29,0,141
caa7aaea,53,31,22,26,5,24,42,18,17,7,10,20,73,36,0,99
caef7840,37,21,21,9,7,22,45,23,21,0,21,24,61,17,0,88
cc41f558,23,14,11,10,2,12,18,6,20,7,13,31,54,29,1,64
cc588cbe,0,0,0,0,0,0,0,0,0,0,0,0,0,0,0,0
cc77354e,68,38,27,36,5,26,47,21,29,10,19,46,114,44,1,183
cc83b74d,9,4,4,3,2,3,9,6,15,1,14,6,15,17,0,38
cc972842,0,0,0,0,0,0,0,0,4,0,4,0,0,0,0,4
ccce7025,24,11,13,11,0,12,18,6,32,21,11,26,50,116,0,113
cdc4458b,0,0,0,0,0,0,0,0,1,0,1,1,1,1,0,7
ce492295,14,10,11,3,0,11,17,6,12,7,5,21,35,60,2,93
ce4f40c7,75,43,34,34,7,35,79,44,30,7,23,68,143,24,0,218
ce50fd99,24,9,7,11,6,9,30,21,14,4,10,5,29,15,0,104
ce84946a,0,0,0,0,0,0,0,0,1,0,1,0,0,0,0,0
cea59f02,34,20,20,13,1,16,27,11,25,11,14,34,68,49,1,131
cecbce23,1,0,1,0,0,1,2,1,0,0,0,1,2,8,2,29
ced1d98f,6,3,2,3,1,1,3,2,5,0,5,0,6,0,0,12
cf1ef7ec,3,2,1,2,0,2,7,5,3,3,0,1,4,6,1,8
cfa49cc1,22,12,16,5,1,12,24,12,12,2,10,4,26,10,0,68
d1828392,2,1,1,1,0,0,0,0,3,0,3,0,2,0,0,5
d21e361a,0,0,0,0,0,0,1,1,1,0,1,0,0,1,0,0
d33c706e,17,9,3,6,8,7,13,6,14,4,10,9,26,18,0,65
d4d35152,50,34,27,20,3,22,50,28,14,3,11,25,75,13,0,130
d504b3e1,5,3,4,1,0,4,5,1,2,0,2,0,5,0,1,20
d5575935,10,7,2,5,3,2,10,8,9,0,9,4,14,3,0,24
d56b9520,55,35,29,21,5,24,40,16,21,6,15,33,88,41,1,144
d5d22a58,43,31,24,16,3,17,35,18,15,3,12,20,63,13,0,79
d5f2f82b,37,14,25,11,1,20,35,15,35,19,16,16,53,102,0,181
d6f6ce93,0,0,0,0,0,0,0,0,0,0,0,1,1,1,0,10
d70ce98e,10,3,1,5,4,3,13,10,5,0,5,4,14,0,0,55
d75f3980,28,15,15,10,3,14,24,10,12,3,9,16,44,21,0,42
d8c19a60,0,0,0,0,0,0,1,1,0,0,0,0,0,0,0,0
d9764034,36,24,27,9,0,20,40,20,21,14,7,25,61,66,1,118
da4d670f,1,1,0,1,0,1,2,1,3,0,3,0,1,0,0,8
db013c7d,0,0,0,0,0,0,1,1,1,1,0,2,2,0,0,2
db23d9fc,21,12,17,4,0,8,15,7,9,7,2,9,30,30,0,36
db3164e1,3,0,3,0,0,1,1,0,0,0,0,2,5,12,1,33
db7849ca,54,38,25,13,16,27,47,20,24,2,22,15,69,25,0,148
db87a2c4,0,0,0,0,0,0,0,0,0,0,0,0,0,0,0,1
dbde4959,16,11,6,9,1,4,25,21,9,2,7,8,24,4,0,47
de40e38c,70,42,44,22,4,40,69,29,23,8,15,53,123,71,1,147
de488e56,16,12,10,4,2,2,13,11,11,4,7,15,31,30,0,54
deba6b05,24,10,8,12,4,12,43,31,18,6,12,23,47,23,0,78
dff0c299,0,0,0,0,0,0,0,0,0,0,0,1,1,0,0,1
dff153a4,23,13,9,11,3,12,24,12,10,6,4,10,33,5,2,86
e0bc6fdc,46,25,16,22,8,22,34,12,23,8,15,27,73,66,0,122
e0f3a1f6,45,24,27,17,1,25,35,10,38,27,11,30,75,73,0,150
e2f9bb5f,48,26,21,25,2,14,34,20,11,3,8,17,65,13,0,140
e3d0b0c4,13,8,7,6,0,8,12,4,7,5,2,17,30,56,1,68
e3e05edf,13,4,7,4,2,9,15,6,5,1,4,6,19,17,0,32
e3e32fbb,27,16,16,8,3,15,43,28,17,2,15,25,52,28,0,88
e4114f5d,14,6,6,8,0,0,4,4,2,1,1,4,18,3,0,28
e42d61c7,74,51,38,27,9,40,72,32,26,5,21,28,102,23,2,123
e4448c8c,8,6,3,2,3,2,8,6,1,0,1,1,9,1,1,13
e472a6f6,49,28,21,22,6,23,45,22,37,6,31,34,83,40,0,165
e4b72e34,25,18,16,8,1,12,22,10,13,4,9,23,48,17,0,65
e4bb1f08,12,6,6,4,2,6,8,2,2,0,2,2,14,7,0,12
e50623a0,10,8,3,5,2,3,20,17,24,5,19,19,29,21,0,66
e5c1e0ca,37,22,29,8,0,20,26,6,26,18,8,34,71,87,1,102
e6c43eec,39,16,18,17,4,14,29,15,16,8,8,36,75,23,0,134
e6eadfb8,30,18,21,8,1,19,30,11,8,3,5,10,40,25,0,62
e768de1f,47,28,29,13,5,24,48,24,20,7,13,14,61,18,0,92
e7986081,18,9,5,5,8,6,15,9,13,0,13,8,26,30,1,44
e7d59f4f,18,11,9,9,0,9,17,8,10,0,10,4,22,2,0,51
e8c5dd4d,0,0,0,0,0,0,3,3,0,0,0,0,0,1,3,14
e97150c0,13,9,8,4,1,6,6,0,9,7,2,7,20,31,0,37
ea02beaf,34,18,19,13,2,18,32,14,14,3,11,27,61,21,0,109
ea0aa7e0,44,32,26,16,2,25,43,18,16,6,10,17,61,48,0,115
ea0ff634,23,14,6,11,6,8,31,23,13,1,12,9,32,27,0,54
eab85789,18,8,7,6,5,8,22,14,8,0,8,8,26,1,0,70
eab957a3,38,26,27,9,2,20,31,11,16,8,8,22,60,44,0,108
eaf71a5e,6,5,4,2,0,3,5,2,4,2,2,1,7,10,0,21
eb58eef0,15,9,2,12,1,11,19,8,13,3,10,9,24,7,0,74
ecada4fc,0,0,0,0,0,0,0,0,0,0,0,0,0,5,1,36
ed39121c,58,25,31,21,6,31,71,40,31,9,22,42,100,38,0,223
ed45c4a5,77,51,36,36,5,28,60,32,26,5,21,33,110,14,0,152
edbe46dc,0,0,0,0,0,0,0,0,1,0,1,1,1,11,1,31
edd81e2a,47,29,33,13,1,20,31,11,32,19,13,40,87,78,1,164
ee158be5,5,2,4,1,0,3,3,0,1,0,1,0,5,1,0,6
ee45fd85,35,19,10,19,6,15,23,8,17,4,13,13,48,12,0,88
ee644761,26,12,18,6,2,11,24,13,19,11,8,28,54,55,0,66
ee95585f,15,9,13,2,0,8,12,4,5,4,1,12,27,15,0,25
eef2d8ce,35,22,22,8,5,26,41,15,18,4,14,25,60,47,3,132
ef9c1c95,123,69,49,65,9,51,113,62,49,11,38,50,173,56,0,296
f00de885,0,0,0,0,0,0,0,0,0,0,0,3,3,12,3,34
f066022d,63,45,35,26,2,32,64,32,37,22,15,54,117,174,0,158
f20e4cc9,48,29,23,18,7,25,47,22,27,5,22,21,69,17,1,109
f28474a4,13,7,10,1,2,5,16,11,13,1,12,22,35,14,0,57
f3600c02,47,27,18,24,5,27,56,29,23,3,20,24,71,26,1,137
f36d5624,4,3,2,1,1,2,5,3,2,0,2,5,9,1,0,34
f4bc42b1,13,8,5,8,0,6,14,8,9,0,9,10,23,8,0,70
f520049f,17,12,12,5,0,8,12,4,11,8,3,17,34,61,1,66
f54d2149,12,6,7,4,1,3,19,16,10,5,5,9,21,5,0,61
f5b6fb78,0,0,0,0,0,0,0,0,0,0,0,1,1,3,1,6
f5c8b425,10,5,3,6,1,1,9,8,4,0,4,2,12,1,0,35
f5dfc256,0,0,0,0,0,0,0,0,0,0,0,1,0,0,0,0
f5efb153,14,9,10,3,1,8,13,5,17,12,5,12,26,39,0,65
f6496133,19,11,6,10,3,8,17,9,15,0,15,6,25,5,0,70
f6b94e8d,28,17,21,6,1,16,21,5,15,5,10,23,51,34,0,74
f7691f63,71,43,40,21,10,46,77,31,12,0,12,21,92,28,0,132
f7d3a773,0,0,0,0,0,0,0,0,0,0,0,0,0,9,0,6
f81ef10d,73,40,29,36,8,30,80,50,38,10,28,43,116,26,2,204
f83c8d6c,2,0,2,0,0,0,2,2,0,0,0,1,3,2,0,13
f8405304,10,5,1,4,5,5,17,12,17,1,16,8,18,0,1,61
f86ca403,86,56,35,47,4,20,46,26,33,6,27,51,137,38,0,147
f8ce97ca,20,8,8,10,2,10,29,19,12,3,9,16,36,24,0,81
f98b15f0,1,1,0,1,0,0,0,0,0,0,0,0,1,0,0,1
f9d5908e,31,18,15,10,6,13,36,23,17,4,13,18,49,15,0,103
fb14aa28,40,28,16,14,10,8,26,18,32,1,31,5,45,9,0,75
fbf83734,1,1,1,0,0,1,1,0,0,0,0,0,1,9,0,11
fc46aab1,32,21,9,14,9,11,42,31,26,2,24,11,43,9,0,140
fc4cf6a7,33,17,21,9,3,16,30,14,17,4,13,12,45,28,0,86
fc62f087,22,14,10,9,3,8,14,6,6,2,4,10,32,19,1,45
fcc84a07,31,21,17,11,3,12,34,22,20,4,16,8,39,8,0,47
fd2bc67d,42,29,30,12,0,23,33,10,43,27,16,49,91,96,1,208
fe6c1add,0,0,0,0,0,0,2,2,2,0,2,1,1,2,0,5
feb5d3ab,55,34,35,18,2,28,48,20,30,13,17,27,82,74,0,97
feb5d972,45,26,21,23,1,18,39,21,33,3,30,29,74,22,0,171
ff0ab48c,43,27,22,14,7,27,46,19,27,3,24,22,65,35,1,94
ff20acfe,2,2,0,2,0,2,3,1,1,1,0,1,3,2,0,5
ff44d058,0,0,0,0,0,0,0,0,0,0,0,0,0,1,0,1
ff800ed8,28,16,15,9,4,13,28,15,15,0,15,13,41,22,0,100
ffec9769,3,2,0,1,2,1,6,5,4,0,4,2,5,5,0,18
fffea3e5,10,5,3,5,2,3,6,3,4,0,4,3,13,0,0,38
