id,Tkl,TklW,Def 3rd,Mid 3rd,Att 3rd,Tkl.1,Att,Lost,Blocks,Sh,Pass,Int,Tkl+Int,Clr,Err,recov
0000acda,18,12,9,5,4,10,24,14,11,1,10,4,22,9,0,51
008a6e6d,29,16,20,9,0,14,28,14,29,19,10,25,54,118,1,103
00b0bb87,14,4,9,4,1,6,9,3,10,6,4,16,30,44,0,61
016ff750,6,5,3,2,1,4,8,4,5,0,5,1,7,8,1,16
01b8a2b2,0,0,0,0,0,0,0,0,0,0,0,1,1,10,1,44
01efac19,24,14,12,10,2,7,29,22,24,2,22,9,33,24,2,90
023937a9,27,14,18,9,0,10,26,16,17,3,14,8,35,39,0,78
02b2937c,21,11,5,14,2,6,25,19,11,1,10,11,32,21,0,98
02caf6e0,20,11,10,7,3,10,31,21,11,1,10,8,28,34,0,94
0375723e,19,10,4,12,3,9,38,29,14,0,14,7,26,1,0,118
03f946ed,9,4,2,7,0,3,17,14,11,5,6,1,10,27,0,83
0489bb30,3,1,2,0,1,0,5,5,4,0,4,1,4,2,0,19
04989945,2,0,0,1,1,1,3,2,1,0,1,3,5,0,0,12
04df29a5,0,0,0,0,0,0,0,0,0,0,0,0,0,0,0,0
05e19d6a,54,29,28,18,8,16,52,36,34,5,29,34,88,32,2,209
060606ec,11,8,5,3,3,5,8,3,11,0,11,5,16,6,0,34
0728bebe,59,31,25,23,11,18,53,35,29,2,27,15,74,31,1,195
07767f42,25,13,9,12,4,11,35,24,12,6,6,19,44,23,1,128
07abb358,32,20,13,15,4,12,34,22,18,1,17,8,40,13,1,85
0821331c,47,28,27,19,1,25,36,11,29,15,14,52,99,92,2,111
085e71a7,0,0,0,0,0,0,1,1,0,0,0,3,3,8,1,40
089550f5,10,8,4,5,1,6,14,8,8,1,7,9,19,13,0,42
08990838,3,3,2,1,0,1,3,2,8,6,2,5,8,10,0,23
08aa9cd1,19,12,1,7,11,5,25,20,19,2,17,9,28,25,0,57
08f5afaa,1,0,1,0,0,1,2,1,0,0,0,3,4,25,7,30
091795f2,1,1,1,0,0,0,3,3,2,2,0,4,5,5,0,5
09538fdb,27,14,7,13,7,6,31,25,23,1,22,10,37,18,1,78
0a3065c8,13,10,6,5,2,8,12,4,5,1,4,10,23,23,0,51
0a447501,14,11,2,7,5,3,14,11,13,1,12,5,19,12,1,39
0a483542,35,18,22,7,6,18,32,14,19,6,13,18,53,41,0,107
0ab1f153,67,43,32,28,7,35,62,27,22,8,14,35,102,47,0,169
0b5a292a,31,17,12,12,7,11,29,18,24,5,19,21,52,43,0,141
0c35d28d,1,1,0,0,1,0,0,0,0,0,0,0,1,0,0,2
0ccac09c,83,44,51,28,4,50,106,56,40,13,27,58,141,107,0,205
0cd0e21b,4,2,1,1,2,2,4,2,2,1,1,0,4,9,0,18
0d077b88,19,9,8,10,1,9,22,13,12,2,10,22,41,23,0,81
0d422df7,1,0,1,0,0,1,2,1,0,0,0,4,5,11,1,48
0d82903c,44,26,23,14,7,12,33,21,26,6,20,47,91,46,3,162
0db169ae,39,25,16,20,3,16,55,39,36,14,22,41,80,42,0,226
0dfce079,0,0,0,0,0,0,0,0,0,0,0,0,0,1,0,7
0e21fc3c,18,7,9,3,6,6,24,18,12,3,9,8,26,9,0,61
0f47717b,0,0,0,0,0,0,0,0,0,0,0,1,1,0,0,8
103b7264,0,0,0,0,0,0,0,0,0,0,0,1,1,2,0,1
1079c685,5,2,1,2,2,3,9,6,2,0,2,2,7,7,0,12
10dc46f0,0,0,0,0,0,0,0,0,0,0,0,2,2,12,0,38
10e7f486,22,14,12,8,2,16,23,7,13,3,10,9,31,34,0,40
1253a12e,1,0,0,0,1,1,1,0,3,1,2,3,4,15,0,13
1295552e,47,27,33,8,6,27,42,15,10,0,10,22,69,42,0,61
130a7a3f,24,15,10,11,3,9,42,33,17,2,15,24,48,5,0,78
13f89eaa,8,5,5,3,0,2,3,1,6,3,3,5,13,29,1,15
144607cc,52,30,27,18,7,19,62,43,33,7,26,25,77,47,3,148
149c5f5d,20,12,17,3,0,11,19,8,13,9,4,7,27,34,0,47
14b8fcdf,8,6,4,4,0,4,5,1,4,4,0,11,19,18,0,28
157d29b6,9,6,3,5,1,5,18,13,7,0,7,4,13,4,0,38
15d0c248,42,24,24,15,3,19,32,13,39,30,9,41,83,69,2,98
162efffd,61,31,31,26,4,27,65,38,38,3,35,29,90,8,1,220
16569fef,64,35,34,20,10,30,49,19,41,7,34,25,89,49,0,143
16657b95,25,15,6,14,5,8,27,19,13,4,9,22,47,23,0,102
16b9d5cf,35,24,21,14,0,10,21,11,19,11,8,30,65,64,1,107
16bb656a,15,12,11,4,0,5,11,6,6,5,1,12,27,26,0,48
173061c0,57,32,37,12,8,30,60,30,35,18,17,53,110,100,0,139
1770bd68,59,41,43,15,1,36,68,32,26,6,20,17,76,41,1,122
17f3620a,9,4,0,7,2,3,11,8,5,2,3,3,12,10,0,25
18736214,0,0,0,0,0,0,0,0,0,0,0,0,0,0,0,1
1880614f,10,6,4,4,2,2,9,7,7,2,5,8,18,7,0,35
18f9dbd0,18,9,13,3,2,14,17,3,6,1,5,9,27,27,0,31
197640fd,31,20,9,16,6,13,25,12,34,5,29,17,48,23,0,95
19e4eab9,56,25,34,19,3,26,46,20,40,20,20,45,101,77,0,96
1ab6fad3,1,1,0,0,1,0,0,0,1,0,1,0,1,0,0,4
1b82f8df,29,19,13,12,4,10,34,24,20,5,15,8,37,15,1,68
1cac99dc,6,2,3,2,1,4,8,4,3,0,3,3,9,5,0,31
1cadaf34,0,0,0,0,0,0,0,0,1,0,1,0,0,0,0,2
1d00a56c,0,0,0,0,0,0,0,0,0,0,0,1,1,0,0,2
1d0bb7e4,3,2,2,1,0,0,2,2,4,0,4,6,9,6,1,22
1e12c53b,18,9,14,3,1,9,16,7,13,7,6,17,35,48,1,69
1ea5f91c,27,13,14,10,3,10,42,32,30,3,27,22,49,22,0,111
1eeeff8a,23,13,15,6,2,12,29,17,14,2,12,10,33,25,0,52
1f9328da,30,18,9,12,9,9,29,20,25,6,19,13,43,30,0,135
1fca9171,11,5,2,6,3,3,15,12,9,1,8,3,14,2,1,39
20730eae,7,4,2,5,0,3,9,6,4,0,4,0,7,5,0,42
20b3a502,21,14,15,5,1,7,18,11,12,2,10,12,33,7,0,70
20b9f052,1,0,1,0,0,1,5,4,0,0,0,1,2,10,3,47
2146785a,52,33,28,22,2,17,41,24,23,5,18,21,73,47,1,93
217875a4,25,11,17,8,0,14,22,8,21,14,7,14,39,41,0,66
22051fbe,32,21,22,8,2,15,28,13,19,10,9,25,57,42,0,90
228f73ae,3,2,1,2,0,2,4,2,2,0,2,0,3,1,0,15
230a2fac,59,35,27,19,13,32,61,29,27,11,16,28,87,54,0,148
2334478a,38,22,14,19,5,15,39,24,16,4,12,10,48,26,1,69
244f57b9,13,9,7,4,2,5,23,18,11,2,9,14,27,17,0,68
246d153b,45,24,23,18,4,17,37,20,24,6,18,41,86,61,0,130
263b855a,0,0,0,0,0,0,0,0,0,0,0,0,0,0,0,0
26db8853,28,9,19,6,3,13,42,29,14,6,8,33,61,19,0,100
282b3a4d,3,2,0,2,1,1,3,2,1,0,1,1,4,5,0,17
28a15394,0,0,0,0,0,0,0,0,0,0,0,0,0,0,1,2
2990c466,13,5,10,3,0,3,5,2,20,16,4,12,25,61,1,40
2a1beb34,77,43,36,29,12,34,75,41,32,8,24,46,123,45,0,187
2b15a82a,4,4,1,3,0,3,5,2,0,0,0,2,6,0,0,7
2c0f8e9e,9,7,1,4,4,5,13,8,7,0,7,3,12,1,0,35
2c3a6c21,32,18,11,16,5,10,46,36,34,9,25,16,48,15,1,100
2c851997,32,21,7,16,9,8,30,22,28,2,26,11,43,10,0,71
2cfae697,26,16,13,11,2,10,26,16,19,7,12,26,52,22,0,74
2d970560,53,27,19,26,8,23,51,28,38,10,28,39,92,40,0,148
2e3596d1,2,2,1,1,0,2,3,1,1,0,1,0,2,2,0,7
2ead2809,15,8,6,8,1,5,16,11,2,0,2,1,16,14,0,45
2f3452eb,18,9,13,4,1,12,26,14,16,3,13,24,42,26,0,111
2f557579,21,15,6,8,7,6,35,29,13,0,13,30,51,4,1,161
2f7407fa,1,1,1,0,0,1,1,0,0,0,0,0,1,1,0,0
30223b33,0,0,0,0,0,0,1,1,0,0,0,0,0,2,1,8
30f5ffa9,39,20,24,14,1,14,33,19,19,11,8,28,67,85,1,163
31b252fc,0,0,0,0,0,0,0,0,0,0,0,0,0,0,0,0
32a33c68,1,0,1,0,0,0,0,0,0,0,0,0,1,0,0,2
331c0a43,42,27,18,20,4,13,43,30,42,27,15,54,96,62,1,184
33914f14,8,6,1,6,1,3,6,3,11,6,5,8,16,43,0,40
339c6ed4,4,2,3,1,0,0,0,0,4,2,2,1,5,9,0,11
339fe0e8,0,0,0,0,0,0,1,1,0,0,0,0,0,7,2,48
33b8d077,67,35,26,31,10,19,71,52,26,9,17,46,113,46,2,188
33ecf462,25,15,4,11,10,9,23,14,5,0,5,13,38,9,0,102
343c0d52,24,13,9,10,5,5,32,27,24,7,17,11,35,16,1,55
343f753a,1,0,1,0,0,1,2,1,0,0,0,0,1,6,2,35
3535098b,26,22,11,11,4,14,18,4,10,3,7,11,37,29,0,53
356c9002,11,6,9,1,1,7,29,22,26,10,16,14,25,33,1,108
35dd6d80,53,33,34,12,7,24,56,32,25,13,12,53,106,81,1,136
360b2bb1,3,1,0,3,0,1,8,7,3,3,0,9,12,2,1,27
3626daea,24,12,11,8,5,12,21,9,13,5,8,20,44,41,0,86
38ac43d3,14,7,3,8,3,4,19,15,12,1,11,3,17,13,0,33
39ee6cb6,24,18,14,9,1,15,30,15,28,7,21,32,56,62,1,115
3b333ac3,36,23,20,9,7,18,38,20,22,7,15,10,46,32,1,89
3b61c9ec,31,15,20,7,4,15,38,23,19,2,17,21,52,45,2,122
3b8674e6,58,32,27,18,13,31,66,35,44,9,35,32,90,34,1,159
3bb7af3b,16,11,6,10,0,6,15,9,4,1,3,5,21,9,0,84
3bb7f478,16,11,2,7,7,2,13,11,11,4,7,6,22,33,0,68
3c05c659,5,5,2,2,1,1,5,4,2,1,1,1,6,0,0,6
3cd3b384,14,9,6,3,5,5,7,2,8,0,8,15,29,21,1,87
3ead85f9,46,25,28,15,3,16,27,11,32,18,14,56,102,157,1,157
3ed84b2c,3,2,0,3,0,0,5,5,0,0,0,2,5,1,0,6
3ef0a2d7,0,0,0,0,0,0,0,0,0,0,0,0,0,0,0,1
3effaa34,2,1,0,0,2,0,1,1,0,0,0,0,2,0,0,1
4195b8b6,9,7,8,1,0,4,14,10,15,11,4,15,24,39,0,62
422ec08a,12,8,2,6,4,1,7,6,12,3,9,3,15,34,0,45
42b1a58a,15,6,11,4,0,10,14,4,15,9,6,25,40,50,1,28
43a1bea5,4,3,0,1,3,2,3,1,1,0,1,0,4,0,0,3
440c84ed,7,3,1,4,2,4,9,5,8,0,8,1,8,4,0,28
4431aed2,8,6,2,4,2,0,24,24,10,2,8,11,19,7,0,90
44510fde,8,7,2,3,3,4,11,7,5,1,4,0,8,7,0,21
44ac04e9,31,20,14,11,6,9,36,27,20,3,17,15,46,26,0,74
44eb9093,30,16,16,12,2,16,33,17,15,4,11,14,44,25,0,83
455a2b79,10,6,3,6,1,7,21,14,6,1,5,4,14,3,0,32
4571fa88,4,4,1,3,0,1,3,2,1,0,1,3,7,3,0,2
45af5134,7,6,2,4,1,6,12,6,4,1,3,0,7,3,0,11
45b9b619,13,7,3,7,3,5,24,19,5,1,4,7,20,10,0,63
4611e028,73,46,25,41,7,22,96,74,45,15,30,49,122,53,1,220
46f5c54d,53,32,36,12,5,22,53,31,30,11,19,46,99,91,2,127
46fa7204,25,15,9,13,3,10,21,11,13,1,12,7,32,2,0,36
47a500ae,25,14,18,7,0,17,34,17,31,22,9,35,60,126,1,103
482145e9,9,6,2,6,1,3,13,10,7,0,7,5,14,5,0,33
48d5bd33,22,14,2,17,3,9,31,22,13,2,11,5,27,5,0,93
4a56052c,36,18,13,16,7,14,43,29,35,5,30,18,54,31,1,158
4a5a45c7,30,13,9,13,8,12,33,21,28,0,28,15,45,18,0,94
4a6914ff,0,0,0,0,0,0,2,2,0,0,0,0,0,4,3,8
4b029b31,4,3,3,1,0,2,5,3,11,6,5,18,22,25,1,42
4b3e1a38,50,31,26,19,5,26,46,20,50,31,19,30,80,151,1,213
4c3a6744,17,11,4,8,5,7,16,9,15,0,15,6,23,7,0,45
4c62d0c8,1,1,1,0,0,1,1,0,1,0,1,0,1,5,1,29
4c78b5ed,60,35,25,31,4,28,72,44,29,6,23,47,107,34,1,146
4cdcbc14,7,2,0,3,4,3,7,4,4,0,4,5,12,4,0,22
4cde5509,5,1,0,2,3,1,13,12,4,3,1,5,10,21,0,13
4ce8f4a3,1,1,0,1,0,0,0,0,0,0,0,0,1,0,0,2
4e1d5e59,1,0,0,0,1,0,2,2,0,0,0,0,1,1,0,1
4e219ad2,7,3,2,3,2,2,10,8,5,0,5,8,15,3,0,59
4e358a2d,19,11,12,6,1,6,11,5,8,6,2,19,38,52,0,70
4e6dbac4,60,35,25,24,11,15,79,64,67,16,51,37,97,60,1,213
4f2908e5,19,16,8,8,3,8,9,1,14,9,5,22,41,58,1,60
4fa7cb9b,2,1,1,1,0,1,12,11,7,0,7,5,7,5,0,35
5128bde4,26,16,14,8,4,14,27,13,15,4,11,23,49,53,0,184
528492ea,31,21,19,8,4,8,35,27,11,0,11,14,45,25,0,87
5294a83f,50,30,21,19,10,27,82,55,32,1,31,21,71,9,1,217
52ec54d0,28,17,18,8,2,12,17,5,32,29,3,31,59,94,2,133
5313ed43,17,12,8,8,1,9,35,26,20,1,19,17,34,19,0,160
536cebe5,16,11,4,9,3,7,34,27,14,1,13,3,19,12,0,59
539230cf,17,10,10,7,0,5,8,3,11,6,5,8,25,18,0,28
53a0e358,32,16,19,8,5,13,59,46,31,3,28,33,65,27,0,143
53de807a,43,25,24,15,4,28,43,15,19,9,10,34,77,85,0,133
54e53b7e,10,8,1,7,2,4,18,14,12,2,10,11,21,3,0,61
5592007b,17,9,3,9,5,6,18,12,7,0,7,5,22,1,0,45
563a68ad,43,22,15,24,4,16,43,27,24,8,16,34,77,31,2,143
56400c01,32,21,22,10,0,21,37,16,36,28,8,27,59,110,2,150
56b2957b,20,8,8,9,3,3,16,13,10,1,9,10,30,17,0,52
570bb4b9,31,15,10,15,6,14,39,25,22,1,21,11,42,7,0,77
5710a281,13,7,7,6,0,4,15,11,12,4,8,7,20,10,1,44
58027adc,15,10,6,7,2,9,19,10,7,4,3,10,25,23,0,45
582a251c,0,0,0,0,0,0,0,0,0,0,0,0,0,3,1,6
5832ebfe,49,28,29,19,1,26,44,18,23,8,15,31,80,68,0,123
585a73a8,17,11,12,5,0,8,13,5,30,21,9,25,42,150,2,116
58d97e77,1,0,0,0,1,0,0,0,1,0,1,0,1,1,0,2
58e933d2,5,3,0,4,1,0,9,9,13,3,10,2,7,14,0,39
599d91d0,0,0,0,0,0,0,0,0,1,1,0,0,0,0,0,0
59be3a74,4,0,3,1,0,1,1,0,4,0,4,0,4,0,0,5
5a2cb25d,58,36,26,21,11,26,55,29,29,10,19,31,89,15,1,219
5aa53281,49,26,26,18,5,22,44,22,32,15,17,60,109,98,1,165
5aaef9ef,43,22,21,16,6,14,61,47,21,4,17,29,72,36,0,129
5bd72174,7,4,3,2,2,3,11,8,15,0,15,1,8,8,0,60
5c397195,5,2,1,3,1,2,9,7,5,0,5,4,9,1,0,18
5cec2c74,32,18,14,13,5,12,35,23,31,6,25,24,56,36,0,139
5df4ef30,8,4,4,3,1,7,16,9,6,0,6,8,16,9,0,57
5e834dce,5,1,1,2,2,1,2,1,1,0,1,0,5,0,0,7
5e861944,12,6,8,2,2,5,16,11,7,0,7,5,17,4,0,45
5eae500a,13,7,4,7,2,3,10,7,14,6,8,1,14,28,0,52
5efc5389,14,9,9,3,2,7,18,11,25,9,16,23,37,71,0,53
5fa57166,0,0,0,0,0,0,0,0,0,0,0,0,0,1,0,1
5fd5ed86,63,36,37,20,6,20,34,14,48,22,26,74,137,118,1,174
6010ba04,0,0,0,0,0,0,0,0,0,0,0,0,0,0,0,2
601ef102,19,11,6,8,5,7,27,20,23,2,21,8,27,28,0,70
61b3978f,53,35,25,23,5,26,52,26,38,16,22,35,88,88,1,144
61f2f56a,1,0,0,1,0,0,1,1,2,0,2,1,2,3,0,8
6213fd82,38,23,22,10,6,13,39,26,15,2,13,32,70,48,1,95
62437b4f,8,4,4,3,1,1,4,3,3,0,3,4,12,7,0,18
63071a3f,49,25,36,12,1,26,42,16,37,29,8,35,84,140,2,151
649b01d8,1,1,1,0,0,1,3,2,0,0,0,0,1,21,1,32
64cd167d,32,17,17,13,2,15,26,11,22,12,10,34,66,69,0,113
6523afa4,1,1,0,1,0,0,0,0,3,1,2,5,6,4,1,5
652811aa,38,25,22,13,3,20,39,19,27,10,17,37,75,54,1,118
66a9470c,0,0,0,0,0,0,0,0,0,0,0,0,0,1,0,0
674cfc5a,64,40,28,26,10,22,54,32,29,3,26,21,85,17,0,101
67f649be,0,0,0,0,0,0,2,2,0,0,0,1,1,7,1,10
6817095b,1,0,1,0,0,1,3,2,2,0,2,0,1,1,0,4
68252d6d,26,19,7,10,9,7,28,21,9,0,9,9,35,4,0,81
6928979a,36,21,14,15,7,8,37,29,20,5,15,14,50,14,0,147
6a189491,10,7,5,3,2,4,5,1,12,7,5,1,11,22,0,26
6aafdc27,26,19,18,6,2,10,21,11,32,23,9,30,56,65,1,61
6c1f7328,9,6,2,2,5,2,10,8,8,2,6,2,11,1,0,31
6ca663b4,1,0,0,1,0,0,4,4,2,0,2,1,2,4,0,13
6cc97b6a,10,4,7,3,0,5,13,8,5,2,3,19,29,9,1,33
6e058f06,8,6,5,2,1,3,4,1,5,0,5,1,9,0,0,12
6e4df551,27,13,5,13,9,13,45,32,24,0,24,17,44,6,1,164
6eee05f1,42,23,17,23,2,22,39,17,21,14,7,49,91,92,0,199
6f5ead86,61,31,25,31,5,30,112,82,53,11,42,50,111,51,1,153
718b8afd,17,9,9,5,3,6,13,7,17,2,15,4,21,18,1,49
71dc23da,31,16,15,13,3,18,35,17,17,2,15,9,40,42,1,97
72be9309,0,0,0,0,0,0,0,0,0,0,0,0,0,1,0,1
73ddc40c,4,3,0,3,1,1,4,3,9,6,3,3,7,9,0,12
74419746,1,1,1,0,0,0,1,1,0,0,0,0,1,8,3,36
756959aa,19,12,3,13,3,4,22,18,9,3,6,7,26,6,0,57
75b86fb3,32,17,14,11,7,15,24,9,18,9,9,26,58,54,0,135
75e60d75,0,21,0,0,0,0,0,0,0,0,0,22,0,0,0,0
7737dee2,4,2,1,1,2,1,5,4,2,1,1,0,4,1,0,10
780e3631,35,21,9,20,6,12,33,21,28,8,20,25,60,40,2,166
78841da9,13,9,3,7,3,9,25,16,15,3,12,10,23,14,1,88
79083382,2,1,2,0,0,0,3,3,1,0,1,1,3,7,0,7
79443529,6,2,1,4,1,4,13,9,5,2,3,7,13,6,0,58
7aa84ac5,4,4,3,1,0,1,11,10,3,1,2,1,5,0,0,16
7b075c75,3,2,3,0,0,1,3,2,12,12,0,11,14,32,0,35
7b4b9221,0,0,0,0,0,0,1,1,0,0,0,0,0,1,0,2
7b4de647,0,0,0,0,0,0,0,0,0,0,0,0,0,0,0,0
7b536033,5,3,2,1,2,1,2,1,3,1,2,1,6,7,0,25
7b5f516f,0,0,0,0,0,0,0,0,0,0,0,0,0,0,0,0
7ba1f1ef,0,0,0,0,0,0,0,0,2,0,2,0,0,0,0,0
7d3cbc67,13,11,4,2,7,7,19,12,12,4,8,6,19,6,0,24
7d50454d,22,15,16,6,0,6,11,5,23,17,6,23,45,66,2,46
7e81a17d,7,5,1,5,1,3,7,4,2,0,2,0,7,1,0,13
7eb97a8e,34,20,12,18,4,15,59,44,21,0,21,11,45,9,0,140
7ec7738e,2,2,2,0,0,1,4,3,1,0,1,0,2,1,1,8
7ed4921e,37,19,25,12,0,10,18,8,41,29,12,31,68,135,2,123
7f24b3eb,3,1,1,2,0,1,1,0,0,0,0,0,3,0,0,4
7f267d66,16,9,9,7,0,9,24,15,12,4,8,9,25,14,1,47
7f66ea09,3,1,3,0,0,3,3,0,0,0,0,6,9,22,0,18
7f78ad23,6,1,2,2,2,2,6,4,3,2,1,5,11,17,0,19
7fd58fe3,21,13,10,7,4,11,41,30,20,4,16,21,42,28,1,125
7fe90ccd,7,3,2,3,2,4,8,4,3,1,2,6,13,8,1,24
7ff93107,3,2,0,2,1,0,5,5,3,0,3,3,6,1,0,5
801831fe,0,0,0,0,0,0,2,2,1,0,1,1,1,0,0,2
80c718dd,4,1,2,1,1,3,7,4,1,0,1,1,5,4,0,10
81255c03,17,11,5,7,5,4,24,20,35,8,27,9,26,39,0,102
817c6964,16,8,8,5,3,9,16,7,5,0,5,9,25,5,0,30
822a7761,0,0,0,0,0,0,0,0,0,0,0,0,0,1,0,4
82328faf,0,0,0,0,0,0,0,0,0,0,0,0,0,0,0,4
825b8997,16,8,11,4,1,6,10,4,19,12,7,22,38,36,0,44
82b1198a,0,0,0,0,0,0,0,0,0,0,0,0,0,2,1,28
82dbf623,0,0,0,0,0,0,1,1,4,0,4,1,1,3,0,11
82efe6fa,11,8,6,3,2,5,7,2,9,6,3,18,29,21,1,43
84594618,7,6,2,5,0,5,6,1,24,17,7,10,17,69,0,75
84b6acaa,30,14,22,8,0,11,22,11,34,29,5,34,64,145,3,103
852351df,14,10,10,3,1,8,21,13,12,3,9,15,29,19,2,76
854ee61a,12,8,4,6,2,4,15,11,9,0,9,3,15,5,0,27
85613cf0,12,5,4,1,7,3,11,8,11,1,10,2,14,12,0,27
85e51909,1,1,1,0,0,1,1,0,0,0,0,0,1,0,0,6
8650af85,9,5,6,3,0,4,8,4,25,22,3,26,35,41,1,98
8697c095,13,5,3,7,3,2,12,10,1,0,1,1,14,3,0,10
8794e251,47,31,16,19,12,15,41,26,36,6,30,32,79,19,0,115
881ef58c,14,10,3,5,6,5,12,7,4,0,4,5,19,5,0,40
88c89891,11,6,6,5,0,6,17,11,2,1,1,11,22,13,0,37
8913a9f9,0,0,0,0,0,0,0,0,0,0,0,0,0,0,0,2
89976232,42,24,24,14,4,17,35,18,44,29,15,71,113,121,1,178
89b2c8a9,13,9,1,8,4,2,27,25,10,1,9,7,20,4,0,52
8a08491a,13,7,2,6,5,4,31,27,12,0,12,6,19,14,0,48
8abd0c03,15,9,8,4,3,6,11,5,9,2,7,5,20,10,0,28
8b303bcb,0,0,0,0,0,0,0,0,0,0,0,2,2,1,0,13
8b609c34,1,0,0,1,0,0,0,0,0,0,0,1,2,2,0,10
8b66d9cc,10,7,5,4,1,3,9,6,5,0,5,2,12,3,0,25
8b8a56ce,31,19,18,13,0,13,22,9,25,20,5,22,53,62,1,70
8b95acda,42,26,27,14,1,12,24,12,33,22,11,59,101,155,1,192
8bc8829a,3,2,0,2,1,0,0,0,3,1,2,0,3,0,0,6
8c63fae5,2,2,2,0,0,2,3,1,1,0,1,2,4,7,0,14
8c65eb5f,44,19,19,22,3,14,38,24,20,7,13,19,63,19,2,132
8c725b43,36,18,26,9,1,14,32,18,31,20,11,55,91,134,1,154
8cabdc1e,0,0,0,0,0,0,1,1,0,0,0,4,4,19,2,40
8cb494c9,0,0,0,0,0,0,0,0,0,0,0,0,0,0,0,1
8cc29864,13,9,13,0,0,4,10,6,10,7,3,4,17,23,0,36
8cea6319,13,6,9,4,0,9,15,6,14,12,2,9,22,30,0,46
8d8178ac,19,11,0,9,10,4,27,23,17,3,14,5,24,38,2,76
8da74c05,4,3,1,1,2,1,2,1,3,1,2,3,7,4,1,19
8efa621b,29,13,20,9,0,14,32,18,48,38,10,36,65,169,5,184
8f866fe8,9,7,2,3,4,1,7,6,12,0,12,10,19,11,0,51
8fef5412,41,25,23,15,3,21,49,28,21,8,13,43,84,42,1,90
8ff07990,2,2,0,2,0,0,2,2,1,1,0,8,10,22,0,40
9085dd7c,41,28,21,15,5,23,46,23,18,9,9,10,51,58,0,88
909bce7f,38,20,29,9,0,15,57,42,20,7,13,28,66,25,2,122
91899ca8,15,8,11,4,0,7,20,13,10,7,3,22,37,50,0,67
91976866,4,3,1,0,3,3,3,0,2,0,2,2,6,1,0,5
919dd4b1,0,0,0,0,0,0,0,0,0,0,0,0,0,0,0,0
91c9de34,1,0,1,0,0,0,0,0,0,0,0,1,2,0,0,3
921f6058,81,44,46,33,2,28,54,26,39,14,25,61,142,74,2,199
92b4758e,35,27,24,8,3,12,23,11,16,6,10,33,68,64,1,85
92d83c27,13,8,9,4,0,6,31,25,15,4,11,13,26,10,0,45
933d3b51,27,12,19,8,0,8,18,10,28,23,5,15,42,53,1,56
934e264d,1,0,0,0,1,0,1,1,0,0,0,0,1,0,0,0
93b891d1,17,10,4,7,6,2,11,9,9,1,8,4,21,2,0,37
93cf32a8,34,24,21,11,2,16,22,6,40,18,22,70,104,138,2,214
9413b19f,0,0,0,0,0,0,2,2,1,0,1,1,1,7,2,34
94816803,6,4,4,2,0,3,10,7,4,0,4,0,6,0,0,19
94b2001f,30,20,16,12,2,18,30,12,12,3,9,26,56,44,0,78
952a03fe,18,11,11,7,0,7,11,4,28,20,8,32,50,86,2,88
9591723b,0,0,0,0,0,0,0,0,0,0,0,0,0,0,0,0
9592289a,15,10,6,4,5,3,10,7,11,0,11,9,24,13,1,47
95adf1e1,0,0,0,0,0,0,0,0,0,0,0,0,0,2,0,2
95facda1,58,38,37,17,4,25,69,44,30,1,29,25,83,26,0,171
96640846,0,0,0,0,0,0,0,0,0,0,0,0,0,1,0,1
96960855,20,10,12,5,3,9,30,21,12,2,10,11,31,11,0,95
96e0490d,81,42,48,30,3,40,83,43,38,16,22,25,106,78,1,148
970b8574,12,5,4,5,3,6,10,4,3,2,1,5,17,12,0,47
980522ec,11,6,2,8,1,5,20,15,3,0,3,0,11,0,0,47
983ff2c7,20,10,12,6,2,13,19,6,5,1,4,11,31,15,0,49
9866afec,2,1,0,0,2,1,2,1,2,1,1,0,2,0,0,6
98d2c2c4,51,30,18,25,8,22,63,41,41,6,35,28,79,26,0,161
9907b1c8,15,11,4,7,4,3,24,21,14,0,14,5,20,5,0,65
997fff07,12,9,7,3,2,6,9,3,5,3,2,6,18,16,0,33
9b30df1e,2,1,2,0,0,1,2,1,4,4,0,6,8,14,0,14
9b6f7fd5,33,19,12,17,4,14,37,23,17,2,15,8,41,9,0,98
9d4c45d6,43,25,15,21,7,10,46,36,19,0,19,17,60,23,1,110
9dc96f10,1,1,0,1,0,0,0,0,0,0,0,0,1,0,0,0
9e1577aa,22,6,10,8,4,10,24,14,21,7,14,13,35,41,0,66
9e90fb5d,24,10,6,11,7,7,31,24,15,1,14,6,30,10,0,85
9f5a610b,0,0,0,0,0,0,0,0,0,0,0,0,0,0,0,5
a111cf41,0,0,0,0,0,0,1,1,0,0,0,1,1,18,2,66
a1216563,5,4,2,1,2,3,10,7,5,1,4,3,8,1,0,17
a36084cd,1,1,0,1,0,0,0,0,0,0,0,1,2,0,0,3
a3d94a58,52,35,36,12,4,12,41,29,59,33,26,75,127,116,2,162
a40819d9,40,24,21,17,2,19,36,17,33,24,9,50,90,86,3,104
a40d5a0c,16,13,5,8,3,5,20,15,14,0,14,3,19,6,0,45
a4e85758,36,26,21,12,3,20,27,7,27,13,14,31,67,53,1,121
a4fe8cda,4,2,2,1,1,1,15,14,6,1,5,2,6,6,0,25
a5296e55,26,16,10,11,5,12,30,18,28,5,23,21,47,15,0,155
a64cbd35,43,31,22,19,2,16,45,29,26,8,18,17,60,32,0,80
a65ce836,10,7,5,3,2,3,10,7,4,0,4,2,12,3,0,21
a69cc629,1,1,1,0,0,0,0,0,1,0,1,1,2,0,0,3
a69e4806,6,4,1,5,0,2,15,13,13,0,13,5,11,5,0,34
a8a874f1,76,50,35,37,4,33,69,36,42,14,28,33,109,36,0,191
a8f21b9f,12,8,4,6,2,3,10,7,6,1,5,3,15,1,0,19
a96e5dc0,37,21,24,10,3,18,35,17,23,12,11,18,55,58,1,119
aae9d04a,67,37,43,19,5,30,67,37,50,15,35,36,103,115,0,242
ab1ca213,52,29,20,28,4,18,60,42,36,12,24,32,84,46,1,241
ab4449d6,1,0,1,0,0,0,1,1,0,0,0,2,3,15,5,38
ac1f056e,0,0,0,0,0,0,4,4,0,0,0,0,0,1,0,2
ac4003af,0,0,0,0,0,0,0,0,0,0,0,0,0,3,0,12
ac7e640b,21,11,12,8,1,5,11,6,9,5,4,30,51,22,1,80
ad6df2d5,46,21,16,23,7,21,63,42,29,12,17,32,78,30,0,168
aded8e6f,0,0,0,0,0,0,1,1,0,0,0,2,2,0,0,1
ae4e2852,10,8,6,4,0,6,14,8,5,2,3,8,18,18,1,28
ae64d449,37,20,23,13,1,16,40,24,28,10,18,20,57,29,0,137
ae7058f9,11,7,6,5,0,6,11,5,3,2,1,15,26,26,0,32
ae82fa48,4,4,1,2,1,0,4,4,4,0,4,1,5,2,0,19
b0243215,22,12,14,7,1,8,14,6,11,7,4,16,38,33,0,54
b0f7e36c,38,22,13,15,10,10,52,42,19,0,19,6,44,6,0,107
b1236c63,10,7,5,5,0,6,21,15,13,2,11,4,14,12,0,31
b1deecf8,23,17,16,7,0,8,16,8,29,17,12,24,47,75,0,83
b233e8e4,18,6,14,4,0,10,19,9,8,4,4,10,28,28,0,27
b3af9be1,42,24,25,13,4,22,41,19,34,9,25,49,91,78,1,142
b3fd7075,44,24,19,21,4,16,52,36,19,3,16,40,84,11,0,137
b59e02da,22,13,10,9,3,8,28,20,13,2,11,11,33,19,0,51
b5bf1770,23,13,9,12,2,7,13,6,29,19,10,23,46,54,2,92
b5cae4e6,3,0,3,0,0,2,9,7,4,0,4,1,4,5,0,28
b6964eb6,25,16,15,9,1,10,13,3,44,35,9,56,81,126,2,144
b6b2b820,69,47,31,29,9,22,84,62,40,12,28,22,91,23,0,162
b70bde8f,18,10,10,7,1,6,22,16,15,1,14,9,27,4,0,48
b7a5bc86,6,4,3,2,1,2,10,8,5,3,2,5,11,8,0,15
b86fe156,2,0,2,0,0,0,1,1,4,1,3,2,4,0,0,8
b871bf55,13,8,8,3,2,6,11,5,6,4,2,4,17,19,0,28
b96b595c,59,29,42,12,5,14,20,6,40,27,13,42,101,109,1,179
ba1e04b3,46,31,21,19,6,19,40,21,24,10,14,21,67,31,1,94
ba3d3bea,17,11,10,5,2,10,20,10,7,1,6,13,30,10,0,60
bbafc0c4,37,25,24,7,6,19,34,15,23,3,20,14,51,20,4,109
bdc74a8f,5,3,4,0,1,2,4,2,2,0,2,2,7,3,0,16
bdd0692f,4,2,3,1,0,0,1,1,5,1,4,2,6,2,0,35
be927d03,11,5,3,5,3,6,19,13,11,3,8,14,25,24,0,54
bee704fc,46,25,30,16,0,11,31,20,39,21,18,29,75,129,1,151
bf13975c,39,18,19,12,8,17,56,39,27,6,21,26,65,18,1,99
bf168004,0,0,0,0,0,0,0,0,0,0,0,0,0,1,0,1
bf309d24,40,25,14,20,6,8,30,22,10,1,9,33,73,16,2,119
bf356094,2,1,1,0,1,1,2,1,1,0,1,1,3,0,0,9
bf39bdec,17,7,5,10,2,6,22,16,10,2,8,5,22,22,0,47
bf4d31d3,0,0,0,0,0,0,0,0,0,0,0,0,0,0,0,0
bf57eaab,7,5,1,4,2,0,7,7,3,0,3,5,12,2,0,40
c01c66d9,9,5,6,3,0,4,11,7,13,8,5,13,22,26,0,32
c0c7ff58,43,26,19,18,6,24,65,41,32,4,28,32,75,18,2,215
c0cddebe,48,27,13,27,8,13,34,21,35,6,29,22,70,16,0,106
c235e803,7,5,5,2,0,5,8,3,6,6,0,9,16,21,0,40
c316607a,14,9,12,2,0,7,10,3,13,8,5,11,25,28,2,51
c375dfa5,1,0,1,0,0,1,5,4,3,0,3,7,8,11,0,11
c3a8bcd8,42,26,16,22,4,15,48,33,22,6,16,37,79,25,2,167
c414df9d,48,30,21,25,2,16,43,27,27,6,21,16,64,18,0,81
c4efe2b4,1,0,0,1,0,0,0,0,2,1,1,1,2,0,0,4
c50cee19,11,8,5,5,1,4,12,8,10,1,9,8,19,5,0,52
c53083ad,18,10,13,4,1,5,15,10,13,2,11,9,27,14,0,68
c56dc39e,56,29,28,23,5,33,76,43,31,17,14,45,101,80,0,210
c59f90b0,0,0,0,0,0,0,0,0,0,0,0,0,0,0,0,1
c5adc293,6,4,1,4,1,2,5,3,3,2,1,4,10,8,0,19
c693347d,9,4,2,5,2,4,11,7,7,0,7,2,11,26,0,41
c6e8cf1f,29,17,8,19,2,10,35,25,21,7,14,29,58,15,0,108
c707411f,23,15,13,10,0,10,17,7,19,14,5,25,48,76,1,123
c710f7d5,31,15,14,17,0,16,33,17,8,3,5,4,35,25,0,84
c7259b83,47,24,15,25,7,15,55,40,30,5,25,26,73,25,0,114
c730da00,5,1,4,1,0,3,5,2,4,3,1,4,9,8,1,14
c75b6a02,7,4,2,3,2,1,8,7,4,1,3,2,9,13,0,32
c840baa2,2,0,0,1,1,1,1,0,0,0,0,0,2,0,0,2
ca241ad3,0,0,0,0,0,0,0,0,1,0,1,3,3,3,0,12
ca8fa0c0,0,0,0,0,0,0,0,0,0,0,0,0,0,0,0,0
caec77da,0,0,0,0,0,0,0,0,0,0,0,1,1,0,0,1
caffaf5a,4,3,2,2,0,2,6,4,15,12,3,27,31,72,0,60
cbec1196,10,4,2,5,3,5,18,13,8,1,7,4,14,11,0,39
cc700722,50,27,20,21,9,18,54,36,19,3,16,16,66,11,1,87
cce9f582,0,0,0,0,0,0,1,1,4,3,1,4,4,13,0,11
cd0fa27b,42,21,15,21,6,12,35,23,26,2,24,26,68,26,1,156
cdf65d12,40,23,24,15,1,17,27,10,20,13,7,35,75,69,0,91
ce30bfc8,38,19,12,18,8,14,41,27,28,8,20,30,68,20,1,71
ce5b170a,5,3,4,1,0,2,3,1,4,3,1,3,8,7,0,11
cedb3e36,38,23,12,22,4,12,37,25,32,10,22,18,56,24,2,103
cf007308,16,7,5,6,5,5,20,15,11,1,10,11,27,4,0,59
cf1c23d8,0,0,0,0,0,0,0,0,0,0,0,0,0,1,1,4
cfbf9881,19,10,13,4,2,7,17,10,22,11,11,15,34,42,0,71
d023d70f,61,32,24,25,12,21,65,44,26,3,23,26,87,17,0,140
d0d8dd44,33,18,20,12,1,14,27,13,34,24,10,52,85,121,1,174
d0dbca9f,18,13,13,5,0,7,12,5,13,8,5,12,30,31,0,69
d183e9d6,40,22,24,8,8,21,41,20,22,4,18,27,67,58,0,116
d1b49282,53,34,17,23,13,27,52,25,24,6,18,17,70,34,0,107
d2fd20d6,0,0,0,0,0,0,0,0,0,0,0,0,0,0,0,0
d37b0350,0,0,0,0,0,0,0,0,0,0,0,1,1,3,0,0
d3b888e3,13,7,9,4,0,5,15,10,5,0,5,7,20,14,0,37
d3d758d8,34,26,13,17,4,8,32,24,25,10,15,9,43,16,0,70
d3de9af0,7,3,1,2,4,1,6,5,18,7,11,2,9,11,0,43
d4535821,11,6,7,4,0,4,11,7,14,2,12,14,25,16,0,38
d4890c25,0,0,0,0,0,0,0,0,0,0,0,0,0,0,0,1
d4931a5a,2,1,0,2,0,0,0,0,2,0,2,1,3,1,0,12
d4c9725f,56,39,32,18,6,33,53,20,34,6,28,43,99,62,2,185
d5575935,1,1,0,1,0,1,2,1,0,0,0,0,1,1,0,2
d6a889ea,8,6,4,3,1,5,6,1,4,1,3,3,11,2,0,21
d6e53a3a,25,15,14,10,1,13,23,10,30,23,7,25,50,101,2,146
d705ba44,29,16,7,17,5,5,31,26,23,5,18,5,34,20,1,78
d711d04f,12,8,2,7,3,3,25,22,4,1,3,0,12,5,1,79
d7918b13,3,2,0,3,0,2,3,1,1,0,1,0,3,4,0,6
d7d32194,3,2,1,2,0,1,3,2,1,0,1,0,3,1,0,7
d80b1835,3,1,0,2,1,2,2,0,2,0,2,1,4,2,0,4
d85c238b,20,11,10,5,5,3,15,12,14,3,11,20,40,21,0,93
d89b0ebb,1,1,1,0,0,0,0,0,1,0,1,1,2,1,0,0
d8dfae8a,0,0,0,0,0,0,0,0,0,0,0,0,0,0,0,1
d9624b51,14,8,11,3,0,10,10,0,9,5,4,13,27,37,1,59
d97f2e8d,41,28,26,10,5,17,31,14,29,3,26,16,57,39,0,81
d995ed27,16,9,5,6,5,5,17,12,8,3,5,7,23,10,0,62
da13074e,5,3,1,3,1,2,13,11,9,4,5,5,10,4,0,43
da5a981b,29,24,17,11,1,17,31,14,4,0,4,13,42,15,1,55
da974c7b,51,33,30,17,4,17,28,11,28,16,12,31,82,61,1,159
db092d3b,67,47,21,34,12,29,73,44,25,7,18,54,121,15,2,253
dc1c2fce,20,6,6,13,1,8,33,25,17,1,16,18,38,17,0,106
dc3a9a0d,27,15,14,10,3,10,33,23,6,0,6,11,38,9,0,53
dc3fa3b5,18,8,14,3,1,8,23,15,9,1,8,8,26,9,0,55
dc61b402,1,1,0,1,0,1,1,0,0,0,0,0,1,0,0,3
dd06d56c,0,0,0,0,0,0,0,0,0,0,0,0,0,3,0,6
dd0daf32,32,22,10,17,5,19,45,26,27,3,24,11,43,6,0,77
dd29f81d,10,4,7,3,0,7,9,2,10,3,7,9,19,16,0,30
de045b15,27,13,20,6,1,12,25,13,48,37,11,38,65,145,1,101
dea698d9,14,10,3,3,8,4,20,16,10,3,7,6,20,21,1,68
deb748c9,48,27,33,9,6,23,45,22,41,24,17,37,85,109,3,149
df301450,8,3,3,1,4,0,13,13,9,1,8,5,13,1,0,23
df3cda47,41,21,10,24,7,19,64,45,25,1,24,23,64,17,0,189
df525574,16,4,7,7,2,4,13,9,19,5,14,9,25,25,1,57
df85d472,13,8,3,0,10,1,4,3,3,0,3,7,20,12,0,28
dfd56738,1,1,1,0,0,0,0,0,0,0,0,2,3,0,0,3
e01ca8f4,3,1,1,1,1,3,7,4,1,0,1,3,6,0,0,13
e0314d87,37,19,23,12,2,23,46,23,14,6,8,36,73,68,2,110
e0921a4f,19,10,6,9,4,9,39,30,15,0,15,13,32,3,0,86
e14ec482,36,22,21,10,5,12,47,35,23,1,22,16,52,20,0,126
e1b0a70d,0,0,0,0,0,0,0,0,0,0,0,0,0,4,0,6
e1cbb531,11,9,3,5,3,5,12,7,3,1,2,9,20,2,0,46
e23f56c1,13,7,4,5,4,5,18,13,11,1,10,2,15,1,0,90
e26bd2f4,52,27,26,20,6,20,56,36,27,11,16,35,87,32,2,150
e288d4b3,14,11,8,4,2,7,20,13,9,3,6,16,30,19,0,68
e33f36d5,46,32,30,13,3,17,27,10,50,32,18,27,73,96,1,131
e358587b,0,0,0,0,0,0,0,0,0,0,0,0,0,0,1,1
e3756e72,0,0,0,0,0,0,0,0,0,0,0,0,0,0,0,1
e3cceee6,8,7,5,3,0,1,3,2,4,3,1,4,12,16,1,14
e40d028b,0,0,0,0,0,0,0,0,0,0,0,0,0,3,1,14
e468c053,12,6,5,6,1,6,17,11,4,0,4,5,17,3,0,67
e58cbfd5,0,0,0,0,0,0,1,1,0,0,0,4,4,0,0,12
e599253a,47,21,17,18,12,16,52,36,27,7,20,27,74,22,2,156
e5bf73f3,21,14,11,7,3,7,24,17,19,0,19,5,26,12,0,70
e63e122d,2,1,0,2,0,0,0,0,0,0,0,1,3,1,0,4
e726e11e,4,3,1,2,1,2,8,6,4,0,4,0,4,4,0,27
e74f0e59,15,8,4,7,4,11,27,16,20,7,13,19,34,72,0,89
e7ee38c3,0,0,0,0,0,0,1,1,0,0,0,0,0,8,0,12
e83f8ebb,1,0,0,1,0,1,1,0,0,0,0,0,1,0,0,2
e85fb9b8,3,0,3,0,0,1,1,0,2,2,0,1,4,9,0,8
e8c930bb,29,17,10,16,3,15,50,35,21,3,18,45,74,34,1,109
e947ee4a,47,24,25,15,7,19,46,27,33,15,18,27,74,19,2,141
e94d79e3,47,31,34,11,2,16,34,18,29,13,16,31,78,74,2,137
ea06dd97,43,23,17,19,7,13,40,27,20,4,16,25,68,25,0,100
ea164f99,23,15,8,13,2,14,29,15,19,14,5,27,50,28,0,76
eb2fe5b6,15,9,3,8,4,3,14,11,12,0,12,4,19,0,0,50
eccbe56a,23,14,2,10,11,3,19,16,20,3,17,8,31,14,0,75
ed5886d2,54,26,19,27,8,18,46,28,44,15,29,26,80,49,0,103
ed65da8c,0,0,0,0,0,0,0,0,0,0,0,0,0,0,0,0
eda40760,37,28,16,16,5,20,37,17,20,9,11,31,68,57,0,158
ee251371,14,8,5,7,2,6,20,14,13,1,12,8,22,1,0,38
ee4f2f3b,9,5,0,6,3,2,30,28,13,0,13,8,17,15,0,54
ee833569,3,2,3,0,0,2,3,1,0,0,0,1,4,9,0,42
ee93c1a9,13,5,4,5,4,5,25,20,11,0,11,13,26,12,1,61
ef5b337e,4,3,2,0,2,0,6,6,4,0,4,13,17,9,0,52
ef619b0b,20,15,6,8,6,6,24,18,18,3,15,11,31,12,0,62
ef94dc2f,2,1,0,0,2,0,8,8,3,0,3,1,3,10,0,13
f058ed1f,0,0,0,0,0,0,0,0,0,0,0,0,0,4,0,6
f0f7f62f,0,0,0,0,0,0,2,2,0,0,0,0,0,13,2,67
f1cfc209,56,25,23,25,8,23,65,42,20,3,17,36,92,62,0,179
f1f1f238,39,25,22,15,2,19,29,10,45,39,6,55,94,131,1,190
f239e6dd,0,0,0,0,0,0,0,0,0,0,0,0,0,0,0,0
f26e3c59,22,13,13,6,3,7,23,16,16,4,12,6,28,23,0,48
f32df091,0,0,0,0,0,0,0,0,0,0,0,0,0,0,0,0
f45f9427,52,25,35,12,5,18,51,33,34,4,30,19,71,65,0,123
f4ec4fd0,3,1,0,2,1,2,8,6,3,0,3,1,4,7,0,11
f503ea63,51,25,18,31,2,24,68,44,35,14,21,33,84,46,1,204
f554e29b,0,0,0,0,0,0,0,0,0,0,0,0,0,10,0,16
f5ba8903,1,1,1,0,0,1,2,1,0,0,0,0,1,0,0,0
f61c7c4e,20,14,7,10,3,4,20,16,9,0,9,3,23,3,0,80
f6a06749,0,0,0,0,0,0,0,0,0,0,0,0,0,0,0,0
f6f6b6e8,3,2,3,0,0,1,4,3,3,2,1,1,4,3,0,13
f7036e1c,22,7,2,8,12,4,34,30,30,2,28,15,37,11,0,76
f7223718,34,20,24,7,3,18,25,7,19,9,10,15,49,45,0,111
f7e2af2c,8,4,3,5,0,3,4,1,6,6,0,7,15,20,0,14
f8d41a8c,0,0,0,0,0,0,0,0,0,0,0,0,0,0,0,0
f8f0744b,0,0,0,0,0,0,0,0,0,0,0,0,0,0,0,1
f91e81c9,27,19,15,9,3,17,30,13,20,5,15,20,47,52,0,134
f93ed0df,2,1,2,0,0,2,3,1,0,0,0,0,2,11,10,32
faa1b07d,5,3,3,2,0,2,3,1,2,2,0,17,22,23,0,14
fb2c533b,27,17,16,8,3,14,34,20,10,3,7,18,45,15,0,117
fb77bfef,25,17,21,4,0,14,24,10,23,14,9,40,65,60,2,119
fba81826,30,21,19,7,4,11,27,16,20,7,13,18,48,22,0,67
fc4f85b1,38,29,19,16,3,18,32,14,17,7,10,45,83,60,1,96
fe012aca,12,7,3,8,1,6,20,14,24,0,24,3,15,4,0,95
fe0b8f0e,1,1,0,1,0,1,2,1,2,2,0,1,2,6,0,10
fe471a89,1,0,1,0,0,1,3,2,0,0,0,0,1,0,0,4
fe479e17,1,0,0,1,0,0,0,0,1,0,1,0,1,0,0,6
fe6a7685,20,8,13,7,0,6,17,11,38,34,4,33,53,96,1,89
fed5f993,34,17,19,15,0,16,28,12,54,39,15,30,64,99,0,158
ff4296df,2,2,0,2,0,1,1,0,0,0,0,4,6,0,1,14
ff764de3,28,16,12,13,3,8,27,19,11,3,8,14,42,9,1,58
ff800ed8,34,20,18,10,6,21,38,17,16,4,12,26,60,52,0,153
