id,Tkl,TklW,Def 3rd,Mid 3rd,Att 3rd,Tkl.1,Att,Lost,Blocks,Sh,Pass,Int,Tkl+Int,Clr,Err
005ca692,1,0,0,0,1,1,2,1,0,0,0,0,1,0,0
00672021,6,4,0,5,1,3,10,7,4,0,4,7,13,2,0
0076ab7f,25,15,5,16,4,11,15,4,5,3,2,6,31,14,0
007faf7a,1,1,0,1,0,1,2,1,2,0,2,1,2,0,0
00963611,1,0,1,0,0,1,1,0,1,1,0,4,5,3,1
00b28772,8,2,3,2,3,3,8,5,7,2,5,13,21,11,0
00ddb7f7,13,6,5,8,0,8,17,9,13,1,12,6,19,5,0
00eba9c9,7,6,4,2,1,2,5,3,2,1,1,5,12,1,0
0127419a,4,3,3,1,0,3,8,5,4,0,4,3,7,1,0
01464072,3,2,1,2,0,3,4,1,0,0,0,1,4,2,0
0176f037,9,4,5,2,2,9,15,6,6,0,6,6,15,26,0
017ab4d4,5,2,2,2,1,1,6,5,1,0,1,2,7,1,0
0193a8bf,6,4,2,3,1,3,9,6,6,0,6,7,13,2,0
01ba3996,0,0,0,0,0,0,0,0,0,0,0,1,1,0,0
02319ad7,2,2,2,0,0,1,8,7,6,3,3,1,3,7,0
023efc8b,0,0,0,0,0,0,0,0,0,0,0,0,0,1,0
02caf6e0,4,3,0,2,2,1,5,4,2,1,1,3,7,10,0
02ce2030,4,3,3,1,0,0,3,3,7,6,1,9,13,28,2
02ee4c77,3,0,1,1,1,2,3,1,2,0,2,0,3,2,1
03622183,0,0,0,0,0,0,2,2,2,1,1,0,0,0,0
038aa94a,13,8,6,5,2,5,16,11,13,4,9,10,23,20,0
03df04ff,0,0,0,0,0,0,0,0,0,0,0,0,0,0,0
042d286e,1,0,0,0,1,1,2,1,7,0,7,2,3,3,0
04a35432,2,2,2,0,0,1,4,3,6,3,3,7,9,31,0
04e17fd5,0,0,0,0,0,0,3,3,1,0,1,1,1,3,0
0534149c,0,0,0,0,0,0,0,0,0,0,0,0,0,0,0
053f6e16,5,5,2,2,1,1,2,1,7,4,3,4,9,13,0
0562b7f1,1,0,0,1,0,1,1,0,2,0,2,1,2,2,0
05a6c38b,5,5,2,1,2,4,9,5,2,0,2,6,11,11,0
05a84d52,5,3,0,4,1,1,5,4,2,0,2,1,6,5,0
05cb19c5,5,4,3,1,1,0,1,1,2,1,1,2,7,5,0
062fc2e6,0,0,0,0,0,0,0,0,0,0,0,3,3,4,0
068830ca,0,0,0,0,0,0,0,0,1,0,1,0,0,5,1
06983922,4,2,1,1,2,2,6,4,1,0,1,2,6,1,0
06a10001,19,11,10,8,1,13,44,31,19,0,19,16,35,5,2
06a1d642,1,1,0,1,0,0,2,2,1,0,1,0,1,1,0
06e5b0e4,10,5,8,2,0,4,9,5,4,1,3,11,21,31,0
06f33dc8,7,3,4,2,1,1,4,3,1,1,0,2,9,7,0
070a3904,2,2,0,2,0,1,3,2,1,0,1,0,2,1,1
070ec0b1,7,5,2,5,0,5,7,2,1,0,1,6,13,10,0
07a821e4,1,1,1,0,0,0,1,1,0,0,0,0,1,0,0
080440a4,21,9,13,8,0,13,20,7,11,4,7,12,33,14,0
0827221a,1,0,1,0,0,1,4,3,1,0,1,0,1,1,0
08990838,13,7,7,6,0,9,15,6,8,6,2,9,22,32,1
08fe932d,1,0,1,0,0,1,1,0,0,0,0,2,3,7,0
0a6dbbf7,6,5,5,1,0,4,5,1,11,4,7,6,12,14,1
0a74011c,1,1,1,0,0,1,2,1,1,0,1,3,4,5,0
0ac893aa,6,4,2,4,0,2,13,11,4,1,3,4,10,11,1
0adc7748,7,3,6,1,0,5,6,1,2,2,0,5,12,17,0
0aeeed3f,14,9,2,8,4,6,15,9,7,1,6,8,22,4,0
0af4b238,1,1,0,1,0,1,2,1,0,0,0,0,1,1,0
0b0cbe5b,3,1,0,2,1,1,3,2,1,0,1,2,5,0,0
0b380363,4,3,1,2,1,2,4,2,1,0,1,3,7,2,0
0b4854f9,4,3,4,0,0,3,4,1,4,2,2,2,6,6,0
0b4d8274,8,4,5,2,1,4,6,2,2,0,2,0,8,1,0
0b4f388a,2,2,1,1,0,1,2,1,1,0,1,1,3,1,0
0bad4516,4,3,2,2,0,3,3,0,2,1,1,4,8,3,1
0bd57693,0,0,0,0,0,0,2,2,2,1,1,1,1,0,1
0be28faf,19,11,12,6,1,6,16,10,5,0,5,11,30,16,0
0be95d34,4,4,2,2,0,0,2,2,3,0,3,4,8,0,0
0c09c984,6,4,2,2,2,2,4,2,9,4,5,2,8,3,0
0c0d6ed1,7,7,1,4,2,4,15,11,7,0,7,6,13,2,0
0cc5f4a5,1,0,0,1,0,0,0,0,1,0,1,0,1,0,0
0d115860,0,0,0,0,0,0,0,0,0,0,0,0,0,0,0
0d2b0b84,0,0,0,0,0,0,6,6,1,0,1,4,4,2,0
0d72fbca,5,1,3,2,0,3,6,3,2,0,2,2,7,3,0
0dce3356,8,3,4,4,0,6,13,7,1,1,0,6,14,3,0
0e0102eb,1,1,0,1,0,0,1,1,0,0,0,0,1,0,0
0e21fc3c,1,0,1,0,0,1,1,0,2,1,1,3,4,4,0
0e7ccfc4,4,0,3,0,1,1,4,3,6,1,5,4,8,12,0
0e96a5e1,3,2,1,1,1,1,3,2,4,3,1,4,7,1,0
0fb5e2ad,2,1,1,0,1,1,2,1,1,0,1,0,2,3,0
0fbecd11,8,6,4,2,2,4,14,10,8,1,7,8,16,4,0
0fd37a3d,24,14,12,10,2,11,34,23,10,2,8,11,35,15,0
1001ae82,3,3,1,1,1,1,1,0,2,0,2,1,4,0,0
1055fa53,5,2,4,1,0,4,6,2,2,0,2,4,9,4,0
108fe016,9,7,2,5,2,7,14,7,2,1,1,5,14,4,0
10f1cd17,5,2,1,3,1,3,4,1,2,0,2,4,9,2,0
110338ae,0,0,0,0,0,0,0,0,0,0,0,0,0,2,1
112521d1,12,6,7,4,1,5,9,4,7,1,6,2,14,7,2
113fb4ea,0,0,0,0,0,0,1,1,0,0,0,0,0,2,0
1144d8d7,0,0,0,0,0,0,1,1,0,0,0,0,0,0,0
11c0fa9d,3,1,0,1,2,0,3,3,6,0,6,2,5,2,0
11e5e469,6,4,5,1,0,3,3,0,7,6,1,6,12,13,0
1232e1dc,6,3,5,0,1,2,3,1,12,6,6,11,17,17,0
126568a4,0,0,0,0,0,0,0,0,0,0,0,0,0,0,0
1281be1c,0,0,0,0,0,0,1,1,0,0,0,2,2,3,0
12dcbdcc,23,14,9,12,2,10,29,19,6,1,5,12,35,15,0
12e6d21a,2,2,1,1,0,1,5,4,2,1,1,2,4,14,0
13203c45,1,0,0,1,0,0,2,2,2,1,1,5,6,9,0
132a82f1,6,3,4,2,0,2,2,0,1,0,1,6,12,8,0
132f161f,0,0,0,0,0,0,0,0,2,0,2,0,0,1,0
1395682c,2,1,2,0,0,2,2,0,2,2,0,1,3,13,0
13a78e01,13,10,11,1,1,5,10,5,4,1,3,11,24,7,0
13ac19de,0,0,0,0,0,0,0,0,0,0,0,2,2,1,0
13ddc856,7,6,3,3,1,4,6,2,9,0,9,3,10,2,0
13ea2544,6,4,4,1,1,3,4,1,1,0,1,2,8,4,0
146b19d9,13,7,6,6,1,9,17,8,5,0,5,4,17,4,0
146f71c9,9,5,3,6,0,1,7,6,5,1,4,9,18,4,0
14e8fe86,8,5,4,2,2,4,6,2,5,4,1,10,18,14,0
1519a888,0,0,0,0,0,0,0,0,0,0,0,0,0,0,0
15937e17,25,10,16,9,0,7,21,14,14,5,9,17,42,30,0
15b287da,12,7,1,7,4,6,17,11,5,2,3,2,14,3,0
15b6e8d7,10,8,4,6,0,4,4,0,2,0,2,4,14,5,0
15d0c248,1,1,1,0,0,1,2,1,4,3,1,3,4,2,1
15eb04ec,11,8,4,5,2,6,16,10,5,1,4,4,15,3,0
16380240,2,1,1,1,0,0,0,0,0,0,0,0,2,0,0
16657b95,11,8,5,4,2,3,8,5,9,3,6,7,18,9,0
1668b4b1,1,1,0,1,0,1,1,0,0,0,0,0,1,0,0
16886ee5,15,6,9,6,0,10,26,16,5,0,5,12,27,6,0
169fd162,3,3,0,1,2,2,4,2,2,0,2,1,4,1,0
16daec92,4,1,0,3,1,1,5,4,2,0,2,1,5,0,0
170eb35b,7,2,2,5,0,2,12,10,3,2,1,8,15,4,0
17145c90,11,8,7,4,0,6,8,2,3,2,1,5,16,16,0
17310a6c,2,2,2,0,0,0,2,2,2,0,2,0,2,0,0
173eb3cd,4,3,3,1,0,1,5,4,2,2,0,1,5,2,0
174651c8,6,3,2,4,0,3,8,5,2,1,1,3,9,9,0
176674ab,0,0,0,0,0,0,0,0,0,0,0,0,0,0,0
17695062,6,1,2,2,2,1,7,6,1,1,0,1,7,3,0
17780d2b,1,0,1,0,0,0,0,0,3,3,0,1,2,7,0
178ae8f8,0,0,0,0,0,0,12,12,1,0,1,3,3,2,0
17e3e467,1,1,1,0,0,0,0,0,0,0,0,1,2,0,0
1858bbf7,0,0,0,0,0,0,0,0,0,0,0,0,0,6,0
1880614f,0,0,0,0,0,0,0,0,0,0,0,1,1,0,0
189cee7b,4,3,1,3,0,1,4,3,2,0,2,1,5,1,0
1971591f,2,2,0,1,1,0,3,3,4,0,4,0,2,2,0
19f8e480,5,4,3,2,0,1,3,2,1,0,1,1,6,3,0
1a1033a1,10,10,3,5,2,3,12,9,10,0,10,4,14,0,0
1a317a1b,11,5,6,3,2,4,8,4,4,1,3,4,15,8,0
1a672e2d,4,2,2,1,1,2,7,5,1,0,1,0,4,2,1
1a6b7ea4,10,7,3,7,0,6,15,9,12,5,7,9,19,8,0
1a799243,10,7,6,3,1,2,4,2,4,0,4,4,14,1,0
1a9db1c5,2,1,0,2,0,2,4,2,0,0,0,0,2,4,0
1adb73db,1,1,0,1,0,0,2,2,1,1,0,0,1,4,0
1adcf39e,5,5,3,1,1,4,12,8,6,3,3,9,14,24,1
1ae836b1,3,2,0,2,1,1,4,3,1,0,1,2,5,3,0
1b17ed86,8,6,4,4,0,3,7,4,2,1,1,5,13,4,0
1b192c1f,17,13,8,9,0,14,32,18,9,2,7,9,26,21,0
1b7ddc55,0,0,0,0,0,0,0,0,0,0,0,1,1,0,0
1b7ec703,1,0,0,1,0,0,0,0,0,0,0,0,1,0,0
1b81794d,0,0,0,0,0,0,0,0,1,0,1,0,0,0,0
1bd5735a,2,1,1,1,0,0,0,0,2,0,2,1,3,1,0
1bd5fc78,3,2,1,2,0,1,2,1,1,1,0,1,4,6,0
1c0567fc,0,0,0,0,0,0,2,2,1,0,1,0,0,0,0
1c07b06e,3,2,0,3,0,0,3,3,4,1,3,8,11,4,0
1c59240b,8,5,3,5,0,4,17,13,10,0,10,5,13,1,0
1c90cd29,3,2,3,0,0,1,3,2,1,1,0,3,6,8,0
1c98558c,0,0,0,0,0,0,0,0,0,0,0,0,0,6,1
1caa93a5,0,0,0,0,0,0,0,0,1,0,1,0,0,4,1
1cbe4984,15,8,5,7,3,4,8,4,10,1,9,9,24,5,0
1d5cab82,6,2,5,1,0,2,6,4,3,1,2,1,7,2,0
1d896c05,5,0,2,3,0,4,6,2,2,0,2,1,6,2,0
1daec722,12,8,2,8,2,3,13,10,5,0,5,5,17,4,0
1dbfae2d,2,1,1,1,0,0,0,0,0,0,0,0,2,3,0
1e064bfb,0,0,0,0,0,0,0,0,0,0,0,0,0,0,0
1e26e376,0,0,0,0,0,0,0,0,0,0,0,0,0,3,1
1ec7e1c5,0,0,0,0,0,0,1,1,2,1,1,8,8,20,0
1eecc0c6,5,3,1,4,0,3,7,4,1,0,1,7,12,1,1
1f3afdcb,1,1,1,0,0,0,2,2,6,2,4,2,3,4,0
1fbbfbde,15,7,10,5,0,8,11,3,11,9,2,8,23,50,0
1fffae99,18,9,7,10,1,4,16,12,8,0,8,7,25,13,0
2054d037,3,1,3,0,0,1,1,0,2,0,2,0,3,2,0
2077ae86,1,1,0,1,0,0,0,0,1,1,0,1,2,3,0
20b9f052,0,0,0,0,0,0,0,0,0,0,0,0,0,10,0
20df3aaf,5,2,2,2,1,3,10,7,1,0,1,2,7,0,0
20e73fac,6,4,2,2,2,2,7,5,5,0,5,4,10,9,0
213cd822,0,0,0,0,0,0,1,1,0,0,0,0,0,2,1
21519148,19,12,9,8,2,11,16,5,7,2,5,7,26,6,0
215918bf,0,0,0,0,0,0,1,1,1,0,1,0,0,1,0
220ace7e,13,8,4,7,2,10,27,17,6,1,5,4,17,2,0
22a239c1,1,1,0,1,0,0,3,3,1,0,1,0,1,1,0
22a94b80,0,0,0,0,0,0,0,0,0,0,0,0,0,0,0
22cd43d2,0,0,0,0,0,0,0,0,0,0,0,0,0,0,0
22db7a5e,0,0,0,0,0,0,0,0,0,0,0,0,0,3,0
230f0471,0,0,0,0,0,0,0,0,0,0,0,0,0,0,0
23c5db70,5,3,0,3,2,2,5,3,1,0,1,0,5,0,0
23f9e9d3,0,0,0,0,0,0,0,0,1,1,0,0,0,0,0
2402b0e8,6,4,4,2,0,0,7,7,7,3,4,15,21,15,0
242e1043,9,5,5,3,1,3,7,4,4,2,2,3,12,5,0
244a1281,13,8,10,2,1,4,7,3,4,1,3,13,26,22,0
244a31b9,10,7,10,0,0,4,7,3,4,1,3,22,32,36,0
244f57b9,8,6,6,2,0,4,11,7,1,0,1,7,15,5,0
2475dcc6,0,0,0,0,0,0,1,1,1,0,1,0,0,1,0
24b98f95,3,2,1,1,1,3,6,3,1,0,1,0,3,4,0
2513a588,6,4,4,2,0,3,10,7,4,0,4,3,9,2,0
25146df0,5,4,3,2,0,2,6,4,3,2,1,11,16,16,0
25736bcf,0,0,0,0,0,0,0,0,5,5,0,1,1,4,0
258aff54,11,6,5,5,1,2,8,6,1,0,1,3,14,3,0
2628fd2b,0,0,0,0,0,0,0,0,0,0,0,0,0,0,0
262e5a82,4,4,2,2,0,2,6,4,2,0,2,2,6,0,0
2648e18f,2,2,0,2,0,1,3,2,1,0,1,1,3,1,0
2677a1de,5,5,1,4,0,1,1,0,2,1,1,2,7,0,0
2696b6a9,4,3,1,3,0,3,4,1,2,0,2,0,4,2,0
26a796c1,11,6,5,5,1,6,17,11,16,0,16,10,21,1,0
26ce2263,16,10,7,7,2,5,19,14,11,1,10,5,21,9,0
273c483b,0,0,0,0,0,0,0,0,1,0,1,0,0,0,0
275f52fc,0,0,0,0,0,0,0,0,0,0,0,0,0,0,0
276cce2e,4,3,3,1,0,2,2,0,4,1,3,4,8,12,0
27d902c8,0,0,0,0,0,0,0,0,0,0,0,0,0,2,0
27f0ddef,5,3,4,1,0,5,5,0,6,5,1,7,12,30,0
27ff9bdb,3,1,2,1,0,1,4,3,0,0,0,0,3,1,1
282faa70,2,1,0,2,0,1,6,5,3,1,2,3,5,2,0
28a65a2c,0,0,0,0,0,0,0,0,0,0,0,0,0,2,0
28b1f3ce,17,9,6,9,2,8,20,12,15,0,15,4,21,3,0
28b76e67,10,6,2,8,0,4,17,13,10,0,10,9,19,4,0
28eea0fc,9,6,4,4,1,3,6,3,2,0,2,7,16,6,0
2903a856,7,5,7,0,0,4,11,7,3,1,2,2,9,3,0
2928dca2,6,4,4,2,0,3,5,2,9,7,2,8,14,24,0
292a652a,4,2,3,1,0,2,4,2,7,5,2,7,11,16,0
29733c72,4,2,3,0,1,1,8,7,3,0,3,2,6,1,0
2a0c8ba4,11,6,1,7,3,6,17,11,6,0,6,9,20,4,0
2a5fab54,0,0,0,0,0,0,0,0,0,0,0,0,0,0,0
2a6cd437,2,2,2,0,0,1,2,1,1,1,0,2,4,1,0
2b53f7a5,0,0,0,0,0,0,3,3,1,0,1,3,3,2,0
2b65fe46,0,0,0,0,0,0,0,0,1,0,1,0,0,0,0
2bab583c,8,8,5,3,0,1,6,5,8,5,3,4,12,24,0
2baec6ce,2,1,0,2,0,1,1,0,3,1,2,2,4,7,0
2bea06e0,0,0,0,0,0,0,0,0,0,0,0,0,0,2,1
2c0f8e9e,2,1,1,1,0,1,7,6,2,0,2,4,6,0,0
2c44a35d,2,1,1,1,0,0,6,6,2,0,2,0,2,0,0
2cb77ec6,8,3,6,1,1,3,3,0,6,4,2,6,14,19,0
2cbb3202,8,5,4,3,1,2,9,7,8,0,8,2,10,1,0
2d49b833,10,5,6,2,2,4,9,5,2,2,0,4,14,16,0
2d7d4acc,7,2,7,0,0,5,9,4,3,2,1,6,13,12,0
2e5e846d,2,0,0,0,2,0,0,0,0,0,0,1,3,3,0
2ebc1b44,6,4,2,3,1,2,9,7,4,0,4,6,12,1,0
2ef7c612,2,1,1,0,1,2,2,0,2,2,0,0,2,1,0
2f52874b,15,7,8,5,2,12,23,11,5,1,4,4,19,14,0
2f7af524,13,10,4,8,1,4,7,3,7,3,4,12,25,18,0
2f8e326a,12,3,7,5,0,3,13,10,12,1,11,1,13,12,0
30061f53,0,0,0,0,0,0,0,0,0,0,0,0,0,1,1
301b1e4c,0,0,0,0,0,0,1,1,0,0,0,1,1,0,0
30223b33,0,0,0,0,0,0,0,0,0,0,0,0,0,2,0
30263816,0,0,0,0,0,0,0,0,0,0,0,0,0,0,0
303636d2,0,0,0,0,0,0,2,2,0,0,0,0,0,3,0
3046fcff,0,0,0,0,0,0,2,2,2,2,0,3,3,8,0
3060f38c,9,5,4,3,2,4,12,8,3,0,3,5,14,16,0
30643ce2,3,2,2,0,1,1,2,1,1,0,1,0,3,1,1
3098c0df,4,3,0,4,0,0,1,1,3,0,3,1,5,1,0
30c220c3,5,2,4,1,0,2,3,1,2,0,2,2,7,2,0
30d4a2e5,8,4,4,3,1,3,6,3,5,0,5,12,20,8,0
30d75bfb,8,5,5,2,1,4,4,0,4,0,4,1,9,4,0
30f5ffa9,0,0,0,0,0,0,0,0,0,0,0,0,0,1,0
31114001,4,3,2,2,0,2,3,1,3,1,2,3,7,2,0
314a0ea4,8,7,4,3,1,4,18,14,4,0,4,4,12,1,0
316de854,10,7,3,6,1,2,9,7,5,0,5,4,14,1,0
31c01b85,12,9,4,5,3,8,11,3,5,2,3,8,20,5,0
31c69ef1,4,1,2,2,0,3,3,0,1,0,1,1,5,3,1
31e3ab68,0,0,0,0,0,0,0,0,0,0,0,0,0,0,0
31faf295,7,3,4,2,1,2,3,1,1,0,1,3,10,10,0
328f7d51,7,4,4,2,1,0,3,3,4,0,4,2,9,0,1
32c016f8,7,2,4,2,1,1,5,4,3,0,3,1,8,2,0
32e73151,9,5,2,6,1,3,11,8,6,0,6,9,18,1,0
32e7ce92,1,1,1,0,0,1,1,0,0,0,0,0,1,2,1
32f60ed8,2,0,0,2,0,1,5,4,1,0,1,5,7,1,0
3318286e,0,0,0,0,0,0,0,0,0,0,0,0,0,2,0
3353737a,9,7,4,4,1,5,6,1,6,2,4,12,21,10,0
33887998,1,1,1,0,0,0,0,0,0,0,0,0,1,1,1
339fe0e8,0,0,0,0,0,0,0,0,0,0,0,0,0,1,1
33b11df6,7,4,4,2,1,4,10,6,6,0,6,1,8,1,0
33b8d077,5,4,0,4,1,3,8,5,1,1,0,7,12,4,0
3423f250,5,3,1,2,2,2,8,6,6,0,6,5,10,2,0
34269bdf,8,5,4,4,0,3,11,8,4,0,4,5,13,7,0
346d51d9,2,1,1,1,0,1,5,4,0,0,0,1,3,1,0
34a88e3e,5,4,0,3,2,0,4,4,2,0,2,2,7,2,0
34b54da7,3,1,1,2,0,2,2,0,4,3,1,5,8,9,0
34c3b935,0,0,0,0,0,0,1,1,0,0,0,0,0,1,2
34caa4b3,4,1,1,1,2,1,12,11,9,0,9,2,6,3,0
350e71a0,4,2,0,2,2,1,4,3,4,1,3,2,6,3,0
35141f4c,7,4,5,2,0,3,7,4,3,1,2,8,15,15,0
352ca5eb,3,2,1,2,0,1,3,2,1,0,1,2,5,4,0
356c9002,0,0,0,0,0,0,0,0,0,0,0,0,0,0,0
35bd124a,4,3,2,2,0,4,7,3,2,2,0,1,5,2,0
3626daea,11,7,8,3,0,6,13,7,10,1,9,9,20,17,0
366f6f12,3,3,2,1,0,2,2,0,6,5,1,1,4,6,1
36a59ba4,4,4,0,3,1,3,8,5,3,1,2,3,7,3,1
36a79857,3,2,0,1,2,1,7,6,1,0,1,3,6,1,0
36d836c9,10,6,6,4,0,5,7,2,3,0,3,6,16,8,0
36d9dabe,0,0,0,0,0,0,1,1,0,0,0,0,0,0,0
36f19a65,0,0,0,0,0,0,0,0,1,0,1,0,0,0,0
3767b3b7,12,6,11,1,0,5,6,1,7,5,2,3,15,14,0
378825c7,5,3,1,4,0,2,5,3,4,2,2,4,9,10,0
379652be,3,1,0,3,0,1,7,6,1,0,1,1,4,2,0
379dc075,6,2,1,3,2,0,4,4,2,0,2,2,8,0,0
37e103f8,0,0,0,0,0,0,3,3,1,0,1,0,0,0,0
37f827ec,2,1,1,1,0,2,2,0,0,0,0,4,6,16,0
37faa4cb,0,0,0,0,0,0,1,1,1,0,1,0,0,0,0
3814b753,0,0,0,0,0,0,0,0,0,0,0,0,0,1,0
384d58d9,18,14,8,8,2,12,19,7,9,2,7,11,29,5,0
389f24bf,2,0,0,2,0,1,1,0,2,0,2,0,2,2,0
38e78902,0,0,0,0,0,0,0,0,0,0,0,0,0,0,0
3904e745,14,9,8,5,1,10,18,8,5,0,5,8,22,16,0
392a7aea,2,0,0,2,0,1,7,6,4,1,3,2,4,2,0
3935e52e,6,3,5,1,0,2,2,0,1,0,1,0,6,2,0
3a233281,1,0,1,0,0,1,4,3,1,0,1,0,1,0,0
3acadb7f,0,0,0,0,0,0,0,0,0,0,0,0,0,1,0
3bb7f478,7,6,1,6,0,3,7,4,5,1,4,1,8,7,0
3c16d927,6,5,4,2,0,3,11,8,4,0,4,4,10,2,0
3c70fb81,17,10,5,12,0,6,13,7,5,0,5,6,23,12,0
3cb6f224,8,3,1,4,3,2,11,9,6,1,5,1,9,7,0
3cdfc63e,3,2,3,0,0,3,4,1,9,9,0,8,11,27,0
3ce20eda,0,0,0,0,0,0,1,1,0,0,0,2,2,3,0
3cefa66a,9,5,5,3,1,3,11,8,6,2,4,5,14,9,0
3d022757,0,0,0,0,0,0,0,0,1,0,1,2,2,3,0
3d13d9e4,0,0,0,0,0,0,0,0,1,1,0,1,1,0,0
3d214e5f,0,0,0,0,0,0,0,0,0,0,0,0,0,1,0
3d2320f7,6,3,2,2,2,2,3,1,5,2,3,5,11,6,0
3da8cba0,0,0,0,0,0,0,0,0,0,0,0,0,0,0,0
3e59d360,1,0,1,0,0,1,2,1,2,0,2,0,1,1,0
3e975352,8,6,2,5,1,5,7,2,1,0,1,0,8,1,0
3ed84b2c,0,0,0,0,0,0,1,1,1,0,1,1,1,0,0
3effaa34,1,1,0,0,1,0,4,4,2,0,2,1,2,4,0
3f10bd22,4,2,4,0,0,2,7,5,1,0,1,8,12,12,0
3f2d59fe,9,6,5,4,0,3,6,3,5,4,1,12,21,29,0
3f359b33,4,2,3,1,0,2,2,0,6,6,0,13,17,17,0
3fa66cb2,3,3,3,0,0,2,4,2,1,1,0,1,4,3,0
4030c7ae,0,0,0,0,0,0,0,0,0,0,0,0,0,5,0
4037db79,15,8,8,7,0,10,18,8,4,1,3,15,30,15,0
403f5d20,5,3,3,0,2,2,4,2,0,0,0,1,6,5,0
40ca6712,4,4,3,0,1,0,2,2,3,0,3,1,5,1,0
40e236a8,1,0,1,0,0,1,1,0,1,0,1,0,1,0,0
40ef7347,3,2,1,2,0,1,4,3,0,0,0,1,4,3,0
418befe0,12,7,6,5,1,5,9,4,5,1,4,10,22,8,0
41b3069f,13,6,8,4,1,6,11,5,3,1,2,8,21,8,0
41c12f75,19,13,8,8,3,5,10,5,12,1,11,6,25,8,0
41c7bfd7,1,1,1,0,0,0,1,1,0,0,0,1,2,0,0
41f32541,18,4,8,9,1,10,13,3,3,1,2,3,21,8,0
41ff002d,0,0,0,0,0,0,2,2,0,0,0,0,0,1,0
420c18a1,0,0,0,0,0,0,0,0,0,0,0,0,0,2,1
4242011c,0,0,0,0,0,0,0,0,4,1,3,6,6,6,0
424d5f72,9,6,5,4,0,2,2,0,0,0,0,1,10,4,0
4253363a,0,0,0,0,0,0,1,1,1,0,1,0,0,4,0
42ec696a,1,0,1,0,0,1,2,1,0,0,0,0,1,1,1
4383b0da,1,0,0,0,1,1,3,2,2,1,1,1,2,4,0
438ae11e,8,7,4,2,2,4,10,6,2,2,0,8,16,2,0
4398b5cb,3,1,2,1,0,1,1,0,1,1,0,0,3,8,0
43f71e77,1,1,1,0,0,1,3,2,2,0,2,0,1,1,0
441197b8,4,4,2,0,2,2,3,1,7,2,5,7,11,16,1
4431aed2,1,1,0,0,1,1,1,0,1,0,1,0,1,1,0
447837d1,6,3,4,1,1,5,11,6,1,0,1,0,6,1,1
44ac04e9,1,1,0,0,1,1,4,3,1,0,1,0,1,2,0
44b49036,0,0,0,0,0,0,0,0,0,0,0,0,0,0,0
44bfb6c5,11,5,2,8,1,3,10,7,11,2,9,18,29,4,0
44eb9093,6,3,3,2,1,3,11,8,5,0,5,7,13,6,0
450ad405,29,20,19,10,0,16,26,10,9,2,7,29,58,29,1
4515f00d,2,1,0,2,0,0,3,3,2,0,2,1,3,0,0
4574720b,3,2,0,1,2,0,1,1,2,0,2,0,3,3,0
45954ec7,9,6,7,2,0,3,7,4,8,4,4,22,31,18,0
45b9b619,0,0,0,0,0,0,0,0,1,0,1,0,0,2,0
45e11f7e,2,2,2,0,0,2,3,1,3,2,1,7,9,25,0
467bae22,12,11,5,5,2,4,7,3,5,0,5,3,15,2,0
468fdbad,5,5,2,3,0,4,7,3,1,1,0,3,8,1,0
469d3d84,1,1,1,0,0,0,0,0,1,0,1,0,1,0,0
46e58246,6,3,6,0,0,3,10,7,4,1,3,3,9,9,0
46ff3923,1,1,1,0,0,0,2,2,2,2,0,1,2,13,0
4760b2f2,8,7,7,1,0,3,8,5,9,8,1,17,25,40,0
47a0b54d,4,3,4,0,0,2,5,3,3,3,0,6,10,16,0
47a34c4f,5,4,1,4,0,1,2,1,1,0,1,7,12,4,0
47dc80f5,5,3,2,3,0,2,8,6,2,0,2,3,8,0,0
48035304,17,12,9,8,0,7,8,1,7,3,4,12,29,16,0
481c9ece,20,11,16,4,0,9,15,6,4,3,1,10,30,17,0
482e9289,1,0,1,0,0,1,6,5,4,3,1,5,6,9,0
485eaf31,5,5,3,1,1,3,6,3,3,2,1,15,20,10,0
489e80e3,5,4,4,1,0,1,2,1,2,1,1,0,5,0,0
48a2b92a,15,11,6,6,3,6,16,10,7,0,7,9,24,6,0
48a5a5d6,13,7,5,4,4,2,16,14,4,0,4,1,14,2,0
48b28bfd,5,4,1,3,1,1,4,3,1,0,1,4,9,4,0
48e89655,2,2,1,1,0,0,2,2,0,0,0,0,2,0,0
48f984b4,0,0,0,0,0,0,0,0,0,0,0,0,0,0,0
4914ed4a,2,1,1,0,1,0,0,0,0,0,0,0,2,3,0
493924a7,13,8,7,3,3,6,7,1,5,0,5,5,18,6,0
496aeede,6,3,1,4,1,0,8,8,6,0,6,3,9,2,0
49e9d799,6,2,0,5,1,0,5,5,3,1,2,1,7,4,0
4a1a9578,5,3,3,2,0,1,9,8,6,0,6,3,8,2,0
4a1abff3,7,5,4,2,1,4,12,8,3,0,3,1,8,0,0
4a537185,1,0,0,0,1,0,2,2,2,0,2,1,2,0,0
4a56052c,4,1,2,2,0,2,19,17,2,0,2,6,10,5,0
4a5a45c7,6,3,1,3,2,0,4,4,0,0,0,0,6,1,0
4a895384,0,0,0,0,0,0,3,3,2,1,1,6,6,11,2
4aea5077,8,6,2,5,1,4,11,7,8,1,7,7,15,8,0
4b1793b0,0,0,0,0,0,0,0,0,0,0,0,0,0,0,0
4b2ad4b1,10,6,5,4,1,5,6,1,3,0,3,10,20,7,0
4b3c863f,3,1,2,1,0,0,4,4,2,2,0,2,5,7,0
4b803b3c,3,1,2,1,0,1,1,0,4,1,3,1,4,10,0
4be0b467,0,0,0,0,0,0,0,0,0,0,0,0,0,0,0
4c07f0e8,15,11,11,3,1,8,12,4,2,0,2,7,22,11,0
4c3a6744,6,4,1,5,0,1,6,5,4,1,3,4,10,1,0
4c45cdc2,2,2,0,2,0,1,1,0,0,0,0,0,2,0,0
4c6facae,29,16,9,17,3,10,21,11,6,0,6,14,43,4,1
4c78b5ed,11,9,4,7,0,3,3,0,5,1,4,6,17,4,1
4ca4f601,0,0,0,0,0,0,0,0,0,0,0,0,0,0,0
4d0eb7d2,2,2,1,1,0,1,5,4,1,0,1,2,4,1,0
4d1666ff,7,7,3,4,0,4,5,1,6,5,1,7,14,19,0
4d425e6e,21,12,10,10,1,9,21,12,5,1,4,3,24,4,0
4d8cf390,6,4,1,3,2,2,5,3,4,0,4,1,7,2,0
4d982baf,1,0,0,1,0,1,2,1,2,0,2,3,4,2,0
4da9191b,4,4,4,0,0,3,10,7,5,2,3,11,15,9,0
4e015693,6,2,2,4,0,1,6,5,1,0,1,6,12,2,0
4e219ad2,2,0,1,0,1,2,8,6,2,1,1,1,3,1,0
4e358a2d,12,7,8,3,1,8,12,4,6,5,1,11,23,15,0
4e6dbac4,10,6,6,4,0,1,5,4,2,0,2,5,15,6,0
4f56170e,1,1,1,0,0,1,2,1,0,0,0,1,2,12,0
4f5a953e,8,4,7,1,0,2,8,6,13,8,5,3,11,16,1
4f8ce0e1,0,0,0,0,0,0,0,0,0,0,0,0,0,3,0
4fc7c059,1,0,1,0,0,1,1,0,0,0,0,2,3,4,0
4fe7e935,2,2,0,1,1,0,4,4,2,0,2,2,4,3,0
501055d8,0,0,0,0,0,0,0,0,1,0,1,0,0,0,0
5042e5c2,0,0,0,0,0,0,0,0,0,0,0,0,0,2,0
505d9778,1,1,1,0,0,0,2,2,1,1,0,3,4,1,0
507c7bdf,14,10,4,8,2,6,16,10,9,2,7,6,20,6,1
50d85cd8,7,4,4,3,0,4,13,9,6,3,3,8,15,23,2
50dc94ce,4,2,2,2,0,2,3,1,2,1,1,2,6,0,0
50e73475,1,1,1,0,0,1,2,1,1,1,0,3,4,7,0
50f823d3,0,0,0,0,0,0,1,1,2,0,2,0,0,0,0
518918ad,6,6,5,1,0,1,14,13,10,2,8,8,14,7,0
520c318f,5,3,0,5,0,0,2,2,6,1,5,2,7,2,0
52611641,5,4,3,2,0,1,4,3,6,3,3,5,10,3,0
526541e5,11,4,7,4,0,6,7,1,10,7,3,12,23,14,1
5294a83f,3,2,1,1,1,2,6,4,0,0,0,0,3,2,0
52e101a8,8,7,6,2,0,3,6,3,6,6,0,8,16,25,0
53070b63,1,1,1,0,0,1,1,0,0,0,0,1,2,0,0
532aa911,0,0,0,0,0,0,0,0,1,1,0,1,1,2,0
539230cf,2,0,1,1,0,1,3,2,4,2,2,2,4,8,0
546bb36e,5,1,2,2,1,2,9,7,3,1,2,2,7,1,0
54771b10,13,7,10,2,1,6,9,3,7,4,3,6,19,13,0
54b4dc4e,9,6,4,3,2,5,15,10,4,1,3,1,10,3,0
54bcdeb0,1,1,0,1,0,0,3,3,0,0,0,0,1,0,0
54c9ed15,11,3,6,3,2,9,14,5,6,6,0,6,17,20,0
54f5ce34,2,1,2,0,0,0,0,0,0,0,0,4,6,4,0
5529e983,5,4,3,1,1,2,3,1,3,2,1,1,6,3,0
555d5edd,2,0,1,1,0,2,8,6,2,0,2,2,4,4,0
55a480e4,3,2,1,2,0,2,5,3,1,0,1,0,3,0,0
55abe554,5,2,4,1,0,3,5,2,2,0,2,6,11,2,0
55ae91f0,1,1,1,0,0,1,2,1,0,0,0,0,1,1,0
55bd7d45,0,0,0,0,0,0,0,0,0,0,0,0,0,0,0
56413b1f,5,5,2,3,0,1,6,5,2,1,1,4,9,0,0
565bf0da,18,8,15,3,0,13,31,18,10,4,6,12,30,23,1
56f6f826,6,5,3,3,0,4,7,3,6,4,2,6,12,73,1
571d3ac1,11,7,6,5,0,6,14,8,6,3,3,6,17,8,0
572498c7,6,4,3,1,2,4,9,5,8,3,5,6,12,7,0
57760e66,5,2,3,2,0,3,8,5,1,0,1,5,10,1,0
57ae16f4,6,4,2,3,1,3,7,4,5,1,4,3,9,0,0
57e3f0c7,7,4,2,3,2,2,4,2,1,0,1,0,7,1,0
580bcd18,2,1,1,1,0,0,2,2,3,1,2,2,4,3,0
58797f45,0,0,0,0,0,0,0,0,0,0,0,0,0,0,0
588de166,8,6,5,2,1,3,6,3,4,0,4,2,10,2,0
58a9a4d9,6,3,0,4,2,0,3,3,2,0,2,2,8,0,0
58afe001,15,9,5,8,2,3,10,7,7,0,7,14,29,4,0
58dda688,7,5,5,2,0,5,8,3,4,1,3,10,17,11,1
58eee997,8,5,4,2,2,2,7,5,0,0,0,1,9,1,0
5906ab00,0,0,0,0,0,0,0,0,2,0,2,4,4,1,0
593bf50d,6,5,4,2,0,4,6,2,4,2,2,7,13,16,1
595ccab1,0,0,0,0,0,0,0,0,0,0,0,0,0,0,0
5976f83e,3,1,2,1,0,1,3,2,1,0,1,1,4,7,0
59a3efba,3,2,3,0,0,1,4,3,2,0,2,3,6,1,0
59a7d912,3,2,1,1,1,0,11,11,7,0,7,2,5,2,0
59fd245c,0,0,0,0,0,0,1,1,1,0,1,0,0,0,0
5a28b2d9,5,4,2,3,0,2,4,2,11,8,3,11,16,32,0
5a48195c,15,9,10,4,1,11,17,6,5,2,3,5,20,16,1
5a7301ae,13,7,9,1,3,10,17,7,11,3,8,9,22,17,0
5aa53281,12,6,8,4,0,4,11,7,4,2,2,16,28,20,1
5ad141cb,12,7,5,4,3,7,31,24,11,0,11,9,21,4,0
5af687a1,0,0,0,0,0,0,0,0,0,0,0,0,0,0,0
5b3d1a7a,4,4,1,2,1,1,9,8,10,1,9,5,9,8,0
5b479568,2,2,0,1,1,0,2,2,4,0,4,0,2,3,0
5b887c7a,7,7,5,2,0,3,3,0,3,3,0,5,12,16,1
5bfb7572,0,0,0,0,0,0,0,0,0,0,0,0,0,0,0
5c4f0f49,3,2,2,1,0,1,4,3,11,6,5,15,18,25,0
5c6ba09a,7,4,6,0,1,6,9,3,2,1,1,10,17,7,0
5c961282,17,13,12,4,1,11,21,10,9,3,6,8,25,19,0
5c9ac7f0,2,1,0,2,0,0,5,5,3,1,2,1,3,0,0
5caa62a7,1,0,1,0,0,0,2,2,6,0,6,3,4,0,0
5d5219b1,2,1,0,2,0,1,6,5,3,0,3,0,2,0,0
5da33b33,5,4,4,1,0,1,3,2,3,0,3,1,6,0,0
5ddb8f9f,8,3,1,5,2,1,6,5,2,0,2,3,11,9,1
5e1028e5,2,2,2,0,0,1,2,1,1,0,1,1,3,1,0
5e74d6c8,17,12,12,4,1,9,15,6,10,2,8,10,27,14,0
5e91ddf8,0,0,0,0,0,0,0,0,0,0,0,1,1,2,1
5e9fa5c9,11,6,8,3,0,6,12,6,2,1,1,13,24,10,0
5ea8ef20,8,3,4,3,1,3,14,11,3,2,1,6,14,6,0
5eae500a,1,0,0,0,1,0,0,0,1,0,1,0,1,3,0
5eb3130f,0,0,0,0,0,0,0,0,0,0,0,0,0,0,0
5eebbfdf,3,3,0,3,0,0,5,5,5,0,5,3,6,2,0
5f26e0c5,4,2,3,1,0,3,5,2,3,0,3,4,8,4,0
5f4ce4b6,11,6,2,8,1,4,8,4,4,0,4,5,16,2,0
5faa73aa,2,1,1,1,0,0,1,1,6,0,6,1,3,3,0
5fcb90ac,7,5,5,2,0,2,3,1,4,0,4,2,9,8,0
6043997c,2,2,2,0,0,1,1,0,0,0,0,3,5,7,0
60c07b31,5,3,5,0,0,1,2,1,9,7,2,7,12,16,1
60db2f9b,5,4,2,3,0,2,7,5,2,0,2,3,8,2,0
60fd5334,0,0,0,0,0,0,1,1,1,0,1,3,3,2,0
614f69aa,13,8,4,6,3,7,16,9,3,1,2,8,21,10,0
62ab9184,9,5,0,8,1,1,9,8,7,2,5,7,16,3,0
6388e356,0,0,0,0,0,0,1,1,1,0,1,1,1,5,0
63b9cc6d,2,1,0,0,2,0,0,0,0,0,0,0,2,0,0
63c3659d,5,2,3,2,0,1,2,1,10,6,4,11,16,40,0
6438d426,1,0,0,1,0,0,0,0,0,0,0,0,1,0,0
645a3363,2,0,0,0,2,0,4,4,2,0,2,1,3,1,0
64f69877,3,2,2,1,0,1,4,3,3,0,3,0,3,0,0
654600fd,0,0,0,0,0,0,1,1,2,0,2,1,1,0,0
6554bb97,5,3,2,2,1,4,6,2,4,0,4,2,7,1,0
65553d96,3,0,0,3,0,1,3,2,0,0,0,1,4,0,0
65ad4d98,5,2,2,3,0,4,4,0,8,6,2,13,18,24,0
65bbfba3,0,0,0,0,0,0,4,4,6,3,3,4,4,7,0
6603fed7,7,3,2,3,2,1,5,4,4,1,3,0,7,5,0
6622454d,1,1,1,0,0,0,2,2,0,0,0,2,3,1,0
6639e500,9,4,2,6,1,6,10,4,0,0,0,2,11,0,0
6747869d,1,1,0,1,0,0,2,2,2,0,2,0,1,1,0
675b0427,9,6,8,0,1,6,8,2,10,7,3,9,18,27,1
67f0703d,8,5,6,2,0,1,3,2,1,0,1,11,19,14,0
6800f515,4,2,1,3,0,1,8,7,7,3,4,9,13,3,0
685857dc,4,3,2,2,0,0,6,6,8,2,6,12,16,7,0
68635c10,18,12,15,3,0,10,15,5,6,5,1,7,25,28,1
686cbe7d,9,5,0,4,5,3,9,6,3,0,3,0,9,0,0
689c9cf4,11,8,8,3,0,5,5,0,7,3,4,8,19,13,0
68dc0dac,9,7,4,2,3,2,11,9,6,0,6,6,15,2,0
691bef82,9,4,6,3,0,4,9,5,2,1,1,4,13,1,0
6922f806,1,1,0,1,0,0,1,1,0,0,0,0,1,2,0
6928979a,12,6,8,3,1,3,10,7,6,1,5,6,18,4,0
69374ff5,1,1,1,0,0,1,6,5,3,0,3,4,5,1,0
6956ff08,0,0,0,0,0,0,0,0,1,1,0,0,0,0,0
6993fcc8,6,2,2,3,1,2,6,4,9,2,7,9,15,6,0
69986380,0,0,0,0,0,0,0,0,0,0,0,0,0,0,0
69cbc8b6,0,0,0,0,0,0,0,0,2,1,1,3,3,8,0
6b08d120,0,0,0,0,0,0,0,0,0,0,0,0,0,0,0
6b200d45,6,3,4,2,0,2,5,3,3,2,1,7,13,20,0
6b6c793c,10,7,6,3,1,6,9,3,6,1,5,3,13,11,0
6b6cbca4,1,0,1,0,0,1,1,0,5,3,2,1,2,4,0
6b767188,1,1,0,1,0,1,5,4,2,0,2,4,5,0,0
6b85f966,24,15,9,8,7,8,27,19,9,1,8,6,30,9,0
6b915aa1,5,3,2,3,0,1,4,3,1,0,1,4,9,2,0
6bd05d38,0,0,0,0,0,0,0,0,0,0,0,0,0,0,0
6bd5cd5d,11,6,8,3,0,8,17,9,9,6,3,6,17,24,0
6be41a31,0,0,0,0,0,0,1,1,1,0,1,0,0,0,0
6bfaecc4,0,0,0,0,0,0,0,0,0,0,0,0,0,0,1
6bfb4303,8,3,2,6,0,4,8,4,5,0,5,3,11,4,0
6bff8a73,8,6,7,1,0,3,3,0,2,2,0,9,17,22,0
6c8ddd52,7,3,5,2,0,5,6,1,4,0,4,5,12,5,0
6cbf8d0d,1,0,0,0,1,0,0,0,2,0,2,2,3,0,0
6dce77a5,7,4,3,3,1,0,9,9,2,0,2,7,14,14,0
6e240751,1,1,1,0,0,0,1,1,0,0,0,0,1,0,3
6e269dd3,3,2,1,1,1,1,7,6,6,0,6,1,4,2,0
6ea23758,3,0,2,1,0,2,2,0,1,1,0,4,7,2,0
6ec1ddf1,5,3,1,3,1,3,6,3,1,0,1,5,10,3,0
6f1721f0,4,2,1,0,3,0,0,0,2,0,2,0,4,0,0
6f4cf369,4,1,2,2,0,1,5,4,7,3,4,8,12,11,0
6f8cd6d0,6,2,2,2,2,1,4,3,4,0,4,1,7,3,0
6fd8a334,1,1,1,0,0,0,0,0,4,2,2,3,4,3,0
6fdac234,2,2,2,0,0,0,4,4,4,2,2,1,3,0,0
6fe5c35b,1,0,1,0,0,1,2,1,0,0,0,0,1,3,2
6ff8ef56,2,0,0,2,0,0,1,1,3,0,3,5,7,2,0
7091324a,0,0,0,0,0,0,0,0,1,0,1,1,1,0,0
70c52749,17,8,11,6,0,7,14,7,5,1,4,6,23,12,0
70cb75ae,4,3,1,3,0,3,8,5,0,0,0,2,6,1,0
70cf63ca,1,0,0,1,0,1,4,3,1,0,1,1,2,1,0
71115017,4,3,1,3,0,0,3,3,1,0,1,1,5,1,0
7120a04d,1,1,0,1,0,1,6,5,2,0,2,1,2,0,0
712dd708,14,9,7,5,2,11,19,8,7,1,6,16,30,23,0
713c144a,5,4,2,3,0,5,11,6,3,2,1,4,9,3,0
715e5b0e,2,2,0,1,1,0,0,0,1,0,1,1,3,1,0
715fc0fe,10,6,6,4,0,2,6,4,6,1,5,1,11,1,0
71d5ca31,5,4,2,3,0,2,3,1,4,4,0,2,7,16,0
723ba189,0,0,0,0,0,0,1,1,0,0,0,0,0,0,0
7272a72a,3,2,1,2,0,0,6,6,2,0,2,1,4,2,0
73000a79,11,6,4,6,1,6,9,3,4,3,1,9,20,1,0
7304f3b1,1,1,1,0,0,0,1,1,0,0,0,0,1,1,0
731302dc,0,0,0,0,0,0,0,0,0,0,0,0,0,0,0
733e7ad8,3,2,2,1,0,1,3,2,5,1,4,2,5,3,0
7352dca8,8,6,1,5,2,3,7,4,4,0,4,5,13,4,0
73683fa9,0,0,0,0,0,0,0,0,0,0,0,0,0,2,0
740a0e28,10,2,8,1,1,2,4,2,4,2,2,5,15,9,0
741275f5,0,0,0,0,0,0,0,0,0,0,0,0,0,0,0
74223a01,8,4,6,2,0,2,4,2,5,3,2,14,22,17,0
74288db0,2,1,2,0,0,1,1,0,0,0,0,0,2,0,0
742a4995,6,4,3,2,1,2,7,5,2,1,1,4,10,4,1
74419746,0,0,0,0,0,0,0,0,0,0,0,0,0,0,0
746fec7d,0,0,0,0,0,0,0,0,0,0,0,0,0,0,0
74733221,0,0,0,0,0,0,0,0,0,0,0,0,0,1,0
7483d9f9,3,0,0,3,0,2,4,2,1,0,1,4,7,1,0
74ced675,27,14,17,10,0,14,26,12,3,0,3,9,36,12,0
74f2e748,1,0,0,1,0,0,3,3,0,0,0,0,1,1,0
75229233,4,3,1,3,0,2,9,7,7,3,4,11,15,3,0
754bc99d,8,2,5,2,1,5,12,7,6,2,4,1,9,19,0
7586ae9b,1,1,0,1,0,0,0,0,0,0,0,1,2,2,0
75b86fb3,5,3,4,1,0,5,6,1,4,3,1,5,10,12,0
760be9fa,6,5,2,4,0,2,3,1,2,1,1,2,8,19,0
762179d9,21,13,9,8,4,6,21,15,7,1,6,20,41,4,0
76864df8,3,1,3,0,0,1,2,1,1,0,1,0,3,0,0
768b28d0,8,4,3,5,0,2,9,7,0,0,0,5,13,8,0
76c131da,1,0,0,0,1,1,1,0,0,0,0,1,2,0,0
76ecfb22,10,8,5,4,1,5,9,4,7,2,5,8,18,9,0
770ebf00,5,2,4,1,0,1,3,2,4,0,4,7,12,2,0
7713c72a,1,1,0,1,0,1,1,0,2,1,1,0,1,5,0
771d74d1,4,3,1,2,1,0,0,0,4,1,3,1,5,0,0
77c9e37c,0,0,0,0,0,0,0,0,0,0,0,0,0,0,0
77e39b04,6,4,2,2,2,3,7,4,6,0,6,3,9,7,0
78a3c38e,0,0,0,0,0,0,3,3,1,1,0,2,2,8,0
79019bf4,0,0,0,0,0,0,1,1,0,0,0,0,0,0,0
79083382,2,2,2,0,0,1,1,0,3,2,1,3,5,2,0
79135368,12,8,7,5,0,2,7,5,1,0,1,6,18,2,0
791af558,4,3,3,0,1,1,1,0,1,0,1,2,6,0,0
79370f8c,8,5,2,6,0,5,12,7,1,0,1,9,17,2,0
7956236f,0,0,0,0,0,0,0,0,0,0,0,1,1,3,0
79b0d6a0,0,0,0,0,0,0,0,0,0,0,0,1,1,0,1
79c536d7,0,0,0,0,0,0,0,0,0,0,0,0,0,1,0
7a20d90a,7,4,5,1,1,2,8,6,6,0,6,16,23,15,0
7a2cf111,19,14,8,10,1,5,16,11,7,1,6,14,33,10,0
7a412c2d,3,1,1,2,0,1,2,1,0,0,0,12,15,29,0
7a47e204,1,0,0,0,1,1,4,3,3,1,2,0,1,4,0
7a4cea18,2,0,2,0,0,0,7,7,1,0,1,1,3,2,0
7afbd2c3,1,1,0,1,0,1,1,0,1,0,1,0,1,0,0
7b456af7,0,0,0,0,0,0,0,0,0,0,0,0,0,1,0
7b4c1f6e,0,0,0,0,0,0,0,0,1,0,1,0,0,0,0
7b4de647,0,0,0,0,0,0,0,0,0,0,0,1,1,2,0
7b57c56a,12,7,6,3,3,6,14,8,9,3,6,14,26,2,0
7b5ab7f2,1,0,1,0,0,1,5,4,2,0,2,0,1,1,0
7b8ff0ac,1,1,0,0,1,0,0,0,1,0,1,1,2,2,0
7b9a86e6,4,4,3,0,1,2,3,1,2,0,2,2,6,0,0
7b9a9e25,4,3,0,2,2,2,4,2,1,0,1,1,5,0,0
7b9c2d84,10,4,5,3,2,5,9,4,2,0,2,3,13,1,0
7ba2eaa9,1,0,0,1,0,0,4,4,3,0,3,3,4,0,0
7ba6d84e,0,0,0,0,0,0,0,0,0,0,0,0,0,0,0
7baff104,0,0,0,0,0,0,0,0,0,0,0,0,0,0,0
7be09c86,1,1,0,1,0,0,1,1,0,0,0,2,3,1,0
7c1a0c67,9,3,7,1,1,4,7,3,8,0,8,7,16,8,0
7c2965bb,6,5,2,2,2,2,8,6,6,1,5,2,8,0,0
7c9fa389,6,5,3,2,1,4,6,2,5,3,2,4,10,14,0
7cd6badb,5,2,3,2,0,1,4,3,1,0,1,2,7,2,0
7cd78926,29,15,19,6,4,13,24,11,7,3,4,23,52,21,0
7cf431a5,2,0,2,0,0,1,3,2,1,1,0,2,4,3,0
7cf8150a,0,0,0,0,0,0,0,0,0,0,0,1,1,0,0
7d036b4a,2,1,1,1,0,2,3,1,7,0,7,5,7,3,0
7d393a9f,2,1,1,1,0,1,1,0,3,3,0,11,13,34,0
7dc7187e,1,0,1,0,0,0,0,0,1,1,0,3,4,5,0
7e219e84,0,0,0,0,0,0,0,0,1,1,0,0,0,0,0
7e56d3db,10,3,6,4,0,4,5,1,3,1,2,1,11,7,0
7e74e0c2,4,4,4,0,0,1,3,2,0,0,0,0,4,2,0
7e763ddc,2,2,1,1,0,1,2,1,1,0,1,4,6,3,0
7e871b0a,6,2,5,1,0,2,4,2,8,6,2,10,16,19,0
7e964a67,3,1,0,1,2,2,4,2,1,1,0,1,4,4,0
7ec7738e,1,1,1,0,0,0,1,1,0,0,0,0,1,0,0
7f5a2470,3,2,0,3,0,0,1,1,1,1,0,0,3,0,0
7f622eef,2,1,1,1,0,1,1,0,2,0,2,1,3,2,0
7fcc71d8,5,3,0,4,1,2,3,1,1,0,1,3,8,0,0
7fd58fe3,2,1,1,0,1,2,4,2,0,0,0,2,4,5,0
7ff93107,0,0,0,0,0,0,0,0,2,0,2,1,1,1,0
8023bcab,21,13,12,6,3,13,31,18,18,2,16,8,29,4,0
8104e41e,1,0,1,0,0,0,0,0,0,0,0,2,3,0,1
810e3c74,8,5,2,4,2,2,5,3,4,0,4,1,9,1,0
810e40c1,3,2,1,2,0,1,3,2,2,1,1,0,3,5,0
81442ecb,16,10,12,4,0,4,7,3,10,1,9,5,21,12,0
81b906e7,0,0,0,0,0,0,0,0,0,0,0,0,0,0,1
82220b03,2,1,0,0,2,0,0,0,0,0,0,1,3,0,0
824bd41a,7,5,6,1,0,6,6,0,8,5,3,4,11,13,0
8267f8d4,2,2,1,0,1,2,3,1,2,0,2,1,3,2,0
82b85f5a,0,0,0,0,0,0,1,1,2,1,1,0,0,0,0
82e3586c,2,2,1,0,1,2,4,2,4,1,3,2,4,3,0
82e9b89d,4,4,0,4,0,0,2,2,3,0,3,0,4,9,0
82efe6fa,1,1,0,1,0,0,2,2,0,0,0,5,6,4,0
83300259,20,12,12,8,0,11,18,7,6,0,6,11,31,16,0
834d0be5,2,0,1,1,0,0,4,4,1,1,0,0,2,3,0
83534f30,13,8,6,6,1,7,18,11,9,2,7,9,22,12,0
839ef2b8,5,3,3,1,1,4,7,3,3,1,2,3,8,3,0
83b9c48f,4,2,1,3,0,0,3,3,1,0,1,2,6,2,0
83ce5ef1,9,7,4,5,0,5,7,2,4,1,3,1,10,11,0
83d961d1,1,1,1,0,0,1,1,0,4,3,1,5,6,9,0
8474cb83,10,5,6,4,0,9,14,5,3,1,2,5,15,5,0
8494acc4,7,4,5,2,0,3,4,1,7,2,5,3,10,6,0
852351df,1,1,1,0,0,1,4,3,1,0,1,1,2,3,0
85322440,0,0,0,0,0,0,0,0,0,0,0,0,0,0,0
853b7c48,0,0,0,0,0,0,1,1,0,0,0,1,1,3,0
854a2041,6,3,3,3,0,1,5,4,2,1,1,4,10,0,0
854f7734,5,3,4,0,1,2,7,5,3,1,2,1,6,11,0
8558593d,15,11,11,4,0,6,29,23,5,1,4,17,32,6,0
85733f33,0,0,0,0,0,0,1,1,0,0,0,0,0,1,0
8577e60a,2,1,1,1,0,0,0,0,3,1,2,1,3,0,0
85c25f57,0,0,0,0,0,0,0,0,0,0,0,0,0,3,0
86168d75,2,1,0,1,1,2,2,0,0,0,0,0,2,2,0
862fa9fb,1,1,1,0,0,0,3,3,2,2,0,2,3,7,0
8637e09a,0,0,0,0,0,0,0,0,1,0,1,1,1,2,0
864163f3,1,0,0,0,1,0,1,1,1,0,1,0,1,4,0
867239d3,6,4,3,2,1,2,4,2,2,1,1,4,10,1,0
86878265,6,6,1,4,1,2,3,1,3,0,3,1,7,3,0
8696bc90,13,9,5,4,4,2,10,8,2,0,2,2,15,0,0
86e119e0,25,12,10,13,2,11,28,17,2,0,2,5,30,9,0
8754c7ca,6,3,3,2,1,4,10,6,7,2,5,5,11,6,2
878f0921,1,0,0,0,1,0,3,3,4,0,4,2,3,5,0
87d8b5a3,14,10,9,4,1,5,13,8,3,0,3,2,16,3,0
881cd6be,10,5,3,7,0,3,6,3,0,0,0,5,15,0,1
881ef58c,5,4,3,1,1,2,6,4,3,0,3,1,6,1,0
883f251e,1,0,0,0,1,0,1,1,6,3,3,0,1,7,0
884a8908,3,2,0,0,3,1,4,3,3,0,3,2,5,3,0
886f9aac,1,1,0,1,0,1,2,1,1,0,1,1,2,0,0
8870154f,0,0,0,0,0,0,0,0,0,0,0,0,0,0,0
88b748d2,0,0,0,0,0,0,1,1,1,0,1,0,0,3,0
88c89891,5,4,3,2,0,4,5,1,4,0,4,8,13,9,0
8a1d7b51,10,3,6,2,2,6,8,2,4,1,3,12,22,12,1
8b0b02c9,2,1,1,1,0,1,3,2,1,0,1,1,3,2,0
8b298f56,8,3,4,2,2,1,4,3,2,0,2,8,16,3,0
8b3ab7ad,3,3,3,0,0,2,3,1,1,0,1,0,3,1,0
8b529245,1,1,0,1,0,1,1,0,0,0,0,0,1,0,0
8b683d09,2,1,0,1,1,1,5,4,0,0,0,1,3,3,0
8b788c01,1,1,0,0,1,0,4,4,0,0,0,0,1,2,0
8bbf17da,1,1,1,0,0,1,3,2,3,2,1,8,9,18,0
8bc373ea,3,3,3,0,0,2,2,0,1,1,0,3,6,16,0
8c6239f2,4,1,2,2,0,2,4,2,10,8,2,6,10,22,0
8ce30c57,2,1,0,2,0,1,1,0,0,0,0,1,3,0,0
8cfc2f69,10,7,1,7,2,2,5,3,2,0,2,1,11,4,0
8d67689d,2,0,2,0,0,1,2,1,1,0,1,0,2,0,0
8d957256,0,0,0,0,0,0,0,0,0,0,0,0,0,4,2
8e010ff4,7,4,1,4,2,3,11,8,1,0,1,1,8,0,0
8e16dd48,4,4,3,1,0,3,9,6,3,1,2,2,6,8,0
8e3e66a0,0,4,0,0,0,0,0,0,0,0,0,4,0,0,0
8e58987d,11,4,5,6,0,5,12,7,5,1,4,6,17,1,0
8ed17872,11,8,5,5,1,5,19,14,5,0,5,6,17,9,1
8ee95cc6,1,1,0,0,1,0,0,0,1,0,1,0,1,0,0
8f056768,12,10,2,8,2,4,15,11,5,0,5,1,13,0,0
8f7e6783,4,1,2,2,0,2,10,8,4,0,4,3,7,3,0
8f8c6934,0,0,0,0,0,0,0,0,0,0,0,0,0,3,0
8fb2cd60,2,1,1,0,1,0,0,0,1,1,0,1,3,10,0
8fd9996f,8,5,3,4,1,3,6,3,4,1,3,6,14,6,0
8ff4872e,0,0,0,0,0,0,0,0,0,0,0,2,2,1,0
9001138b,3,3,1,2,0,1,1,0,2,1,1,1,4,0,0
9038c2a1,6,5,1,3,2,4,6,2,1,0,1,0,6,0,0
903b3b77,5,2,3,2,0,3,7,4,1,0,1,10,15,12,0
903b6e8b,0,0,0,0,0,0,0,0,0,0,0,0,0,2,0
908eea67,10,7,2,8,0,6,11,5,4,0,4,18,28,34,0
90f3beec,17,8,11,5,1,6,17,11,16,3,13,19,36,20,0
911680d8,0,0,0,0,0,0,0,0,0,0,0,0,0,0,0
9139bb12,4,1,1,2,1,1,6,5,2,0,2,1,5,0,0
91538ba3,8,6,7,0,1,3,7,4,1,1,0,13,21,9,1
91748070,1,1,1,0,0,1,1,0,0,0,0,1,2,0,0
91976866,3,2,2,0,1,0,0,0,1,0,1,0,3,0,0
91b43c98,1,1,1,0,0,0,1,1,3,2,1,2,3,1,0
92232aad,10,7,4,2,4,4,6,2,2,0,2,9,19,12,0
92ffb8f9,2,2,1,0,1,0,1,1,0,0,0,0,2,1,0
934e1968,0,0,0,0,0,0,2,2,1,0,1,0,0,2,0
93b891d1,0,0,0,0,0,0,3,3,1,0,1,0,0,4,0
94130fc4,3,3,1,0,2,1,3,2,3,1,2,0,3,5,0
947e036f,5,2,0,4,1,0,5,5,4,0,4,3,8,0,0
94b3ccdb,0,0,0,0,0,0,0,0,0,0,0,1,1,0,0
94d260aa,0,0,0,0,0,0,0,0,3,3,0,1,1,3,0
951f1739,6,4,3,2,1,3,9,6,2,0,2,4,10,1,0
953597a1,7,4,5,2,0,3,4,1,5,4,1,8,15,18,0
95efdac2,5,2,1,4,0,2,5,3,0,0,0,4,9,1,0
96094cbc,2,2,1,0,1,0,3,3,5,0,5,1,3,0,0
962e54cb,4,3,1,1,2,3,10,7,7,0,7,2,6,3,0
966eea58,4,3,4,0,0,1,7,6,0,0,0,4,8,4,0
96cf436e,7,3,5,2,0,3,6,3,9,3,6,7,14,16,0
96ddfa79,8,3,1,5,2,2,6,4,4,0,4,3,11,0,1
972aeb2a,2,0,0,0,2,1,1,0,2,0,2,4,6,1,0
97572117,7,4,3,4,0,1,4,3,4,0,4,8,15,19,0
9763a91c,10,9,2,7,1,2,2,0,5,0,5,3,13,1,0
9778d8dd,2,1,1,1,0,2,5,3,1,0,1,1,3,0,0
977ffc24,1,0,0,0,1,0,2,2,1,0,1,0,1,0,0
97810d55,13,10,10,3,0,8,12,4,5,4,1,4,17,28,0
980522ec,7,1,2,4,1,3,9,6,2,0,2,3,10,2,0
984b3198,2,1,0,1,1,0,0,0,1,0,1,0,2,0,0
98554bfd,1,0,0,1,0,1,1,0,0,0,0,4,5,2,0
98a84572,0,0,0,0,0,0,1,1,0,0,0,0,0,0,0
98b94ef4,0,0,0,0,0,0,0,0,0,0,0,0,0,0,0
9907b1c8,10,3,1,9,0,3,12,9,6,0,6,2,12,0,0
9993817f,0,0,0,0,0,0,0,0,0,0,0,1,1,0,0
9a28eba4,8,7,2,5,1,4,5,1,3,1,2,1,9,4,0
9ab16552,14,10,10,4,0,11,15,4,11,5,6,6,20,22,0
9b6d9b53,10,8,8,2,0,6,9,3,2,1,1,11,21,16,0
9bd3b683,0,0,0,0,0,0,0,0,0,0,0,0,0,0,0
9bd73cce,0,0,0,0,0,0,2,2,0,0,0,0,0,0,0
9bf914b4,10,5,2,6,2,4,9,5,3,0,3,1,11,1,0
9c0a65df,3,1,0,2,1,0,3,3,1,0,1,2,5,1,0
9c2b4382,3,2,0,2,1,1,2,1,1,0,1,2,5,1,0
9c824717,1,0,0,0,1,0,3,3,0,0,0,0,1,6,0
9c94165b,7,1,3,3,1,4,5,1,5,1,4,4,11,6,0
9d21da85,21,13,15,6,0,10,24,14,17,3,14,19,40,33,0
9d60028d,4,3,1,2,1,2,3,1,1,0,1,2,6,1,0
9d689a5b,7,4,4,2,1,2,11,9,0,0,0,0,7,4,0
9d7d5334,3,2,3,0,0,2,4,2,5,3,2,7,10,9,0
9d971f13,4,2,1,2,1,2,6,4,5,1,4,5,9,6,0
9dab6e3b,0,0,0,0,0,0,0,0,0,0,0,0,0,0,0
9daeac61,1,0,0,1,0,1,1,0,3,2,1,1,2,4,0
9dbb75ca,5,3,1,1,3,0,4,4,5,1,4,1,6,4,0
9ddb85e8,3,2,2,1,0,2,7,5,0,0,0,0,3,2,0
9e1577aa,4,2,0,1,3,2,2,0,2,0,2,2,6,4,0
9e49c320,2,2,0,1,1,0,0,0,0,0,0,1,3,1,1
9e525177,15,11,10,4,1,3,6,3,7,2,5,10,25,9,0
9ef884b1,1,0,0,1,0,1,1,0,1,0,1,0,1,0,0
9f84febe,4,4,1,3,0,1,2,1,1,1,0,2,6,5,0
9f9c57f0,0,0,0,0,0,0,0,0,0,0,0,0,0,0,0
9fa26bc2,1,1,1,0,0,1,1,0,0,0,0,0,1,0,0
9fb640a8,10,6,6,4,0,7,18,11,7,2,5,8,18,9,1
9fbbcf39,7,4,6,1,0,3,9,6,7,4,3,17,24,24,0
9fc2531b,0,0,0,0,0,0,0,0,1,0,1,0,0,0,0
9ffdf29a,0,0,0,0,0,0,0,0,1,0,1,0,0,0,0
a0313275,12,8,8,4,0,7,10,3,3,0,3,8,20,4,1
a04e2dd2,0,0,0,0,0,0,0,0,0,0,0,0,0,1,0
a08b974a,4,1,2,1,1,3,14,11,7,0,7,1,5,3,0
a0b730dc,7,4,0,4,3,2,5,3,5,0,5,1,8,2,0
a0e9a73d,12,5,2,8,2,6,13,7,8,2,6,4,16,7,0
a0f9b535,7,4,4,1,2,5,11,6,3,0,3,4,11,0,0
a1232f4e,3,1,3,0,0,3,5,2,6,3,3,6,9,16,0
a1c5b23e,5,3,3,1,1,2,2,0,1,0,1,1,6,3,0
a1d5bd30,2,2,1,1,0,1,5,4,8,1,7,1,3,0,0
a2560346,2,0,0,2,0,1,3,2,2,1,1,0,2,0,0
a2609621,6,5,5,1,0,3,8,5,4,2,2,3,9,13,0
a26fb8aa,13,8,6,5,2,6,15,9,10,4,6,16,29,14,1
a274dccb,0,0,0,0,0,0,0,0,0,0,0,1,1,1,0
a29b1131,1,1,0,1,0,0,4,4,0,0,0,0,1,0,0
a2da58b1,3,2,3,0,0,3,3,0,1,0,1,1,4,0,0
a372a9f2,11,5,6,5,0,3,8,5,5,0,5,5,16,7,0
a3b03921,18,10,9,7,2,7,17,10,6,2,4,6,24,2,1
a40d5a0c,4,3,2,2,0,0,3,3,3,1,2,1,5,0,0
a45eac1f,1,0,0,1,0,1,1,0,1,0,1,0,1,1,0
a47e7ecd,15,9,9,5,1,5,12,7,6,4,2,12,27,9,0
a4851d9e,3,2,2,0,1,1,2,1,2,1,1,4,7,6,0
a489c26e,5,4,5,0,0,3,7,4,2,1,1,5,10,1,0
a4971d84,7,2,3,4,0,3,7,4,5,2,3,17,24,21,2
a4ac4b8f,10,5,8,2,0,4,10,6,7,2,5,12,22,29,0
a4b1028a,10,6,8,0,2,6,8,2,2,0,2,1,11,17,0
a4e16ab4,0,0,0,0,0,0,2,2,2,0,2,0,0,0,0
a4e428bf,6,3,4,2,0,0,4,4,3,1,2,3,9,7,0
a4f642c5,6,3,3,1,2,2,9,7,2,0,2,2,8,1,0
a4fe8cda,1,1,0,1,0,1,3,2,0,0,0,0,1,0,0
a51a79a2,0,0,0,0,0,0,0,0,1,1,0,1,1,0,0
a56bd2ee,0,0,0,0,0,0,0,0,0,0,0,0,0,2,0
a62c16d0,5,2,3,1,1,1,6,5,5,0,5,2,7,8,0
a63a995f,10,8,5,5,0,4,10,6,7,2,5,6,16,15,0
a64b4786,6,5,6,0,0,2,4,2,5,5,0,5,11,25,0
a685f013,3,2,1,2,0,0,1,1,1,1,0,8,11,7,0
a6f6aad2,0,0,0,0,0,0,0,0,0,0,0,0,0,0,0
a70b8345,0,0,0,0,0,0,0,0,0,0,0,0,0,0,0
a73c8f95,21,13,17,4,0,11,17,6,14,9,5,22,43,44,2
a78ff07f,15,9,8,5,2,8,17,9,16,3,13,9,24,13,0
a81ed730,11,5,6,4,1,4,8,4,1,1,0,4,15,3,0
a820e429,3,1,0,3,0,1,2,1,6,1,5,0,3,6,1
a8741470,0,0,0,0,0,0,1,1,1,1,0,1,1,2,0
a881d44a,0,0,0,0,0,0,0,0,0,0,0,0,0,0,0
a8c0acb7,15,8,8,7,0,6,11,5,4,2,2,15,30,19,0
a8c62306,3,3,0,0,3,0,1,1,0,0,0,1,4,0,0
a8f21b9f,4,3,2,0,2,3,9,6,1,1,0,2,6,2,0
a9142dc3,1,1,1,0,0,0,1,1,1,0,1,0,1,3,0
aa04bee3,3,2,2,1,0,2,10,8,2,0,2,2,5,3,0
aa5859cb,8,3,3,3,2,3,6,3,8,1,7,2,10,3,0
aa6f2f2c,2,1,0,1,1,1,2,1,1,0,1,1,3,0,0
aa8e289e,5,4,1,3,1,2,8,6,2,0,2,1,6,0,0
aacdfe88,3,3,1,1,1,1,1,0,5,0,5,4,7,3,0
ab096c6f,6,4,3,3,0,4,6,2,6,0,6,8,14,16,0
ab6928f2,0,0,0,0,0,0,0,0,0,0,0,0,0,0,0
abb3bb95,5,2,1,3,1,3,5,2,2,0,2,0,5,4,0
ac290817,3,2,2,0,1,1,2,1,1,0,1,0,3,1,0
ad3389d5,0,0,0,0,0,0,0,0,0,0,0,0,0,3,1
ad4d0985,15,6,5,10,0,7,16,9,3,0,3,4,19,4,0
ad556f81,0,0,0,0,0,0,0,0,0,0,0,0,0,0,0
ad597bf7,0,0,0,0,0,0,1,1,1,0,1,0,0,1,0
ad7b19ef,2,1,0,0,2,0,0,0,1,0,1,1,3,0,0
ade993b9,6,2,2,3,1,4,19,15,5,0,5,1,7,9,0
adfbe1f5,9,6,4,3,2,7,17,10,3,0,3,4,13,4,0
aeda1f69,2,1,1,0,1,0,5,5,2,1,1,1,3,2,0
aeed5c06,1,1,1,0,0,1,4,3,2,0,2,0,1,0,0
aefd0c5b,0,0,0,0,0,0,2,2,1,1,0,1,1,1,0
afbf187b,5,1,2,3,0,0,0,0,9,6,3,12,17,20,1
b0616e3d,21,13,10,6,5,12,17,5,8,3,5,7,28,9,0
b0a84aa7,0,0,0,0,0,0,0,0,0,0,0,0,0,0,0
b0c12a65,12,8,6,5,1,3,18,15,5,1,4,2,14,0,0
b0edd538,3,2,2,1,0,1,4,3,3,2,1,4,7,5,0
b1062a37,4,4,4,0,0,2,5,3,9,6,3,4,8,26,0
b12d5243,1,0,1,0,0,1,1,0,0,0,0,1,2,0,0
b1313ec4,10,4,3,7,0,6,21,15,12,2,10,8,18,8,0
b15780e3,0,0,0,0,0,0,0,0,0,0,0,0,0,0,1
b1579026,3,3,2,1,0,2,4,2,13,10,3,9,12,40,0
b182a240,0,0,0,0,0,0,1,1,1,0,1,0,0,0,0
b1cd37e6,23,16,12,6,5,8,28,20,14,2,12,3,26,3,0
b1f4086c,1,0,1,0,0,1,1,0,5,1,4,4,5,6,1
b2d0ec1b,4,1,0,3,1,2,2,0,2,0,2,0,4,0,0
b39a793e,2,2,0,0,2,0,2,2,1,0,1,0,2,1,0
b39bf63f,1,1,1,0,0,1,2,1,0,0,0,2,3,3,0
b3aed40d,5,1,0,5,0,5,5,0,0,0,0,1,6,4,0
b3b310f0,0,0,0,0,0,0,1,1,2,0,2,0,0,2,0
b3b7f5a6,0,0,0,0,0,0,0,0,0,0,0,0,0,1,0
b3c14bff,2,1,0,1,1,1,2,1,1,0,1,0,2,5,0
b3dc6eca,0,0,0,0,0,0,0,0,0,0,0,1,1,2,0
b4a014b1,8,5,7,1,0,2,5,3,8,5,3,4,12,26,1
b500b384,12,4,2,5,5,5,9,4,5,0,5,5,17,3,0
b561db50,6,2,2,1,3,0,2,2,5,1,4,4,10,7,0
b583aef5,1,1,1,0,0,1,1,0,0,0,0,1,2,4,0
b5920350,5,4,0,3,2,3,6,3,4,2,2,1,6,5,0
b5f7d10b,9,7,9,0,0,8,11,3,2,0,2,4,13,5,0
b6047994,2,1,1,1,0,2,3,1,0,0,0,0,2,0,0
b635c249,3,2,0,3,0,3,8,5,2,0,2,5,8,3,0
b6580563,0,0,0,0,0,0,0,0,2,1,1,0,0,4,0
b675e328,2,2,1,0,1,1,1,0,1,0,1,1,3,0,0
b682dcf6,3,3,3,0,0,1,2,1,2,2,0,2,5,11,1
b684a484,2,1,0,2,0,0,0,0,2,0,2,0,2,0,0
b6867b96,1,0,1,0,0,1,3,2,0,0,0,0,1,2,0
b686f4c0,3,1,3,0,0,1,10,9,5,0,5,4,7,3,0
b69261a0,2,1,2,0,0,1,5,4,5,0,5,3,5,5,0
b6964eb6,5,3,2,3,0,2,3,1,7,5,2,11,16,18,1
b6cd4243,1,0,1,0,0,1,1,0,5,4,1,1,2,6,0
b70bde8f,0,0,0,0,0,0,0,0,0,0,0,0,0,0,0
b7de5bad,5,4,3,1,1,4,6,2,2,0,2,1,6,1,0
b853e0ad,19,9,7,10,2,8,23,15,12,2,10,10,29,3,1
b8798a46,0,0,0,0,0,0,0,0,0,0,0,0,0,3,0
b8814868,7,5,1,5,1,2,4,2,2,1,1,3,10,2,0
b8e740fb,1,1,0,1,0,0,4,4,0,0,0,0,1,0,0
b937e490,12,6,7,4,1,5,12,7,7,0,7,14,26,21,0
b956af7d,0,0,0,0,0,0,0,0,0,0,0,1,1,6,0
b96b595c,9,5,4,3,2,5,6,1,7,3,4,14,23,20,1
b997c3de,14,8,6,5,3,6,15,9,11,1,10,11,25,5,0
ba3378a5,2,2,0,2,0,0,11,11,2,1,1,4,6,2,0
ba3d3bea,6,2,3,1,2,2,6,4,1,0,1,3,9,4,0
ba5004e1,5,4,3,2,0,3,10,7,2,0,2,5,10,3,0
bab077a4,0,0,0,0,0,0,1,1,1,0,1,0,0,3,0
bac46a10,3,2,2,1,0,1,4,3,2,2,0,3,6,10,0
bad38a94,9,4,5,3,1,5,9,4,2,0,2,9,18,8,1
bb08bce9,15,9,14,1,0,7,17,10,16,12,4,11,26,53,2
bb19da7c,2,1,0,2,0,0,8,8,5,1,4,1,3,1,0
bbddc31f,11,7,5,4,2,6,13,7,5,1,4,7,18,4,0
bc6bd723,3,2,1,2,0,0,4,4,4,0,4,0,3,0,0
bc6f5f06,3,3,3,0,0,1,3,2,1,0,1,4,7,14,0
bc7dc64d,7,5,3,2,2,1,4,3,5,0,5,5,12,5,0
bcfc4473,2,0,1,1,0,0,2,2,0,0,0,1,3,0,0
bd142efb,7,5,3,4,0,2,2,0,4,3,1,5,12,11,0
bd3e08b6,0,0,0,0,0,0,0,0,0,0,0,0,0,0,0
bd46bd6d,3,1,1,1,1,1,4,3,2,0,2,1,4,0,0
bd7d2e6d,8,4,6,1,1,3,6,3,2,2,0,2,10,12,0
bdc74a8f,1,1,1,0,0,0,1,1,0,0,0,0,1,0,0
bdc8912c,28,17,18,8,2,14,35,21,8,0,8,34,62,25,0
bdf8165d,11,7,5,4,2,9,16,7,4,0,4,9,20,5,1
be094834,0,0,0,0,0,0,0,0,0,0,0,0,0,0,0
be2706c0,6,2,4,2,0,3,5,2,3,1,2,5,11,9,0
be4e7e47,18,10,9,6,3,6,20,14,10,4,6,12,30,6,0
be60b6f4,1,1,0,1,0,0,2,2,3,0,3,0,1,1,0
be765073,14,10,6,5,3,6,16,10,13,6,7,5,19,31,0
be927d03,4,4,1,2,1,2,2,0,5,1,4,9,13,11,0
beb6c168,5,4,1,4,0,2,6,4,1,0,1,4,9,2,0
bee0bab1,3,2,3,0,0,1,1,0,0,0,0,1,4,0,0
bf309d24,10,8,4,6,0,1,3,2,2,0,2,9,19,2,0
bfc5768b,1,1,1,0,0,0,3,3,0,0,0,0,1,0,0
bfe272bd,8,6,3,4,1,2,10,8,7,2,5,8,16,2,0
c01c66d9,9,6,5,4,0,6,8,2,8,7,1,7,16,16,2
c0617e2b,5,2,1,3,1,1,11,10,2,0,2,6,11,2,1
c082d484,3,2,2,1,0,1,2,1,3,2,1,2,5,0,0
c089980e,0,0,0,0,0,0,0,0,1,0,1,0,0,4,1
c0e27d1a,4,3,1,2,1,0,2,2,5,5,0,5,9,13,2
c21da05c,1,1,1,0,0,0,0,0,1,1,0,1,2,5,0
c2304da8,8,5,4,4,0,4,10,6,5,2,3,10,18,12,0
c24544c7,1,1,1,0,0,0,1,1,2,2,0,1,2,0,0
c27ae377,2,0,1,1,0,0,0,0,1,0,1,0,2,1,0
c2a6033c,1,1,1,0,0,1,1,0,0,0,0,0,1,1,0
c32e457e,5,4,5,0,0,3,6,3,4,1,3,4,9,14,1
c3767acc,0,0,0,0,0,0,2,2,2,0,2,2,2,0,0
c3e39f12,0,0,0,0,0,0,0,0,0,0,0,0,0,2,0
c43e5e7e,6,3,2,2,2,2,9,7,4,0,4,1,7,4,0
c44a1d58,5,1,1,3,1,2,8,6,2,1,1,4,9,2,0
c45a34e7,2,0,1,1,0,1,4,3,7,0,7,4,6,3,0
c492c9f0,1,1,0,0,1,1,3,2,0,0,0,2,3,2,0
c4987edc,0,0,0,0,0,0,0,0,0,0,0,0,0,2,0
c4e87b8b,7,5,1,4,2,2,4,2,4,2,2,2,9,6,0
c50281a0,13,10,6,7,0,9,14,5,9,0,9,2,15,5,0
c54ea7f0,9,4,3,4,2,1,4,3,7,3,4,6,15,2,0
c5bdb6e3,2,2,0,1,1,0,0,0,0,0,0,1,3,0,0
c5ea2dab,7,2,3,4,0,3,8,5,3,1,2,12,19,29,1
c603ad6a,13,8,6,5,2,7,8,1,2,1,1,6,19,4,1
c631f952,0,0,0,0,0,0,0,0,0,0,0,0,0,2,1
c63f6e46,2,2,0,2,0,0,1,1,0,0,0,1,3,5,0
c699e60c,2,1,0,2,0,2,2,0,2,1,1,0,2,0,0
c6ac6579,0,0,0,0,0,0,0,0,1,0,1,0,0,0,0
c7069d87,13,6,4,9,0,6,16,10,4,0,4,9,22,10,0
c71e97ba,7,5,4,3,0,5,10,5,2,0,2,7,14,4,0
c738a5ec,4,3,3,0,1,1,2,1,0,0,0,1,5,0,0
c758cdaf,2,2,0,2,0,1,2,1,1,0,1,0,2,1,0
c7842dab,18,7,8,8,2,6,11,5,4,2,2,3,21,9,1
c83623e2,9,6,8,1,0,6,10,4,9,6,3,14,23,30,0
c89e8aae,0,0,0,0,0,0,0,0,0,0,0,2,2,4,0
c8a88acd,0,0,0,0,0,0,0,0,0,0,0,0,0,0,0
c8c60119,9,8,5,3,1,2,9,7,4,0,4,6,15,4,0
c8d7131c,7,4,5,1,1,5,7,2,5,0,5,8,15,5,0
c904f3d5,3,0,2,1,0,3,4,1,0,0,0,3,6,1,0
c906ce0f,6,3,6,0,0,3,5,2,4,0,4,7,13,22,0
c90b2e8f,2,2,2,0,0,0,1,1,1,1,0,5,7,6,1
c931d9f9,1,1,0,1,0,0,4,4,5,1,4,1,2,0,0
c93a0fd3,14,9,7,7,0,5,13,8,7,0,7,9,23,0,0
c952f633,10,3,5,5,0,4,7,3,4,0,4,6,16,4,0
c9bdb329,5,3,1,4,0,3,5,2,0,0,0,1,6,2,0
ca033449,11,9,7,4,0,8,10,2,7,3,4,10,21,23,0
ca45605e,0,0,0,0,0,0,2,2,3,0,3,0,0,2,0
ca607d59,6,6,2,3,1,1,3,2,1,0,1,0,6,0,0
ca8fa0c0,0,0,0,0,0,0,2,2,0,0,0,0,0,1,0
cac76a72,0,0,0,0,0,0,0,0,0,0,0,0,0,3,0
cb641b9d,0,0,0,0,0,0,0,0,1,1,0,0,0,2,0
cb7786d5,3,0,0,3,0,1,2,1,0,0,0,0,3,0,0
cba16a46,0,0,0,0,0,0,0,0,0,0,0,0,0,0,0
cc1a0c57,0,0,0,0,0,0,0,0,0,0,0,0,0,0,0
cc55da2a,5,3,0,4,1,1,3,2,1,0,1,1,6,3,0
cc89c822,0,0,0,0,0,0,1,1,0,0,0,0,0,1,0
cc9256ef,0,0,0,0,0,0,0,0,1,0,1,0,0,0,0
ccbf1b54,8,6,3,1,4,1,7,6,4,2,2,2,10,3,0
ccc66d00,6,3,2,3,1,3,7,4,8,0,8,2,8,2,0
ccd38335,0,0,0,0,0,0,0,0,2,0,2,0,0,0,0
ccee698e,0,0,0,0,0,0,0,0,1,0,1,1,1,0,0
cd0ecf81,4,2,0,3,1,4,5,1,2,0,2,0,4,1,0
cd6a1a59,1,0,1,0,0,0,1,1,1,0,1,1,2,3,0
cda08080,16,10,11,5,0,10,19,9,5,5,0,13,29,21,2
cda49f68,3,2,0,1,2,2,3,1,2,0,2,0,3,1,0
cda90ea8,4,3,3,0,1,4,9,5,8,1,7,2,6,2,0
ce17b5eb,0,0,0,0,0,0,0,0,0,0,0,1,1,0,0
ce30bfc8,3,0,2,1,0,2,3,1,3,2,1,2,5,3,0
ce50fd99,11,9,3,6,2,4,11,7,11,0,11,2,13,0,0
ce5a24b9,8,4,3,5,0,2,6,4,3,0,3,1,9,5,0
ce82f116,3,1,0,3,0,1,10,9,3,0,3,2,5,0,0
cea0df32,1,0,1,0,0,0,2,2,0,0,0,1,2,1,0
cf15bbb1,23,16,9,12,2,6,18,12,9,2,7,6,29,11,0
cf182add,6,3,4,2,0,2,6,4,4,3,1,7,13,9,1
cf1c23d8,0,0,0,0,0,0,0,0,0,0,0,0,0,0,0
cf623c78,3,2,0,2,1,2,4,2,1,0,1,1,4,1,0
cfb6c9e5,1,1,0,1,0,0,0,0,0,0,0,1,2,5,0
cfe6238d,3,2,1,1,1,0,0,0,3,0,3,0,3,7,0
cff7dcb0,0,0,0,0,0,0,0,0,0,0,0,0,0,0,0
d019d5db,1,0,0,1,0,0,1,1,1,0,1,0,1,0,0
d01bbb6f,3,1,1,2,0,0,2,2,3,0,3,7,10,2,0
d0d8dd44,7,4,6,1,0,6,6,0,2,2,0,7,14,6,0
d0f72bf1,5,4,4,1,0,3,4,1,5,3,2,9,14,10,0
d1117c6c,15,12,12,2,1,7,12,5,2,1,1,11,26,20,0
d125f22f,1,1,0,1,0,0,1,1,2,0,2,0,1,0,0
d14229f3,0,0,0,0,0,0,2,2,1,0,1,1,1,0,0
d1675302,0,0,0,0,0,0,1,1,0,0,0,0,0,0,0
d1992a3b,8,7,6,1,1,8,9,1,2,0,2,2,10,21,0
d19ecb20,0,0,0,0,0,0,0,0,1,0,1,1,1,0,0
d1d418f8,0,0,0,0,0,0,1,1,0,0,0,0,0,0,0
d1f48bfc,7,4,4,3,0,3,9,6,3,0,3,2,9,2,0
d1fea02e,5,3,4,1,0,2,4,2,12,8,4,12,17,24,1
d2161bae,3,1,2,1,0,1,2,1,4,1,3,9,12,8,0
d2800f47,9,4,3,6,0,2,10,8,5,1,4,6,15,3,0
d2a802b8,6,2,2,2,2,2,4,2,3,1,2,4,10,4,0
d2bf42ba,0,0,0,0,0,0,0,0,0,0,0,0,0,0,0
d4133fa1,5,4,3,2,0,3,9,6,3,0,3,8,13,6,0
d436eb94,0,0,0,0,0,0,0,0,0,0,0,0,0,0,0
d4931a5a,0,0,0,0,0,0,1,1,0,0,0,0,0,0,0
d494882e,2,0,2,0,0,0,2,2,2,0,2,5,7,4,0
d49f80d7,3,1,1,2,0,1,3,2,5,2,3,1,4,19,1
d4a2533d,7,6,2,1,4,4,16,12,5,0,5,3,10,1,0
d4d0a9ad,16,10,7,7,2,8,23,15,6,1,5,6,22,5,0
d5575935,3,2,1,1,1,1,4,3,2,0,2,1,4,0,1
d557d734,19,12,10,9,0,7,11,4,5,0,5,15,34,18,0
d5dd5f1f,6,4,2,2,2,1,2,1,4,0,4,2,8,2,0
d61b3354,1,0,1,0,0,1,4,3,0,0,0,2,3,5,0
d637fc22,2,1,0,2,0,0,1,1,0,0,0,2,4,5,0
d68cb24c,8,6,4,2,2,2,14,12,4,1,3,4,12,2,0
d790907f,1,0,1,0,0,0,0,0,0,0,0,0,1,1,0
d79a8c87,1,1,0,0,1,1,3,2,4,4,0,2,3,7,0
d807c7f6,1,1,0,1,0,1,1,0,3,2,1,1,2,5,0
d82c6542,10,6,7,2,1,5,8,3,5,1,4,6,16,11,0
d849ef0f,6,5,2,4,0,1,3,2,6,1,5,5,11,5,0
d8931174,9,4,7,2,0,2,7,5,6,5,1,14,23,27,0
d8c679be,7,3,3,4,0,2,8,6,4,1,3,0,7,3,1
d8d25850,0,0,0,0,0,0,7,7,1,0,1,3,3,1,0
d93c2511,9,5,6,3,0,2,9,7,6,3,3,11,20,5,0
d94653be,6,3,3,3,0,1,10,9,6,1,5,0,6,4,0
d9565625,4,3,2,2,0,1,4,3,2,1,1,6,10,9,0
d97b252e,0,0,0,0,0,0,0,0,0,0,0,0,0,1,0
d97cccc9,17,7,6,10,1,9,16,7,14,2,12,19,36,10,0
d9a5d930,2,2,0,2,0,2,4,2,0,0,0,0,2,0,1
d9b89391,2,2,1,1,0,1,7,6,5,1,4,3,5,2,0
d9d43555,0,0,0,0,0,0,1,1,0,0,0,0,0,0,0
da1185fc,3,2,0,1,2,2,14,12,8,1,7,8,11,4,0
da23d58d,3,2,1,2,0,0,2,2,2,0,2,0,3,0,0
da27e268,3,1,1,2,0,3,8,5,2,0,2,3,6,4,0
da617483,1,0,1,0,0,1,1,0,6,5,1,6,7,20,0
da6cb94b,8,5,4,3,1,4,8,4,3,2,1,13,21,20,1
da8b19e2,0,0,0,0,0,0,0,0,0,0,0,0,0,0,0
db265666,2,2,1,1,0,1,4,3,1,0,1,0,2,1,1
db2e8273,0,0,0,0,0,0,0,0,0,0,0,0,0,0,0
db401046,0,0,0,0,0,0,1,1,0,0,0,0,0,2,0
db74c6d3,6,1,3,3,0,2,2,0,2,2,0,4,10,6,0
db7849ca,1,1,1,0,0,1,1,0,0,0,0,1,2,3,0
dba67bc4,3,2,1,2,0,2,2,0,1,0,1,6,9,0,0
dbbf4a56,0,0,0,0,0,0,0,0,0,0,0,0,0,0,0
dbe16ade,0,0,0,0,0,0,0,0,1,0,1,0,0,0,0
dbf3e08b,9,7,7,2,0,5,11,6,10,4,6,10,19,21,0
dc415e39,13,10,5,5,3,1,9,8,7,1,6,8,21,1,0
dc52c72f,4,3,1,3,0,0,2,2,9,4,5,3,7,4,0
dc6f5bdd,5,3,2,3,0,2,3,1,4,3,1,6,11,4,0
dc90cfbe,3,3,0,3,0,1,1,0,1,1,0,1,4,0,0
dd0daf32,7,6,1,3,3,0,12,12,2,0,2,3,10,1,0
dd669209,10,4,4,5,1,5,15,10,7,1,6,8,18,6,0
deb20131,9,8,6,3,0,5,10,5,4,1,3,3,12,5,0
deba6b05,12,6,2,10,0,5,27,22,15,1,14,7,19,9,0
def899bd,4,3,2,2,0,2,2,0,1,1,0,2,6,12,0
defb905a,10,7,9,1,0,6,13,7,9,8,1,12,22,36,0
dfb6490a,6,2,1,3,2,2,4,2,1,0,1,1,7,2,0
dff19848,0,0,0,0,0,0,1,1,0,0,0,1,1,0,0
e09436fb,3,1,2,0,1,2,2,0,2,1,1,3,6,3,0
e0991c04,1,1,0,1,0,1,5,4,4,1,3,5,6,16,0
e0a1c004,4,1,1,2,1,1,10,9,7,4,3,6,10,9,0
e0d3e18d,5,1,2,3,0,2,7,5,2,0,2,7,12,4,0
e0f613ad,8,3,5,2,1,6,9,3,9,3,6,4,12,3,0
e12b0b5b,24,15,8,11,5,11,29,18,10,1,9,11,35,5,1
e12d7851,3,2,1,2,0,2,4,2,6,3,3,2,5,23,1
e150254d,2,2,1,0,1,1,4,3,0,0,0,0,2,1,0
e1ba3d5a,10,6,3,4,3,3,13,10,11,0,11,3,13,2,0
e1deea75,0,0,0,0,0,0,1,1,1,1,0,3,3,3,0
e248e62f,3,1,2,1,0,1,3,2,3,0,3,0,3,1,0
e2781082,16,10,11,5,0,7,15,8,11,1,10,22,38,8,0
e27da244,7,5,4,2,1,5,8,3,4,1,3,9,16,17,1
e27fdbca,5,1,5,0,0,3,8,5,5,0,5,3,8,6,0
e28205f4,3,0,1,1,1,2,6,4,1,0,1,1,4,1,0
e28868f3,12,7,3,8,1,9,13,4,6,1,5,11,23,1,0
e288d4b3,3,2,2,1,0,2,2,0,2,1,1,2,5,2,0
e2bf2abc,1,0,0,0,1,1,1,0,2,1,1,0,1,1,0
e2f9bb5f,11,9,5,6,0,2,5,3,4,0,4,3,14,2,0
e34e086c,3,1,2,0,1,1,2,1,2,1,1,1,4,0,0
e38f1636,5,3,2,3,0,1,4,3,9,8,1,5,10,17,0
e3a5814e,8,2,6,2,0,6,11,5,4,0,4,5,13,4,2
e3fabb0a,5,4,2,1,2,1,6,5,4,0,4,1,6,2,0
e410ade0,8,4,4,2,2,6,17,11,2,0,2,4,12,1,0
e4538d74,2,1,0,1,1,0,0,0,1,0,1,1,3,6,0
e4738e91,0,0,0,0,0,0,0,0,0,0,0,0,0,1,0
e4b72e34,2,0,0,1,1,0,1,1,0,0,0,0,2,1,0
e53b5534,9,5,8,1,0,6,9,3,11,8,3,11,20,61,1
e54a9890,2,0,1,0,1,1,2,1,4,3,1,3,5,9,0
e5f63987,0,0,0,0,0,0,1,1,1,1,0,1,1,4,0
e613313c,2,1,2,0,0,1,1,0,1,0,1,0,2,4,0
e61b8aee,9,6,7,2,0,4,8,4,4,1,3,2,11,12,0
e61d33f1,4,2,0,4,0,0,2,2,6,0,6,3,7,2,0
e65a7469,6,5,3,2,1,1,4,3,0,0,0,0,6,1,0
e6697917,0,0,0,0,0,0,1,1,0,0,0,0,0,1,0
e66e4ddc,10,6,5,5,0,6,13,7,3,1,2,4,14,17,2
e6aaca37,2,1,0,1,1,0,1,1,0,0,0,0,2,5,0
e6c43eec,11,6,5,5,1,7,11,4,1,0,1,12,23,12,1
e6dda1c7,3,3,2,1,0,2,5,3,7,7,0,3,6,21,1
e726e11e,3,1,2,1,0,2,5,3,2,0,2,5,8,4,0
e73659d3,10,5,4,4,2,5,13,8,6,1,5,2,12,2,0
e73c9bb2,18,11,9,8,1,10,18,8,7,3,4,12,30,12,0
e76cb9cc,9,5,8,1,0,7,8,1,7,4,3,7,16,13,0
e7aa9d7c,0,0,0,0,0,0,0,0,0,0,0,0,0,0,0
e7fcf289,0,0,0,0,0,0,2,2,0,0,0,1,1,0,0
e8029b54,3,3,2,1,0,0,2,2,1,1,0,4,7,4,0
e81f0356,8,5,7,1,0,6,8,2,2,2,0,5,13,8,1
e82adcab,6,5,2,4,0,4,8,4,4,0,4,1,7,0,0
e92cd3f7,3,3,1,1,1,2,4,2,1,0,1,0,3,5,0
e9457fb9,1,1,1,0,0,1,7,6,0,0,0,0,1,1,0
e961d3ac,0,0,0,0,0,0,0,0,0,0,0,0,0,0,0
e97150c0,2,1,1,1,0,0,2,2,3,2,1,1,3,6,0
e98d18ca,0,0,0,0,0,0,1,1,1,0,1,0,0,0,0
e9c0c1b2,0,0,0,0,0,0,0,0,0,0,0,0,0,0,0
ea610f00,11,7,5,4,2,3,11,8,4,1,3,5,16,1,0
ea7a8366,7,7,4,3,0,2,5,3,3,1,2,9,16,8,0
eab957a3,4,1,2,2,0,2,5,3,2,1,1,5,9,4,0
eac044ad,5,2,2,0,3,4,8,4,3,0,3,0,5,2,0
ead14875,21,14,10,9,2,11,20,9,3,1,2,6,27,6,0
ead960f2,5,4,1,3,1,3,7,4,4,1,3,1,6,2,0
eada676e,14,6,8,5,1,5,12,7,2,0,2,11,25,9,0
eaf645bf,0,0,0,0,0,0,0,0,0,0,0,0,0,0,0
eb1451a5,0,0,0,0,0,0,0,0,1,0,1,0,0,0,0
eb2b33aa,0,0,0,0,0,0,0,0,0,0,0,0,0,0,0
eb3f56e5,5,3,4,1,0,3,7,4,3,2,1,4,9,11,0
eb6e14be,0,0,0,0,0,0,0,0,0,0,0,0,0,0,0
eb7822d7,7,4,0,7,0,3,8,5,3,1,2,6,13,7,0
ebca82e8,12,5,7,5,0,5,8,3,10,6,4,19,31,35,0
ebca86ca,0,0,0,0,0,0,0,0,0,0,0,0,0,0,0
ec30b9c8,2,1,1,1,0,0,4,4,4,3,1,2,4,7,0
ec48abb1,2,0,1,1,0,1,1,0,0,0,0,2,4,5,0
ec531cdc,3,3,2,1,0,2,3,1,1,0,1,2,5,2,0
ecb68eea,7,3,1,4,2,3,6,3,4,2,2,2,9,2,0
ecc10d95,2,2,0,1,1,0,3,3,6,0,6,2,4,1,0
ed16a617,24,16,13,6,5,9,28,19,8,1,7,6,30,10,0
ed5886d2,10,7,6,3,1,5,15,10,8,2,6,6,16,16,0
eda40760,5,4,2,3,0,0,4,4,4,1,3,5,10,7,0
edd81e2a,0,0,0,0,0,0,0,0,0,0,0,0,0,1,0
ee0da7af,6,6,3,3,0,4,7,3,3,0,3,1,7,2,0
ee3519f5,10,5,4,6,0,5,12,7,3,0,3,7,17,18,2
ee47f156,11,9,8,3,0,7,11,4,7,1,6,13,24,11,1
eee84d49,0,0,0,0,0,0,0,0,0,0,0,0,0,1,0
eef95b11,10,4,7,2,1,5,10,5,5,4,1,11,21,15,0
ef3909cd,1,0,1,0,0,1,1,0,0,0,0,0,1,3,0
ef88f778,11,8,2,6,3,3,13,10,3,1,2,1,12,3,0
ef8f266e,0,0,0,0,0,0,4,4,0,0,0,0,0,0,0
efc13588,24,12,6,15,3,14,37,23,8,2,6,13,37,6,0
efc33b33,3,2,2,1,0,1,1,0,8,5,3,8,11,23,0
f034613c,2,0,2,0,0,1,4,3,1,0,1,1,3,0,0
f03f284b,6,6,3,1,2,2,4,2,2,2,0,4,10,6,0
f0661424,1,1,0,1,0,1,2,1,1,0,1,1,2,7,0
f0e3b343,4,2,1,1,2,1,1,0,3,1,2,0,4,4,0
f11a5b76,10,5,6,3,1,7,13,6,9,3,6,9,19,23,0
f11fe861,5,3,3,2,0,2,3,1,4,2,2,5,10,14,0
f15b778f,45,30,18,21,6,19,36,17,24,5,19,24,69,11,1
f15f8b2b,6,4,1,2,3,0,7,7,2,1,1,2,8,1,0
f1b55719,0,0,0,0,0,0,0,0,0,0,0,0,0,0,0
f1e8372d,0,0,0,0,0,0,0,0,0,0,0,0,0,0,0
f209b81e,1,0,0,0,1,1,1,0,1,0,1,0,1,0,0
f294b8cc,5,5,3,2,0,3,7,4,2,1,1,3,8,1,0
f2eaebe9,0,0,0,0,0,0,1,1,2,2,0,0,0,0,0
f30a4ab1,1,0,1,0,0,1,2,1,2,0,2,0,1,2,0
f315ca93,17,11,9,7,1,9,17,8,2,2,0,10,27,9,0
f323d995,17,8,10,7,0,8,13,5,10,6,4,12,29,54,0
f352799f,0,0,0,0,0,0,0,0,0,0,0,0,0,0,1
f3722c97,1,1,0,1,0,1,1,0,2,1,1,0,1,0,0
f3a97d02,1,1,1,0,0,0,0,0,0,0,0,0,1,4,1
f4021366,7,2,6,1,0,3,9,6,9,5,4,8,15,20,0
f42e9f3f,0,0,0,0,0,0,0,0,1,0,1,0,0,1,0
f4b1e26f,4,3,1,3,0,2,7,5,2,0,2,3,7,0,0
f4d8ce5a,3,2,0,3,0,1,1,0,2,0,2,4,7,1,0
f512a009,10,8,1,4,5,4,11,7,2,0,2,2,12,1,0
f521b80a,4,1,4,0,0,2,2,0,3,2,1,5,9,10,0
f533776b,4,3,4,0,0,3,6,3,2,1,1,1,5,10,0
f5a00fa4,21,12,7,13,1,7,23,16,10,2,8,9,30,6,0
f5ae006d,4,1,0,2,2,2,8,6,2,1,1,2,6,3,0
f5deef4c,1,1,0,0,1,1,1,0,3,2,1,0,1,9,0
f5eedf74,7,4,7,0,0,2,7,5,6,1,5,4,11,6,0
f620b04f,0,0,0,0,0,0,0,0,0,0,0,0,0,0,0
f63a8347,0,0,0,0,0,0,0,0,0,0,0,0,0,2,0
f6798fc3,1,0,1,0,0,1,1,0,0,0,0,1,2,4,0
f68b64fc,17,8,11,5,1,9,17,8,9,3,6,12,29,32,0
f7036e1c,4,1,1,2,1,2,4,2,5,0,5,1,5,0,0
f7223718,0,0,0,0,0,0,0,0,1,1,0,0,0,0,0
f74f680d,2,1,0,1,1,0,1,1,0,0,0,0,2,1,0
f7815d38,11,7,6,5,0,4,11,7,4,0,4,1,12,4,0
f7b10c66,1,1,1,0,0,0,0,0,0,0,0,0,1,1,0
f7c398ec,0,0,0,0,0,0,0,0,0,0,0,0,0,0,0
f7e87032,9,6,4,4,1,1,3,2,3,0,3,3,12,2,0
f874dd44,1,1,0,1,0,1,3,2,1,0,1,3,4,5,0
f93c876b,6,3,2,4,0,3,7,4,6,6,0,5,11,20,0
f9acca3a,0,0,0,0,0,0,2,2,3,1,2,5,5,0,0
f9c927de,7,4,3,3,1,4,18,14,4,1,3,7,14,10,0
f9ebe13d,1,1,0,0,1,1,2,1,0,0,0,0,1,0,0
fa73ccc7,12,7,3,8,1,4,15,11,2,0,2,3,15,1,1
fa937f7a,3,3,1,1,1,1,8,7,4,0,4,2,5,0,1
fae880d5,8,3,3,4,1,4,13,9,4,1,3,6,14,5,0
fb054320,9,6,6,3,0,4,8,4,2,0,2,2,11,5,0
fb938d24,9,5,3,5,1,3,8,5,4,0,4,15,24,7,0
fbafd1b0,5,2,1,4,0,3,4,1,1,0,1,5,10,12,0
fbffc4b1,2,2,2,0,0,0,1,1,4,0,4,8,10,19,0
fc1cf07a,8,8,5,3,0,3,6,3,4,3,1,11,19,43,1
fc3f41aa,1,1,1,0,0,0,1,1,0,0,0,0,1,1,0
fc4ab056,1,1,0,0,1,0,5,5,3,1,2,1,2,5,0
fc4cf6a7,4,4,3,1,0,2,4,2,1,0,1,2,6,4,0
fc4f85b1,13,10,4,8,1,4,8,4,8,4,4,9,22,25,0
fce2302c,7,6,4,1,2,4,5,1,6,0,6,4,11,6,0
fd7768be,3,3,1,1,1,2,2,0,2,1,1,1,4,1,0
fd834d1d,0,0,0,0,0,0,0,0,0,0,0,0,0,0,0
fe6c830a,0,0,0,0,0,0,1,1,0,0,0,0,0,3,0
fe85a764,7,3,6,0,1,3,4,1,0,0,0,2,9,3,0
fe888e39,3,2,1,2,0,2,4,2,1,0,1,3,6,3,1
fecd43a3,10,4,7,2,1,6,10,4,1,1,0,5,15,4,0
fed7cb61,9,6,5,0,4,2,9,7,6,0,6,1,10,5,0
ff497879,3,1,3,0,0,2,3,1,1,1,0,5,8,4,0
ffad706e,9,3,3,4,2,2,9,7,4,3,1,14,23,4,0
