id,Tkl,TklW,Def 3rd,Mid 3rd,Att 3rd,Tkl.1,Att,Lost,Blocks,Sh,Pass,Int,Tkl+Int,Clr,Err,recov
005ca692,1,0,0,0,1,1,2,1,0,0,0,0,1,0,0,1
00672021,6,4,0,5,1,3,10,7,4,0,4,7,13,2,0,34
0076ab7f,25,15,5,16,4,11,15,4,5,3,2,6,31,14,0,57
007faf7a,1,1,0,1,0,1,2,1,2,0,2,1,2,0,0,6
00963611,1,0,1,0,0,1,1,0,1,1,0,4,5,3,1,0
00b28772,8,2,3,2,3,3,8,5,7,2,5,13,21,11,0,21
00ddb7f7,13,6,5,8,0,8,17,9,13,1,12,6,19,5,0,34
00eba9c9,7,6,4,2,1,2,5,3,2,1,1,5,12,1,0,20
0127419a,4,3,3,1,0,3,8,5,4,0,4,3,7,1,0,12
01464072,3,2,1,2,0,3,4,1,0,0,0,1,4,2,0,6
0176f037,9,4,5,2,2,9,15,6,6,0,6,6,15,26,0,31
017ab4d4,5,2,2,2,1,1,6,5,1,0,1,2,7,1,0,6
0193a8bf,6,4,2,3,1,3,9,6,6,0,6,7,13,2,0,27
01ba3996,0,0,0,0,0,0,0,0,0,0,0,1,1,0,0,1
02319ad7,2,2,2,0,0,1,8,7,6,3,3,1,3,7,0,15
023efc8b,0,0,0,0,0,0,0,0,0,0,0,0,0,1,0,3
02caf6e0,4,3,0,2,2,1,5,4,2,1,1,3,7,10,0,33
02ce2030,4,3,3,1,0,0,3,3,7,6,1,9,13,28,2,32
02ee4c77,3,0,1,1,1,2,3,1,2,0,2,0,3,2,1,8
03622183,0,0,0,0,0,0,2,2,2,1,1,0,0,0,0,7
038aa94a,13,8,6,5,2,5,16,11,13,4,9,10,23,20,0,66
03df04ff,0,0,0,0,0,0,0,0,0,0,0,0,0,0,0,2
042d286e,1,0,0,0,1,1,2,1,7,0,7,2,3,3,0,10
04a35432,2,2,2,0,0,1,4,3,6,3,3,7,9,31,0,29
04e17fd5,0,0,0,0,0,0,3,3,1,0,1,1,1,3,0,4
0534149c,0,0,0,0,0,0,0,0,0,0,0,0,0,0,0,2
053f6e16,5,5,2,2,1,1,2,1,7,4,3,4,9,13,0,27
0562b7f1,1,0,0,1,0,1,1,0,2,0,2,1,2,2,0,18
05a6c38b,5,5,2,1,2,4,9,5,2,0,2,6,11,11,0,12
05a84d52,5,3,0,4,1,1,5,4,2,0,2,1,6,5,0,27
05cb19c5,5,4,3,1,1,0,1,1,2,1,1,2,7,5,0,14
062fc2e6,0,0,0,0,0,0,0,0,0,0,0,3,3,4,0,7
068830ca,0,0,0,0,0,0,0,0,1,0,1,0,0,5,1,5
06983922,4,2,1,1,2,2,6,4,1,0,1,2,6,1,0,9
06a10001,19,11,10,8,1,13,44,31,19,0,19,16,35,5,2,71
06a1d642,1,1,0,1,0,0,2,2,1,0,1,0,1,1,0,12
06e5b0e4,10,5,8,2,0,4,9,5,4,1,3,11,21,31,0,31
06f33dc8,7,3,4,2,1,1,4,3,1,1,0,2,9,7,0,8
070a3904,2,2,0,2,0,1,3,2,1,0,1,0,2,1,1,1
070ec0b1,7,5,2,5,0,5,7,2,1,0,1,6,13,10,0,10
07a821e4,1,1,1,0,0,0,1,1,0,0,0,0,1,0,0,3
080440a4,21,9,13,8,0,13,20,7,11,4,7,12,33,14,0,71
0827221a,1,0,1,0,0,1,4,3,1,0,1,0,1,1,0,6
08990838,13,7,7,6,0,9,15,6,8,6,2,9,22,32,1,40
08fe932d,1,0,1,0,0,1,1,0,0,0,0,2,3,7,0,3
0a6dbbf7,6,5,5,1,0,4,5,1,11,4,7,6,12,14,1,7
0a74011c,1,1,1,0,0,1,2,1,1,0,1,3,4,5,0,5
0ac893aa,6,4,2,4,0,2,13,11,4,1,3,4,10,11,1,38
0adc7748,7,3,6,1,0,5,6,1,2,2,0,5,12,17,0,13
0aeeed3f,14,9,2,8,4,6,15,9,7,1,6,8,22,4,0,40
0af4b238,1,1,0,1,0,1,2,1,0,0,0,0,1,1,0,1
0b0cbe5b,3,1,0,2,1,1,3,2,1,0,1,2,5,0,0,12
0b380363,4,3,1,2,1,2,4,2,1,0,1,3,7,2,0,13
0b4854f9,4,3,4,0,0,3,4,1,4,2,2,2,6,6,0,9
0b4d8274,8,4,5,2,1,4,6,2,2,0,2,0,8,1,0,7
0b4f388a,2,2,1,1,0,1,2,1,1,0,1,1,3,1,0,14
0bad4516,4,3,2,2,0,3,3,0,2,1,1,4,8,3,1,10
0bd57693,0,0,0,0,0,0,2,2,2,1,1,1,1,0,1,4
0be28faf,19,11,12,6,1,6,16,10,5,0,5,11,30,16,0,50
0be95d34,4,4,2,2,0,0,2,2,3,0,3,4,8,0,0,9
0c09c984,6,4,2,2,2,2,4,2,9,4,5,2,8,3,0,28
0c0d6ed1,7,7,1,4,2,4,15,11,7,0,7,6,13,2,0,31
0cc5f4a5,1,0,0,1,0,0,0,0,1,0,1,0,1,0,0,8
0d115860,0,0,0,0,0,0,0,0,0,0,0,0,0,0,0,1
0d2b0b84,0,0,0,0,0,0,6,6,1,0,1,4,4,2,0,12
0d72fbca,5,1,3,2,0,3,6,3,2,0,2,2,7,3,0,6
0dce3356,8,3,4,4,0,6,13,7,1,1,0,6,14,3,0,9
0e0102eb,1,1,0,1,0,0,1,1,0,0,0,0,1,0,0,1
0e21fc3c,1,0,1,0,0,1,1,0,2,1,1,3,4,4,0,18
0e7ccfc4,4,0,3,0,1,1,4,3,6,1,5,4,8,12,0,17
0e96a5e1,3,2,1,1,1,1,3,2,4,3,1,4,7,1,0,12
0fb5e2ad,2,1,1,0,1,1,2,1,1,0,1,0,2,3,0,8
0fbecd11,8,6,4,2,2,4,14,10,8,1,7,8,16,4,0,11
0fd37a3d,24,14,12,10,2,11,34,23,10,2,8,11,35,15,0,66
1001ae82,3,3,1,1,1,1,1,0,2,0,2,1,4,0,0,8
1055fa53,5,2,4,1,0,4,6,2,2,0,2,4,9,4,0,8
108fe016,9,7,2,5,2,7,14,7,2,1,1,5,14,4,0,31
10f1cd17,5,2,1,3,1,3,4,1,2,0,2,4,9,2,0,12
110338ae,0,0,0,0,0,0,0,0,0,0,0,0,0,2,1,1
112521d1,12,6,7,4,1,5,9,4,7,1,6,2,14,7,2,26
113fb4ea,0,0,0,0,0,0,1,1,0,0,0,0,0,2,0,11
1144d8d7,0,0,0,0,0,0,1,1,0,0,0,0,0,0,0,3
11c0fa9d,3,1,0,1,2,0,3,3,6,0,6,2,5,2,0,9
11e5e469,6,4,5,1,0,3,3,0,7,6,1,6,12,13,0,23
1232e1dc,6,3,5,0,1,2,3,1,12,6,6,11,17,17,0,19
126568a4,0,0,0,0,0,0,0,0,0,0,0,0,0,0,0,3
1281be1c,0,0,0,0,0,0,1,1,0,0,0,2,2,3,0,9
12dcbdcc,23,14,9,12,2,10,29,19,6,1,5,12,35,15,0,41
12e6d21a,2,2,1,1,0,1,5,4,2,1,1,2,4,14,0,11
13203c45,1,0,0,1,0,0,2,2,2,1,1,5,6,9,0,19
132a82f1,6,3,4,2,0,2,2,0,1,0,1,6,12,8,0,15
132f161f,0,0,0,0,0,0,0,0,2,0,2,0,0,1,0,0
1395682c,2,1,2,0,0,2,2,0,2,2,0,1,3,13,0,8
13a78e01,13,10,11,1,1,5,10,5,4,1,3,11,24,7,0,54
13ac19de,0,0,0,0,0,0,0,0,0,0,0,2,2,1,0,10
13ddc856,7,6,3,3,1,4,6,2,9,0,9,3,10,2,0,26
13ea2544,6,4,4,1,1,3,4,1,1,0,1,2,8,4,0,23
146b19d9,13,7,6,6,1,9,17,8,5,0,5,4,17,4,0,22
146f71c9,9,5,3,6,0,1,7,6,5,1,4,9,18,4,0,40
14e8fe86,8,5,4,2,2,4,6,2,5,4,1,10,18,14,0,23
1519a888,0,0,0,0,0,0,0,0,0,0,0,0,0,0,0,1
15937e17,25,10,16,9,0,7,21,14,14,5,9,17,42,30,0,58
15b287da,12,7,1,7,4,6,17,11,5,2,3,2,14,3,0,32
15b6e8d7,10,8,4,6,0,4,4,0,2,0,2,4,14,5,0,14
15d0c248,1,1,1,0,0,1,2,1,4,3,1,3,4,2,1,11
15eb04ec,11,8,4,5,2,6,16,10,5,1,4,4,15,3,0,26
16380240,2,1,1,1,0,0,0,0,0,0,0,0,2,0,0,2
16657b95,11,8,5,4,2,3,8,5,9,3,6,7,18,9,0,37
1668b4b1,1,1,0,1,0,1,1,0,0,0,0,0,1,0,0,0
16886ee5,15,6,9,6,0,10,26,16,5,0,5,12,27,6,0,26
169fd162,3,3,0,1,2,2,4,2,2,0,2,1,4,1,0,12
16daec92,4,1,0,3,1,1,5,4,2,0,2,1,5,0,0,12
170eb35b,7,2,2,5,0,2,12,10,3,2,1,8,15,4,0,26
17145c90,11,8,7,4,0,6,8,2,3,2,1,5,16,16,0,27
17310a6c,2,2,2,0,0,0,2,2,2,0,2,0,2,0,0,3
173eb3cd,4,3,3,1,0,1,5,4,2,2,0,1,5,2,0,18
174651c8,6,3,2,4,0,3,8,5,2,1,1,3,9,9,0,20
176674ab,0,0,0,0,0,0,0,0,0,0,0,0,0,0,0,0
17695062,6,1,2,2,2,1,7,6,1,1,0,1,7,3,0,9
17780d2b,1,0,1,0,0,0,0,0,3,3,0,1,2,7,0,4
178ae8f8,0,0,0,0,0,0,12,12,1,0,1,3,3,2,0,15
17e3e467,1,1,1,0,0,0,0,0,0,0,0,1,2,0,0,3
1858bbf7,0,0,0,0,0,0,0,0,0,0,0,0,0,6,0,4
1880614f,0,0,0,0,0,0,0,0,0,0,0,1,1,0,0,9
189cee7b,4,3,1,3,0,1,4,3,2,0,2,1,5,1,0,6
1971591f,2,2,0,1,1,0,3,3,4,0,4,0,2,2,0,19
19f8e480,5,4,3,2,0,1,3,2,1,0,1,1,6,3,0,6
1a1033a1,10,10,3,5,2,3,12,9,10,0,10,4,14,0,0,15
1a317a1b,11,5,6,3,2,4,8,4,4,1,3,4,15,8,0,23
1a672e2d,4,2,2,1,1,2,7,5,1,0,1,0,4,2,1,15
1a6b7ea4,10,7,3,7,0,6,15,9,12,5,7,9,19,8,0,31
1a799243,10,7,6,3,1,2,4,2,4,0,4,4,14,1,0,18
1a9db1c5,2,1,0,2,0,2,4,2,0,0,0,0,2,4,0,4
1adb73db,1,1,0,1,0,0,2,2,1,1,0,0,1,4,0,4
1adcf39e,5,5,3,1,1,4,12,8,6,3,3,9,14,24,1,25
1ae836b1,3,2,0,2,1,1,4,3,1,0,1,2,5,3,0,5
1b17ed86,8,6,4,4,0,3,7,4,2,1,1,5,13,4,0,37
1b192c1f,17,13,8,9,0,14,32,18,9,2,7,9,26,21,0,41
1b7ddc55,0,0,0,0,0,0,0,0,0,0,0,1,1,0,0,2
1b7ec703,1,0,0,1,0,0,0,0,0,0,0,0,1,0,0,2
1b81794d,0,0,0,0,0,0,0,0,1,0,1,0,0,0,0,5
1bd5735a,2,1,1,1,0,0,0,0,2,0,2,1,3,1,0,12
1bd5fc78,3,2,1,2,0,1,2,1,1,1,0,1,4,6,0,9
1c0567fc,0,0,0,0,0,0,2,2,1,0,1,0,0,0,0,3
1c07b06e,3,2,0,3,0,0,3,3,4,1,3,8,11,4,0,20
1c59240b,8,5,3,5,0,4,17,13,10,0,10,5,13,1,0,28
1c90cd29,3,2,3,0,0,1,3,2,1,1,0,3,6,8,0,21
1c98558c,0,0,0,0,0,0,0,0,0,0,0,0,0,6,1,13
1caa93a5,0,0,0,0,0,0,0,0,1,0,1,0,0,4,1,9
1cbe4984,15,8,5,7,3,4,8,4,10,1,9,9,24,5,0,16
1d5cab82,6,2,5,1,0,2,6,4,3,1,2,1,7,2,0,15
1d896c05,5,0,2,3,0,4,6,2,2,0,2,1,6,2,0,6
1daec722,12,8,2,8,2,3,13,10,5,0,5,5,17,4,0,36
1dbfae2d,2,1,1,1,0,0,0,0,0,0,0,0,2,3,0,6
1e064bfb,0,0,0,0,0,0,0,0,0,0,0,0,0,0,0,1
1e26e376,0,0,0,0,0,0,0,0,0,0,0,0,0,3,1,18
1ec7e1c5,0,0,0,0,0,0,1,1,2,1,1,8,8,20,0,16
1eecc0c6,5,3,1,4,0,3,7,4,1,0,1,7,12,1,1,11
1f3afdcb,1,1,1,0,0,0,2,2,6,2,4,2,3,4,0,17
1fbbfbde,15,7,10,5,0,8,11,3,11,9,2,8,23,50,0,28
1fffae99,18,9,7,10,1,4,16,12,8,0,8,7,25,13,0,53
2054d037,3,1,3,0,0,1,1,0,2,0,2,0,3,2,0,10
2077ae86,1,1,0,1,0,0,0,0,1,1,0,1,2,3,0,8
20b9f052,0,0,0,0,0,0,0,0,0,0,0,0,0,10,0,15
20df3aaf,5,2,2,2,1,3,10,7,1,0,1,2,7,0,0,14
20e73fac,6,4,2,2,2,2,7,5,5,0,5,4,10,9,0,31
213cd822,0,0,0,0,0,0,1,1,0,0,0,0,0,2,1,10
21519148,19,12,9,8,2,11,16,5,7,2,5,7,26,6,0,44
215918bf,0,0,0,0,0,0,1,1,1,0,1,0,0,1,0,2
220ace7e,13,8,4,7,2,10,27,17,6,1,5,4,17,2,0,36
22a239c1,1,1,0,1,0,0,3,3,1,0,1,0,1,1,0,3
22a94b80,0,0,0,0,0,0,0,0,0,0,0,0,0,0,0,2
22cd43d2,0,0,0,0,0,0,0,0,0,0,0,0,0,0,0,0
22db7a5e,0,0,0,0,0,0,0,0,0,0,0,0,0,3,0,3
230f0471,0,0,0,0,0,0,0,0,0,0,0,0,0,0,0,0
23c5db70,5,3,0,3,2,2,5,3,1,0,1,0,5,0,0,8
23f9e9d3,0,0,0,0,0,0,0,0,1,1,0,0,0,0,0,2
2402b0e8,6,4,4,2,0,0,7,7,7,3,4,15,21,15,0,30
242e1043,9,5,5,3,1,3,7,4,4,2,2,3,12,5,0,19
244a1281,13,8,10,2,1,4,7,3,4,1,3,13,26,22,0,22
244a31b9,10,7,10,0,0,4,7,3,4,1,3,22,32,36,0,41
244f57b9,8,6,6,2,0,4,11,7,1,0,1,7,15,5,0,26
2475dcc6,0,0,0,0,0,0,1,1,1,0,1,0,0,1,0,5
24b98f95,3,2,1,1,1,3,6,3,1,0,1,0,3,4,0,2
2513a588,6,4,4,2,0,3,10,7,4,0,4,3,9,2,0,29
25146df0,5,4,3,2,0,2,6,4,3,2,1,11,16,16,0,44
25736bcf,0,0,0,0,0,0,0,0,5,5,0,1,1,4,0,3
258aff54,11,6,5,5,1,2,8,6,1,0,1,3,14,3,0,10
2628fd2b,0,0,0,0,0,0,0,0,0,0,0,0,0,0,0,3
262e5a82,4,4,2,2,0,2,6,4,2,0,2,2,6,0,0,9
2648e18f,2,2,0,2,0,1,3,2,1,0,1,1,3,1,0,12
2677a1de,5,5,1,4,0,1,1,0,2,1,1,2,7,0,0,9
2696b6a9,4,3,1,3,0,3,4,1,2,0,2,0,4,2,0,13
26a796c1,11,6,5,5,1,6,17,11,16,0,16,10,21,1,0,48
26ce2263,16,10,7,7,2,5,19,14,11,1,10,5,21,9,0,37
273c483b,0,0,0,0,0,0,0,0,1,0,1,0,0,0,0,0
275f52fc,0,0,0,0,0,0,0,0,0,0,0,0,0,0,0,0
276cce2e,4,3,3,1,0,2,2,0,4,1,3,4,8,12,0,28
27d902c8,0,0,0,0,0,0,0,0,0,0,0,0,0,2,0,6
27f0ddef,5,3,4,1,0,5,5,0,6,5,1,7,12,30,0,18
27ff9bdb,3,1,2,1,0,1,4,3,0,0,0,0,3,1,1,10
282faa70,2,1,0,2,0,1,6,5,3,1,2,3,5,2,0,19
28a65a2c,0,0,0,0,0,0,0,0,0,0,0,0,0,2,0,4
28b1f3ce,17,9,6,9,2,8,20,12,15,0,15,4,21,3,0,42
28b76e67,10,6,2,8,0,4,17,13,10,0,10,9,19,4,0,40
28eea0fc,9,6,4,4,1,3,6,3,2,0,2,7,16,6,0,19
2903a856,7,5,7,0,0,4,11,7,3,1,2,2,9,3,0,22
2928dca2,6,4,4,2,0,3,5,2,9,7,2,8,14,24,0,52
292a652a,4,2,3,1,0,2,4,2,7,5,2,7,11,16,0,18
29733c72,4,2,3,0,1,1,8,7,3,0,3,2,6,1,0,29
2a0c8ba4,11,6,1,7,3,6,17,11,6,0,6,9,20,4,0,57
2a5fab54,0,0,0,0,0,0,0,0,0,0,0,0,0,0,0,0
2a6cd437,2,2,2,0,0,1,2,1,1,1,0,2,4,1,0,8
2b53f7a5,0,0,0,0,0,0,3,3,1,0,1,3,3,2,0,9
2b65fe46,0,0,0,0,0,0,0,0,1,0,1,0,0,0,0,0
2bab583c,8,8,5,3,0,1,6,5,8,5,3,4,12,24,0,17
2baec6ce,2,1,0,2,0,1,1,0,3,1,2,2,4,7,0,16
2bea06e0,0,0,0,0,0,0,0,0,0,0,0,0,0,2,1,2
2c0f8e9e,2,1,1,1,0,1,7,6,2,0,2,4,6,0,0,11
2c44a35d,2,1,1,1,0,0,6,6,2,0,2,0,2,0,0,2
2cb77ec6,8,3,6,1,1,3,3,0,6,4,2,6,14,19,0,13
2cbb3202,8,5,4,3,1,2,9,7,8,0,8,2,10,1,0,21
2d49b833,10,5,6,2,2,4,9,5,2,2,0,4,14,16,0,14
2d7d4acc,7,2,7,0,0,5,9,4,3,2,1,6,13,12,0,22
2e5e846d,2,0,0,0,2,0,0,0,0,0,0,1,3,3,0,10
2ebc1b44,6,4,2,3,1,2,9,7,4,0,4,6,12,1,0,21
2ef7c612,2,1,1,0,1,2,2,0,2,2,0,0,2,1,0,2
2f52874b,15,7,8,5,2,12,23,11,5,1,4,4,19,14,0,31
2f7af524,13,10,4,8,1,4,7,3,7,3,4,12,25,18,0,40
2f8e326a,12,3,7,5,0,3,13,10,12,1,11,1,13,12,0,25
30061f53,0,0,0,0,0,0,0,0,0,0,0,0,0,1,1,8
301b1e4c,0,0,0,0,0,0,1,1,0,0,0,1,1,0,0,0
30223b33,0,0,0,0,0,0,0,0,0,0,0,0,0,2,0,2
30263816,0,0,0,0,0,0,0,0,0,0,0,0,0,0,0,1
303636d2,0,0,0,0,0,0,2,2,0,0,0,0,0,3,0,5
3046fcff,0,0,0,0,0,0,2,2,2,2,0,3,3,8,0,8
3060f38c,9,5,4,3,2,4,12,8,3,0,3,5,14,16,0,18
30643ce2,3,2,2,0,1,1,2,1,1,0,1,0,3,1,1,6
3098c0df,4,3,0,4,0,0,1,1,3,0,3,1,5,1,0,3
30c220c3,5,2,4,1,0,2,3,1,2,0,2,2,7,2,0,12
30d4a2e5,8,4,4,3,1,3,6,3,5,0,5,12,20,8,0,43
30d75bfb,8,5,5,2,1,4,4,0,4,0,4,1,9,4,0,12
30f5ffa9,0,0,0,0,0,0,0,0,0,0,0,0,0,1,0,0
31114001,4,3,2,2,0,2,3,1,3,1,2,3,7,2,0,16
314a0ea4,8,7,4,3,1,4,18,14,4,0,4,4,12,1,0,25
316de854,10,7,3,6,1,2,9,7,5,0,5,4,14,1,0,30
31c01b85,12,9,4,5,3,8,11,3,5,2,3,8,20,5,0,33
31c69ef1,4,1,2,2,0,3,3,0,1,0,1,1,5,3,1,7
31e3ab68,0,0,0,0,0,0,0,0,0,0,0,0,0,0,0,0
31faf295,7,3,4,2,1,2,3,1,1,0,1,3,10,10,0,16
328f7d51,7,4,4,2,1,0,3,3,4,0,4,2,9,0,1,31
32c016f8,7,2,4,2,1,1,5,4,3,0,3,1,8,2,0,16
32e73151,9,5,2,6,1,3,11,8,6,0,6,9,18,1,0,26
32e7ce92,1,1,1,0,0,1,1,0,0,0,0,0,1,2,1,14
32f60ed8,2,0,0,2,0,1,5,4,1,0,1,5,7,1,0,19
3318286e,0,0,0,0,0,0,0,0,0,0,0,0,0,2,0,0
3353737a,9,7,4,4,1,5,6,1,6,2,4,12,21,10,0,23
33887998,1,1,1,0,0,0,0,0,0,0,0,0,1,1,1,4
339fe0e8,0,0,0,0,0,0,0,0,0,0,0,0,0,1,1,6
33b11df6,7,4,4,2,1,4,10,6,6,0,6,1,8,1,0,35
33b8d077,5,4,0,4,1,3,8,5,1,1,0,7,12,4,0,26
3423f250,5,3,1,2,2,2,8,6,6,0,6,5,10,2,0,12
34269bdf,8,5,4,4,0,3,11,8,4,0,4,5,13,7,0,19
346d51d9,2,1,1,1,0,1,5,4,0,0,0,1,3,1,0,2
34a88e3e,5,4,0,3,2,0,4,4,2,0,2,2,7,2,0,12
34b54da7,3,1,1,2,0,2,2,0,4,3,1,5,8,9,0,11
34c3b935,0,0,0,0,0,0,1,1,0,0,0,0,0,1,2,9
34caa4b3,4,1,1,1,2,1,12,11,9,0,9,2,6,3,0,27
350e71a0,4,2,0,2,2,1,4,3,4,1,3,2,6,3,0,4
35141f4c,7,4,5,2,0,3,7,4,3,1,2,8,15,15,0,28
352ca5eb,3,2,1,2,0,1,3,2,1,0,1,2,5,4,0,13
356c9002,0,0,0,0,0,0,0,0,0,0,0,0,0,0,0,1
35bd124a,4,3,2,2,0,4,7,3,2,2,0,1,5,2,0,9
3626daea,11,7,8,3,0,6,13,7,10,1,9,9,20,17,0,48
366f6f12,3,3,2,1,0,2,2,0,6,5,1,1,4,6,1,17
36a59ba4,4,4,0,3,1,3,8,5,3,1,2,3,7,3,1,27
36a79857,3,2,0,1,2,1,7,6,1,0,1,3,6,1,0,22
36d836c9,10,6,6,4,0,5,7,2,3,0,3,6,16,8,0,15
36d9dabe,0,0,0,0,0,0,1,1,0,0,0,0,0,0,0,0
36f19a65,0,0,0,0,0,0,0,0,1,0,1,0,0,0,0,1
3767b3b7,12,6,11,1,0,5,6,1,7,5,2,3,15,14,0,32
378825c7,5,3,1,4,0,2,5,3,4,2,2,4,9,10,0,20
379652be,3,1,0,3,0,1,7,6,1,0,1,1,4,2,0,22
379dc075,6,2,1,3,2,0,4,4,2,0,2,2,8,0,0,13
37e103f8,0,0,0,0,0,0,3,3,1,0,1,0,0,0,0,4
37f827ec,2,1,1,1,0,2,2,0,0,0,0,4,6,16,0,16
37faa4cb,0,0,0,0,0,0,1,1,1,0,1,0,0,0,0,6
3814b753,0,0,0,0,0,0,0,0,0,0,0,0,0,1,0,6
384d58d9,18,14,8,8,2,12,19,7,9,2,7,11,29,5,0,55
389f24bf,2,0,0,2,0,1,1,0,2,0,2,0,2,2,0,5
38e78902,0,0,0,0,0,0,0,0,0,0,0,0,0,0,0,1
3904e745,14,9,8,5,1,10,18,8,5,0,5,8,22,16,0,51
392a7aea,2,0,0,2,0,1,7,6,4,1,3,2,4,2,0,7
3935e52e,6,3,5,1,0,2,2,0,1,0,1,0,6,2,0,4
3a233281,1,0,1,0,0,1,4,3,1,0,1,0,1,0,0,5
3acadb7f,0,0,0,0,0,0,0,0,0,0,0,0,0,1,0,1
3bb7f478,7,6,1,6,0,3,7,4,5,1,4,1,8,7,0,17
3c16d927,6,5,4,2,0,3,11,8,4,0,4,4,10,2,0,27
3c70fb81,17,10,5,12,0,6,13,7,5,0,5,6,23,12,0,22
3cb6f224,8,3,1,4,3,2,11,9,6,1,5,1,9,7,0,22
3cdfc63e,3,2,3,0,0,3,4,1,9,9,0,8,11,27,0,21
3ce20eda,0,0,0,0,0,0,1,1,0,0,0,2,2,3,0,4
3cefa66a,9,5,5,3,1,3,11,8,6,2,4,5,14,9,0,32
3d022757,0,0,0,0,0,0,0,0,1,0,1,2,2,3,0,6
3d13d9e4,0,0,0,0,0,0,0,0,1,1,0,1,1,0,0,2
3d214e5f,0,0,0,0,0,0,0,0,0,0,0,0,0,1,0,4
3d2320f7,6,3,2,2,2,2,3,1,5,2,3,5,11,6,0,24
3da8cba0,0,0,0,0,0,0,0,0,0,0,0,0,0,0,0,0
3e59d360,1,0,1,0,0,1,2,1,2,0,2,0,1,1,0,2
3e975352,8,6,2,5,1,5,7,2,1,0,1,0,8,1,0,16
3ed84b2c,0,0,0,0,0,0,1,1,1,0,1,1,1,0,0,7
3effaa34,1,1,0,0,1,0,4,4,2,0,2,1,2,4,0,22
3f10bd22,4,2,4,0,0,2,7,5,1,0,1,8,12,12,0,29
3f2d59fe,9,6,5,4,0,3,6,3,5,4,1,12,21,29,0,23
3f359b33,4,2,3,1,0,2,2,0,6,6,0,13,17,17,0,24
3fa66cb2,3,3,3,0,0,2,4,2,1,1,0,1,4,3,0,2
4030c7ae,0,0,0,0,0,0,0,0,0,0,0,0,0,5,0,10
4037db79,15,8,8,7,0,10,18,8,4,1,3,15,30,15,0,67
403f5d20,5,3,3,0,2,2,4,2,0,0,0,1,6,5,0,7
40ca6712,4,4,3,0,1,0,2,2,3,0,3,1,5,1,0,12
40e236a8,1,0,1,0,0,1,1,0,1,0,1,0,1,0,0,2
40ef7347,3,2,1,2,0,1,4,3,0,0,0,1,4,3,0,7
418befe0,12,7,6,5,1,5,9,4,5,1,4,10,22,8,0,28
41b3069f,13,6,8,4,1,6,11,5,3,1,2,8,21,8,0,31
41c12f75,19,13,8,8,3,5,10,5,12,1,11,6,25,8,0,32
41c7bfd7,1,1,1,0,0,0,1,1,0,0,0,1,2,0,0,3
41f32541,18,4,8,9,1,10,13,3,3,1,2,3,21,8,0,32
41ff002d,0,0,0,0,0,0,2,2,0,0,0,0,0,1,0,1
420c18a1,0,0,0,0,0,0,0,0,0,0,0,0,0,2,1,11
4242011c,0,0,0,0,0,0,0,0,4,1,3,6,6,6,0,12
424d5f72,9,6,5,4,0,2,2,0,0,0,0,1,10,4,0,12
4253363a,0,0,0,0,0,0,1,1,1,0,1,0,0,4,0,4
42ec696a,1,0,1,0,0,1,2,1,0,0,0,0,1,1,1,8
4383b0da,1,0,0,0,1,1,3,2,2,1,1,1,2,4,0,7
438ae11e,8,7,4,2,2,4,10,6,2,2,0,8,16,2,0,28
4398b5cb,3,1,2,1,0,1,1,0,1,1,0,0,3,8,0,5
43f71e77,1,1,1,0,0,1,3,2,2,0,2,0,1,1,0,10
441197b8,4,4,2,0,2,2,3,1,7,2,5,7,11,16,1,24
4431aed2,1,1,0,0,1,1,1,0,1,0,1,0,1,1,0,6
447837d1,6,3,4,1,1,5,11,6,1,0,1,0,6,1,1,29
44ac04e9,1,1,0,0,1,1,4,3,1,0,1,0,1,2,0,5
44b49036,0,0,0,0,0,0,0,0,0,0,0,0,0,0,0,1
44bfb6c5,11,5,2,8,1,3,10,7,11,2,9,18,29,4,0,65
44eb9093,6,3,3,2,1,3,11,8,5,0,5,7,13,6,0,18
450ad405,29,20,19,10,0,16,26,10,9,2,7,29,58,29,1,61
4515f00d,2,1,0,2,0,0,3,3,2,0,2,1,3,0,0,2
4574720b,3,2,0,1,2,0,1,1,2,0,2,0,3,3,0,6
45954ec7,9,6,7,2,0,3,7,4,8,4,4,22,31,18,0,48
45b9b619,0,0,0,0,0,0,0,0,1,0,1,0,0,2,0,1
45e11f7e,2,2,2,0,0,2,3,1,3,2,1,7,9,25,0,24
467bae22,12,11,5,5,2,4,7,3,5,0,5,3,15,2,0,30
468fdbad,5,5,2,3,0,4,7,3,1,1,0,3,8,1,0,15
469d3d84,1,1,1,0,0,0,0,0,1,0,1,0,1,0,0,0
46e58246,6,3,6,0,0,3,10,7,4,1,3,3,9,9,0,27
46ff3923,1,1,1,0,0,0,2,2,2,2,0,1,2,13,0,9
4760b2f2,8,7,7,1,0,3,8,5,9,8,1,17,25,40,0,33
47a0b54d,4,3,4,0,0,2,5,3,3,3,0,6,10,16,0,33
47a34c4f,5,4,1,4,0,1,2,1,1,0,1,7,12,4,0,36
47dc80f5,5,3,2,3,0,2,8,6,2,0,2,3,8,0,0,17
48035304,17,12,9,8,0,7,8,1,7,3,4,12,29,16,0,42
481c9ece,20,11,16,4,0,9,15,6,4,3,1,10,30,17,0,28
482e9289,1,0,1,0,0,1,6,5,4,3,1,5,6,9,0,22
485eaf31,5,5,3,1,1,3,6,3,3,2,1,15,20,10,0,45
489e80e3,5,4,4,1,0,1,2,1,2,1,1,0,5,0,0,21
48a2b92a,15,11,6,6,3,6,16,10,7,0,7,9,24,6,0,26
48a5a5d6,13,7,5,4,4,2,16,14,4,0,4,1,14,2,0,20
48b28bfd,5,4,1,3,1,1,4,3,1,0,1,4,9,4,0,9
48e89655,2,2,1,1,0,0,2,2,0,0,0,0,2,0,0,4
48f984b4,0,0,0,0,0,0,0,0,0,0,0,0,0,0,0,0
4914ed4a,2,1,1,0,1,0,0,0,0,0,0,0,2,3,0,4
493924a7,13,8,7,3,3,6,7,1,5,0,5,5,18,6,0,22
496aeede,6,3,1,4,1,0,8,8,6,0,6,3,9,2,0,22
49e9d799,6,2,0,5,1,0,5,5,3,1,2,1,7,4,0,19
4a1a9578,5,3,3,2,0,1,9,8,6,0,6,3,8,2,0,25
4a1abff3,7,5,4,2,1,4,12,8,3,0,3,1,8,0,0,28
4a537185,1,0,0,0,1,0,2,2,2,0,2,1,2,0,0,4
4a56052c,4,1,2,2,0,2,19,17,2,0,2,6,10,5,0,40
4a5a45c7,6,3,1,3,2,0,4,4,0,0,0,0,6,1,0,6
4a895384,0,0,0,0,0,0,3,3,2,1,1,6,6,11,2,14
4aea5077,8,6,2,5,1,4,11,7,8,1,7,7,15,8,0,25
4b1793b0,0,0,0,0,0,0,0,0,0,0,0,0,0,0,0,2
4b2ad4b1,10,6,5,4,1,5,6,1,3,0,3,10,20,7,0,31
4b3c863f,3,1,2,1,0,0,4,4,2,2,0,2,5,7,0,10
4b803b3c,3,1,2,1,0,1,1,0,4,1,3,1,4,10,0,2
4be0b467,0,0,0,0,0,0,0,0,0,0,0,0,0,0,0,0
4c07f0e8,15,11,11,3,1,8,12,4,2,0,2,7,22,11,0,40
4c3a6744,6,4,1,5,0,1,6,5,4,1,3,4,10,1,0,22
4c45cdc2,2,2,0,2,0,1,1,0,0,0,0,0,2,0,0,2
4c6facae,29,16,9,17,3,10,21,11,6,0,6,14,43,4,1,64
4c78b5ed,11,9,4,7,0,3,3,0,5,1,4,6,17,4,1,21
4ca4f601,0,0,0,0,0,0,0,0,0,0,0,0,0,0,0,1
4d0eb7d2,2,2,1,1,0,1,5,4,1,0,1,2,4,1,0,10
4d1666ff,7,7,3,4,0,4,5,1,6,5,1,7,14,19,0,45
4d425e6e,21,12,10,10,1,9,21,12,5,1,4,3,24,4,0,32
4d8cf390,6,4,1,3,2,2,5,3,4,0,4,1,7,2,0,6
4d982baf,1,0,0,1,0,1,2,1,2,0,2,3,4,2,0,9
4da9191b,4,4,4,0,0,3,10,7,5,2,3,11,15,9,0,63
4e015693,6,2,2,4,0,1,6,5,1,0,1,6,12,2,0,15
4e219ad2,2,0,1,0,1,2,8,6,2,1,1,1,3,1,0,17
4e358a2d,12,7,8,3,1,8,12,4,6,5,1,11,23,15,0,43
4e6dbac4,10,6,6,4,0,1,5,4,2,0,2,5,15,6,0,34
4f56170e,1,1,1,0,0,1,2,1,0,0,0,1,2,12,0,15
4f5a953e,8,4,7,1,0,2,8,6,13,8,5,3,11,16,1,27
4f8ce0e1,0,0,0,0,0,0,0,0,0,0,0,0,0,3,0,3
4fc7c059,1,0,1,0,0,1,1,0,0,0,0,2,3,4,0,7
4fe7e935,2,2,0,1,1,0,4,4,2,0,2,2,4,3,0,10
501055d8,0,0,0,0,0,0,0,0,1,0,1,0,0,0,0,5
5042e5c2,0,0,0,0,0,0,0,0,0,0,0,0,0,2,0,0
505d9778,1,1,1,0,0,0,2,2,1,1,0,3,4,1,0,6
507c7bdf,14,10,4,8,2,6,16,10,9,2,7,6,20,6,1,46
50d85cd8,7,4,4,3,0,4,13,9,6,3,3,8,15,23,2,34
50dc94ce,4,2,2,2,0,2,3,1,2,1,1,2,6,0,0,8
50e73475,1,1,1,0,0,1,2,1,1,1,0,3,4,7,0,3
50f823d3,0,0,0,0,0,0,1,1,2,0,2,0,0,0,0,1
518918ad,6,6,5,1,0,1,14,13,10,2,8,8,14,7,0,79
520c318f,5,3,0,5,0,0,2,2,6,1,5,2,7,2,0,13
52611641,5,4,3,2,0,1,4,3,6,3,3,5,10,3,0,26
526541e5,11,4,7,4,0,6,7,1,10,7,3,12,23,14,1,28
5294a83f,3,2,1,1,1,2,6,4,0,0,0,0,3,2,0,19
52e101a8,8,7,6,2,0,3,6,3,6,6,0,8,16,25,0,34
53070b63,1,1,1,0,0,1,1,0,0,0,0,1,2,0,0,1
532aa911,0,0,0,0,0,0,0,0,1,1,0,1,1,2,0,7
539230cf,2,0,1,1,0,1,3,2,4,2,2,2,4,8,0,7
546bb36e,5,1,2,2,1,2,9,7,3,1,2,2,7,1,0,21
54771b10,13,7,10,2,1,6,9,3,7,4,3,6,19,13,0,37
54b4dc4e,9,6,4,3,2,5,15,10,4,1,3,1,10,3,0,25
54bcdeb0,1,1,0,1,0,0,3,3,0,0,0,0,1,0,0,1
54c9ed15,11,3,6,3,2,9,14,5,6,6,0,6,17,20,0,23
54f5ce34,2,1,2,0,0,0,0,0,0,0,0,4,6,4,0,2
5529e983,5,4,3,1,1,2,3,1,3,2,1,1,6,3,0,11
555d5edd,2,0,1,1,0,2,8,6,2,0,2,2,4,4,0,24
55a480e4,3,2,1,2,0,2,5,3,1,0,1,0,3,0,0,4
55abe554,5,2,4,1,0,3,5,2,2,0,2,6,11,2,0,18
55ae91f0,1,1,1,0,0,1,2,1,0,0,0,0,1,1,0,2
55bd7d45,0,0,0,0,0,0,0,0,0,0,0,0,0,0,0,2
56413b1f,5,5,2,3,0,1,6,5,2,1,1,4,9,0,0,20
565bf0da,18,8,15,3,0,13,31,18,10,4,6,12,30,23,1,45
56f6f826,6,5,3,3,0,4,7,3,6,4,2,6,12,73,1,40
571d3ac1,11,7,6,5,0,6,14,8,6,3,3,6,17,8,0,34
572498c7,6,4,3,1,2,4,9,5,8,3,5,6,12,7,0,29
57760e66,5,2,3,2,0,3,8,5,1,0,1,5,10,1,0,16
57ae16f4,6,4,2,3,1,3,7,4,5,1,4,3,9,0,0,11
57e3f0c7,7,4,2,3,2,2,4,2,1,0,1,0,7,1,0,17
580bcd18,2,1,1,1,0,0,2,2,3,1,2,2,4,3,0,8
58797f45,0,0,0,0,0,0,0,0,0,0,0,0,0,0,0,0
588de166,8,6,5,2,1,3,6,3,4,0,4,2,10,2,0,21
58a9a4d9,6,3,0,4,2,0,3,3,2,0,2,2,8,0,0,20
58afe001,15,9,5,8,2,3,10,7,7,0,7,14,29,4,0,28
58dda688,7,5,5,2,0,5,8,3,4,1,3,10,17,11,1,24
58eee997,8,5,4,2,2,2,7,5,0,0,0,1,9,1,0,25
5906ab00,0,0,0,0,0,0,0,0,2,0,2,4,4,1,0,6
593bf50d,6,5,4,2,0,4,6,2,4,2,2,7,13,16,1,27
595ccab1,0,0,0,0,0,0,0,0,0,0,0,0,0,0,0,1
5976f83e,3,1,2,1,0,1,3,2,1,0,1,1,4,7,0,13
59a3efba,3,2,3,0,0,1,4,3,2,0,2,3,6,1,0,13
59a7d912,3,2,1,1,1,0,11,11,7,0,7,2,5,2,0,24
59fd245c,0,0,0,0,0,0,1,1,1,0,1,0,0,0,0,1
5a28b2d9,5,4,2,3,0,2,4,2,11,8,3,11,16,32,0,44
5a48195c,15,9,10,4,1,11,17,6,5,2,3,5,20,16,1,25
5a7301ae,13,7,9,1,3,10,17,7,11,3,8,9,22,17,0,37
5aa53281,12,6,8,4,0,4,11,7,4,2,2,16,28,20,1,41
5ad141cb,12,7,5,4,3,7,31,24,11,0,11,9,21,4,0,62
5af687a1,0,0,0,0,0,0,0,0,0,0,0,0,0,0,0,0
5b3d1a7a,4,4,1,2,1,1,9,8,10,1,9,5,9,8,0,34
5b479568,2,2,0,1,1,0,2,2,4,0,4,0,2,3,0,10
5b887c7a,7,7,5,2,0,3,3,0,3,3,0,5,12,16,1,12
5bfb7572,0,0,0,0,0,0,0,0,0,0,0,0,0,0,0,0
5c4f0f49,3,2,2,1,0,1,4,3,11,6,5,15,18,25,0,12
5c6ba09a,7,4,6,0,1,6,9,3,2,1,1,10,17,7,0,43
5c961282,17,13,12,4,1,11,21,10,9,3,6,8,25,19,0,40
5c9ac7f0,2,1,0,2,0,0,5,5,3,1,2,1,3,0,0,8
5caa62a7,1,0,1,0,0,0,2,2,6,0,6,3,4,0,0,25
5d5219b1,2,1,0,2,0,1,6,5,3,0,3,0,2,0,0,14
5da33b33,5,4,4,1,0,1,3,2,3,0,3,1,6,0,0,21
5ddb8f9f,8,3,1,5,2,1,6,5,2,0,2,3,11,9,1,29
5e1028e5,2,2,2,0,0,1,2,1,1,0,1,1,3,1,0,6
5e74d6c8,17,12,12,4,1,9,15,6,10,2,8,10,27,14,0,65
5e91ddf8,0,0,0,0,0,0,0,0,0,0,0,1,1,2,1,8
5e9fa5c9,11,6,8,3,0,6,12,6,2,1,1,13,24,10,0,28
5ea8ef20,8,3,4,3,1,3,14,11,3,2,1,6,14,6,0,36
5eae500a,1,0,0,0,1,0,0,0,1,0,1,0,1,3,0,9
5eb3130f,0,0,0,0,0,0,0,0,0,0,0,0,0,0,0,0
5eebbfdf,3,3,0,3,0,0,5,5,5,0,5,3,6,2,0,31
5f26e0c5,4,2,3,1,0,3,5,2,3,0,3,4,8,4,0,15
5f4ce4b6,11,6,2,8,1,4,8,4,4,0,4,5,16,2,0,28
5faa73aa,2,1,1,1,0,0,1,1,6,0,6,1,3,3,0,16
5fcb90ac,7,5,5,2,0,2,3,1,4,0,4,2,9,8,0,14
6043997c,2,2,2,0,0,1,1,0,0,0,0,3,5,7,0,8
60c07b31,5,3,5,0,0,1,2,1,9,7,2,7,12,16,1,13
60db2f9b,5,4,2,3,0,2,7,5,2,0,2,3,8,2,0,25
60fd5334,0,0,0,0,0,0,1,1,1,0,1,3,3,2,0,10
614f69aa,13,8,4,6,3,7,16,9,3,1,2,8,21,10,0,25
62ab9184,9,5,0,8,1,1,9,8,7,2,5,7,16,3,0,26
6388e356,0,0,0,0,0,0,1,1,1,0,1,1,1,5,0,16
63b9cc6d,2,1,0,0,2,0,0,0,0,0,0,0,2,0,0,1
63c3659d,5,2,3,2,0,1,2,1,10,6,4,11,16,40,0,22
6438d426,1,0,0,1,0,0,0,0,0,0,0,0,1,0,0,3
645a3363,2,0,0,0,2,0,4,4,2,0,2,1,3,1,0,7
64f69877,3,2,2,1,0,1,4,3,3,0,3,0,3,0,0,8
654600fd,0,0,0,0,0,0,1,1,2,0,2,1,1,0,0,7
6554bb97,5,3,2,2,1,4,6,2,4,0,4,2,7,1,0,35
65553d96,3,0,0,3,0,1,3,2,0,0,0,1,4,0,0,8
65ad4d98,5,2,2,3,0,4,4,0,8,6,2,13,18,24,0,26
65bbfba3,0,0,0,0,0,0,4,4,6,3,3,4,4,7,0,17
6603fed7,7,3,2,3,2,1,5,4,4,1,3,0,7,5,0,35
6622454d,1,1,1,0,0,0,2,2,0,0,0,2,3,1,0,7
6639e500,9,4,2,6,1,6,10,4,0,0,0,2,11,0,0,13
6747869d,1,1,0,1,0,0,2,2,2,0,2,0,1,1,0,10
675b0427,9,6,8,0,1,6,8,2,10,7,3,9,18,27,1,24
67f0703d,8,5,6,2,0,1,3,2,1,0,1,11,19,14,0,19
6800f515,4,2,1,3,0,1,8,7,7,3,4,9,13,3,0,58
685857dc,4,3,2,2,0,0,6,6,8,2,6,12,16,7,0,43
68635c10,18,12,15,3,0,10,15,5,6,5,1,7,25,28,1,29
686cbe7d,9,5,0,4,5,3,9,6,3,0,3,0,9,0,0,12
689c9cf4,11,8,8,3,0,5,5,0,7,3,4,8,19,13,0,37
68dc0dac,9,7,4,2,3,2,11,9,6,0,6,6,15,2,0,25
691bef82,9,4,6,3,0,4,9,5,2,1,1,4,13,1,0,23
6922f806,1,1,0,1,0,0,1,1,0,0,0,0,1,2,0,6
6928979a,12,6,8,3,1,3,10,7,6,1,5,6,18,4,0,25
69374ff5,1,1,1,0,0,1,6,5,3,0,3,4,5,1,0,5
6956ff08,0,0,0,0,0,0,0,0,1,1,0,0,0,0,0,1
6993fcc8,6,2,2,3,1,2,6,4,9,2,7,9,15,6,0,15
69986380,0,0,0,0,0,0,0,0,0,0,0,0,0,0,0,1
69cbc8b6,0,0,0,0,0,0,0,0,2,1,1,3,3,8,0,3
6b08d120,0,0,0,0,0,0,0,0,0,0,0,0,0,0,0,0
6b200d45,6,3,4,2,0,2,5,3,3,2,1,7,13,20,0,23
6b6c793c,10,7,6,3,1,6,9,3,6,1,5,3,13,11,0,16
6b6cbca4,1,0,1,0,0,1,1,0,5,3,2,1,2,4,0,6
6b767188,1,1,0,1,0,1,5,4,2,0,2,4,5,0,0,11
6b85f966,24,15,9,8,7,8,27,19,9,1,8,6,30,9,0,58
6b915aa1,5,3,2,3,0,1,4,3,1,0,1,4,9,2,0,12
6bd05d38,0,0,0,0,0,0,0,0,0,0,0,0,0,0,0,1
6bd5cd5d,11,6,8,3,0,8,17,9,9,6,3,6,17,24,0,51
6be41a31,0,0,0,0,0,0,1,1,1,0,1,0,0,0,0,2
6bfaecc4,0,0,0,0,0,0,0,0,0,0,0,0,0,0,1,1
6bfb4303,8,3,2,6,0,4,8,4,5,0,5,3,11,4,0,25
6bff8a73,8,6,7,1,0,3,3,0,2,2,0,9,17,22,0,31
6c8ddd52,7,3,5,2,0,5,6,1,4,0,4,5,12,5,0,16
6cbf8d0d,1,0,0,0,1,0,0,0,2,0,2,2,3,0,0,5
6dce77a5,7,4,3,3,1,0,9,9,2,0,2,7,14,14,0,30
6e240751,1,1,1,0,0,0,1,1,0,0,0,0,1,0,3,4
6e269dd3,3,2,1,1,1,1,7,6,6,0,6,1,4,2,0,2
6ea23758,3,0,2,1,0,2,2,0,1,1,0,4,7,2,0,4
6ec1ddf1,5,3,1,3,1,3,6,3,1,0,1,5,10,3,0,19
6f1721f0,4,2,1,0,3,0,0,0,2,0,2,0,4,0,0,12
6f4cf369,4,1,2,2,0,1,5,4,7,3,4,8,12,11,0,27
6f8cd6d0,6,2,2,2,2,1,4,3,4,0,4,1,7,3,0,16
6fd8a334,1,1,1,0,0,0,0,0,4,2,2,3,4,3,0,6
6fdac234,2,2,2,0,0,0,4,4,4,2,2,1,3,0,0,12
6fe5c35b,1,0,1,0,0,1,2,1,0,0,0,0,1,3,2,16
6ff8ef56,2,0,0,2,0,0,1,1,3,0,3,5,7,2,0,6
7091324a,0,0,0,0,0,0,0,0,1,0,1,1,1,0,0,4
70c52749,17,8,11,6,0,7,14,7,5,1,4,6,23,12,0,42
70cb75ae,4,3,1,3,0,3,8,5,0,0,0,2,6,1,0,6
70cf63ca,1,0,0,1,0,1,4,3,1,0,1,1,2,1,0,3
71115017,4,3,1,3,0,0,3,3,1,0,1,1,5,1,0,4
7120a04d,1,1,0,1,0,1,6,5,2,0,2,1,2,0,0,9
712dd708,14,9,7,5,2,11,19,8,7,1,6,16,30,23,0,54
713c144a,5,4,2,3,0,5,11,6,3,2,1,4,9,3,0,26
715e5b0e,2,2,0,1,1,0,0,0,1,0,1,1,3,1,0,4
715fc0fe,10,6,6,4,0,2,6,4,6,1,5,1,11,1,0,30
71d5ca31,5,4,2,3,0,2,3,1,4,4,0,2,7,16,0,28
723ba189,0,0,0,0,0,0,1,1,0,0,0,0,0,0,0,2
7272a72a,3,2,1,2,0,0,6,6,2,0,2,1,4,2,0,24
73000a79,11,6,4,6,1,6,9,3,4,3,1,9,20,1,0,37
7304f3b1,1,1,1,0,0,0,1,1,0,0,0,0,1,1,0,1
731302dc,0,0,0,0,0,0,0,0,0,0,0,0,0,0,0,0
733e7ad8,3,2,2,1,0,1,3,2,5,1,4,2,5,3,0,13
7352dca8,8,6,1,5,2,3,7,4,4,0,4,5,13,4,0,23
73683fa9,0,0,0,0,0,0,0,0,0,0,0,0,0,2,0,8
740a0e28,10,2,8,1,1,2,4,2,4,2,2,5,15,9,0,19
741275f5,0,0,0,0,0,0,0,0,0,0,0,0,0,0,0,0
74223a01,8,4,6,2,0,2,4,2,5,3,2,14,22,17,0,24
74288db0,2,1,2,0,0,1,1,0,0,0,0,0,2,0,0,6
742a4995,6,4,3,2,1,2,7,5,2,1,1,4,10,4,1,11
74419746,0,0,0,0,0,0,0,0,0,0,0,0,0,0,0,3
746fec7d,0,0,0,0,0,0,0,0,0,0,0,0,0,0,0,1
74733221,0,0,0,0,0,0,0,0,0,0,0,0,0,1,0,6
7483d9f9,3,0,0,3,0,2,4,2,1,0,1,4,7,1,0,9
74ced675,27,14,17,10,0,14,26,12,3,0,3,9,36,12,0,38
74f2e748,1,0,0,1,0,0,3,3,0,0,0,0,1,1,0,3
75229233,4,3,1,3,0,2,9,7,7,3,4,11,15,3,0,42
754bc99d,8,2,5,2,1,5,12,7,6,2,4,1,9,19,0,25
7586ae9b,1,1,0,1,0,0,0,0,0,0,0,1,2,2,0,3
75b86fb3,5,3,4,1,0,5,6,1,4,3,1,5,10,12,0,21
760be9fa,6,5,2,4,0,2,3,1,2,1,1,2,8,19,0,18
762179d9,21,13,9,8,4,6,21,15,7,1,6,20,41,4,0,64
76864df8,3,1,3,0,0,1,2,1,1,0,1,0,3,0,0,3
768b28d0,8,4,3,5,0,2,9,7,0,0,0,5,13,8,0,14
76c131da,1,0,0,0,1,1,1,0,0,0,0,1,2,0,0,2
76ecfb22,10,8,5,4,1,5,9,4,7,2,5,8,18,9,0,41
770ebf00,5,2,4,1,0,1,3,2,4,0,4,7,12,2,0,23
7713c72a,1,1,0,1,0,1,1,0,2,1,1,0,1,5,0,1
771d74d1,4,3,1,2,1,0,0,0,4,1,3,1,5,0,0,21
77c9e37c,0,0,0,0,0,0,0,0,0,0,0,0,0,0,0,0
77e39b04,6,4,2,2,2,3,7,4,6,0,6,3,9,7,0,15
78a3c38e,0,0,0,0,0,0,3,3,1,1,0,2,2,8,0,10
79019bf4,0,0,0,0,0,0,1,1,0,0,0,0,0,0,0,0
79083382,2,2,2,0,0,1,1,0,3,2,1,3,5,2,0,2
79135368,12,8,7,5,0,2,7,5,1,0,1,6,18,2,0,39
791af558,4,3,3,0,1,1,1,0,1,0,1,2,6,0,0,6
79370f8c,8,5,2,6,0,5,12,7,1,0,1,9,17,2,0,36
7956236f,0,0,0,0,0,0,0,0,0,0,0,1,1,3,0,5
79b0d6a0,0,0,0,0,0,0,0,0,0,0,0,1,1,0,1,7
79c536d7,0,0,0,0,0,0,0,0,0,0,0,0,0,1,0,4
7a20d90a,7,4,5,1,1,2,8,6,6,0,6,16,23,15,0,43
7a2cf111,19,14,8,10,1,5,16,11,7,1,6,14,33,10,0,35
7a412c2d,3,1,1,2,0,1,2,1,0,0,0,12,15,29,0,16
7a47e204,1,0,0,0,1,1,4,3,3,1,2,0,1,4,0,6
7a4cea18,2,0,2,0,0,0,7,7,1,0,1,1,3,2,0,27
7afbd2c3,1,1,0,1,0,1,1,0,1,0,1,0,1,0,0,2
7b456af7,0,0,0,0,0,0,0,0,0,0,0,0,0,1,0,2
7b4c1f6e,0,0,0,0,0,0,0,0,1,0,1,0,0,0,0,2
7b4de647,0,0,0,0,0,0,0,0,0,0,0,1,1,2,0,1
7b57c56a,12,7,6,3,3,6,14,8,9,3,6,14,26,2,0,53
7b5ab7f2,1,0,1,0,0,1,5,4,2,0,2,0,1,1,0,7
7b8ff0ac,1,1,0,0,1,0,0,0,1,0,1,1,2,2,0,5
7b9a86e6,4,4,3,0,1,2,3,1,2,0,2,2,6,0,0,6
7b9a9e25,4,3,0,2,2,2,4,2,1,0,1,1,5,0,0,15
7b9c2d84,10,4,5,3,2,5,9,4,2,0,2,3,13,1,0,10
7ba2eaa9,1,0,0,1,0,0,4,4,3,0,3,3,4,0,0,16
7ba6d84e,0,0,0,0,0,0,0,0,0,0,0,0,0,0,0,1
7baff104,0,0,0,0,0,0,0,0,0,0,0,0,0,0,0,1
7be09c86,1,1,0,1,0,0,1,1,0,0,0,2,3,1,0,3
7c1a0c67,9,3,7,1,1,4,7,3,8,0,8,7,16,8,0,29
7c2965bb,6,5,2,2,2,2,8,6,6,1,5,2,8,0,0,28
7c9fa389,6,5,3,2,1,4,6,2,5,3,2,4,10,14,0,18
7cd6badb,5,2,3,2,0,1,4,3,1,0,1,2,7,2,0,12
7cd78926,29,15,19,6,4,13,24,11,7,3,4,23,52,21,0,49
7cf431a5,2,0,2,0,0,1,3,2,1,1,0,2,4,3,0,20
7cf8150a,0,0,0,0,0,0,0,0,0,0,0,1,1,0,0,0
7d036b4a,2,1,1,1,0,2,3,1,7,0,7,5,7,3,0,26
7d393a9f,2,1,1,1,0,1,1,0,3,3,0,11,13,34,0,19
7dc7187e,1,0,1,0,0,0,0,0,1,1,0,3,4,5,0,7
7e219e84,0,0,0,0,0,0,0,0,1,1,0,0,0,0,0,1
7e56d3db,10,3,6,4,0,4,5,1,3,1,2,1,11,7,0,13
7e74e0c2,4,4,4,0,0,1,3,2,0,0,0,0,4,2,0,9
7e763ddc,2,2,1,1,0,1,2,1,1,0,1,4,6,3,0,15
7e871b0a,6,2,5,1,0,2,4,2,8,6,2,10,16,19,0,12
7e964a67,3,1,0,1,2,2,4,2,1,1,0,1,4,4,0,6
7ec7738e,1,1,1,0,0,0,1,1,0,0,0,0,1,0,0,3
7f5a2470,3,2,0,3,0,0,1,1,1,1,0,0,3,0,0,8
7f622eef,2,1,1,1,0,1,1,0,2,0,2,1,3,2,0,5
7fcc71d8,5,3,0,4,1,2,3,1,1,0,1,3,8,0,0,13
7fd58fe3,2,1,1,0,1,2,4,2,0,0,0,2,4,5,0,12
7ff93107,0,0,0,0,0,0,0,0,2,0,2,1,1,1,0,2
8023bcab,21,13,12,6,3,13,31,18,18,2,16,8,29,4,0,40
8104e41e,1,0,1,0,0,0,0,0,0,0,0,2,3,0,1,1
810e3c74,8,5,2,4,2,2,5,3,4,0,4,1,9,1,0,25
810e40c1,3,2,1,2,0,1,3,2,2,1,1,0,3,5,0,5
81442ecb,16,10,12,4,0,4,7,3,10,1,9,5,21,12,0,47
81b906e7,0,0,0,0,0,0,0,0,0,0,0,0,0,0,1,7
82220b03,2,1,0,0,2,0,0,0,0,0,0,1,3,0,0,4
824bd41a,7,5,6,1,0,6,6,0,8,5,3,4,11,13,0,25
8267f8d4,2,2,1,0,1,2,3,1,2,0,2,1,3,2,0,3
82b85f5a,0,0,0,0,0,0,1,1,2,1,1,0,0,0,0,5
82e3586c,2,2,1,0,1,2,4,2,4,1,3,2,4,3,0,26
82e9b89d,4,4,0,4,0,0,2,2,3,0,3,0,4,9,0,10
82efe6fa,1,1,0,1,0,0,2,2,0,0,0,5,6,4,0,6
83300259,20,12,12,8,0,11,18,7,6,0,6,11,31,16,0,49
834d0be5,2,0,1,1,0,0,4,4,1,1,0,0,2,3,0,4
83534f30,13,8,6,6,1,7,18,11,9,2,7,9,22,12,0,34
839ef2b8,5,3,3,1,1,4,7,3,3,1,2,3,8,3,0,14
83b9c48f,4,2,1,3,0,0,3,3,1,0,1,2,6,2,0,4
83ce5ef1,9,7,4,5,0,5,7,2,4,1,3,1,10,11,0,17
83d961d1,1,1,1,0,0,1,1,0,4,3,1,5,6,9,0,15
8474cb83,10,5,6,4,0,9,14,5,3,1,2,5,15,5,0,26
8494acc4,7,4,5,2,0,3,4,1,7,2,5,3,10,6,0,21
852351df,1,1,1,0,0,1,4,3,1,0,1,1,2,3,0,3
85322440,0,0,0,0,0,0,0,0,0,0,0,0,0,0,0,1
853b7c48,0,0,0,0,0,0,1,1,0,0,0,1,1,3,0,17
854a2041,6,3,3,3,0,1,5,4,2,1,1,4,10,0,0,29
854f7734,5,3,4,0,1,2,7,5,3,1,2,1,6,11,0,24
8558593d,15,11,11,4,0,6,29,23,5,1,4,17,32,6,0,32
85733f33,0,0,0,0,0,0,1,1,0,0,0,0,0,1,0,0
8577e60a,2,1,1,1,0,0,0,0,3,1,2,1,3,0,0,8
85c25f57,0,0,0,0,0,0,0,0,0,0,0,0,0,3,0,2
86168d75,2,1,0,1,1,2,2,0,0,0,0,0,2,2,0,4
862fa9fb,1,1,1,0,0,0,3,3,2,2,0,2,3,7,0,3
8637e09a,0,0,0,0,0,0,0,0,1,0,1,1,1,2,0,4
864163f3,1,0,0,0,1,0,1,1,1,0,1,0,1,4,0,9
867239d3,6,4,3,2,1,2,4,2,2,1,1,4,10,1,0,23
86878265,6,6,1,4,1,2,3,1,3,0,3,1,7,3,0,36
8696bc90,13,9,5,4,4,2,10,8,2,0,2,2,15,0,0,29
86e119e0,25,12,10,13,2,11,28,17,2,0,2,5,30,9,0,62
8754c7ca,6,3,3,2,1,4,10,6,7,2,5,5,11,6,2,25
878f0921,1,0,0,0,1,0,3,3,4,0,4,2,3,5,0,11
87d8b5a3,14,10,9,4,1,5,13,8,3,0,3,2,16,3,0,27
881cd6be,10,5,3,7,0,3,6,3,0,0,0,5,15,0,1,7
881ef58c,5,4,3,1,1,2,6,4,3,0,3,1,6,1,0,18
883f251e,1,0,0,0,1,0,1,1,6,3,3,0,1,7,0,14
884a8908,3,2,0,0,3,1,4,3,3,0,3,2,5,3,0,19
886f9aac,1,1,0,1,0,1,2,1,1,0,1,1,2,0,0,1
8870154f,0,0,0,0,0,0,0,0,0,0,0,0,0,0,0,2
88b748d2,0,0,0,0,0,0,1,1,1,0,1,0,0,3,0,6
88c89891,5,4,3,2,0,4,5,1,4,0,4,8,13,9,0,32
8a1d7b51,10,3,6,2,2,6,8,2,4,1,3,12,22,12,1,32
8b0b02c9,2,1,1,1,0,1,3,2,1,0,1,1,3,2,0,7
8b298f56,8,3,4,2,2,1,4,3,2,0,2,8,16,3,0,28
8b3ab7ad,3,3,3,0,0,2,3,1,1,0,1,0,3,1,0,6
8b529245,1,1,0,1,0,1,1,0,0,0,0,0,1,0,0,1
8b683d09,2,1,0,1,1,1,5,4,0,0,0,1,3,3,0,11
8b788c01,1,1,0,0,1,0,4,4,0,0,0,0,1,2,0,11
8bbf17da,1,1,1,0,0,1,3,2,3,2,1,8,9,18,0,19
8bc373ea,3,3,3,0,0,2,2,0,1,1,0,3,6,16,0,10
8c6239f2,4,1,2,2,0,2,4,2,10,8,2,6,10,22,0,15
8ce30c57,2,1,0,2,0,1,1,0,0,0,0,1,3,0,0,4
8cfc2f69,10,7,1,7,2,2,5,3,2,0,2,1,11,4,0,13
8d67689d,2,0,2,0,0,1,2,1,1,0,1,0,2,0,0,2
8d957256,0,0,0,0,0,0,0,0,0,0,0,0,0,4,2,11
8e010ff4,7,4,1,4,2,3,11,8,1,0,1,1,8,0,0,25
8e16dd48,4,4,3,1,0,3,9,6,3,1,2,2,6,8,0,19
8e3e66a0,0,4,0,0,0,0,0,0,0,0,0,4,0,0,0,0
8e58987d,11,4,5,6,0,5,12,7,5,1,4,6,17,1,0,13
8ed17872,11,8,5,5,1,5,19,14,5,0,5,6,17,9,1,29
8ee95cc6,1,1,0,0,1,0,0,0,1,0,1,0,1,0,0,4
8f056768,12,10,2,8,2,4,15,11,5,0,5,1,13,0,0,28
8f7e6783,4,1,2,2,0,2,10,8,4,0,4,3,7,3,0,40
8f8c6934,0,0,0,0,0,0,0,0,0,0,0,0,0,3,0,2
8fb2cd60,2,1,1,0,1,0,0,0,1,1,0,1,3,10,0,12
8fd9996f,8,5,3,4,1,3,6,3,4,1,3,6,14,6,0,45
8ff4872e,0,0,0,0,0,0,0,0,0,0,0,2,2,1,0,6
9001138b,3,3,1,2,0,1,1,0,2,1,1,1,4,0,0,7
9038c2a1,6,5,1,3,2,4,6,2,1,0,1,0,6,0,0,6
903b3b77,5,2,3,2,0,3,7,4,1,0,1,10,15,12,0,35
903b6e8b,0,0,0,0,0,0,0,0,0,0,0,0,0,2,0,8
908eea67,10,7,2,8,0,6,11,5,4,0,4,18,28,34,0,52
90f3beec,17,8,11,5,1,6,17,11,16,3,13,19,36,20,0,40
911680d8,0,0,0,0,0,0,0,0,0,0,0,0,0,0,0,2
9139bb12,4,1,1,2,1,1,6,5,2,0,2,1,5,0,0,13
91538ba3,8,6,7,0,1,3,7,4,1,1,0,13,21,9,1,9
91748070,1,1,1,0,0,1,1,0,0,0,0,1,2,0,0,2
91976866,3,2,2,0,1,0,0,0,1,0,1,0,3,0,0,2
91b43c98,1,1,1,0,0,0,1,1,3,2,1,2,3,1,0,9
92232aad,10,7,4,2,4,4,6,2,2,0,2,9,19,12,0,17
92ffb8f9,2,2,1,0,1,0,1,1,0,0,0,0,2,1,0,6
934e1968,0,0,0,0,0,0,2,2,1,0,1,0,0,2,0,9
93b891d1,0,0,0,0,0,0,3,3,1,0,1,0,0,4,0,9
94130fc4,3,3,1,0,2,1,3,2,3,1,2,0,3,5,0,6
947e036f,5,2,0,4,1,0,5,5,4,0,4,3,8,0,0,17
94b3ccdb,0,0,0,0,0,0,0,0,0,0,0,1,1,0,0,5
94d260aa,0,0,0,0,0,0,0,0,3,3,0,1,1,3,0,4
951f1739,6,4,3,2,1,3,9,6,2,0,2,4,10,1,0,26
953597a1,7,4,5,2,0,3,4,1,5,4,1,8,15,18,0,13
95efdac2,5,2,1,4,0,2,5,3,0,0,0,4,9,1,0,10
96094cbc,2,2,1,0,1,0,3,3,5,0,5,1,3,0,0,11
962e54cb,4,3,1,1,2,3,10,7,7,0,7,2,6,3,0,26
966eea58,4,3,4,0,0,1,7,6,0,0,0,4,8,4,0,18
96cf436e,7,3,5,2,0,3,6,3,9,3,6,7,14,16,0,31
96ddfa79,8,3,1,5,2,2,6,4,4,0,4,3,11,0,1,29
972aeb2a,2,0,0,0,2,1,1,0,2,0,2,4,6,1,0,12
97572117,7,4,3,4,0,1,4,3,4,0,4,8,15,19,0,36
9763a91c,10,9,2,7,1,2,2,0,5,0,5,3,13,1,0,23
9778d8dd,2,1,1,1,0,2,5,3,1,0,1,1,3,0,0,5
977ffc24,1,0,0,0,1,0,2,2,1,0,1,0,1,0,0,4
97810d55,13,10,10,3,0,8,12,4,5,4,1,4,17,28,0,38
980522ec,7,1,2,4,1,3,9,6,2,0,2,3,10,2,0,23
984b3198,2,1,0,1,1,0,0,0,1,0,1,0,2,0,0,2
98554bfd,1,0,0,1,0,1,1,0,0,0,0,4,5,2,0,8
98a84572,0,0,0,0,0,0,1,1,0,0,0,0,0,0,0,1
98b94ef4,0,0,0,0,0,0,0,0,0,0,0,0,0,0,0,0
9907b1c8,10,3,1,9,0,3,12,9,6,0,6,2,12,0,0,14
9993817f,0,0,0,0,0,0,0,0,0,0,0,1,1,0,0,0
9a28eba4,8,7,2,5,1,4,5,1,3,1,2,1,9,4,0,25
9ab16552,14,10,10,4,0,11,15,4,11,5,6,6,20,22,0,60
9b6d9b53,10,8,8,2,0,6,9,3,2,1,1,11,21,16,0,14
9bd3b683,0,0,0,0,0,0,0,0,0,0,0,0,0,0,0,0
9bd73cce,0,0,0,0,0,0,2,2,0,0,0,0,0,0,0,4
9bf914b4,10,5,2,6,2,4,9,5,3,0,3,1,11,1,0,23
9c0a65df,3,1,0,2,1,0,3,3,1,0,1,2,5,1,0,12
9c2b4382,3,2,0,2,1,1,2,1,1,0,1,2,5,1,0,10
9c824717,1,0,0,0,1,0,3,3,0,0,0,0,1,6,0,17
9c94165b,7,1,3,3,1,4,5,1,5,1,4,4,11,6,0,18
9d21da85,21,13,15,6,0,10,24,14,17,3,14,19,40,33,0,67
9d60028d,4,3,1,2,1,2,3,1,1,0,1,2,6,1,0,11
9d689a5b,7,4,4,2,1,2,11,9,0,0,0,0,7,4,0,11
9d7d5334,3,2,3,0,0,2,4,2,5,3,2,7,10,9,0,17
9d971f13,4,2,1,2,1,2,6,4,5,1,4,5,9,6,0,15
9dab6e3b,0,0,0,0,0,0,0,0,0,0,0,0,0,0,0,1
9daeac61,1,0,0,1,0,1,1,0,3,2,1,1,2,4,0,9
9dbb75ca,5,3,1,1,3,0,4,4,5,1,4,1,6,4,0,9
9ddb85e8,3,2,2,1,0,2,7,5,0,0,0,0,3,2,0,10
9e1577aa,4,2,0,1,3,2,2,0,2,0,2,2,6,4,0,7
9e49c320,2,2,0,1,1,0,0,0,0,0,0,1,3,1,1,2
9e525177,15,11,10,4,1,3,6,3,7,2,5,10,25,9,0,27
9ef884b1,1,0,0,1,0,1,1,0,1,0,1,0,1,0,0,3
9f84febe,4,4,1,3,0,1,2,1,1,1,0,2,6,5,0,16
9f9c57f0,0,0,0,0,0,0,0,0,0,0,0,0,0,0,0,0
9fa26bc2,1,1,1,0,0,1,1,0,0,0,0,0,1,0,0,1
9fb640a8,10,6,6,4,0,7,18,11,7,2,5,8,18,9,1,53
9fbbcf39,7,4,6,1,0,3,9,6,7,4,3,17,24,24,0,46
9fc2531b,0,0,0,0,0,0,0,0,1,0,1,0,0,0,0,0
9ffdf29a,0,0,0,0,0,0,0,0,1,0,1,0,0,0,0,0
a0313275,12,8,8,4,0,7,10,3,3,0,3,8,20,4,1,33
a04e2dd2,0,0,0,0,0,0,0,0,0,0,0,0,0,1,0,9
a08b974a,4,1,2,1,1,3,14,11,7,0,7,1,5,3,0,34
a0b730dc,7,4,0,4,3,2,5,3,5,0,5,1,8,2,0,15
a0e9a73d,12,5,2,8,2,6,13,7,8,2,6,4,16,7,0,24
a0f9b535,7,4,4,1,2,5,11,6,3,0,3,4,11,0,0,20
a1232f4e,3,1,3,0,0,3,5,2,6,3,3,6,9,16,0,29
a1c5b23e,5,3,3,1,1,2,2,0,1,0,1,1,6,3,0,9
a1d5bd30,2,2,1,1,0,1,5,4,8,1,7,1,3,0,0,16
a2560346,2,0,0,2,0,1,3,2,2,1,1,0,2,0,0,13
a2609621,6,5,5,1,0,3,8,5,4,2,2,3,9,13,0,24
a26fb8aa,13,8,6,5,2,6,15,9,10,4,6,16,29,14,1,57
a274dccb,0,0,0,0,0,0,0,0,0,0,0,1,1,1,0,0
a29b1131,1,1,0,1,0,0,4,4,0,0,0,0,1,0,0,15
a2da58b1,3,2,3,0,0,3,3,0,1,0,1,1,4,0,0,4
a372a9f2,11,5,6,5,0,3,8,5,5,0,5,5,16,7,0,34
a3b03921,18,10,9,7,2,7,17,10,6,2,4,6,24,2,1,34
a40d5a0c,4,3,2,2,0,0,3,3,3,1,2,1,5,0,0,7
a45eac1f,1,0,0,1,0,1,1,0,1,0,1,0,1,1,0,4
a47e7ecd,15,9,9,5,1,5,12,7,6,4,2,12,27,9,0,45
a4851d9e,3,2,2,0,1,1,2,1,2,1,1,4,7,6,0,11
a489c26e,5,4,5,0,0,3,7,4,2,1,1,5,10,1,0,11
a4971d84,7,2,3,4,0,3,7,4,5,2,3,17,24,21,2,52
a4ac4b8f,10,5,8,2,0,4,10,6,7,2,5,12,22,29,0,50
a4b1028a,10,6,8,0,2,6,8,2,2,0,2,1,11,17,0,30
a4e16ab4,0,0,0,0,0,0,2,2,2,0,2,0,0,0,0,0
a4e428bf,6,3,4,2,0,0,4,4,3,1,2,3,9,7,0,23
a4f642c5,6,3,3,1,2,2,9,7,2,0,2,2,8,1,0,13
a4fe8cda,1,1,0,1,0,1,3,2,0,0,0,0,1,0,0,6
a51a79a2,0,0,0,0,0,0,0,0,1,1,0,1,1,0,0,1
a56bd2ee,0,0,0,0,0,0,0,0,0,0,0,0,0,2,0,15
a62c16d0,5,2,3,1,1,1,6,5,5,0,5,2,7,8,0,22
a63a995f,10,8,5,5,0,4,10,6,7,2,5,6,16,15,0,30
a64b4786,6,5,6,0,0,2,4,2,5,5,0,5,11,25,0,27
a685f013,3,2,1,2,0,0,1,1,1,1,0,8,11,7,0,20
a6f6aad2,0,0,0,0,0,0,0,0,0,0,0,0,0,0,0,0
a70b8345,0,0,0,0,0,0,0,0,0,0,0,0,0,0,0,12
a73c8f95,21,13,17,4,0,11,17,6,14,9,5,22,43,44,2,70
a78ff07f,15,9,8,5,2,8,17,9,16,3,13,9,24,13,0,45
a81ed730,11,5,6,4,1,4,8,4,1,1,0,4,15,3,0,31
a820e429,3,1,0,3,0,1,2,1,6,1,5,0,3,6,1,16
a8741470,0,0,0,0,0,0,1,1,1,1,0,1,1,2,0,1
a881d44a,0,0,0,0,0,0,0,0,0,0,0,0,0,0,0,1
a8c0acb7,15,8,8,7,0,6,11,5,4,2,2,15,30,19,0,35
a8c62306,3,3,0,0,3,0,1,1,0,0,0,1,4,0,0,4
a8f21b9f,4,3,2,0,2,3,9,6,1,1,0,2,6,2,0,8
a9142dc3,1,1,1,0,0,0,1,1,1,0,1,0,1,3,0,8
aa04bee3,3,2,2,1,0,2,10,8,2,0,2,2,5,3,0,8
aa5859cb,8,3,3,3,2,3,6,3,8,1,7,2,10,3,0,9
aa6f2f2c,2,1,0,1,1,1,2,1,1,0,1,1,3,0,0,4
aa8e289e,5,4,1,3,1,2,8,6,2,0,2,1,6,0,0,35
aacdfe88,3,3,1,1,1,1,1,0,5,0,5,4,7,3,0,3
ab096c6f,6,4,3,3,0,4,6,2,6,0,6,8,14,16,0,31
ab6928f2,0,0,0,0,0,0,0,0,0,0,0,0,0,0,0,0
abb3bb95,5,2,1,3,1,3,5,2,2,0,2,0,5,4,0,18
ac290817,3,2,2,0,1,1,2,1,1,0,1,0,3,1,0,12
ad3389d5,0,0,0,0,0,0,0,0,0,0,0,0,0,3,1,11
ad4d0985,15,6,5,10,0,7,16,9,3,0,3,4,19,4,0,22
ad556f81,0,0,0,0,0,0,0,0,0,0,0,0,0,0,0,0
ad597bf7,0,0,0,0,0,0,1,1,1,0,1,0,0,1,0,6
ad7b19ef,2,1,0,0,2,0,0,0,1,0,1,1,3,0,0,5
ade993b9,6,2,2,3,1,4,19,15,5,0,5,1,7,9,0,27
adfbe1f5,9,6,4,3,2,7,17,10,3,0,3,4,13,4,0,27
aeda1f69,2,1,1,0,1,0,5,5,2,1,1,1,3,2,0,2
aeed5c06,1,1,1,0,0,1,4,3,2,0,2,0,1,0,0,12
aefd0c5b,0,0,0,0,0,0,2,2,1,1,0,1,1,1,0,16
afbf187b,5,1,2,3,0,0,0,0,9,6,3,12,17,20,1,22
b0616e3d,21,13,10,6,5,12,17,5,8,3,5,7,28,9,0,33
b0a84aa7,0,0,0,0,0,0,0,0,0,0,0,0,0,0,0,2
b0c12a65,12,8,6,5,1,3,18,15,5,1,4,2,14,0,0,32
b0edd538,3,2,2,1,0,1,4,3,3,2,1,4,7,5,0,10
b1062a37,4,4,4,0,0,2,5,3,9,6,3,4,8,26,0,17
b12d5243,1,0,1,0,0,1,1,0,0,0,0,1,2,0,0,4
b1313ec4,10,4,3,7,0,6,21,15,12,2,10,8,18,8,0,46
b15780e3,0,0,0,0,0,0,0,0,0,0,0,0,0,0,1,1
b1579026,3,3,2,1,0,2,4,2,13,10,3,9,12,40,0,41
b182a240,0,0,0,0,0,0,1,1,1,0,1,0,0,0,0,0
b1cd37e6,23,16,12,6,5,8,28,20,14,2,12,3,26,3,0,78
b1f4086c,1,0,1,0,0,1,1,0,5,1,4,4,5,6,1,8
b2d0ec1b,4,1,0,3,1,2,2,0,2,0,2,0,4,0,0,10
b39a793e,2,2,0,0,2,0,2,2,1,0,1,0,2,1,0,7
b39bf63f,1,1,1,0,0,1,2,1,0,0,0,2,3,3,0,12
b3aed40d,5,1,0,5,0,5,5,0,0,0,0,1,6,4,0,11
b3b310f0,0,0,0,0,0,0,1,1,2,0,2,0,0,2,0,2
b3b7f5a6,0,0,0,0,0,0,0,0,0,0,0,0,0,1,0,1
b3c14bff,2,1,0,1,1,1,2,1,1,0,1,0,2,5,0,7
b3dc6eca,0,0,0,0,0,0,0,0,0,0,0,1,1,2,0,5
b4a014b1,8,5,7,1,0,2,5,3,8,5,3,4,12,26,1,42
b500b384,12,4,2,5,5,5,9,4,5,0,5,5,17,3,0,26
b561db50,6,2,2,1,3,0,2,2,5,1,4,4,10,7,0,27
b583aef5,1,1,1,0,0,1,1,0,0,0,0,1,2,4,0,9
b5920350,5,4,0,3,2,3,6,3,4,2,2,1,6,5,0,27
b5f7d10b,9,7,9,0,0,8,11,3,2,0,2,4,13,5,0,27
b6047994,2,1,1,1,0,2,3,1,0,0,0,0,2,0,0,2
b635c249,3,2,0,3,0,3,8,5,2,0,2,5,8,3,0,6
b6580563,0,0,0,0,0,0,0,0,2,1,1,0,0,4,0,6
b675e328,2,2,1,0,1,1,1,0,1,0,1,1,3,0,0,11
b682dcf6,3,3,3,0,0,1,2,1,2,2,0,2,5,11,1,16
b684a484,2,1,0,2,0,0,0,0,2,0,2,0,2,0,0,5
b6867b96,1,0,1,0,0,1,3,2,0,0,0,0,1,2,0,6
b686f4c0,3,1,3,0,0,1,10,9,5,0,5,4,7,3,0,23
b69261a0,2,1,2,0,0,1,5,4,5,0,5,3,5,5,0,19
b6964eb6,5,3,2,3,0,2,3,1,7,5,2,11,16,18,1,24
b6cd4243,1,0,1,0,0,1,1,0,5,4,1,1,2,6,0,6
b70bde8f,0,0,0,0,0,0,0,0,0,0,0,0,0,0,0,1
b7de5bad,5,4,3,1,1,4,6,2,2,0,2,1,6,1,0,7
b853e0ad,19,9,7,10,2,8,23,15,12,2,10,10,29,3,1,59
b8798a46,0,0,0,0,0,0,0,0,0,0,0,0,0,3,0,3
b8814868,7,5,1,5,1,2,4,2,2,1,1,3,10,2,0,28
b8e740fb,1,1,0,1,0,0,4,4,0,0,0,0,1,0,0,1
b937e490,12,6,7,4,1,5,12,7,7,0,7,14,26,21,0,31
b956af7d,0,0,0,0,0,0,0,0,0,0,0,1,1,6,0,0
b96b595c,9,5,4,3,2,5,6,1,7,3,4,14,23,20,1,36
b997c3de,14,8,6,5,3,6,15,9,11,1,10,11,25,5,0,35
ba3378a5,2,2,0,2,0,0,11,11,2,1,1,4,6,2,0,12
ba3d3bea,6,2,3,1,2,2,6,4,1,0,1,3,9,4,0,14
ba5004e1,5,4,3,2,0,3,10,7,2,0,2,5,10,3,0,25
bab077a4,0,0,0,0,0,0,1,1,1,0,1,0,0,3,0,3
bac46a10,3,2,2,1,0,1,4,3,2,2,0,3,6,10,0,10
bad38a94,9,4,5,3,1,5,9,4,2,0,2,9,18,8,1,16
bb08bce9,15,9,14,1,0,7,17,10,16,12,4,11,26,53,2,62
bb19da7c,2,1,0,2,0,0,8,8,5,1,4,1,3,1,0,4
bbddc31f,11,7,5,4,2,6,13,7,5,1,4,7,18,4,0,40
bc6bd723,3,2,1,2,0,0,4,4,4,0,4,0,3,0,0,7
bc6f5f06,3,3,3,0,0,1,3,2,1,0,1,4,7,14,0,28
bc7dc64d,7,5,3,2,2,1,4,3,5,0,5,5,12,5,0,30
bcfc4473,2,0,1,1,0,0,2,2,0,0,0,1,3,0,0,9
bd142efb,7,5,3,4,0,2,2,0,4,3,1,5,12,11,0,17
bd3e08b6,0,0,0,0,0,0,0,0,0,0,0,0,0,0,0,0
bd46bd6d,3,1,1,1,1,1,4,3,2,0,2,1,4,0,0,19
bd7d2e6d,8,4,6,1,1,3,6,3,2,2,0,2,10,12,0,15
bdc74a8f,1,1,1,0,0,0,1,1,0,0,0,0,1,0,0,3
bdc8912c,28,17,18,8,2,14,35,21,8,0,8,34,62,25,0,87
bdf8165d,11,7,5,4,2,9,16,7,4,0,4,9,20,5,1,49
be094834,0,0,0,0,0,0,0,0,0,0,0,0,0,0,0,0
be2706c0,6,2,4,2,0,3,5,2,3,1,2,5,11,9,0,15
be4e7e47,18,10,9,6,3,6,20,14,10,4,6,12,30,6,0,38
be60b6f4,1,1,0,1,0,0,2,2,3,0,3,0,1,1,0,12
be765073,14,10,6,5,3,6,16,10,13,6,7,5,19,31,0,54
be927d03,4,4,1,2,1,2,2,0,5,1,4,9,13,11,0,19
beb6c168,5,4,1,4,0,2,6,4,1,0,1,4,9,2,0,20
bee0bab1,3,2,3,0,0,1,1,0,0,0,0,1,4,0,0,4
bf309d24,10,8,4,6,0,1,3,2,2,0,2,9,19,2,0,32
bfc5768b,1,1,1,0,0,0,3,3,0,0,0,0,1,0,0,2
bfe272bd,8,6,3,4,1,2,10,8,7,2,5,8,16,2,0,36
c01c66d9,9,6,5,4,0,6,8,2,8,7,1,7,16,16,2,38
c0617e2b,5,2,1,3,1,1,11,10,2,0,2,6,11,2,1,29
c082d484,3,2,2,1,0,1,2,1,3,2,1,2,5,0,0,10
c089980e,0,0,0,0,0,0,0,0,1,0,1,0,0,4,1,15
c0e27d1a,4,3,1,2,1,0,2,2,5,5,0,5,9,13,2,27
c21da05c,1,1,1,0,0,0,0,0,1,1,0,1,2,5,0,4
c2304da8,8,5,4,4,0,4,10,6,5,2,3,10,18,12,0,30
c24544c7,1,1,1,0,0,0,1,1,2,2,0,1,2,0,0,5
c27ae377,2,0,1,1,0,0,0,0,1,0,1,0,2,1,0,2
c2a6033c,1,1,1,0,0,1,1,0,0,0,0,0,1,1,0,2
c32e457e,5,4,5,0,0,3,6,3,4,1,3,4,9,14,1,9
c3767acc,0,0,0,0,0,0,2,2,2,0,2,2,2,0,0,6
c3e39f12,0,0,0,0,0,0,0,0,0,0,0,0,0,2,0,7
c43e5e7e,6,3,2,2,2,2,9,7,4,0,4,1,7,4,0,10
c44a1d58,5,1,1,3,1,2,8,6,2,1,1,4,9,2,0,33
c45a34e7,2,0,1,1,0,1,4,3,7,0,7,4,6,3,0,8
c492c9f0,1,1,0,0,1,1,3,2,0,0,0,2,3,2,0,5
c4987edc,0,0,0,0,0,0,0,0,0,0,0,0,0,2,0,0
c4e87b8b,7,5,1,4,2,2,4,2,4,2,2,2,9,6,0,19
c50281a0,13,10,6,7,0,9,14,5,9,0,9,2,15,5,0,19
c54ea7f0,9,4,3,4,2,1,4,3,7,3,4,6,15,2,0,43
c5bdb6e3,2,2,0,1,1,0,0,0,0,0,0,1,3,0,0,9
c5ea2dab,7,2,3,4,0,3,8,5,3,1,2,12,19,29,1,43
c603ad6a,13,8,6,5,2,7,8,1,2,1,1,6,19,4,1,20
c631f952,0,0,0,0,0,0,0,0,0,0,0,0,0,2,1,11
c63f6e46,2,2,0,2,0,0,1,1,0,0,0,1,3,5,0,5
c699e60c,2,1,0,2,0,2,2,0,2,1,1,0,2,0,0,4
c6ac6579,0,0,0,0,0,0,0,0,1,0,1,0,0,0,0,0
c7069d87,13,6,4,9,0,6,16,10,4,0,4,9,22,10,0,36
c71e97ba,7,5,4,3,0,5,10,5,2,0,2,7,14,4,0,42
c738a5ec,4,3,3,0,1,1,2,1,0,0,0,1,5,0,0,11
c758cdaf,2,2,0,2,0,1,2,1,1,0,1,0,2,1,0,3
c7842dab,18,7,8,8,2,6,11,5,4,2,2,3,21,9,1,19
c83623e2,9,6,8,1,0,6,10,4,9,6,3,14,23,30,0,33
c89e8aae,0,0,0,0,0,0,0,0,0,0,0,2,2,4,0,5
c8a88acd,0,0,0,0,0,0,0,0,0,0,0,0,0,0,0,0
c8c60119,9,8,5,3,1,2,9,7,4,0,4,6,15,4,0,21
c8d7131c,7,4,5,1,1,5,7,2,5,0,5,8,15,5,0,26
c904f3d5,3,0,2,1,0,3,4,1,0,0,0,3,6,1,0,9
c906ce0f,6,3,6,0,0,3,5,2,4,0,4,7,13,22,0,31
c90b2e8f,2,2,2,0,0,0,1,1,1,1,0,5,7,6,1,8
c931d9f9,1,1,0,1,0,0,4,4,5,1,4,1,2,0,0,12
c93a0fd3,14,9,7,7,0,5,13,8,7,0,7,9,23,0,0,38
c952f633,10,3,5,5,0,4,7,3,4,0,4,6,16,4,0,30
c9bdb329,5,3,1,4,0,3,5,2,0,0,0,1,6,2,0,8
ca033449,11,9,7,4,0,8,10,2,7,3,4,10,21,23,0,50
ca45605e,0,0,0,0,0,0,2,2,3,0,3,0,0,2,0,4
ca607d59,6,6,2,3,1,1,3,2,1,0,1,0,6,0,0,7
ca8fa0c0,0,0,0,0,0,0,2,2,0,0,0,0,0,1,0,3
cac76a72,0,0,0,0,0,0,0,0,0,0,0,0,0,3,0,9
cb641b9d,0,0,0,0,0,0,0,0,1,1,0,0,0,2,0,12
cb7786d5,3,0,0,3,0,1,2,1,0,0,0,0,3,0,0,2
cba16a46,0,0,0,0,0,0,0,0,0,0,0,0,0,0,0,0
cc1a0c57,0,0,0,0,0,0,0,0,0,0,0,0,0,0,0,5
cc55da2a,5,3,0,4,1,1,3,2,1,0,1,1,6,3,0,2
cc89c822,0,0,0,0,0,0,1,1,0,0,0,0,0,1,0,3
cc9256ef,0,0,0,0,0,0,0,0,1,0,1,0,0,0,0,0
ccbf1b54,8,6,3,1,4,1,7,6,4,2,2,2,10,3,0,11
ccc66d00,6,3,2,3,1,3,7,4,8,0,8,2,8,2,0,24
ccd38335,0,0,0,0,0,0,0,0,2,0,2,0,0,0,0,3
ccee698e,0,0,0,0,0,0,0,0,1,0,1,1,1,0,0,2
cd0ecf81,4,2,0,3,1,4,5,1,2,0,2,0,4,1,0,11
cd6a1a59,1,0,1,0,0,0,1,1,1,0,1,1,2,3,0,10
cda08080,16,10,11,5,0,10,19,9,5,5,0,13,29,21,2,26
cda49f68,3,2,0,1,2,2,3,1,2,0,2,0,3,1,0,4
cda90ea8,4,3,3,0,1,4,9,5,8,1,7,2,6,2,0,32
ce17b5eb,0,0,0,0,0,0,0,0,0,0,0,1,1,0,0,12
ce30bfc8,3,0,2,1,0,2,3,1,3,2,1,2,5,3,0,16
ce50fd99,11,9,3,6,2,4,11,7,11,0,11,2,13,0,0,28
ce5a24b9,8,4,3,5,0,2,6,4,3,0,3,1,9,5,0,19
ce82f116,3,1,0,3,0,1,10,9,3,0,3,2,5,0,0,15
cea0df32,1,0,1,0,0,0,2,2,0,0,0,1,2,1,0,3
cf15bbb1,23,16,9,12,2,6,18,12,9,2,7,6,29,11,0,72
cf182add,6,3,4,2,0,2,6,4,4,3,1,7,13,9,1,16
cf1c23d8,0,0,0,0,0,0,0,0,0,0,0,0,0,0,0,2
cf623c78,3,2,0,2,1,2,4,2,1,0,1,1,4,1,0,4
cfb6c9e5,1,1,0,1,0,0,0,0,0,0,0,1,2,5,0,5
cfe6238d,3,2,1,1,1,0,0,0,3,0,3,0,3,7,0,15
cff7dcb0,0,0,0,0,0,0,0,0,0,0,0,0,0,0,0,3
d019d5db,1,0,0,1,0,0,1,1,1,0,1,0,1,0,0,5
d01bbb6f,3,1,1,2,0,0,2,2,3,0,3,7,10,2,0,18
d0d8dd44,7,4,6,1,0,6,6,0,2,2,0,7,14,6,0,21
d0f72bf1,5,4,4,1,0,3,4,1,5,3,2,9,14,10,0,19
d1117c6c,15,12,12,2,1,7,12,5,2,1,1,11,26,20,0,36
d125f22f,1,1,0,1,0,0,1,1,2,0,2,0,1,0,0,3
d14229f3,0,0,0,0,0,0,2,2,1,0,1,1,1,0,0,4
d1675302,0,0,0,0,0,0,1,1,0,0,0,0,0,0,0,0
d1992a3b,8,7,6,1,1,8,9,1,2,0,2,2,10,21,0,53
d19ecb20,0,0,0,0,0,0,0,0,1,0,1,1,1,0,0,4
d1d418f8,0,0,0,0,0,0,1,1,0,0,0,0,0,0,0,3
d1f48bfc,7,4,4,3,0,3,9,6,3,0,3,2,9,2,0,19
d1fea02e,5,3,4,1,0,2,4,2,12,8,4,12,17,24,1,47
d2161bae,3,1,2,1,0,1,2,1,4,1,3,9,12,8,0,25
d2800f47,9,4,3,6,0,2,10,8,5,1,4,6,15,3,0,42
d2a802b8,6,2,2,2,2,2,4,2,3,1,2,4,10,4,0,15
d2bf42ba,0,0,0,0,0,0,0,0,0,0,0,0,0,0,0,0
d4133fa1,5,4,3,2,0,3,9,6,3,0,3,8,13,6,0,35
d436eb94,0,0,0,0,0,0,0,0,0,0,0,0,0,0,0,5
d4931a5a,0,0,0,0,0,0,1,1,0,0,0,0,0,0,0,1
d494882e,2,0,2,0,0,0,2,2,2,0,2,5,7,4,0,9
d49f80d7,3,1,1,2,0,1,3,2,5,2,3,1,4,19,1,25
d4a2533d,7,6,2,1,4,4,16,12,5,0,5,3,10,1,0,51
d4d0a9ad,16,10,7,7,2,8,23,15,6,1,5,6,22,5,0,23
d5575935,3,2,1,1,1,1,4,3,2,0,2,1,4,0,1,5
d557d734,19,12,10,9,0,7,11,4,5,0,5,15,34,18,0,39
d5dd5f1f,6,4,2,2,2,1,2,1,4,0,4,2,8,2,0,11
d61b3354,1,0,1,0,0,1,4,3,0,0,0,2,3,5,0,6
d637fc22,2,1,0,2,0,0,1,1,0,0,0,2,4,5,0,11
d68cb24c,8,6,4,2,2,2,14,12,4,1,3,4,12,2,0,42
d790907f,1,0,1,0,0,0,0,0,0,0,0,0,1,1,0,0
d79a8c87,1,1,0,0,1,1,3,2,4,4,0,2,3,7,0,9
d807c7f6,1,1,0,1,0,1,1,0,3,2,1,1,2,5,0,2
d82c6542,10,6,7,2,1,5,8,3,5,1,4,6,16,11,0,26
d849ef0f,6,5,2,4,0,1,3,2,6,1,5,5,11,5,0,19
d8931174,9,4,7,2,0,2,7,5,6,5,1,14,23,27,0,60
d8c679be,7,3,3,4,0,2,8,6,4,1,3,0,7,3,1,27
d8d25850,0,0,0,0,0,0,7,7,1,0,1,3,3,1,0,6
d93c2511,9,5,6,3,0,2,9,7,6,3,3,11,20,5,0,42
d94653be,6,3,3,3,0,1,10,9,6,1,5,0,6,4,0,26
d9565625,4,3,2,2,0,1,4,3,2,1,1,6,10,9,0,14
d97b252e,0,0,0,0,0,0,0,0,0,0,0,0,0,1,0,6
d97cccc9,17,7,6,10,1,9,16,7,14,2,12,19,36,10,0,69
d9a5d930,2,2,0,2,0,2,4,2,0,0,0,0,2,0,1,2
d9b89391,2,2,1,1,0,1,7,6,5,1,4,3,5,2,0,3
d9d43555,0,0,0,0,0,0,1,1,0,0,0,0,0,0,0,0
da1185fc,3,2,0,1,2,2,14,12,8,1,7,8,11,4,0,45
da23d58d,3,2,1,2,0,0,2,2,2,0,2,0,3,0,0,7
da27e268,3,1,1,2,0,3,8,5,2,0,2,3,6,4,0,18
da617483,1,0,1,0,0,1,1,0,6,5,1,6,7,20,0,18
da6cb94b,8,5,4,3,1,4,8,4,3,2,1,13,21,20,1,28
da8b19e2,0,0,0,0,0,0,0,0,0,0,0,0,0,0,0,1
db265666,2,2,1,1,0,1,4,3,1,0,1,0,2,1,1,6
db2e8273,0,0,0,0,0,0,0,0,0,0,0,0,0,0,0,0
db401046,0,0,0,0,0,0,1,1,0,0,0,0,0,2,0,3
db74c6d3,6,1,3,3,0,2,2,0,2,2,0,4,10,6,0,12
db7849ca,1,1,1,0,0,1,1,0,0,0,0,1,2,3,0,9
dba67bc4,3,2,1,2,0,2,2,0,1,0,1,6,9,0,0,8
dbbf4a56,0,0,0,0,0,0,0,0,0,0,0,0,0,0,0,0
dbe16ade,0,0,0,0,0,0,0,0,1,0,1,0,0,0,0,2
dbf3e08b,9,7,7,2,0,5,11,6,10,4,6,10,19,21,0,25
dc415e39,13,10,5,5,3,1,9,8,7,1,6,8,21,1,0,26
dc52c72f,4,3,1,3,0,0,2,2,9,4,5,3,7,4,0,16
dc6f5bdd,5,3,2,3,0,2,3,1,4,3,1,6,11,4,0,16
dc90cfbe,3,3,0,3,0,1,1,0,1,1,0,1,4,0,0,3
dd0daf32,7,6,1,3,3,0,12,12,2,0,2,3,10,1,0,17
dd669209,10,4,4,5,1,5,15,10,7,1,6,8,18,6,0,40
deb20131,9,8,6,3,0,5,10,5,4,1,3,3,12,5,0,25
deba6b05,12,6,2,10,0,5,27,22,15,1,14,7,19,9,0,38
def899bd,4,3,2,2,0,2,2,0,1,1,0,2,6,12,0,16
defb905a,10,7,9,1,0,6,13,7,9,8,1,12,22,36,0,45
dfb6490a,6,2,1,3,2,2,4,2,1,0,1,1,7,2,0,13
dff19848,0,0,0,0,0,0,1,1,0,0,0,1,1,0,0,4
e09436fb,3,1,2,0,1,2,2,0,2,1,1,3,6,3,0,9
e0991c04,1,1,0,1,0,1,5,4,4,1,3,5,6,16,0,26
e0a1c004,4,1,1,2,1,1,10,9,7,4,3,6,10,9,0,15
e0d3e18d,5,1,2,3,0,2,7,5,2,0,2,7,12,4,0,24
e0f613ad,8,3,5,2,1,6,9,3,9,3,6,4,12,3,0,14
e12b0b5b,24,15,8,11,5,11,29,18,10,1,9,11,35,5,1,59
e12d7851,3,2,1,2,0,2,4,2,6,3,3,2,5,23,1,33
e150254d,2,2,1,0,1,1,4,3,0,0,0,0,2,1,0,7
e1ba3d5a,10,6,3,4,3,3,13,10,11,0,11,3,13,2,0,35
e1deea75,0,0,0,0,0,0,1,1,1,1,0,3,3,3,0,6
e248e62f,3,1,2,1,0,1,3,2,3,0,3,0,3,1,0,3
e2781082,16,10,11,5,0,7,15,8,11,1,10,22,38,8,0,80
e27da244,7,5,4,2,1,5,8,3,4,1,3,9,16,17,1,29
e27fdbca,5,1,5,0,0,3,8,5,5,0,5,3,8,6,0,15
e28205f4,3,0,1,1,1,2,6,4,1,0,1,1,4,1,0,8
e28868f3,12,7,3,8,1,9,13,4,6,1,5,11,23,1,0,27
e288d4b3,3,2,2,1,0,2,2,0,2,1,1,2,5,2,0,13
e2bf2abc,1,0,0,0,1,1,1,0,2,1,1,0,1,1,0,7
e2f9bb5f,11,9,5,6,0,2,5,3,4,0,4,3,14,2,0,36
e34e086c,3,1,2,0,1,1,2,1,2,1,1,1,4,0,0,9
e38f1636,5,3,2,3,0,1,4,3,9,8,1,5,10,17,0,26
e3a5814e,8,2,6,2,0,6,11,5,4,0,4,5,13,4,2,20
e3fabb0a,5,4,2,1,2,1,6,5,4,0,4,1,6,2,0,15
e410ade0,8,4,4,2,2,6,17,11,2,0,2,4,12,1,0,34
e4538d74,2,1,0,1,1,0,0,0,1,0,1,1,3,6,0,8
e4738e91,0,0,0,0,0,0,0,0,0,0,0,0,0,1,0,4
e4b72e34,2,0,0,1,1,0,1,1,0,0,0,0,2,1,0,5
e53b5534,9,5,8,1,0,6,9,3,11,8,3,11,20,61,1,32
e54a9890,2,0,1,0,1,1,2,1,4,3,1,3,5,9,0,8
e5f63987,0,0,0,0,0,0,1,1,1,1,0,1,1,4,0,4
e613313c,2,1,2,0,0,1,1,0,1,0,1,0,2,4,0,8
e61b8aee,9,6,7,2,0,4,8,4,4,1,3,2,11,12,0,27
e61d33f1,4,2,0,4,0,0,2,2,6,0,6,3,7,2,0,8
e65a7469,6,5,3,2,1,1,4,3,0,0,0,0,6,1,0,19
e6697917,0,0,0,0,0,0,1,1,0,0,0,0,0,1,0,4
e66e4ddc,10,6,5,5,0,6,13,7,3,1,2,4,14,17,2,22
e6aaca37,2,1,0,1,1,0,1,1,0,0,0,0,2,5,0,6
e6c43eec,11,6,5,5,1,7,11,4,1,0,1,12,23,12,1,33
e6dda1c7,3,3,2,1,0,2,5,3,7,7,0,3,6,21,1,38
e726e11e,3,1,2,1,0,2,5,3,2,0,2,5,8,4,0,11
e73659d3,10,5,4,4,2,5,13,8,6,1,5,2,12,2,0,30
e73c9bb2,18,11,9,8,1,10,18,8,7,3,4,12,30,12,0,43
e76cb9cc,9,5,8,1,0,7,8,1,7,4,3,7,16,13,0,25
e7aa9d7c,0,0,0,0,0,0,0,0,0,0,0,0,0,0,0,3
e7fcf289,0,0,0,0,0,0,2,2,0,0,0,1,1,0,0,3
e8029b54,3,3,2,1,0,0,2,2,1,1,0,4,7,4,0,9
e81f0356,8,5,7,1,0,6,8,2,2,2,0,5,13,8,1,18
e82adcab,6,5,2,4,0,4,8,4,4,0,4,1,7,0,0,6
e92cd3f7,3,3,1,1,1,2,4,2,1,0,1,0,3,5,0,6
e9457fb9,1,1,1,0,0,1,7,6,0,0,0,0,1,1,0,20
e961d3ac,0,0,0,0,0,0,0,0,0,0,0,0,0,0,0,3
e97150c0,2,1,1,1,0,0,2,2,3,2,1,1,3,6,0,15
e98d18ca,0,0,0,0,0,0,1,1,1,0,1,0,0,0,0,2
e9c0c1b2,0,0,0,0,0,0,0,0,0,0,0,0,0,0,0,3
ea610f00,11,7,5,4,2,3,11,8,4,1,3,5,16,1,0,40
ea7a8366,7,7,4,3,0,2,5,3,3,1,2,9,16,8,0,22
eab957a3,4,1,2,2,0,2,5,3,2,1,1,5,9,4,0,11
eac044ad,5,2,2,0,3,4,8,4,3,0,3,0,5,2,0,19
ead14875,21,14,10,9,2,11,20,9,3,1,2,6,27,6,0,54
ead960f2,5,4,1,3,1,3,7,4,4,1,3,1,6,2,0,7
eada676e,14,6,8,5,1,5,12,7,2,0,2,11,25,9,0,52
eaf645bf,0,0,0,0,0,0,0,0,0,0,0,0,0,0,0,1
eb1451a5,0,0,0,0,0,0,0,0,1,0,1,0,0,0,0,3
eb2b33aa,0,0,0,0,0,0,0,0,0,0,0,0,0,0,0,0
eb3f56e5,5,3,4,1,0,3,7,4,3,2,1,4,9,11,0,11
eb6e14be,0,0,0,0,0,0,0,0,0,0,0,0,0,0,0,0
eb7822d7,7,4,0,7,0,3,8,5,3,1,2,6,13,7,0,29
ebca82e8,12,5,7,5,0,5,8,3,10,6,4,19,31,35,0,39
ebca86ca,0,0,0,0,0,0,0,0,0,0,0,0,0,0,0,1
ec30b9c8,2,1,1,1,0,0,4,4,4,3,1,2,4,7,0,34
ec48abb1,2,0,1,1,0,1,1,0,0,0,0,2,4,5,0,5
ec531cdc,3,3,2,1,0,2,3,1,1,0,1,2,5,2,0,5
ecb68eea,7,3,1,4,2,3,6,3,4,2,2,2,9,2,0,12
ecc10d95,2,2,0,1,1,0,3,3,6,0,6,2,4,1,0,26
ed16a617,24,16,13,6,5,9,28,19,8,1,7,6,30,10,0,45
ed5886d2,10,7,6,3,1,5,15,10,8,2,6,6,16,16,0,23
eda40760,5,4,2,3,0,0,4,4,4,1,3,5,10,7,0,35
edd81e2a,0,0,0,0,0,0,0,0,0,0,0,0,0,1,0,1
ee0da7af,6,6,3,3,0,4,7,3,3,0,3,1,7,2,0,12
ee3519f5,10,5,4,6,0,5,12,7,3,0,3,7,17,18,2,20
ee47f156,11,9,8,3,0,7,11,4,7,1,6,13,24,11,1,14
eee84d49,0,0,0,0,0,0,0,0,0,0,0,0,0,1,0,0
eef95b11,10,4,7,2,1,5,10,5,5,4,1,11,21,15,0,29
ef3909cd,1,0,1,0,0,1,1,0,0,0,0,0,1,3,0,6
ef88f778,11,8,2,6,3,3,13,10,3,1,2,1,12,3,0,21
ef8f266e,0,0,0,0,0,0,4,4,0,0,0,0,0,0,0,2
efc13588,24,12,6,15,3,14,37,23,8,2,6,13,37,6,0,94
efc33b33,3,2,2,1,0,1,1,0,8,5,3,8,11,23,0,5
f034613c,2,0,2,0,0,1,4,3,1,0,1,1,3,0,0,7
f03f284b,6,6,3,1,2,2,4,2,2,2,0,4,10,6,0,13
f0661424,1,1,0,1,0,1,2,1,1,0,1,1,2,7,0,6
f0e3b343,4,2,1,1,2,1,1,0,3,1,2,0,4,4,0,11
f11a5b76,10,5,6,3,1,7,13,6,9,3,6,9,19,23,0,37
f11fe861,5,3,3,2,0,2,3,1,4,2,2,5,10,14,0,15
f15b778f,45,30,18,21,6,19,36,17,24,5,19,24,69,11,1,99
f15f8b2b,6,4,1,2,3,0,7,7,2,1,1,2,8,1,0,36
f1b55719,0,0,0,0,0,0,0,0,0,0,0,0,0,0,0,2
f1e8372d,0,0,0,0,0,0,0,0,0,0,0,0,0,0,0,0
f209b81e,1,0,0,0,1,1,1,0,1,0,1,0,1,0,0,7
f294b8cc,5,5,3,2,0,3,7,4,2,1,1,3,8,1,0,13
f2eaebe9,0,0,0,0,0,0,1,1,2,2,0,0,0,0,0,5
f30a4ab1,1,0,1,0,0,1,2,1,2,0,2,0,1,2,0,10
f315ca93,17,11,9,7,1,9,17,8,2,2,0,10,27,9,0,29
f323d995,17,8,10,7,0,8,13,5,10,6,4,12,29,54,0,50
f352799f,0,0,0,0,0,0,0,0,0,0,0,0,0,0,1,2
f3722c97,1,1,0,1,0,1,1,0,2,1,1,0,1,0,0,2
f3a97d02,1,1,1,0,0,0,0,0,0,0,0,0,1,4,1,13
f4021366,7,2,6,1,0,3,9,6,9,5,4,8,15,20,0,24
f42e9f3f,0,0,0,0,0,0,0,0,1,0,1,0,0,1,0,9
f4b1e26f,4,3,1,3,0,2,7,5,2,0,2,3,7,0,0,14
f4d8ce5a,3,2,0,3,0,1,1,0,2,0,2,4,7,1,0,3
f512a009,10,8,1,4,5,4,11,7,2,0,2,2,12,1,0,17
f521b80a,4,1,4,0,0,2,2,0,3,2,1,5,9,10,0,19
f533776b,4,3,4,0,0,3,6,3,2,1,1,1,5,10,0,14
f5a00fa4,21,12,7,13,1,7,23,16,10,2,8,9,30,6,0,67
f5ae006d,4,1,0,2,2,2,8,6,2,1,1,2,6,3,0,17
f5deef4c,1,1,0,0,1,1,1,0,3,2,1,0,1,9,0,28
f5eedf74,7,4,7,0,0,2,7,5,6,1,5,4,11,6,0,20
f620b04f,0,0,0,0,0,0,0,0,0,0,0,0,0,0,0,2
f63a8347,0,0,0,0,0,0,0,0,0,0,0,0,0,2,0,2
f6798fc3,1,0,1,0,0,1,1,0,0,0,0,1,2,4,0,9
f68b64fc,17,8,11,5,1,9,17,8,9,3,6,12,29,32,0,61
f7036e1c,4,1,1,2,1,2,4,2,5,0,5,1,5,0,0,13
f7223718,0,0,0,0,0,0,0,0,1,1,0,0,0,0,0,0
f74f680d,2,1,0,1,1,0,1,1,0,0,0,0,2,1,0,1
f7815d38,11,7,6,5,0,4,11,7,4,0,4,1,12,4,0,21
f7b10c66,1,1,1,0,0,0,0,0,0,0,0,0,1,1,0,15
f7c398ec,0,0,0,0,0,0,0,0,0,0,0,0,0,0,0,2
f7e87032,9,6,4,4,1,1,3,2,3,0,3,3,12,2,0,32
f874dd44,1,1,0,1,0,1,3,2,1,0,1,3,4,5,0,11
f93c876b,6,3,2,4,0,3,7,4,6,6,0,5,11,20,0,35
f9acca3a,0,0,0,0,0,0,2,2,3,1,2,5,5,0,0,5
f9c927de,7,4,3,3,1,4,18,14,4,1,3,7,14,10,0,43
f9ebe13d,1,1,0,0,1,1,2,1,0,0,0,0,1,0,0,0
fa73ccc7,12,7,3,8,1,4,15,11,2,0,2,3,15,1,1,24
fa937f7a,3,3,1,1,1,1,8,7,4,0,4,2,5,0,1,27
fae880d5,8,3,3,4,1,4,13,9,4,1,3,6,14,5,0,45
fb054320,9,6,6,3,0,4,8,4,2,0,2,2,11,5,0,43
fb938d24,9,5,3,5,1,3,8,5,4,0,4,15,24,7,0,47
fbafd1b0,5,2,1,4,0,3,4,1,1,0,1,5,10,12,0,15
fbffc4b1,2,2,2,0,0,0,1,1,4,0,4,8,10,19,0,15
fc1cf07a,8,8,5,3,0,3,6,3,4,3,1,11,19,43,1,41
fc3f41aa,1,1,1,0,0,0,1,1,0,0,0,0,1,1,0,3
fc4ab056,1,1,0,0,1,0,5,5,3,1,2,1,2,5,0,7
fc4cf6a7,4,4,3,1,0,2,4,2,1,0,1,2,6,4,0,12
fc4f85b1,13,10,4,8,1,4,8,4,8,4,4,9,22,25,0,33
fce2302c,7,6,4,1,2,4,5,1,6,0,6,4,11,6,0,26
fd7768be,3,3,1,1,1,2,2,0,2,1,1,1,4,1,0,2
fd834d1d,0,0,0,0,0,0,0,0,0,0,0,0,0,0,0,3
fe6c830a,0,0,0,0,0,0,1,1,0,0,0,0,0,3,0,1
fe85a764,7,3,6,0,1,3,4,1,0,0,0,2,9,3,0,5
fe888e39,3,2,1,2,0,2,4,2,1,0,1,3,6,3,1,22
fecd43a3,10,4,7,2,1,6,10,4,1,1,0,5,15,4,0,14
fed7cb61,9,6,5,0,4,2,9,7,6,0,6,1,10,5,0,23
ff497879,3,1,3,0,0,2,3,1,1,1,0,5,8,4,0,4
ffad706e,9,3,3,4,2,2,9,7,4,3,1,14,23,4,0,18
