id,Tkl,TklW,Def 3rd,Mid 3rd,Att 3rd,Tkl.1,Att,Lost,Blocks,Sh,Pass,Int,Tkl+Int,Clr,Err,recov
0076ab7f,3,4,1,2,0,1,1,0,4,2,2,3,6,3,0,4
00844823,1,1,1,0,0,1,2,1,3,3,0,3,4,2,0,8
009a4f60,13,7,3,9,1,5,9,4,8,0,8,2,15,8,0,38
00b86f5e,1,0,1,0,0,1,1,0,0,0,0,0,1,3,0,6
00c9a283,4,4,0,4,0,1,2,1,5,0,5,1,5,6,1,24
01b8a2b2,0,0,0,0,0,0,0,0,0,0,0,0,0,0,0,4
02b952ce,3,1,3,0,0,2,4,2,2,2,0,0,3,8,0,7
02caf6e0,3,3,2,1,0,3,4,1,0,0,0,1,4,2,0,9
031ebd52,0,0,0,0,0,0,0,0,0,0,0,2,2,2,0,5
0362c29e,7,4,6,1,0,3,3,0,5,3,2,1,8,18,1,29
03998238,0,0,0,0,0,0,0,0,0,0,0,0,0,1,0,2
03b6afa9,10,5,6,3,1,5,6,1,3,1,2,5,15,2,1,23
03e7a498,2,2,1,1,0,2,2,0,1,0,1,0,2,1,0,3
0412b9cd,0,0,0,0,0,0,0,0,0,0,0,0,0,2,0,5
04964f4f,0,0,0,0,0,0,1,1,1,0,1,1,1,0,0,5
049751d7,4,3,3,1,0,1,6,5,2,0,2,4,8,1,0,17
04e17fd5,2,3,0,2,0,0,1,1,0,0,0,0,2,2,0,3
04f661ea,0,0,0,0,0,0,1,1,0,0,0,1,1,1,0,0
056d2d95,11,8,5,4,2,5,12,7,3,0,3,8,19,13,0,34
05e19d6a,3,3,1,1,1,0,0,0,2,0,2,0,3,0,0,9
0670ee51,5,2,3,2,0,3,4,1,4,1,3,3,8,8,0,12
0683f364,9,7,5,3,1,4,7,3,10,2,8,7,16,2,0,31
068f4dec,6,4,2,2,2,3,7,4,0,0,0,2,8,2,0,10
06df8256,8,6,6,2,0,5,7,2,2,1,1,8,16,15,0,27
06e5b0e4,5,2,4,1,0,3,6,3,1,0,1,4,9,10,0,11
072e68ed,0,0,0,0,0,0,1,1,0,0,0,0,0,3,0,6
08452314,5,6,1,1,3,2,9,7,8,0,8,4,9,4,0,17
086d7db3,1,1,0,0,1,0,0,0,0,0,0,0,1,1,0,0
0880e10b,0,0,0,0,0,0,0,0,0,0,0,0,0,1,0,2
089c7323,2,0,0,1,1,1,2,1,0,0,0,3,5,2,0,4
08eb3b58,5,4,3,2,0,3,4,1,2,0,2,5,10,4,0,11
0959184b,3,2,2,1,0,2,6,4,2,0,2,2,5,2,0,16
095ec83c,4,3,2,2,0,1,2,1,4,1,3,0,4,1,0,4
0a084b35,5,3,4,1,0,2,2,0,1,0,1,3,8,3,0,12
0ab1f153,2,3,2,0,0,1,1,0,0,0,0,1,3,0,0,4
0afff3b7,4,4,3,0,1,1,6,5,2,0,2,2,6,3,1,12
0b243559,1,1,1,0,0,0,0,0,3,1,2,0,1,1,0,2
0b4f388a,4,2,0,2,2,2,5,3,2,0,2,0,4,0,0,8
0ba976e4,0,0,0,0,0,0,0,0,0,0,0,0,0,0,0,2
0bfca6a1,6,4,2,2,2,3,9,6,2,1,1,6,12,6,0,24
0c09c984,3,3,2,0,1,3,6,3,2,1,1,2,5,7,0,27
0c3f7197,5,2,0,3,2,1,4,3,3,0,3,1,6,0,0,12
0c7a48f8,3,7,1,2,0,1,1,0,7,2,5,7,10,11,0,17
0caa2fd4,6,3,2,3,1,3,4,1,5,0,5,2,8,0,0,12
0d82903c,5,5,2,3,0,4,5,1,2,2,0,0,5,5,0,11
0d9b2d31,0,0,0,0,0,0,0,0,0,0,0,0,0,0,0,3
0da5076f,5,4,3,2,0,1,4,3,4,0,4,7,12,2,0,20
0e46fa2f,1,1,0,1,0,0,1,1,2,0,2,1,2,2,0,3
0e7ccfc4,6,4,3,2,1,3,9,6,5,1,4,6,12,11,0,17
0eb83e1a,2,1,0,2,0,0,1,1,0,0,0,0,2,0,0,17
0ed60738,5,4,4,0,1,4,10,6,8,2,6,1,6,2,0,32
0f6e3474,8,4,4,3,1,1,4,3,7,6,1,4,12,15,0,28
0f816ae5,0,0,0,0,0,0,0,0,0,0,0,0,0,0,0,7
10072610,0,0,0,0,0,0,0,0,1,0,1,1,1,0,0,6
10161491,0,0,0,0,0,0,1,1,0,0,0,0,0,0,0,4
10549b49,0,1,0,0,0,0,0,0,0,0,0,0,0,1,0,1
108fe016,2,2,1,1,0,0,1,1,3,2,1,0,2,0,0,14
10f1cd17,1,0,1,0,0,1,4,3,3,0,3,4,5,13,0,15
114bbdee,0,0,0,0,0,0,0,0,0,0,0,1,1,3,0,1
11c0fa9d,3,2,0,1,2,1,4,3,0,0,0,0,3,1,0,10
12dcbdcc,3,3,2,0,1,2,3,1,1,0,1,4,7,0,0,4
13203c45,2,2,2,0,0,1,1,0,1,0,1,2,4,0,0,11
136958ad,0,0,0,0,0,0,0,0,0,0,0,0,0,0,0,0
13c8e5f6,2,2,1,1,0,1,3,2,1,0,1,2,4,1,0,6
13ea2544,5,3,0,5,0,3,5,2,2,0,2,2,7,1,0,19
13fe7b69,0,0,0,0,0,0,1,1,0,0,0,0,0,0,0,4
1443ca7d,3,3,3,0,0,3,4,1,1,1,0,2,5,2,0,7
1469d291,1,1,1,0,0,1,1,0,0,0,0,0,1,0,0,1
149895bf,0,0,0,0,0,0,0,0,2,0,2,0,0,0,0,6
14a04bea,3,2,2,1,0,3,3,0,5,1,4,1,4,2,0,14
15317e60,0,0,0,0,0,0,0,0,0,0,0,0,0,0,0,0
1581e8db,5,4,1,4,0,2,4,2,2,0,2,1,6,4,0,21
15944afd,0,0,0,0,0,0,2,2,3,0,3,1,1,2,0,12
15d0c248,3,2,1,2,0,2,3,1,9,4,5,9,12,12,0,14
15f3ec41,0,0,0,0,0,0,0,0,0,0,0,0,0,0,0,0
15fd5593,1,1,0,1,0,0,1,1,1,0,1,1,2,0,0,5
16322a52,5,2,1,2,2,1,4,3,3,1,2,1,6,5,0,8
16657b95,25,16,8,16,1,11,21,10,9,3,6,12,37,7,0,37
16839b27,2,0,0,2,0,0,1,1,2,0,2,1,3,1,0,7
16aa3654,2,1,2,0,0,1,2,1,5,0,5,0,2,0,0,12
16e9d0ea,4,4,2,1,1,4,6,2,2,0,2,1,5,3,0,8
16ea3bb1,10,9,8,2,0,5,5,0,2,1,1,4,14,9,0,19
1707d9c6,0,0,0,0,0,0,0,0,1,0,1,0,0,0,0,0
17370b95,1,1,0,1,0,1,1,0,3,1,2,1,2,2,0,7
173eb3cd,5,8,1,3,1,1,4,3,8,4,4,8,13,11,1,24
17695062,0,0,0,0,0,0,0,0,0,0,0,0,0,0,0,0
1774c547,0,0,0,0,0,0,1,1,0,0,0,0,0,0,0,5
17e3e467,3,3,2,1,0,2,2,0,1,0,1,1,4,2,0,5
184ad240,4,2,2,2,0,2,5,3,0,0,0,0,4,0,0,5
184ea16a,1,0,1,0,0,0,0,0,0,0,0,0,1,0,0,0
185a2732,4,3,2,2,0,1,1,0,0,0,0,5,9,3,0,7
18fae4ac,12,5,8,4,0,8,14,6,10,1,9,5,17,10,0,50
1971591f,4,2,2,1,1,3,7,4,1,0,1,3,7,1,0,16
19cae58d,4,4,0,2,2,2,5,3,4,0,4,1,5,1,0,5
19cda00b,0,1,0,0,0,0,3,3,0,0,0,2,2,0,0,7
1a799243,3,2,0,3,0,1,3,2,4,0,4,3,6,5,0,8
1a7fcf39,4,3,3,1,0,3,4,1,2,0,2,4,8,3,1,10
1ac58ba6,2,2,2,0,0,2,3,1,8,6,2,2,4,10,2,14
1adcf39e,2,1,2,0,0,1,3,2,0,0,0,7,9,10,0,12
1b4f1169,5,1,1,3,1,2,4,2,0,0,0,4,9,4,0,24
1bacc518,4,3,2,0,2,3,3,0,3,2,1,0,4,2,0,17
1bd5735a,1,0,0,1,0,0,0,0,0,0,0,0,1,1,0,4
1c07b06e,2,0,1,1,0,2,4,2,6,2,4,3,5,3,0,31
1c341b14,0,0,0,0,0,0,0,0,3,0,3,2,2,1,0,4
1c59240b,9,5,3,3,3,3,12,9,2,0,2,1,10,4,0,10
1cb49278,3,1,2,0,1,0,0,0,3,1,2,0,3,1,0,11
1d2c3e5e,8,5,4,3,1,4,5,1,6,0,6,3,11,1,0,30
1d2d5cc8,0,0,0,0,0,0,0,0,0,0,0,0,0,2,0,6
1d438d6c,1,0,1,0,0,1,1,0,0,0,0,0,1,1,0,1
1da13ab9,3,1,3,0,0,2,4,2,4,1,3,4,7,8,0,25
1df4a109,14,9,4,8,2,4,7,3,10,1,9,8,22,7,0,26
1e064bfb,0,0,0,0,0,0,0,0,0,0,0,0,0,1,0,1
1e1378e1,3,3,1,1,1,3,6,3,1,0,1,1,4,0,0,9
1e274a0a,2,1,0,2,0,0,1,1,0,0,0,2,4,1,0,6
1e8dbb59,0,0,0,0,0,0,0,0,0,0,0,0,0,1,0,2
1f3afdcb,1,2,0,1,0,0,0,0,0,0,0,0,1,0,0,0
1fbbfbde,7,3,6,1,0,4,5,1,0,0,0,3,10,8,0,10
200e89e1,0,0,0,0,0,0,1,1,1,0,1,0,0,0,0,2
20e73fac,11,4,4,6,1,5,11,6,6,1,5,1,12,11,0,41
211589b8,0,0,0,0,0,0,1,1,1,0,1,0,0,0,0,7
2116f524,0,0,0,0,0,0,0,0,0,0,0,0,0,0,0,1
218e344d,5,3,1,3,1,2,4,2,5,1,4,6,11,5,0,22
2249e65b,2,2,0,2,0,2,3,1,1,0,1,0,2,2,0,8
22798128,16,12,8,7,1,7,16,9,9,2,7,7,23,6,0,42
228b0d9d,5,4,2,2,1,4,4,0,1,0,1,0,5,2,0,7
232b3da4,0,0,0,0,0,0,0,0,5,0,5,0,0,2,0,15
235a646b,4,3,2,2,0,2,5,3,1,0,1,2,6,5,0,23
23c63b7f,2,2,0,1,1,2,4,2,0,0,0,0,2,1,0,10
242e1043,6,5,4,2,0,2,3,1,2,2,0,3,9,0,0,26
244a31b9,9,6,6,3,0,7,8,1,7,5,2,8,17,21,0,32
2475dcc6,4,3,1,2,1,2,2,0,2,0,2,0,4,2,0,10
24baba9d,12,8,7,3,2,5,10,5,6,2,4,5,17,6,0,38
25146df0,0,0,0,0,0,0,2,2,3,2,1,0,0,2,0,6
254b831b,6,3,6,0,0,2,2,0,3,1,2,2,8,9,0,11
25ab9c9c,0,0,0,0,0,0,0,0,0,0,0,0,0,0,0,0
27504df8,4,3,1,3,0,2,2,0,5,0,5,2,6,3,0,18
2770726a,4,4,0,3,1,1,2,1,2,0,2,2,6,0,0,14
277da414,0,0,0,0,0,0,0,0,0,0,0,0,0,5,2,14
2794a536,1,0,1,0,0,0,0,0,1,1,0,0,1,4,0,1
28c6e925,8,4,5,3,0,7,10,3,2,0,2,0,8,5,0,14
2973d8ff,0,0,0,0,0,0,0,0,1,0,1,0,0,2,0,9
29b61deb,13,5,6,6,1,4,8,4,4,2,2,4,17,2,0,32
29e298a8,8,6,4,3,1,6,6,0,2,1,1,3,11,8,0,14
2a0c8ba4,3,1,0,3,0,0,3,3,3,1,2,3,6,2,0,7
2a29eb9b,5,5,2,0,3,2,4,2,1,0,1,5,10,4,0,17
2a70dcc9,3,2,2,1,0,3,3,0,3,1,2,1,4,0,0,8
2ab7149e,0,0,0,0,0,0,1,1,0,0,0,0,0,3,0,5
2acd49b9,12,6,1,11,0,5,8,3,4,0,4,5,17,7,0,27
2b0852db,0,0,0,0,0,0,2,2,0,0,0,0,0,1,0,5
2b1c4abd,0,0,0,0,0,0,1,1,4,0,4,1,1,3,0,7
2b53f7a5,5,2,1,3,1,3,9,6,1,0,1,1,6,3,0,27
2bc17985,4,3,2,1,1,2,5,3,2,0,2,3,7,1,0,16
2bef2bca,2,1,2,0,0,1,1,0,6,2,4,0,2,3,0,5
2bf50b37,2,1,1,1,0,2,3,1,0,0,0,0,2,0,0,1
2c5f04ba,0,0,0,0,0,0,0,0,0,0,0,0,0,0,0,1
2ca35213,1,1,1,0,0,0,1,1,3,2,1,1,2,8,0,8
2cb77ec6,6,4,4,2,0,2,5,3,1,1,0,9,15,16,0,21
2dc925d5,2,2,0,0,2,1,1,0,0,0,0,0,2,0,0,5
2edbd8d5,0,0,0,0,0,0,0,0,0,0,0,0,0,0,0,0
2f18d0b8,0,0,0,0,0,0,0,0,0,0,0,0,0,0,0,0
2f3452eb,9,4,4,4,1,6,11,5,6,1,5,6,15,8,0,41
2f72f79e,4,4,3,1,0,2,5,3,0,0,0,2,6,4,0,15
2f88752d,11,6,6,3,2,6,7,1,4,3,1,5,16,5,0,27
2fba6108,3,2,0,2,1,1,2,1,0,0,0,1,4,0,0,5
2ff76adc,14,7,10,4,0,8,19,11,3,2,1,3,17,7,0,27
2ffa6348,5,2,3,2,0,1,5,4,4,2,2,5,10,12,0,17
3010aefb,3,2,1,1,1,1,1,0,1,0,1,0,3,1,0,9
302527b2,10,9,7,3,0,8,9,1,5,4,1,5,15,12,0,29
3098c0df,2,1,0,2,0,0,2,2,0,0,0,2,4,1,0,10
30ae134d,2,1,0,0,2,1,6,5,3,2,1,0,2,6,0,12
30af8b93,18,13,11,6,1,12,17,5,5,1,4,8,26,8,0,50
30e03a25,13,7,9,4,0,8,12,4,13,9,4,13,26,27,0,27
30fab1ee,6,3,3,2,1,0,3,3,0,0,0,1,7,0,0,5
31139973,0,0,0,0,0,0,0,0,0,0,0,0,0,0,0,1
313254a3,8,6,6,1,1,4,10,6,3,2,1,9,17,4,0,20
31a62dc7,0,0,0,0,0,0,1,1,2,0,2,0,0,4,0,6
31b7d437,3,3,0,2,1,1,1,0,0,0,0,0,3,0,0,7
31f5b89b,5,2,0,3,2,3,7,4,5,0,5,7,12,3,0,25
3260690c,0,0,0,0,0,0,0,0,0,0,0,0,0,0,0,0
32f3d97e,3,3,1,1,1,1,3,2,2,0,2,3,6,0,0,9
33591ff0,1,0,0,1,0,1,6,5,1,0,1,0,1,0,0,4
335fa267,1,1,0,0,1,0,0,0,0,0,0,0,1,0,0,7
33651873,2,2,2,0,0,2,4,2,1,1,0,4,6,5,0,4
3423f250,5,4,3,1,1,3,4,1,3,0,3,2,7,0,0,7
34693494,0,0,0,0,0,0,0,0,0,0,0,0,0,0,0,0
34a0f5ff,3,2,2,1,0,1,4,3,2,0,2,2,5,2,1,10
34caa4b3,3,4,0,1,2,1,2,1,2,1,1,0,3,0,0,10
34e393f2,14,7,6,7,1,9,10,1,3,1,2,7,21,3,0,16
350ad032,3,2,1,1,1,1,3,2,1,0,1,3,6,6,0,7
3543ef90,0,0,0,0,0,0,0,0,0,0,0,0,0,0,0,0
35bd124a,4,3,2,2,0,3,6,3,6,6,0,6,10,11,1,32
35e413f1,4,1,1,1,2,3,3,0,2,0,2,1,5,3,0,12
3626daea,5,1,3,0,2,4,6,2,2,0,2,3,8,2,0,23
3642b47f,8,4,2,3,3,4,11,7,4,1,3,5,13,4,0,20
366be751,4,5,0,2,2,3,7,4,4,0,4,3,7,1,0,9
36a6f28d,7,5,0,6,1,4,9,5,1,0,1,5,12,3,0,25
36a79857,3,0,0,3,0,3,6,3,3,0,3,2,5,5,0,12
3708e9fa,13,5,6,3,4,5,14,9,11,0,11,9,22,1,0,29
37143438,1,1,0,1,0,0,1,1,0,0,0,0,1,0,1,2
37337aea,2,1,0,0,2,1,1,0,0,0,0,1,3,1,0,7
3741ca58,5,3,1,2,2,1,3,2,1,0,1,4,9,0,0,12
374d5158,1,0,1,0,0,0,0,0,0,0,0,0,1,2,0,2
374ee424,0,0,0,0,0,0,0,0,0,0,0,0,0,0,0,10
37557ec4,0,2,0,0,0,0,2,2,1,0,1,2,2,1,0,4
37998008,0,0,0,0,0,0,0,0,0,0,0,0,0,0,0,0
37aa57c0,10,6,7,3,0,6,8,2,11,5,6,15,25,34,0,30
37d0048f,7,4,2,4,1,2,5,3,5,2,3,3,10,6,0,11
37f341f0,4,3,3,1,0,1,3,2,2,1,1,9,13,4,0,20
38fc10d2,1,0,0,1,0,0,0,0,0,0,0,1,2,0,0,3
390eb94b,6,4,3,3,0,3,7,4,6,0,6,5,11,1,0,30
394be156,0,2,0,0,0,0,0,0,0,0,0,0,0,0,0,0
39e1138f,3,5,1,1,1,1,1,0,3,0,3,10,13,2,0,14
3ae14ed1,5,3,2,2,1,2,5,3,6,0,6,4,9,1,0,16
3b216df2,0,0,0,0,0,0,0,0,0,0,0,0,0,0,0,0
3b996663,2,2,1,1,0,0,0,0,5,1,4,3,5,5,0,15
3bd65247,3,3,1,2,0,1,2,1,0,0,0,1,4,0,0,5
3befc2b6,14,9,10,4,0,8,15,7,9,6,3,10,24,30,0,25
3c6bbbab,8,5,6,1,1,8,9,1,1,0,1,5,13,5,0,9
3ca7254a,5,3,1,3,1,5,7,2,1,0,1,1,6,0,0,13
3cd7820a,4,3,2,2,0,2,2,0,3,1,2,2,6,4,0,16
3d3ac5b8,5,3,2,2,1,4,5,1,1,0,1,2,7,1,0,10
3d50bcdb,0,0,0,0,0,0,1,1,0,0,0,0,0,0,0,1
3d62c18b,6,5,4,2,0,2,3,1,6,1,5,6,12,14,0,22
3da8cba0,1,0,1,0,0,1,2,1,0,0,0,2,3,3,0,6
3dd738a1,2,2,1,1,0,1,7,6,3,1,2,1,3,0,0,4
3e9bd29d,7,4,4,3,0,4,9,5,4,1,3,4,11,3,0,15
3ead85f9,4,2,4,0,0,3,3,0,2,2,0,2,6,6,0,25
3ec9f005,5,4,1,3,1,2,10,8,4,0,4,2,7,2,0,10
3ee0dd59,1,2,1,0,0,0,2,2,3,0,3,8,9,2,0,14
3ef0fa48,1,0,1,0,0,1,2,1,1,0,1,0,1,0,0,3
3f10bd22,3,2,2,0,1,2,4,2,1,1,0,1,4,2,0,12
3f30f12a,11,7,8,1,2,7,12,5,5,0,5,10,21,10,0,29
3f5f38fb,0,0,0,0,0,0,0,0,0,0,0,1,1,3,0,5
3fa66cb2,0,0,0,0,0,0,0,0,1,1,0,0,0,1,0,0
3fba18d3,1,0,1,0,0,0,2,2,1,0,1,1,2,3,0,10
4030c7ae,0,0,0,0,0,0,0,0,0,0,0,0,0,2,0,2
4047c976,0,0,0,0,0,0,0,0,2,0,2,1,1,2,0,9
40dc75f0,0,0,0,0,0,0,0,0,0,0,0,0,0,0,0,0
41034650,2,0,1,1,0,1,2,1,2,1,1,1,3,5,0,8
4123bc9a,2,1,1,1,0,1,2,1,2,0,2,4,6,1,0,16
415568b5,4,4,4,0,0,3,10,7,3,1,2,3,7,2,1,10
41f0b196,0,0,0,0,0,0,0,0,0,0,0,0,0,1,0,4
41f32541,1,3,1,0,0,1,1,0,1,1,0,2,3,12,0,8
42f8775b,7,4,2,4,1,1,3,2,8,1,7,2,9,2,0,16
4315f30d,4,2,3,1,0,1,3,2,3,3,0,11,15,7,0,14
43458538,2,3,1,1,0,1,2,1,2,0,2,1,3,0,0,6
4352d221,14,8,8,4,2,9,19,10,12,1,11,5,19,4,0,36
44150beb,3,2,3,0,0,2,2,0,7,2,5,6,9,13,1,27
4431aed2,2,0,1,0,1,2,3,1,1,0,1,0,2,4,0,4
44400941,5,2,2,2,1,1,3,2,3,0,3,9,14,5,0,32
44ac04e9,3,2,1,2,0,2,6,4,1,0,1,4,7,1,0,9
44f050bc,2,1,1,1,0,2,3,1,1,1,0,1,3,5,0,4
45191c29,8,3,1,5,2,7,15,8,8,0,8,9,17,5,0,33
4534a352,0,0,0,0,0,0,1,1,1,1,0,1,1,2,0,12
45c29ae7,2,1,1,0,1,1,4,3,1,0,1,0,2,1,0,7
45db685d,0,0,0,0,0,0,0,0,0,0,0,2,0,0,0,0
4601e194,1,1,0,0,1,0,0,0,3,2,1,2,3,2,0,10
466824fb,5,2,3,2,0,1,2,1,6,1,5,2,7,11,0,16
466fb2c5,0,0,0,0,0,0,0,0,0,0,0,0,0,0,1,2
46a8347f,7,4,4,2,1,7,8,1,3,2,1,6,13,6,0,10
4736039a,2,2,2,0,0,2,3,1,0,0,0,0,2,2,0,1
47420f02,3,3,1,2,0,2,8,6,1,0,1,0,3,0,0,3
4760b2f2,2,1,1,1,0,1,1,0,2,2,0,0,2,6,0,5
47a34c4f,2,0,1,1,0,2,2,0,0,0,0,1,3,0,0,4
47aaf574,3,0,3,0,0,2,2,0,4,0,4,2,5,4,0,5
47dbe004,9,6,3,6,0,3,11,8,3,0,3,5,14,9,0,19
47fd5136,0,1,0,0,0,0,0,0,0,0,0,0,0,0,0,0
4876c9ab,1,0,0,1,0,0,2,2,1,0,1,2,3,2,0,7
489e80e3,17,9,11,4,2,10,28,18,10,0,10,6,23,0,0,55
48a5a5d6,1,0,0,1,0,0,3,3,6,0,6,0,1,1,0,13
49d028db,7,5,5,2,0,6,8,2,2,2,0,2,9,11,0,12
4a1abff3,4,2,1,3,0,1,3,2,6,0,6,8,12,2,0,32
4a51ba65,0,0,0,0,0,0,0,0,0,0,0,0,0,5,1,6
4a5a45c7,8,5,1,5,2,4,6,2,2,0,2,3,11,4,0,29
4a7078f9,5,3,2,3,0,3,12,9,7,3,4,5,10,8,0,33
4b00cd47,8,5,7,1,0,5,10,5,6,3,3,2,10,36,0,32
4bd00a50,4,3,4,0,0,4,4,0,1,1,0,5,9,12,0,10
4c184730,0,0,0,0,0,0,0,0,2,0,2,0,0,1,0,0
4c1e579e,0,0,0,0,0,0,0,0,0,0,0,0,0,0,0,0
4c2e9442,0,0,0,0,0,0,0,0,0,0,0,0,0,1,0,1
4c5039bd,0,0,0,0,0,0,0,0,0,0,0,0,0,3,0,2
4c5b14d2,3,2,0,1,2,0,1,1,0,0,0,3,6,0,0,12
4c6e2ab5,0,0,0,0,0,0,0,0,0,0,0,0,0,0,0,0
4c82730b,2,2,1,0,1,1,7,6,6,2,4,2,4,6,0,15
4d0be953,0,0,0,0,0,0,0,0,0,0,0,1,1,8,0,9
4d1666ff,3,1,3,0,0,3,8,5,3,0,3,2,5,5,0,11
4d224fe8,23,10,13,9,1,11,25,14,19,3,16,14,37,13,0,51
4db2157a,7,4,3,3,1,2,7,5,7,2,5,6,13,11,0,35
4dcec659,3,1,2,0,1,3,4,1,3,0,3,3,6,2,0,18
4dedd469,5,3,1,3,1,3,5,2,7,2,5,11,16,18,1,20
4e219ad2,2,2,1,1,0,2,2,0,0,0,0,0,2,0,0,5
4e3f5992,1,1,0,1,0,0,2,2,0,0,0,3,4,2,0,9
4e4b59a4,0,0,0,0,0,0,0,0,0,0,0,0,0,0,0,0
4e6dbac4,6,2,0,3,3,4,7,3,5,0,5,2,8,0,0,19
4e7db402,0,0,0,0,0,0,0,0,0,0,0,0,0,4,1,8
4f5a953e,4,1,2,2,0,2,3,1,2,2,0,5,9,21,1,27
4f9f721c,2,1,0,1,1,1,3,2,3,0,3,1,3,1,0,7
4fac8f81,11,6,8,2,1,7,11,4,5,2,3,8,19,25,1,42
50385760,15,9,9,4,2,8,16,8,3,2,1,11,26,10,0,22
507c7bdf,8,5,3,3,2,3,15,12,9,0,9,7,15,11,0,36
50871bcc,1,1,1,0,0,0,2,2,2,0,2,0,1,0,0,2
50c1ff86,3,1,0,2,1,0,1,1,1,1,0,4,7,9,0,17
50cddd19,1,1,0,1,0,0,1,1,1,0,1,0,1,3,0,5
50dc94ce,1,1,0,1,0,0,0,0,1,0,1,0,1,0,0,5
50ff205b,10,10,7,3,0,5,6,1,5,2,3,10,20,14,0,35
510c6a3f,0,0,0,0,0,0,0,0,0,0,0,0,0,0,0,0
5148dcc5,12,4,5,7,0,4,5,1,3,0,3,3,15,4,0,9
51cf8561,1,2,0,0,1,0,1,1,0,0,0,1,2,0,0,0
51ffa295,1,0,0,1,0,0,0,0,1,0,1,3,4,2,0,8
52061089,21,15,6,14,1,7,14,7,12,3,9,7,28,8,0,56
52522325,2,1,2,0,0,1,1,0,0,0,0,1,3,0,0,2
5294a83f,4,3,3,1,0,1,2,1,1,1,0,1,5,0,0,17
529f49ab,3,2,1,2,0,1,2,1,0,0,0,2,5,2,0,5
52afb588,1,1,0,0,1,0,1,1,1,0,1,0,1,2,0,10
52ec54d0,0,0,0,0,0,0,0,0,0,0,0,0,0,0,0,1
5333d7de,2,2,2,0,0,0,0,0,0,0,0,1,3,1,0,0
53342701,3,0,2,1,0,3,5,2,3,1,2,14,17,14,0,22
53d93280,0,0,0,0,0,0,0,0,0,0,0,0,0,3,0,7
53de807a,1,0,1,0,0,0,0,0,1,1,0,2,3,1,0,6
53e442e2,3,1,1,1,1,0,4,4,1,0,1,2,5,3,0,10
541127d5,5,0,3,2,0,3,8,5,2,1,1,0,5,2,0,14
54b4dc4e,0,1,0,0,0,0,0,0,0,0,0,1,0,0,0,0
54bb5c3f,0,0,0,0,0,0,1,1,0,0,0,0,0,1,0,1
54e4866f,6,5,0,3,3,4,7,3,3,0,3,0,6,2,0,23
5521f419,0,0,0,0,0,0,0,0,1,0,1,0,0,1,0,3
5529a99a,0,0,0,0,0,0,0,0,0,0,0,1,1,0,0,2
555d5edd,1,3,0,1,0,1,2,1,0,0,0,3,4,0,0,7
55e81c76,1,0,0,1,0,0,0,0,1,0,1,0,1,2,0,9
563cbac0,10,7,7,2,1,7,10,3,6,5,1,10,20,29,0,27
56bcde74,1,1,1,0,0,0,0,0,2,1,1,4,5,7,0,1
56dd5e10,5,3,3,0,2,3,8,5,1,0,1,2,7,5,0,16
5715bb71,4,1,0,2,2,0,6,6,5,0,5,1,5,1,0,31
572498c7,3,2,2,0,1,2,6,4,2,0,2,1,4,4,0,10
57469b2d,1,1,0,0,1,0,0,0,0,0,0,0,1,0,0,2
57760e66,0,0,0,0,0,0,3,3,1,0,1,1,1,1,0,4
57d9707f,4,1,2,2,0,3,6,3,1,0,1,2,6,1,0,6
582beb9d,11,8,7,1,3,7,13,6,7,2,5,4,15,6,0,35
5832ebfe,5,2,4,1,0,4,4,0,5,4,1,3,8,13,1,12
5853ac44,1,5,1,0,0,0,3,3,4,1,3,4,5,1,0,7
58a3a572,12,9,8,3,1,8,16,8,7,3,4,2,14,9,0,23
58a9a4d9,1,2,0,1,0,0,3,3,1,0,1,0,1,1,0,9
595ccab1,0,0,0,0,0,0,0,0,0,0,0,0,0,2,1,8
595e6f3e,2,2,0,2,0,0,1,1,6,1,5,1,3,14,0,19
59671448,6,2,4,1,1,6,9,3,7,3,4,5,11,12,0,30
596cc50e,6,4,1,3,2,3,6,3,8,3,5,2,8,5,0,25
59878425,4,3,1,0,3,3,4,1,2,0,2,3,7,0,0,8
59e4b92e,21,12,6,11,4,9,18,9,4,0,4,8,29,6,0,56
5aa53281,9,8,6,1,2,7,8,1,9,4,5,8,17,11,0,32
5ab0ea87,5,5,3,2,0,3,4,1,2,0,2,4,9,3,0,8
5b479568,0,0,0,0,0,0,1,1,0,0,0,1,1,0,0,4
5c26ca51,15,7,2,11,2,7,13,6,12,0,12,8,23,2,0,41
5c46e908,8,6,5,3,0,2,2,0,1,0,1,1,9,8,0,10
5c7845f6,5,7,4,1,0,2,2,0,1,1,0,1,6,3,0,14
5c78cb9e,0,0,0,0,0,0,0,0,0,0,0,1,1,0,0,0
5ccc9672,2,0,1,1,0,2,3,1,4,0,4,1,3,0,0,7
5ce0b5ba,3,1,0,3,0,1,2,1,3,0,3,3,6,0,0,11
5ceba7fc,5,2,2,2,1,1,1,0,1,0,1,1,6,0,0,12
5d0e0a1f,8,4,4,3,1,2,3,1,6,1,5,1,9,8,0,23
5d4e9f31,2,0,1,1,0,1,4,3,1,0,1,2,4,2,0,14
5d4f7d61,0,0,0,0,0,0,0,0,0,0,0,0,0,0,0,1
5d873dfb,14,9,8,5,1,10,15,5,2,2,0,7,21,10,0,28
5d8e331f,8,10,5,3,0,4,10,6,4,3,1,12,20,4,0,19
5db7ba90,0,2,0,0,0,0,0,0,0,0,0,0,0,0,0,0
5e22e2a4,1,1,0,1,0,0,0,0,3,2,1,3,4,1,0,19
5e42afa3,9,6,5,2,2,3,8,5,2,0,2,3,12,9,0,16
5e8936be,1,1,1,0,0,1,1,0,0,0,0,0,1,3,2,4
5ef3d210,0,0,0,0,0,0,0,0,0,0,0,0,0,0,0,0
5f09991f,1,1,1,0,0,1,3,2,2,0,2,2,3,4,0,9
5f3eaaf5,2,1,0,1,1,2,4,2,4,0,4,0,2,0,0,19
5fa714d5,6,4,3,2,1,3,9,6,0,0,0,2,8,1,0,9
5fcb90ac,0,1,0,0,0,0,0,0,0,0,0,0,0,0,0,1
5fd5ed86,1,1,1,0,0,1,2,1,2,1,1,2,3,17,0,9
603116a7,0,0,0,0,0,0,0,0,0,0,0,0,0,0,0,8
60713cb3,0,0,0,0,0,0,0,0,1,0,1,0,0,0,1,5
60831426,0,0,0,0,0,0,0,0,0,0,0,0,0,3,0,13
60c07b31,0,0,0,0,0,0,0,0,4,3,1,4,4,14,2,16
6115fddd,0,0,0,0,0,0,0,0,0,0,0,1,1,5,0,7
6190474d,2,1,1,1,0,0,3,3,0,0,0,2,4,0,0,9
6191093d,4,2,1,3,0,0,4,4,4,0,4,4,8,0,0,31
625c144a,0,0,0,0,0,0,0,0,0,0,0,1,1,0,1,1
62de9d42,7,2,2,3,2,3,12,9,7,0,7,1,8,0,0,34
62f7c156,4,2,4,0,0,4,5,1,3,3,0,5,9,18,0,15
63567ebc,14,5,6,6,2,7,16,9,6,2,4,4,18,4,0,33
6358cb11,9,7,6,3,0,7,9,2,3,1,2,5,14,13,0,24
6412cc03,2,2,0,1,1,0,1,1,3,0,3,3,5,1,0,28
6445d6fe,2,1,2,0,0,0,2,2,1,1,0,1,3,1,0,2
6456e745,8,3,3,4,1,6,8,2,3,0,3,3,11,0,0,11
64f69877,3,3,0,2,1,1,3,2,4,1,3,0,3,0,0,10
6510079f,2,1,2,0,0,0,4,4,0,0,0,0,2,0,0,6
651fa4db,1,0,0,0,1,0,0,0,0,0,0,0,1,0,0,0
6578600f,1,1,0,0,1,1,1,0,5,0,5,1,2,0,0,8
65857fdf,1,1,0,0,1,0,0,0,1,0,1,0,1,0,0,1
65d62814,0,0,0,0,0,0,0,0,0,0,0,1,1,1,1,2
6603fed7,4,0,0,2,2,1,8,7,5,0,5,1,5,2,0,23
6637e6a7,9,6,1,6,2,4,14,10,10,1,9,4,13,4,0,43
66c52a77,8,8,4,1,3,6,7,1,4,0,4,3,11,1,0,20
6747869d,1,0,1,0,0,0,1,1,3,0,3,0,1,0,0,0
67ac5bb8,5,5,3,1,1,4,4,0,3,2,1,3,8,17,0,15
67b054d1,10,6,5,3,2,6,9,3,6,5,1,9,19,12,0,20
67f0703d,4,3,2,2,0,1,2,1,5,1,4,2,6,9,2,6
686cbe7d,0,0,0,0,0,0,1,1,0,0,0,0,0,1,0,2
6885cc44,5,3,2,3,0,4,10,6,3,0,3,1,6,0,0,9
68a26d51,7,6,0,7,0,3,12,9,5,0,5,4,11,2,1,33
6aafdc27,2,1,2,0,0,1,1,0,8,3,5,12,14,25,0,25
6b658db0,1,0,1,0,0,0,0,0,0,0,0,0,1,0,0,0
6b6c793c,17,12,9,4,4,9,12,3,8,3,5,6,23,2,1,25
6bd5cd5d,16,12,11,5,0,9,12,3,9,6,3,9,25,20,0,53
6bd603db,3,3,2,1,0,2,3,1,3,0,3,1,4,6,0,24
6c249ea7,13,3,8,4,1,8,11,3,2,1,1,3,16,11,0,13
6c5af908,9,4,3,6,0,4,6,2,2,1,1,6,15,2,0,21
6cbf8d0d,2,1,1,1,0,1,1,0,3,1,2,0,2,2,0,13
6d86d9cd,3,2,0,2,1,1,1,0,2,0,2,2,5,3,0,19
6db16dda,0,0,0,0,0,0,1,1,0,0,0,0,0,1,0,2
6e2c94ad,2,1,1,1,0,2,2,0,1,0,1,0,2,0,1,6
6e2e6e4e,0,0,0,0,0,0,0,0,0,0,0,0,0,0,0,0
6e44569a,2,0,1,0,1,0,0,0,7,1,6,1,3,1,0,15
6f51e382,0,0,0,0,0,0,0,0,0,0,0,0,0,0,0,2
6f5f82c0,1,1,1,0,0,0,3,3,1,1,0,2,3,1,0,10
6fd8a334,6,3,3,3,0,2,2,0,7,6,1,9,15,15,0,29
6ff91a3a,1,0,1,0,0,0,1,1,2,2,0,2,3,2,0,14
706a337d,0,2,0,0,0,0,0,0,0,0,0,0,0,0,0,0
70c52749,15,9,8,5,2,12,15,3,9,1,8,7,22,4,0,28
70dcf94d,11,4,2,9,0,4,7,3,17,1,16,2,13,1,0,28
71115017,7,5,4,3,0,6,12,6,4,1,3,2,9,26,0,34
713c144a,3,3,2,0,1,1,3,2,1,0,1,0,3,0,0,14
718a3a5c,6,3,2,4,0,4,5,1,13,7,6,10,16,33,0,30
720ebb4e,0,0,0,0,0,0,0,0,0,0,0,0,0,0,0,0
7242b495,1,1,1,0,0,0,0,0,1,0,1,2,3,2,0,4
7287ea6b,0,0,0,0,0,0,0,0,2,2,0,0,0,0,0,8
72c01cfb,3,1,2,1,0,2,3,1,2,2,0,3,6,11,0,11
72f87f25,2,2,1,1,0,0,0,0,1,0,1,0,2,0,0,6
731302dc,3,2,1,0,2,3,5,2,5,0,5,2,5,1,0,12
7328bee5,0,2,0,0,0,0,0,0,0,0,0,2,0,0,0,0
73b1d487,3,1,2,1,0,2,10,8,6,0,6,5,8,1,0,13
743ffce1,0,0,0,0,0,0,2,2,3,0,3,1,1,5,0,9
746b64a7,3,1,2,1,0,1,3,2,10,6,4,11,14,19,0,40
7483d9f9,12,7,10,2,0,9,13,4,9,9,0,6,18,29,0,28
74d4cec6,2,0,0,0,2,2,10,8,3,0,3,0,2,3,0,9
74f2e748,2,2,1,1,0,1,1,0,2,0,2,0,2,5,0,6
75229233,1,1,0,1,0,0,1,1,1,0,1,3,4,1,0,7
75645f0e,2,2,0,1,1,0,1,1,0,0,0,1,3,0,0,6
756959aa,4,2,2,1,1,2,7,5,4,0,4,2,6,0,0,7
7673e4bc,0,0,0,0,0,0,1,1,0,0,0,1,1,2,0,1
770ebf00,3,0,0,3,0,3,8,5,7,0,7,5,8,0,0,33
7713c72a,4,1,3,0,1,4,6,2,4,4,0,2,6,5,0,9
779847d6,17,12,11,5,1,10,19,9,8,5,3,13,30,21,0,47
77ac1d89,4,3,1,2,1,2,4,2,5,1,4,1,5,3,0,13
77e39b04,0,0,0,0,0,0,1,1,0,0,0,1,1,3,0,3
78f13530,4,3,0,2,2,2,5,3,1,0,1,0,4,4,0,13
79300479,5,0,1,4,0,2,2,0,0,0,0,2,7,0,0,8
79443529,0,0,0,0,0,0,2,2,1,0,1,1,1,0,0,4
79b0d6a0,0,0,0,0,0,0,0,0,0,0,0,0,0,1,0,7
7a2cf111,13,7,5,5,3,7,13,6,7,1,6,5,18,8,0,35
7a4cea18,3,1,1,2,0,1,2,1,1,0,1,0,3,0,0,7
7aa8adfe,2,2,2,0,0,1,2,1,3,0,3,3,5,2,0,4
7af31216,9,4,4,5,0,5,9,4,8,5,3,3,12,11,0,12
7b456af7,0,0,0,0,0,0,0,0,0,0,0,0,0,0,0,2
7b5ab7f2,3,1,1,1,1,2,4,2,0,0,0,3,6,1,0,6
7b9ecf02,5,4,4,1,0,4,4,0,3,1,2,10,15,17,0,31
7ba6d84e,0,0,0,0,0,0,0,0,0,0,0,0,0,1,1,7
7bf8ad6c,9,4,3,2,4,5,12,7,5,0,5,2,11,1,0,26
7c106fcf,0,0,0,0,0,0,1,1,2,0,2,2,2,0,0,0
7ca9f0f0,13,5,6,5,2,5,9,4,2,0,2,5,18,11,0,26
7cb9de24,2,2,2,0,0,1,1,0,2,1,1,7,9,18,1,43
7cc5bd9c,0,0,0,0,0,0,0,0,3,1,2,1,1,1,0,1
7cd78926,14,7,8,3,3,5,8,3,8,4,4,15,29,8,0,21
7d7660da,3,1,3,0,0,1,1,0,1,0,1,2,5,1,0,7
7e6b3664,1,1,1,0,0,1,1,0,2,1,1,3,4,1,0,2
7e82a78f,0,0,0,0,0,0,0,0,1,0,1,3,3,0,0,6
7f8fb807,1,1,0,1,0,0,0,0,2,0,2,0,1,2,0,3
7f9c5d2d,0,1,0,0,0,0,0,0,0,0,0,0,0,0,0,0
7fdb872a,0,0,0,0,0,0,0,0,1,0,1,0,0,1,0,1
803e7aca,9,3,3,4,2,3,8,5,6,1,5,6,15,5,0,27
80556f08,4,4,3,1,0,0,1,1,2,0,2,1,5,1,0,6
8059806f,9,8,6,2,1,5,10,5,9,3,6,2,11,4,0,17
808035bd,6,3,4,2,0,2,3,1,6,5,1,9,15,31,0,28
8104e41e,3,3,0,2,1,1,7,6,10,0,10,7,10,1,0,29
81069528,8,5,5,2,1,4,7,3,3,1,2,5,13,13,0,25
81255c03,0,0,0,0,0,0,0,0,2,0,2,1,1,0,0,2
81442ecb,6,2,3,3,0,2,5,3,2,0,2,2,8,2,0,14
819aa8e7,0,0,0,0,0,0,0,0,0,0,0,0,0,0,0,0
822d51d7,18,13,7,9,2,6,17,11,8,3,5,7,25,4,0,79
826e8b63,7,3,3,3,1,3,10,7,2,0,2,5,12,9,0,29
82cfae2a,8,5,5,3,0,5,6,1,7,5,2,6,14,40,0,21
82e12fe7,2,1,2,0,0,2,2,0,1,1,0,0,2,1,0,3
82e9b1bb,11,6,9,2,0,6,8,2,3,2,1,6,17,18,0,27
82efe6fa,13,6,7,5,1,6,8,2,8,6,2,14,27,18,0,34
830a34ec,0,0,0,0,0,0,1,1,1,1,0,0,0,1,0,0
83300259,0,0,0,0,0,0,0,0,0,0,0,0,0,1,0,1
8382b207,3,2,1,0,2,2,2,0,1,0,1,0,3,0,0,7
839c14e1,0,0,0,0,0,0,0,0,0,0,0,0,0,0,0,0
83c06f3a,0,0,0,0,0,0,0,0,0,0,0,0,0,0,0,0
83e4643e,1,1,0,1,0,1,1,0,0,0,0,0,1,1,0,2
84399660,0,1,0,0,0,0,0,0,0,0,0,0,0,0,0,0
8593f88c,16,5,8,8,0,12,16,4,6,1,5,4,20,5,0,24
85bed4ee,7,6,2,2,3,2,3,1,5,0,5,3,10,1,0,21
85c76f0a,0,0,0,0,0,0,0,0,1,0,1,0,0,0,0,0
85f476cc,1,1,1,0,0,1,2,1,0,0,0,1,2,0,0,2
8614496d,2,1,1,0,1,1,2,1,8,6,2,5,7,16,0,24
8794e251,5,6,2,2,1,3,7,4,3,0,3,3,8,6,0,11
88968486,12,5,5,6,1,8,11,3,7,4,3,4,16,12,1,26
890f108d,0,1,0,0,0,0,0,0,0,0,0,1,1,2,0,1
89c63f8c,0,0,0,0,0,0,0,0,3,1,2,2,2,5,0,11
89f951b5,4,3,2,2,0,1,3,2,1,0,1,2,6,1,0,17
8a2248b4,0,0,0,0,0,0,0,0,0,0,0,0,0,1,0,6
8a56c04c,2,1,1,0,1,0,1,1,3,0,3,0,2,5,0,2
8b0d9f35,5,2,0,4,1,3,7,4,5,2,3,5,10,3,0,19
8b3ab7ad,5,4,2,3,0,1,1,0,5,2,3,1,6,7,1,10
8b5504e1,10,8,8,1,1,8,10,2,5,0,5,4,14,8,0,46
8b788c01,0,0,0,0,0,0,0,0,0,0,0,0,0,0,0,0
8bc373ea,7,5,7,0,0,5,7,2,3,2,1,4,11,15,1,22
8c3c640c,0,0,0,0,0,0,0,0,0,0,0,0,0,0,0,0
8c5506ec,12,11,8,3,1,7,10,3,7,1,6,6,18,15,0,18
8c6239f2,0,1,0,0,0,0,0,0,0,0,0,0,0,0,0,0
8c725b43,0,0,0,0,0,0,1,1,5,1,4,4,4,9,0,4
8cd49575,0,0,0,0,0,0,0,0,0,0,0,0,0,1,0,0
8d62d31a,4,0,3,1,0,2,2,0,7,5,2,5,9,20,0,19
8d7323e8,6,3,2,3,1,3,8,5,4,0,4,3,9,1,0,15
8d78e732,2,1,0,2,0,2,2,0,0,0,0,1,3,3,0,6
8dcf77c0,0,0,0,0,0,0,0,0,2,0,2,2,2,3,0,5
8df5b30f,1,0,0,1,0,0,2,2,2,0,2,0,1,3,0,6
8e235926,2,3,0,0,2,0,1,1,3,0,3,1,3,2,0,7
8e34b9f5,5,5,4,1,0,3,3,0,3,0,3,3,8,5,0,16
8e456005,1,1,0,1,0,0,0,0,1,0,1,0,1,0,0,6
8e48dc61,6,3,4,2,0,3,5,2,4,0,4,2,8,4,0,31
8eb55dbb,5,2,1,2,2,1,5,4,4,0,4,2,7,0,0,22
8eeb8ba4,9,5,5,2,2,7,9,2,4,1,3,4,13,14,0,33
8eef18aa,0,0,0,0,0,0,0,0,0,0,0,2,2,2,0,5
8f5bfaac,0,0,0,0,0,0,3,3,2,0,2,3,3,1,0,13
90339309,1,2,1,0,0,0,0,0,1,0,1,5,6,3,0,9
903b3b77,10,7,9,0,1,4,9,5,4,3,1,1,11,27,0,33
9052e98c,0,0,0,0,0,0,1,1,0,0,0,0,0,0,0,4
90b70194,4,2,1,3,0,3,7,4,5,2,3,2,6,5,0,18
90d7dda6,4,2,3,1,0,1,6,5,2,1,1,3,7,5,0,17
90def3ab,1,0,1,0,0,1,1,0,0,0,0,0,1,1,0,2
922dfade,13,12,2,8,3,5,11,6,4,1,3,3,16,5,0,18
92d6bdc9,0,0,0,0,0,0,0,0,0,0,0,0,0,0,0,0
92fa5d28,5,3,3,2,0,1,3,2,2,1,1,7,12,2,0,9
939bc634,0,0,0,0,0,0,0,0,0,0,0,0,0,4,1,12
942b4f90,3,2,0,2,1,2,2,0,4,0,4,1,4,0,0,16
94b2001f,3,3,1,1,1,1,3,2,2,1,1,6,9,6,0,10
951f1739,4,2,3,1,0,2,7,5,3,0,3,5,9,4,0,16
952afd27,2,2,2,0,0,0,2,2,4,2,2,1,3,22,0,22
9614b550,9,5,6,3,0,3,4,1,10,7,3,10,19,22,0,25
972aeb2a,2,1,2,0,0,2,4,2,0,0,0,3,5,3,0,13
975eda74,2,0,1,0,1,2,3,1,2,1,1,0,2,0,0,5
97e2aa67,2,1,1,1,0,1,1,0,0,0,0,0,2,2,0,12
980522ec,3,1,1,2,0,1,2,1,2,0,2,2,5,1,0,32
9866afec,3,2,2,0,1,1,3,2,2,1,1,3,6,6,0,25
988dfee2,5,3,4,1,0,2,5,3,8,5,3,8,13,16,0,19
9907b1c8,1,1,1,0,0,1,1,0,1,0,1,1,2,0,0,10
99127249,6,2,1,5,0,1,5,4,5,0,5,2,8,1,0,23
99351886,0,0,0,0,0,0,0,0,0,0,0,0,0,4,1,9
9937ce4a,2,1,2,0,0,1,4,3,1,0,1,2,4,1,0,18
9980269a,0,0,0,0,0,0,1,1,0,0,0,0,0,0,0,1
9a64e67e,1,1,1,0,0,0,0,0,1,0,1,2,3,3,0,10
9a71e978,4,4,3,1,0,4,6,2,0,0,0,1,5,1,0,8
9a794238,0,0,0,0,0,0,0,0,0,0,0,0,0,1,0,4
9b3ab988,8,6,5,1,2,3,4,1,3,2,1,10,18,10,0,31
9bc9a519,0,0,0,0,0,0,0,0,3,1,2,3,3,2,0,9
9bf914b4,11,6,5,5,1,6,9,3,4,0,4,2,13,2,0,38
9c2b4382,1,0,0,1,0,0,0,0,0,0,0,0,1,0,0,3
9c2e7413,1,0,0,1,0,1,1,0,0,0,0,0,1,0,0,0
9c435456,8,3,8,0,0,6,9,3,7,3,4,2,10,12,1,35
9c4f39b3,3,2,1,1,1,0,4,4,1,0,1,1,4,1,0,10
9c74fa25,7,7,2,4,1,2,6,4,4,0,4,9,16,10,0,31
9c94165b,8,6,3,3,2,3,7,4,2,1,1,5,13,6,0,26
9ceb7642,10,6,4,5,1,7,16,9,6,0,6,2,12,2,0,34
9d21da85,8,5,6,1,1,7,9,2,9,4,5,7,15,18,0,29
9d689a5b,5,5,4,1,0,0,5,5,3,0,3,0,5,1,0,13
9d7d5334,0,0,0,0,0,0,0,0,0,0,0,0,0,2,0,2
9d9e69df,3,0,1,2,0,1,2,1,1,0,1,0,3,1,0,11
9e1035f8,1,0,1,0,0,0,0,0,0,0,0,0,1,0,0,3
9e17ccff,0,0,0,0,0,0,0,0,0,0,0,0,0,0,0,0
9e525177,2,1,0,2,0,0,1,1,3,0,3,2,4,4,1,6
9e7483ff,2,0,0,2,0,1,5,4,5,0,5,1,3,2,0,19
9f115e20,16,11,11,5,0,9,15,6,5,0,5,8,24,7,0,32
9f1893b9,9,5,3,2,4,3,6,3,2,0,2,2,11,2,0,20
9f84febe,1,2,0,0,1,0,1,1,0,0,0,1,2,0,0,9
9f8e9423,3,3,2,1,0,1,3,2,2,0,2,4,7,13,0,24
a0415710,0,0,0,0,0,0,2,2,2,0,2,1,1,2,0,4
a04e2dd2,0,0,0,0,0,0,0,0,0,0,0,0,0,0,0,2
a08b974a,4,3,2,2,0,2,2,0,0,0,0,1,5,0,0,6
a0b730dc,3,2,1,1,1,2,6,4,3,0,3,2,5,2,0,9
a0c590b9,1,0,0,1,0,0,0,0,1,0,1,0,1,0,0,2
a0f9b535,11,8,4,5,2,4,9,5,5,0,5,3,14,3,0,29
a1d5bd30,4,3,2,0,2,3,5,2,6,0,6,0,4,1,0,18
a29b1131,0,0,0,0,0,0,3,3,0,0,0,0,0,1,0,6
a29e5244,5,3,3,2,0,2,3,1,3,1,2,0,5,3,0,4
a2d873dd,1,1,1,0,0,0,1,1,3,0,3,3,4,4,0,6
a2f2d806,2,1,0,1,1,1,2,1,2,0,2,0,2,3,0,10
a36524bf,3,2,3,0,0,1,2,1,1,0,1,2,5,7,0,16
a372a9f2,12,7,5,5,2,7,14,7,2,0,2,4,16,2,0,38
a40819d9,0,0,0,0,0,0,0,0,0,0,0,2,2,0,0,1
a4b1028a,10,7,6,3,1,6,9,3,2,0,2,4,14,10,0,19
a53649b7,1,0,0,0,1,0,2,2,6,0,6,0,1,1,0,13
a5549ec1,2,2,2,0,0,0,0,0,0,0,0,5,7,3,0,8
a55ba2f8,2,1,2,0,0,0,1,1,4,4,0,1,3,11,0,5
a55d8df5,18,8,11,6,1,10,17,7,8,1,7,13,31,11,0,33
a62c16d0,3,2,0,2,1,2,3,1,0,0,0,1,4,2,0,2
a62f8bf1,4,3,2,2,0,3,6,3,1,0,1,3,7,1,1,9
a650c75b,1,1,0,1,0,0,2,2,0,0,0,0,1,1,0,3
a6979b0f,1,1,0,1,0,1,1,0,1,0,1,3,4,2,0,10
a6de370d,5,1,1,4,0,4,5,1,2,0,2,3,8,1,0,28
a6ee4f55,3,3,1,2,0,3,4,1,0,0,0,3,6,2,0,15
a70b8345,0,0,0,0,0,0,0,0,0,0,0,0,0,1,0,12
a73c8f95,2,2,1,0,1,2,4,2,1,0,1,3,5,10,0,17
a74ea18d,4,1,1,3,0,2,3,1,2,0,2,2,6,3,0,9
a793f5a8,1,1,0,1,0,1,4,3,3,0,3,2,3,3,0,21
a7d48b00,0,1,0,0,0,0,1,1,3,1,2,0,0,0,0,7
a81dba8c,6,4,3,0,3,4,7,3,2,1,1,1,7,0,0,11
a81ed730,1,0,1,0,0,0,2,2,2,0,2,5,6,4,0,20
a83c19cf,0,0,0,0,0,0,1,1,2,0,2,0,0,0,0,5
a8567629,3,2,3,0,0,1,2,1,2,0,2,0,3,2,0,10
a8a874f1,1,3,0,1,0,0,1,1,0,0,0,4,5,6,0,9
a8f41212,0,0,0,0,0,0,2,2,2,0,2,1,1,0,0,7
a8fbae1d,2,1,2,0,0,2,5,3,6,4,2,4,6,23,1,24
a9107589,0,0,0,0,0,0,0,0,0,0,0,0,0,0,0,5
a919be14,2,1,1,0,1,0,1,1,2,0,2,1,3,0,0,5
a92ab7be,0,0,0,0,0,0,1,1,0,0,0,0,0,4,0,8
a93b6f4e,4,3,1,2,1,3,4,1,4,0,4,4,8,4,0,23
a99138af,4,4,1,2,1,2,4,2,2,0,2,1,5,0,0,5
aa982b0f,6,4,1,3,2,1,4,3,5,0,5,1,7,0,0,27
aad56ca3,5,3,3,2,0,1,1,0,4,2,2,3,8,0,0,13
ab57e591,0,0,0,0,0,0,0,0,0,0,0,0,0,0,0,4
abb3bb95,3,2,0,1,2,0,2,2,3,0,3,0,3,6,0,10
abe66106,1,1,0,1,0,0,0,0,0,0,0,0,1,0,0,2
ac295d9e,0,0,0,0,0,0,0,0,0,0,0,0,0,0,1,0
ac4961c8,6,2,3,3,0,1,4,3,2,0,2,1,7,3,0,8
ac7e7b1c,0,0,0,0,0,0,0,0,0,0,0,0,0,0,0,0
ad3389d5,0,0,0,0,0,0,0,0,0,0,0,0,0,0,1,0
ad82197c,6,4,3,3,0,4,7,3,8,2,6,26,32,17,0,61
ad9b2747,2,2,0,1,1,1,4,3,2,0,2,3,5,5,0,9
adfbe1f5,3,5,2,1,0,2,9,7,1,0,1,2,5,4,0,9
ae05689a,10,5,6,2,2,4,12,8,8,0,8,6,16,1,0,31
ae1159bf,1,1,1,0,0,1,2,1,0,0,0,1,2,4,0,5
ae4e2852,3,2,1,1,1,2,2,0,1,0,1,1,4,4,0,6
ae94a6c5,1,2,0,1,0,1,1,0,2,0,2,2,3,0,0,2
aee634bf,7,3,3,2,2,6,12,6,4,1,3,3,10,4,0,11
aeed5c06,0,0,0,0,0,0,2,2,0,0,0,1,1,0,0,7
af0c835b,11,4,6,5,0,5,14,9,6,0,6,3,14,7,0,45
af50141d,9,5,4,5,0,7,11,4,2,0,2,5,14,0,1,41
af686bed,7,5,5,1,1,3,8,5,8,1,7,10,17,8,0,32
afb0c500,0,0,0,0,0,0,0,0,0,0,0,0,0,3,1,14
b003239d,0,0,0,0,0,0,0,0,1,1,0,3,3,4,0,3
b026bbf6,6,2,2,4,0,0,3,3,4,0,4,5,11,8,0,20
b0f7e36c,3,3,2,1,0,1,1,0,1,0,1,0,3,0,0,4
b146275b,3,1,0,3,0,2,3,1,0,0,0,2,5,3,0,16
b1cd37e6,2,2,0,0,2,0,3,3,2,0,2,0,2,3,0,6
b396a0b1,4,2,2,0,2,3,4,1,1,0,1,0,4,2,0,15
b3af9be1,10,8,4,4,2,5,5,0,2,0,2,4,14,7,0,18
b3dc6eca,1,0,1,0,0,1,1,0,3,2,1,7,8,4,0,12
b5f66351,11,4,5,4,2,7,13,6,4,1,3,3,14,6,0,25
b625b241,0,0,0,0,0,0,0,0,0,0,0,0,0,0,0,5
b62878a5,3,2,0,2,1,0,0,0,1,0,1,1,4,2,0,8
b66315ae,4,2,1,1,2,0,4,4,3,0,3,0,4,0,0,10
b682dcf6,2,1,2,0,0,1,2,1,1,0,1,3,5,8,0,4
b684a484,1,0,0,1,0,1,1,0,4,0,4,0,1,4,0,8
b6964eb6,9,7,6,3,0,4,4,0,10,7,3,13,22,16,0,39
b69dfb42,0,0,0,0,0,0,0,0,1,0,1,0,0,5,0,12
b6a1cdf9,10,3,2,7,1,5,7,2,3,0,3,1,11,1,0,8
b73f17f8,4,2,4,0,0,3,5,2,1,0,1,7,11,2,0,22
b742cc0d,15,9,8,6,1,7,8,1,12,7,5,8,23,22,1,19
b79d8e93,0,0,0,0,0,0,0,0,1,1,0,0,0,0,0,0
b7b27de0,1,0,1,0,0,0,1,1,4,0,4,0,1,0,0,9
b7de5bad,7,5,3,2,2,5,5,0,1,0,1,0,7,1,0,15
b853e0ad,17,5,7,6,4,6,15,9,6,0,6,5,22,2,1,24
b8814868,8,5,1,5,2,4,5,1,1,0,1,1,9,1,0,15
b91a6912,2,0,1,1,0,2,4,2,1,0,1,2,4,0,0,10
b9392438,4,4,1,3,0,2,2,0,7,0,7,2,6,4,0,15
b956af7d,2,0,0,1,1,0,0,0,4,1,3,1,3,5,0,13
ba3d3bea,3,1,0,3,0,2,3,1,6,3,3,4,7,3,0,33
ba492306,0,0,0,0,0,0,0,0,0,0,0,0,0,0,0,0
ba6d9ff6,3,1,2,1,0,1,3,2,0,0,0,1,4,0,0,19
bac46a10,18,12,15,3,0,13,16,3,6,2,4,7,25,22,0,42
bb598858,12,6,9,1,2,7,10,3,0,0,0,2,14,4,0,5
bb718263,13,6,5,4,4,7,12,5,5,0,5,3,16,1,0,16
bba30585,0,0,0,0,0,0,0,0,0,0,0,0,0,0,0,0
bbf5c11b,0,0,0,0,0,0,0,0,0,0,0,0,0,0,0,0
bc08556f,2,0,2,0,0,1,1,0,1,1,0,0,2,1,0,6
bc6e544a,8,6,7,1,0,6,8,2,3,1,2,1,9,7,0,15
bc7b4580,3,1,3,0,0,2,3,1,2,1,1,3,6,5,0,8
bc7dc64d,2,3,0,0,2,1,3,2,4,1,3,2,4,0,0,12
bced0375,22,13,15,5,2,13,20,7,9,5,4,5,27,4,1,54
bceda5ff,0,0,0,0,0,0,0,0,0,0,0,0,0,0,0,0
bcf5058a,0,0,0,0,0,0,0,0,0,0,0,0,0,2,0,2
bd142efb,4,5,4,0,0,2,2,0,2,1,1,4,8,11,0,15
bd2f622a,0,0,0,0,0,0,3,3,0,0,0,0,0,0,0,3
bdf8165d,3,0,1,2,0,1,5,4,3,1,2,2,5,2,0,25
be47b750,1,0,0,1,0,1,1,0,0,0,0,0,1,1,0,4
be855308,0,0,0,0,0,0,0,0,0,0,0,0,0,2,0,4
beb882a8,4,4,2,1,1,3,5,2,2,2,0,4,8,1,0,21
bece776f,0,0,0,0,0,0,0,0,1,0,1,0,0,0,0,1
bf075f6b,1,1,1,0,0,1,1,0,0,0,0,0,1,0,0,1
bf12926c,2,0,0,1,1,1,3,2,5,0,5,1,3,1,0,2
bf25cb29,2,2,1,0,1,1,1,0,0,0,0,0,2,0,0,3
bf34eebd,1,0,1,0,0,0,0,0,0,0,0,1,2,1,0,2
bf4c41f9,1,1,1,0,0,0,1,1,0,0,0,1,2,3,0,11
bf80db4d,11,7,9,2,0,7,7,0,7,3,4,11,22,41,1,34
bfc5768b,6,2,2,3,1,1,5,4,6,0,6,2,8,4,0,7
c0347e9b,3,3,3,0,0,3,3,0,2,0,2,1,4,3,0,6
c0a38fb2,0,0,0,0,0,0,0,0,0,0,0,0,0,0,0,0
c13ddd3e,1,1,0,1,0,1,1,0,0,0,0,0,1,1,0,0
c1851bfd,8,4,5,3,0,5,5,0,7,2,5,4,12,11,0,39
c1949191,3,2,2,0,1,1,1,0,4,3,1,2,5,9,0,14
c275947b,4,3,2,2,0,2,6,4,0,0,0,1,5,0,0,17
c4987edc,16,11,10,4,2,9,16,7,6,1,5,11,27,30,0,33
c4e87b8b,4,2,1,2,1,0,4,4,1,1,0,2,6,3,0,3
c4f5eb61,3,1,2,1,0,1,1,0,0,0,0,0,3,0,0,1
c54638ba,0,0,0,0,0,0,0,0,0,0,0,0,0,0,0,1
c5bdb6e3,3,1,1,1,1,1,1,0,2,0,2,1,4,2,0,9
c5cbbcff,4,2,4,0,0,1,2,1,1,1,0,0,4,3,0,13
c63f6e46,2,2,1,0,1,1,2,1,3,0,3,0,2,0,0,8
c6486b01,3,1,1,2,0,2,4,2,2,0,2,4,7,4,0,15
c678ddd7,1,0,1,0,0,0,0,0,4,4,0,1,2,6,0,15
c68b1b13,0,0,0,0,0,0,2,2,0,0,0,1,1,0,0,5
c6cf860f,2,1,2,0,0,2,3,1,1,0,1,2,4,4,0,4
c707411f,0,0,0,0,0,0,0,0,0,0,0,0,0,8,0,3
c71e97ba,23,11,13,7,3,10,20,10,8,0,8,12,35,10,0,48
c75f04f4,0,0,0,0,0,0,0,0,0,0,0,0,0,0,0,0
c7842dab,11,3,3,8,0,2,8,6,8,3,5,5,16,4,0,26
c9817014,8,5,2,5,1,6,7,1,2,1,1,2,10,3,0,22
c997b942,3,3,2,1,0,1,2,1,3,0,3,2,5,0,0,7
c9e39d91,12,6,3,7,2,7,16,9,12,0,12,7,19,2,0,23
ca3478f9,0,0,0,0,0,0,0,0,0,0,0,0,0,0,0,1
ca607d59,0,0,0,0,0,0,1,1,0,0,0,1,1,2,0,9
ca618d23,4,3,3,1,0,1,2,1,2,0,2,1,5,2,0,3
ca6edaa0,2,1,0,2,0,1,3,2,0,0,0,1,3,0,0,1
cac2537b,4,3,0,1,3,2,7,5,4,0,4,2,6,3,0,16
cad3fd4d,1,1,0,1,0,1,1,0,1,1,0,2,3,1,0,1
cbeed9e6,0,0,0,0,0,0,0,0,0,0,0,0,0,0,0,0
ccd38335,3,3,3,0,0,1,1,0,0,0,0,1,4,4,0,13
cd6a1a59,10,5,4,4,2,4,7,3,8,3,5,14,24,3,0,42
cf1ef7ec,3,2,1,2,0,2,5,3,1,0,1,2,5,3,0,8
cf8ef0a1,2,2,2,0,0,1,2,1,4,0,4,3,5,1,0,14
cf9bdd43,11,8,6,4,1,7,9,2,4,1,3,9,20,16,0,29
cfd68aa7,0,0,0,0,0,0,0,0,0,0,0,0,0,0,1,5
d01bbb6f,12,5,4,6,2,5,10,5,9,0,9,3,15,4,0,27
d03380ec,1,1,1,0,0,0,1,1,3,1,2,3,4,1,0,8
d080ed5e,9,7,2,4,3,3,6,3,4,3,1,13,22,3,0,38
d0a0858e,6,3,3,2,1,3,6,3,1,0,1,2,8,2,0,15
d0a39bdf,0,2,0,0,0,0,0,0,0,0,0,1,0,0,0,0
d1b49282,7,6,6,1,0,5,7,2,4,0,4,4,11,5,0,8
d2795011,6,4,5,0,1,5,7,2,1,0,1,2,8,5,0,15
d2800f47,6,6,1,2,3,2,7,5,2,0,2,2,8,2,0,12
d29202c2,1,1,0,1,0,0,0,0,0,0,0,1,2,1,0,6
d2c580ce,9,4,5,1,3,4,5,1,3,2,1,3,12,4,0,15
d2ddff2d,3,1,2,1,0,2,3,1,2,0,2,0,3,3,0,12
d33c706e,0,0,0,0,0,0,0,0,0,0,0,0,0,0,0,0
d3aaad90,6,3,1,2,3,0,2,2,0,0,0,1,7,0,0,17
d4133fa1,4,2,1,3,0,2,6,4,7,2,5,9,13,13,0,23
d4535821,6,4,6,0,0,5,5,0,1,0,1,0,6,9,0,22
d46d048f,6,5,4,2,0,3,6,3,1,0,1,4,10,3,0,13
d4808594,0,0,0,0,0,0,0,0,0,0,0,0,0,1,0,3
d4822868,0,0,0,0,0,0,0,0,0,0,0,0,0,0,0,1
d4aa40b8,1,0,0,1,0,0,1,1,0,0,0,0,1,0,0,2
d5127c3f,5,3,3,2,0,4,8,4,5,0,5,0,5,5,0,20
d5161564,0,0,0,0,0,0,0,0,0,0,0,0,0,0,0,0
d5efd527,7,3,4,2,1,1,2,1,13,7,6,9,16,26,0,20
d682f554,2,0,0,1,1,0,2,2,3,0,3,0,2,0,0,8
d6f866ba,5,1,1,4,0,2,5,3,3,2,1,2,7,5,0,19
d705ba44,5,4,1,1,3,1,6,5,3,1,2,2,7,0,0,7
d7354a36,7,8,3,4,0,1,2,1,0,0,0,0,7,2,0,7
d79a8c87,6,4,0,6,0,3,4,1,4,2,2,5,11,16,1,33
d7abc42e,14,10,4,6,4,5,7,2,4,0,4,7,21,2,0,45
d85c238b,4,2,2,2,0,1,3,2,2,0,2,3,7,1,0,16
d87e2cae,2,2,0,1,1,2,3,1,0,0,0,1,3,9,0,11
d8931174,1,0,0,1,0,0,0,0,1,0,1,1,2,3,0,10
d8bffa70,5,4,5,0,0,5,6,1,2,1,1,4,9,4,0,23
d93c2511,6,2,2,4,0,3,6,3,2,0,2,0,6,0,1,5
d9565625,14,6,9,5,0,7,7,0,7,1,6,9,23,3,0,37
d9764034,4,1,2,2,0,1,2,1,5,1,4,6,10,16,0,17
d99830de,2,2,0,2,0,2,4,2,2,0,2,0,2,0,0,7
d9ac09e2,1,0,0,0,1,1,1,0,2,1,1,0,1,4,0,4
d9ba39fc,12,8,5,5,2,6,11,5,3,0,3,5,17,5,0,34
d9d43555,3,1,0,1,2,0,3,3,1,0,1,0,3,0,0,4
da4d670f,15,11,7,5,3,4,6,2,6,1,5,1,16,3,0,39
da7f2781,18,9,11,5,2,13,19,6,4,0,4,10,28,12,1,36
dbd1b101,0,0,0,0,0,0,0,0,0,0,0,0,0,0,0,2
dbf053da,4,4,0,2,2,2,6,4,3,0,3,2,6,0,0,19
dc3e663e,0,0,0,0,0,0,0,0,0,0,0,0,0,0,0,0
dc45ac24,5,1,0,2,3,2,5,3,3,0,3,0,5,2,0,6
dc52c72f,6,5,3,3,0,3,7,4,5,2,3,2,8,8,0,9
dcfb17f4,1,0,0,1,0,0,2,2,2,0,2,2,3,1,0,6
dd676a97,5,2,3,1,1,1,2,1,1,0,1,0,5,1,0,13
dd95af65,0,0,0,0,0,0,0,0,0,0,0,0,0,0,0,0
de488e56,3,3,2,1,0,3,4,1,2,1,1,1,4,6,0,5
de4fe7a2,1,1,1,0,0,0,1,1,3,0,3,0,1,0,0,7
de89f3c3,0,0,0,0,0,0,0,0,0,0,0,0,0,0,0,1
dea698d9,1,1,0,1,0,0,1,1,1,0,1,0,1,1,0,7
dead55e5,6,5,3,2,1,2,7,5,3,0,3,2,8,4,0,41
dee86451,1,2,0,1,0,1,1,0,1,0,1,0,1,1,0,10
df8d6029,4,1,3,1,0,4,5,1,4,1,3,6,10,12,0,36
dff153a4,2,0,1,0,1,0,3,3,0,0,0,3,5,3,0,2
e08647d6,3,3,0,2,1,1,2,1,2,0,2,0,3,0,0,3
e0921a4f,3,2,2,0,1,1,6,5,4,0,4,2,5,0,0,15
e09436fb,0,0,0,0,0,0,0,0,1,1,0,0,0,0,0,4
e0b113a7,8,5,4,2,2,4,5,1,4,2,2,5,13,3,0,17
e0b5ac38,0,0,0,0,0,0,1,1,0,0,0,0,0,0,0,0
e0f3a1f6,10,4,7,1,2,7,8,1,4,1,3,8,18,30,1,29
e150254d,10,7,3,7,0,3,5,2,5,2,3,1,11,3,0,9
e1bbb68d,0,0,0,0,0,0,1,1,1,0,1,0,0,2,0,4
e2716bd0,2,2,1,0,1,0,3,3,4,0,4,3,5,2,0,13
e3d3fbeb,3,3,2,1,0,2,5,3,1,0,1,5,8,3,0,6
e4114f5d,13,10,6,5,2,3,10,7,8,2,6,6,19,6,0,25
e4d5e2ae,2,1,0,1,1,2,3,1,0,0,0,1,3,0,0,7
e61b8aee,2,4,0,1,1,0,1,1,3,2,1,2,4,1,0,29
e63c5181,11,5,4,6,1,4,14,10,13,1,12,5,16,5,0,25
e65a7469,1,0,1,0,0,0,2,2,2,0,2,0,1,0,0,4
e66e4ddc,1,1,0,1,0,0,0,0,2,1,1,0,1,2,0,6
e6ad16b2,6,3,3,3,0,4,6,2,5,0,5,0,6,3,0,43
e73c9bb2,0,0,0,0,0,0,0,0,1,0,1,0,0,2,0,7
e7aa9d7c,2,0,1,1,0,0,0,0,1,0,1,0,2,2,0,3
e7fcf289,0,1,0,0,0,0,3,3,4,0,4,0,0,1,0,16
e82adcab,15,10,5,9,1,7,9,2,6,0,6,4,19,5,0,39
e8ef59da,0,0,0,0,0,0,0,0,0,0,0,0,0,0,0,5
e92cd3f7,1,1,0,1,0,0,1,1,2,1,1,0,1,2,0,13
ea39a081,5,3,1,3,1,3,5,2,1,0,1,0,5,0,0,5
ea770abf,15,10,9,5,1,4,7,3,6,4,2,11,26,18,0,45
ea83bfa6,0,0,0,0,0,0,0,0,0,0,0,0,0,0,0,4
eab85789,1,1,0,1,0,0,2,2,3,0,3,2,3,1,0,17
ead61f73,11,6,6,3,2,8,11,3,6,1,5,2,13,11,0,24
eb2b33aa,0,0,0,0,0,0,0,0,0,0,0,0,0,0,0,0
eb58eef0,0,0,0,0,0,0,0,0,0,0,0,0,0,1,0,1
eb7822d7,13,8,2,6,5,8,13,5,8,3,5,16,29,7,0,59
ec48abb1,1,0,0,1,0,1,1,0,1,1,0,2,3,0,0,5
ec61b68f,4,3,4,0,0,2,5,3,9,2,7,2,6,1,1,14
eca2b6b8,0,0,0,0,0,0,0,0,1,0,1,1,1,0,0,5
ed1cc44a,8,3,6,1,1,3,3,0,4,4,0,4,12,16,1,30
ed45a7d7,1,1,0,1,0,0,0,0,0,0,0,0,1,0,0,3
eda8506a,2,0,0,2,0,1,3,2,0,0,0,3,5,2,0,16
ee3519f5,4,4,0,3,1,3,8,5,4,3,1,4,8,6,0,10
ee45fd85,12,7,1,10,1,7,13,6,6,0,6,9,21,5,1,24
ef2ad14e,1,0,1,0,0,1,2,1,1,1,0,3,4,5,0,6
ef322658,11,8,4,7,0,7,11,4,3,0,3,6,17,1,0,28
ef3909cd,0,0,0,0,0,0,0,0,0,0,0,0,0,3,0,11
ef491564,1,1,0,0,1,1,2,1,0,0,0,0,1,0,0,0
ef83dfcc,0,0,0,0,0,0,2,2,1,1,0,3,3,7,0,10
efc33b33,0,0,0,0,0,0,0,0,0,0,0,1,1,0,0,0
f0f64209,0,0,0,0,0,0,0,0,0,0,0,0,0,0,0,1
f24ea523,6,3,2,1,3,1,5,4,1,0,1,3,9,0,0,15
f28876e5,1,1,0,1,0,1,1,0,0,0,0,0,1,1,0,3
f2c1300a,2,2,2,0,0,0,1,1,5,3,2,4,6,10,0,12
f32a988d,2,0,1,0,1,1,3,2,2,0,2,2,4,0,0,6
f360f047,1,0,0,0,1,0,1,1,0,0,0,0,1,0,0,2
f38a247a,1,0,0,1,0,1,1,0,0,0,0,2,3,3,0,2
f3fa599d,12,6,8,3,1,8,15,7,6,1,5,10,22,16,0,39
f40dd3c7,12,12,7,0,5,5,9,4,8,3,5,17,29,10,0,21
f4290206,0,0,0,0,0,0,0,0,2,2,0,1,1,1,0,7
f47a530a,6,4,1,4,1,1,3,2,1,0,1,4,10,1,0,21
f50a668a,6,4,5,1,0,2,3,1,5,4,1,7,13,23,0,17
f512a009,12,7,4,5,3,6,7,1,2,1,1,2,14,1,0,8
f521b80a,9,9,5,3,1,8,10,2,3,1,2,10,19,15,0,29
f54d2149,7,3,2,5,0,3,8,5,8,3,5,5,12,3,0,28
f586779e,7,3,2,3,2,3,3,0,2,0,2,0,7,1,0,8
f5c8b425,0,0,0,0,0,0,2,2,1,0,1,0,0,0,0,6
f5deef4c,4,2,2,2,0,3,4,1,1,1,0,2,6,12,0,19
f5e7fdf9,7,6,4,3,0,4,6,2,7,2,5,3,10,4,0,20
f620b04f,0,0,0,0,0,0,0,0,0,0,0,0,0,0,0,4
f63a8347,1,1,1,0,0,1,1,0,0,0,0,0,1,2,0,2
f6798fc3,0,0,0,0,0,0,0,0,0,0,0,0,0,1,0,1
f67c9d29,15,15,6,9,0,8,8,0,5,1,4,11,26,19,0,24
f6af14b0,8,5,2,4,2,2,5,3,5,3,2,4,12,4,0,24
f6bdc830,6,2,4,2,0,2,2,0,1,1,0,0,6,5,0,6
f7223718,1,1,1,0,0,1,2,1,2,1,1,2,3,7,1,19
f7dc2ae5,9,5,7,2,0,7,10,3,5,4,1,4,13,6,1,36
f7e87032,9,2,4,3,2,4,6,2,4,0,4,1,10,3,0,35
f833a830,2,2,1,1,0,0,3,3,5,0,5,0,2,0,0,12
f8405304,0,0,0,0,0,0,2,2,0,0,0,0,0,1,0,1
f874dd44,3,1,3,0,0,3,3,0,0,0,0,1,4,0,0,5
f8766ef9,7,4,4,3,0,3,6,3,7,3,4,10,17,29,0,47
f893dba4,11,9,6,3,2,9,16,7,6,3,3,7,18,14,0,25
f91e81c9,6,3,4,2,0,2,4,2,0,0,0,1,7,14,0,25
f91fa277,1,1,1,0,0,0,0,0,0,0,0,0,1,1,0,2
f93e6e94,5,2,3,0,2,3,5,2,1,0,1,3,8,9,0,17
f99360b9,7,3,3,3,1,3,13,10,10,5,5,6,13,7,0,41
f9de9c23,0,0,0,0,0,0,0,0,0,0,0,0,0,0,0,0
f9edc384,8,6,4,3,1,3,4,1,4,2,2,2,10,5,0,17
fa066690,2,0,1,1,0,2,2,0,2,1,1,5,7,9,0,22
fa73ccc7,17,8,8,5,4,5,12,7,7,1,6,15,32,3,0,32
fa94d227,0,0,0,0,0,0,0,0,0,0,0,0,0,0,0,1
faed84db,5,2,1,3,1,3,5,2,3,1,2,0,5,10,0,17
fb485406,2,1,0,1,1,2,4,2,3,0,3,0,2,0,0,10
fbbb9269,1,3,0,1,0,1,1,0,1,0,1,3,4,0,0,3
fc46aab1,10,6,4,4,2,7,12,5,6,1,5,5,15,2,0,46
fc9b373e,3,2,1,2,0,1,2,1,1,0,1,3,6,2,0,15
fce2302c,6,3,2,3,1,3,6,3,3,2,1,2,8,5,0,31
fcea4f04,0,0,0,0,0,0,0,0,0,0,0,0,0,0,0,0
fd9c4805,1,0,1,0,0,1,8,7,1,0,1,1,2,0,0,16
fe6e7156,1,1,0,1,0,1,1,0,0,0,0,0,1,0,0,4
feb5d3ab,10,7,9,1,0,2,8,6,5,1,4,4,14,5,0,17
fef20ac5,7,7,4,2,1,4,4,0,0,0,0,1,8,2,0,7
ff711ca2,10,5,5,3,2,5,11,6,3,0,3,3,13,3,1,20
ff74841d,0,0,0,0,0,0,0,0,0,0,0,0,0,2,0,2
ffa90327,2,0,1,1,0,2,3,1,3,0,3,1,3,3,0,7
fffea3e5,3,3,1,1,1,1,4,3,1,0,1,0,3,0,0,14
