id,Player,Nation,Pos,Squad,Age,Born,90s,Tkl,TklW,Def 3rd,Mid 3rd,Att 3rd,Tkl.1,Att,Tkl%,Lost,Blocks,Sh,Pass,Int,Tkl+Int,Clr,Err,Matches
1c529186,Ignazio Abate,it ITA,DF,it Milan,30,1986,3.8,4,3,2,2,0,1,1,100.0,0,3,0,3,0,4,9,0,Matches
c2304da8,Hatem Abd Elhamed,il ISR,DF,il Be'er Sheva,26,1991,5.2,19,12,10,8,1,3,5,60.0,2,6,2,4,18,37,21,2,Matches
2f798b41,Aymen Abdennour,tn TUN,DF,fr Marseille,27,1989,2.0,0,0,0,0,0,0,0,,0,1,0,1,0,0,10,0,Matches
4c07f0e8,Anicet Abel,mg MAD,MF,bg Ludogorets,27,1990,7.9,18,17,10,5,3,7,15,46.7,8,15,4,11,17,35,13,1,Matches
64a674d9,Maxwell Acosty,gh GHA,"FW,MF",hr Rijeka,25,1991,3.7,6,6,3,1,2,2,2,100.0,0,1,0,1,2,8,3,0,Matches
81442ecb,Marcos Acuña,ar ARG,"FW,DF",pt Sporting CP,25,1991,4.5,14,11,7,2,5,4,5,80.0,1,7,0,7,2,16,0,0,Matches
936d9e3e,Emmanuel Adebayor,tg TOG,FW,tr Başakşehir,33,1984,0.7,0,0,0,0,0,0,0,,0,0,0,0,0,0,0,0,Matches
884a8908,Samuel Adegbenro,ng NGA,FW,no Rosenborg,21,1995,5.8,6,3,4,1,1,3,4,75.0,1,3,0,3,6,12,2,0,Matches
182c10aa,James Adeniyi,ng NGA,"FW,MF",al Skënderbeu Korçë,24,1992,4.8,6,4,2,3,1,1,3,33.3,2,3,1,2,3,9,3,0,Matches
2557c196,Luiz Adriano,br BRA,FW,ru Spartak Moscow,30,1987,2.0,1,1,0,1,0,0,0,,0,2,0,2,0,1,5,0,Matches
293211e1,Aritz Aduriz,es ESP,FW,es Athletic Club,36,1981,8.9,3,2,1,2,0,2,2,100.0,0,3,0,3,0,3,4,0,Matches
e3207d47,Luka Adžić,rs SRB,FW,rs Red Star,18,1998,0.0,0,0,0,0,0,0,0,,0,0,0,0,0,0,0,0,Matches
f9c927de,Michel Aebischer,ch SUI,MF,ch Young Boys,20,1997,3.9,9,3,4,4,1,2,10,20.0,8,5,2,3,5,14,2,0,Matches
c84c1afc,Imanol Agirretxe,es ESP,FW,es Real Sociedad,30,1987,1.0,0,0,0,0,0,0,0,,0,0,0,0,0,0,1,0,Matches
9d01ec0f,Hosam Aiesh,sy SYR,"MF,FW",se Östersund,22,1995,1.7,11,8,8,3,0,3,4,75.0,1,2,0,2,0,11,2,0,Matches
aeee3365,Astrit Ajdarević,al ALB,"MF,FW",gr AEK Athens,27,1990,0.9,1,1,1,0,0,0,0,,0,0,0,0,0,1,2,0,Matches
a8c0acb7,Kristoffer Ajer,no NOR,DF,sct Celtic,19,1998,2.0,5,4,4,1,0,3,3,100.0,0,2,0,2,1,6,12,0,Matches
c5eaff5c,Ager Aketxe,es ESP,MF,es Athletic Club,23,1993,0.7,0,0,0,0,0,0,0,,0,1,0,1,1,1,0,0,Matches
42ec696a,Igor Akinfeev,ru RUS,GK,ru CSKA Moscow,31,1986,6.0,0,0,0,0,0,0,0,,0,0,0,0,0,0,2,0,Matches
5294a83f,Luis Alberto,es ESP,"MF,FW",it Lazio,24,1992,7.2,10,8,0,8,2,1,15,6.7,14,6,0,6,7,17,2,0,Matches
4bd414c1,Raúl Albiol,es ESP,DF,it Napoli,31,1985,1.0,0,0,0,0,0,0,0,,0,2,1,1,1,1,7,0,Matches
d849ef0f,Alef,br BRA,"MF,DF",cy Apollon Limassol,22,1995,5.0,13,7,8,5,0,4,11,36.4,7,8,3,5,8,21,17,0,Matches
d40cff47,Mukhtar Ali,sa KSA,MF,nl Vitesse,19,1997,0.1,0,0,0,0,0,0,2,0.0,2,0,0,0,0,0,0,0,Matches
2b59d76f,Ömer Ali Şahiner,tr TUR,"FW,DF",tr Konyaspor,25,1992,5.0,10,8,5,4,1,4,8,50.0,4,7,1,6,10,20,9,0,Matches
a1474d8e,Denis Alibec,ro ROU,FW,ro FCSB,26,1991,2.6,0,0,0,0,0,0,1,0.0,1,3,0,3,0,0,0,0,Matches
5c46e908,Fidan Aliti,xk KVX,DF,al Skënderbeu Korçë,23,1993,4.2,6,5,5,1,0,3,6,50.0,3,5,2,3,11,17,16,0,Matches
b15e93aa,Allan,br BRA,MF,cy Apollon Limassol,20,1997,3.6,8,8,4,4,0,0,3,0.0,3,4,0,4,3,11,1,0,Matches
cc700722,Allan,br BRA,MF,it Napoli,26,1991,1.3,5,3,2,3,0,1,4,25.0,3,1,0,1,2,7,0,0,Matches
ba6e52b0,André Almeida Pinto,pt POR,DF,pt Sporting CP,27,1989,4.3,4,1,2,2,0,1,6,16.7,5,2,1,1,11,15,23,0,Matches
3ecc11d8,Yeray Álvarez,es ESP,DF,es Athletic Club,22,1995,3.5,11,8,7,4,0,6,8,75.0,2,4,3,1,7,18,22,0,Matches
84566787,Danny Amankwaa,dk DEN,MF,dk FC Copenhagen,23,1994,0.3,0,0,0,0,0,0,0,,0,2,0,2,0,0,0,0,Matches
22721b88,Jordan Amavi,fr FRA,DF,fr Marseille,23,1994,11.2,35,25,20,9,6,17,29,58.6,12,17,4,13,26,61,60,0,Matches
555d5edd,Nadiem Amiri,de GER,"MF,FW",de Hoffenheim,20,1996,2.6,2,2,1,1,0,1,3,33.3,2,4,0,4,1,3,1,1,Matches
314c2af0,Stephan Andersen,dk DEN,GK,dk FC Copenhagen,35,1981,2.0,0,0,0,0,0,0,1,0.0,1,2,0,2,0,0,1,0,Matches
9f1893b9,Felipe Anderson,br BRA,"FW,MF",it Lazio,24,1993,4.1,10,5,3,7,0,0,8,0.0,8,12,0,12,3,13,3,0,Matches
ef8f266e,Pål André Helland,no NOR,FW,no Rosenborg,27,1990,1.1,0,0,0,0,0,0,2,0.0,2,1,0,1,0,0,0,0,Matches
4e3f5992,Oleksandr Andriyevskyi,ua UKR,MF,ua Zorya Luhansk,23,1994,4.8,13,11,5,7,1,7,17,41.2,10,7,0,7,8,21,14,0,Matches
d3149135,Giannis Anestis,gr GRE,GK,gr AEK Athens,26,1991,5.0,0,0,0,0,0,0,0,,0,0,0,0,0,0,3,0,Matches
011d8c56,Miguel Ángel Moyá,es ESP,GK,es Atlético Madrid,33,1984,1.0,0,0,0,0,0,0,0,,0,0,0,0,0,0,0,0,Matches
f08a8947,Marin Aničić,ba BIH,DF,kz FC Astana,27,1989,6.0,12,7,8,4,0,6,7,85.7,1,10,9,1,11,23,32,0,Matches
df525574,Peter Ankersen,dk DEN,DF,dk FC Copenhagen,26,1990,8.0,11,9,4,6,1,4,10,40.0,6,7,0,7,7,18,20,0,Matches
1a63f024,Gheorghe Anton,md MDA,MF,md Sheriff Tiraspol,24,1993,5.7,19,11,9,10,0,4,8,50.0,4,8,2,6,11,30,7,0,Matches
40f0ed6c,Luca Antonelli,it ITA,DF,it Milan,30,1987,2.2,5,3,2,2,1,2,6,33.3,4,2,0,2,2,7,3,0,Matches
a5db0bec,Houssem Aouar,fr FRA,"FW,MF",fr Lyon,19,1998,5.1,11,9,3,7,1,2,13,15.4,11,7,3,4,3,14,14,0,Matches
ba7673a6,João Araújo,br BRA,FW,bg Ludogorets,29,1988,0.7,1,0,0,1,0,0,0,,0,1,0,1,0,1,0,0,Matches
080ac8d8,Sergio Araujo,ar ARG,FW,gr AEK Athens,25,1992,5.4,12,8,5,4,3,4,9,44.4,5,8,3,5,1,13,8,0,Matches
6e8272e0,Musa Araz,ch SUI,"MF,FW",tr Konyaspor,23,1994,4.4,5,1,1,2,2,0,5,0.0,5,2,0,2,7,12,6,0,Matches
c48130b7,Frank Arhin,gh GHA,"FW,MF",se Östersund,18,1999,0.1,1,1,1,0,0,0,1,0.0,1,0,0,0,0,1,0,1,Matches
30643ce2,Ari,ru RUS,FW,ru Loko Moscow,31,1985,1.5,0,0,0,0,0,0,0,,0,2,0,2,2,2,3,0,Matches
9f0ea33f,Sergio Asenjo,es ESP,GK,es Villarreal,28,1989,2.0,0,0,0,0,0,0,1,0.0,1,1,0,1,0,0,2,0,Matches
5d5219b1,Roger Assalé,ci CIV,FW,ch Young Boys,23,1993,4.8,2,2,0,1,1,0,5,0.0,5,3,0,3,0,2,0,0,Matches
583d6c1f,David Atanga,gh GHA,MF,at RB Salzburg,20,1996,0.3,0,0,0,0,0,0,3,0.0,3,0,0,0,0,0,0,0,Matches
9deab2db,Eliran Atar,il ISR,"FW,MF",il Maccabi Tel Aviv,30,1987,3.3,6,4,4,1,1,2,3,66.7,1,2,0,2,5,11,0,1,Matches
92fffd91,Omer Atzili,il ISR,"FW,MF",il Maccabi Tel Aviv,24,1993,0.5,1,1,1,0,0,1,2,50.0,1,2,0,2,4,5,0,0,Matches
97bfa797,Jean-Kévin Augustin,fr FRA,FW,de RB Leipzig,20,1997,3.8,3,3,0,2,1,1,4,25.0,3,1,0,1,1,4,3,0,Matches
05a275e0,João Aurélio,pt POR,DF,pt Vitória,28,1988,3.4,6,3,4,1,1,4,10,40.0,6,5,1,4,7,13,10,0,Matches
63a60d73,Selim Ay,tr TUR,DF,tr Konyaspor,26,1991,2.0,5,3,4,1,0,1,2,50.0,1,6,4,2,3,8,21,0,Matches
6e905b8d,Volkan Babacan,tr TUR,GK,tr Başakşehir,28,1988,2.0,0,0,0,0,0,0,0,,0,0,0,0,0,0,2,0,Matches
816cdcbb,Ruslan Babenko,ua UKR,MF,ua Zorya Luhansk,25,1992,1.2,2,1,0,2,0,2,4,50.0,2,0,0,0,1,3,0,0,Matches
075fe5a3,Srđan Babić,rs SRB,DF,rs Red Star,21,1996,1.3,1,1,1,0,0,0,1,0.0,1,2,2,0,2,3,14,0,Matches
ba998e22,Jean-Sylvain Babin,mq MTQ,DF,il Maccabi Tel Aviv,30,1986,4.8,4,3,2,2,0,1,3,33.3,2,2,1,1,8,12,28,0,Matches
09a9e921,Carlos Bacca,co COL,FW,es Villarreal,30,1986,5.4,0,0,0,0,0,0,2,0.0,2,1,0,1,0,0,3,0,Matches
75229233,Fouad Bachirou,km COM,MF,se Östersund,27,1990,6.0,7,7,4,3,0,1,5,20.0,4,5,2,3,14,21,9,0,Matches
4285332d,Ondřej Bačo,cz CZE,DF,cz Fastav Zlín,21,1996,5.0,8,6,6,2,0,3,10,30.0,7,5,4,1,13,21,49,0,Matches
799caf80,Ziguy Badibanga,be BEL,FW,md Sheriff Tiraspol,25,1991,4.1,6,3,1,2,3,2,4,50.0,2,1,0,1,4,10,2,0,Matches
ce538b0b,Dzmitry Baha,by BLR,MF,by BATE Borisov,27,1990,0.8,5,5,3,2,0,0,1,0.0,1,1,0,1,1,6,5,0,Matches
b18095b6,Leighton Baines,eng ENG,DF,eng Everton,32,1984,2.0,3,2,2,1,0,0,1,0.0,1,1,1,0,2,5,8,0,Matches
50ccf47d,Michalis Bakakis,gr GRE,DF,gr AEK Athens,26,1991,8.0,24,13,15,9,0,10,13,76.9,3,9,3,6,14,38,32,0,Matches
0af4dcf0,Cédric Bakambu,cd COD,FW,es Villarreal,26,1991,2.9,0,0,0,0,0,0,2,0.0,2,2,1,1,0,0,4,0,Matches
dead55e5,Anastasios Bakasetas,gr GRE,"FW,MF",gr AEK Athens,24,1993,4.4,11,8,3,6,2,3,5,60.0,2,3,1,2,5,16,1,0,Matches
a3bf2258,Marek Bakoš,sk SVK,FW,cz Viktoria Plzeň,34,1983,2.6,4,3,1,2,1,2,5,40.0,3,1,0,1,0,4,0,0,Matches
cb85d8d0,Mihai Bălașa,ro ROU,DF,ro FCSB,22,1995,6.3,6,5,6,0,0,2,10,20.0,8,5,4,1,11,17,26,0,Matches
1fe67e86,Mikel Balenziaga,es ESP,DF,es Athletic Club,29,1988,5.3,16,15,9,7,0,8,14,57.1,6,7,4,3,2,18,18,0,Matches
7d74f9fd,Wilfried Balima,bf BFA,"MF,FW",md Sheriff Tiraspol,32,1985,0.6,1,0,0,0,1,0,0,,0,0,0,0,1,2,1,0,Matches
f7b10c66,David von Ballmoos,ch SUI,GK,ch Young Boys,22,1994,5.0,0,0,0,0,0,0,0,,0,1,0,1,0,0,2,0,Matches
8ff07990,Mario Balotelli,it ITA,FW,fr Nice,26,1990,5.9,2,2,1,0,1,2,2,100.0,0,1,0,1,1,3,2,0,Matches
ca9178af,Beni Baningime,cd COD,"MF,DF",eng Everton,18,1998,3.0,15,9,8,7,0,6,13,46.2,7,9,2,7,6,21,7,0,Matches
0557ff4f,Danilo Barbosa,br BRA,MF,pt Braga,21,1996,5.7,15,8,7,5,3,8,11,72.7,3,12,4,8,18,33,16,0,Matches
aad4f74f,Mariano Barbosa,ar ARG,GK,es Villarreal,33,1984,6.0,0,0,0,0,0,0,0,,0,0,0,0,0,0,0,0,Matches
b58b3e7b,Elyaniv Barda,il ISR,FW,il Be'er Sheva,35,1981,0.1,0,0,0,0,0,0,0,,0,0,0,0,0,0,0,0,Matches
d7c09951,Dmitri Barinov,ru RUS,MF,ru Loko Moscow,20,1996,0.4,1,0,1,0,0,0,0,,0,0,0,0,1,2,2,0,Matches
c2e41cfb,Vasilios Barkas,gr GRE,GK,gr AEK Athens,23,1994,2.0,0,0,0,0,0,0,0,,0,0,0,0,0,0,1,0,Matches
28c2d647,Tigran Barseghyan,am ARM,"FW,MF",mk FK Vardar,23,1993,5.6,6,5,1,1,4,2,3,66.7,1,1,0,1,4,10,12,0,Matches
d2ba04be,Robert Bartolomeu,cz CZE,MF,cz Fastav Zlín,23,1993,0.1,0,0,0,0,0,0,0,,0,0,0,0,1,1,0,0,Matches
3811e046,Lukáš Bartošák,cz CZE,"DF,MF",cz Fastav Zlín,27,1990,1.1,2,1,0,2,0,0,1,0.0,1,3,0,3,1,3,1,0,Matches
3b57f7f8,Dušan Basta,rs SRB,DF,it Lazio,32,1984,6.2,3,3,2,1,0,1,8,12.5,7,5,0,5,19,22,12,1,Matches
c01c66d9,Bastos,ao ANG,DF,it Lazio,26,1991,5.7,9,6,6,3,0,5,8,62.5,3,6,3,3,11,20,9,0,Matches
b340a30a,Mehmet Batdal,tr TUR,FW,tr Başakşehir,31,1986,1.5,0,0,0,0,0,0,2,0.0,2,2,0,2,1,1,3,0,Matches
2973d8ff,Michy Batshuayi,be BEL,FW,de Dortmund,23,1993,3.7,0,0,0,0,0,0,1,0.0,1,1,1,0,0,0,2,0,Matches
d637fc22,Rodrigo Battaglia,ar ARG,"MF,DF",pt Sporting CP,26,1991,5.1,12,9,3,6,3,6,13,46.2,7,4,0,4,4,16,12,0,Matches
0f9b8301,Cristian Battocchio,it ITA,"MF,FW",il Maccabi Tel Aviv,25,1992,4.9,9,2,3,5,1,4,10,40.0,6,2,0,2,3,12,5,0,Matches
404a2746,Marvin Baudry,cg CGO,DF,be Zulte Waregem,27,1990,3.9,4,2,2,2,0,2,2,100.0,0,2,1,1,3,7,24,0,Matches
47064058,Oliver Baumann,de GER,GK,de Hoffenheim,27,1990,5.0,1,1,1,0,0,1,1,100.0,0,0,0,0,0,1,3,0,Matches
debc6b55,Jon Bautista,es ESP,FW,es Real Sociedad,22,1995,2.7,2,1,1,1,0,0,2,0.0,2,1,0,1,0,2,1,0,Matches
a08b5224,Jean-David Beauguel,fr FRA,FW,cz Fastav Zlín,25,1992,0.1,1,0,1,0,0,1,1,100.0,0,1,0,1,0,1,0,0,Matches
beb6c168,Abzal Beisebekov,kz KAZ,"MF,DF",kz FC Astana,24,1992,6.7,9,7,3,6,0,2,7,28.6,5,8,2,6,7,16,14,0,Matches
f874dd44,Héctor Bellerín,es ESP,DF,eng Arsenal,22,1995,8.0,14,8,10,3,1,5,16,31.3,11,5,1,4,10,24,19,0,Matches
48add958,Emre Belözoğlu,tr TUR,MF,tr Başakşehir,36,1980,2.3,6,4,1,4,1,1,5,20.0,4,1,0,1,4,10,0,0,Matches
2277a390,Tal Ben Haim,il ISR,DF,il Maccabi Tel Aviv,35,1982,4.0,7,5,4,2,1,3,4,75.0,1,7,4,3,8,15,16,1,Matches
9f9c57f0,Nicklas Bendtner,dk DEN,FW,no Rosenborg,29,1988,6.0,1,1,0,1,0,0,2,0.0,2,3,1,2,1,2,7,1,Matches
d1992a3b,Pierre Bengtsson,se SWE,DF,dk FC Copenhagen,29,1988,4.2,4,2,3,1,0,4,8,50.0,4,4,0,4,6,10,26,0,Matches
8a2248b4,Walter Benítez,ar ARG,GK,fr Nice,24,1993,4.0,0,0,0,0,0,0,0,,0,0,0,0,0,0,2,0,Matches
f5b6fb78,Loris Benito,ch SUI,DF,ch Young Boys,25,1992,1.0,6,5,3,3,0,1,7,14.3,6,1,1,0,2,8,1,0,Matches
2e3596d1,Romario Benzar,ro ROU,DF,ro FCSB,25,1992,4.3,7,5,3,4,0,4,5,80.0,1,2,1,1,6,13,15,0,Matches
bb6ab7af,Yevgeniy Berezkin,by BLR,MF,by BATE Borisov,21,1996,1.0,4,2,3,1,0,2,3,66.7,1,0,0,0,2,6,1,0,Matches
84ad89fa,Aleksei Berezutski,ru RUS,DF,ru CSKA Moscow,35,1982,4.0,8,1,5,3,0,5,13,38.5,8,4,2,2,17,25,13,0,Matches
a49fd565,Vasili Berezutski,ru RUS,DF,ru CSKA Moscow,35,1982,4.5,5,4,3,1,1,3,5,60.0,2,4,1,3,10,15,18,0,Matches
0b2c9aec,Mitchell van Bergen,nl NED,FW,nl Vitesse,17,1999,0.2,0,0,0,0,0,0,0,,0,0,0,0,0,0,0,0,Matches
5d0d1ec7,Steve von Bergen,ch SUI,DF,ch Young Boys,34,1983,4.0,3,3,3,0,0,1,6,16.7,5,4,4,0,8,11,22,0,Matches
73221bb0,Doug Bergqvist,se SWE,DF,se Östersund,24,1993,0.2,2,1,2,0,0,0,0,,0,0,0,0,0,2,0,0,Matches
ee833569,Etrit Berisha,al ALB,GK,it Atalanta,28,1989,8.0,0,0,0,0,0,0,0,,0,0,0,0,1,1,1,1,Matches
d5575935,Valon Berisha,xk KVX,MF,at RB Salzburg,24,1993,12.6,42,33,12,25,5,11,45,24.4,34,24,2,22,20,62,14,0,Matches
17370b95,Bernardo,br BRA,DF,de RB Leipzig,22,1995,2.9,12,8,9,2,1,6,8,75.0,2,3,1,2,5,17,31,0,Matches
2e06f387,Leonardo Bertone,ch SUI,MF,ch Young Boys,23,1994,0.2,0,0,0,0,0,0,0,,0,0,0,0,0,0,0,0,Matches
7ca9f0f0,Muhamed Bešić,ba BIH,"DF,MF",eng Everton,24,1992,2.5,11,10,9,2,0,5,10,50.0,5,5,2,3,8,19,2,1,Matches
11c0fa9d,Artem Besyedin,ua UKR,"FW,MF",ua Dynamo Kyiv,21,1996,3.7,6,3,1,1,4,1,4,25.0,3,6,0,6,3,9,0,0,Matches
7aac47fe,Ermin Bičakčić,ba BIH,DF,de Hoffenheim,27,1990,1.5,4,4,3,1,0,1,1,100.0,0,1,0,1,4,8,7,0,Matches
5710a281,Lucas Biglia,ar ARG,MF,it Milan,31,1986,5.0,29,17,16,10,3,11,24,45.8,13,7,1,6,6,35,7,0,Matches
79370f8c,Kristijan Bistrović,hr CRO,MF,ru CSKA Moscow,19,1998,0.9,5,2,2,3,0,3,6,50.0,3,0,0,0,1,6,0,0,Matches
dc62fbee,Leonardo Bittencourt,de GER,"MF,FW",de Köln,23,1993,2.7,12,10,4,6,2,2,4,50.0,2,0,0,0,5,17,1,0,Matches
26b7d548,Ben Bitton,il ISR,DF,il Be'er Sheva,26,1991,1.8,2,1,0,2,0,1,2,50.0,1,2,1,1,3,5,10,0,Matches
d4e7c451,Nick Blackman,bb BRB,"FW,MF",il Maccabi Tel Aviv,27,1989,4.1,2,2,1,1,0,1,3,33.3,2,8,1,7,3,5,3,0,Matches
33c7af24,Michael Blauensteiner,at AUT,DF,at Austria Wien,22,1995,1.0,2,1,1,1,0,2,2,100.0,0,1,0,1,6,8,1,0,Matches
bf5fc4fc,Dejan Blaževski,mk MKD,FW,mk FK Vardar,31,1985,3.5,2,1,2,0,0,0,3,0.0,3,1,0,1,1,3,1,0,Matches
c9e5f0f6,Younes Bnou Marzouk,ma MAR,"FW,MF",ch Lugano,21,1996,1.4,1,0,0,1,0,0,1,0.0,1,2,0,2,0,1,0,0,Matches
27f0fcda,Richmond Boakye,gh GHA,FW,rs Red Star,24,1993,5.6,2,1,1,1,0,0,2,0.0,2,3,0,3,2,4,5,0,Matches
faa1b07d,Salvatore Bocchetti,it ITA,DF,ru Spartak Moscow,30,1986,1.0,1,1,1,0,0,0,2,0.0,2,0,0,0,5,6,4,0,Matches
08fe932d,Nicolai Boilesen,dk DEN,DF,dk FC Copenhagen,25,1992,4.2,3,3,1,1,1,0,2,0.0,2,2,1,1,5,8,8,0,Matches
d995ed27,Giacomo Bonaventura,it ITA,"MF,DF",it Milan,27,1989,3.8,4,4,0,4,0,1,2,50.0,1,3,0,3,6,10,3,0,Matches
13b0c150,Daniele Bonera,it ITA,DF,es Villarreal,36,1981,5.0,10,9,5,5,0,3,3,100.0,0,8,6,2,8,18,18,0,Matches
52ec54d0,Leonardo Bonucci,it ITA,DF,it Milan,30,1987,8.1,6,3,2,4,0,1,3,33.3,2,0,0,0,9,15,23,1,Matches
65166f80,Vedat Bora,tr TUR,"FW,MF",tr Konyaspor,22,1995,1.1,1,1,1,0,0,1,1,100.0,0,0,0,0,0,1,1,0,Matches
2b3efa4a,Jan Bořil,cz CZE,DF,cz Slavia Prague,26,1991,2.5,7,6,5,2,0,3,6,50.0,3,3,3,0,4,11,7,0,Matches
ef5b337e,Fabio Borini,it ITA,"DF,FW",it Milan,26,1991,5.2,5,1,1,4,0,2,8,25.0,6,7,1,6,11,16,12,0,Matches
5e8936be,Milan Borjan,ca CAN,GK,rs Red Star,29,1987,8.0,0,0,0,0,0,0,1,0.0,1,0,0,0,1,1,4,0,Matches
1443ca7d,Aleksandar Borković,at AUT,DF,at Austria Wien,18,1999,1.5,1,0,1,0,0,1,2,50.0,1,3,2,1,0,1,5,0,Matches
e66a1ad7,Louis Bostyn,be BEL,GK,be Zulte Waregem,23,1993,4.0,0,0,0,0,0,0,0,,0,0,0,0,0,0,4,0,Matches
3d13d9e4,Erik Botheim,no NOR,FW,no Rosenborg,17,2000,0.0,0,0,0,0,0,0,0,,0,0,0,0,0,0,0,0,Matches
cd0ecf81,Mattia Bottani,ch SUI,"FW,MF",ch Lugano,26,1991,4.9,9,3,5,3,1,2,4,50.0,2,2,0,2,3,12,1,0,Matches
0d077b88,Mehdi Bourabia,ma MAR,MF,tr Konyaspor,25,1991,6.0,25,14,11,10,4,5,18,27.8,13,9,2,7,15,40,8,0,Matches
1771f2c1,Eneko Bóveda,es ESP,DF,es Athletic Club,28,1988,1.5,5,4,2,3,0,3,5,60.0,2,3,1,2,1,6,3,0,Matches
1e064bfb,Denys Boyko,ua UKR,GK,ua Dynamo Kyiv,29,1988,4.0,1,0,1,0,0,1,2,50.0,1,0,0,0,0,1,2,0,Matches
605873e1,Filip Bradarić,hr CRO,MF,hr Rijeka,25,1992,5.0,8,5,1,4,3,2,6,33.3,4,3,2,1,10,18,7,0,Matches
8d3bca49,Vladica Brdarovski,mk MKD,DF,mk FK Vardar,27,1990,0.5,1,1,1,0,0,1,1,100.0,0,0,0,0,0,1,1,0,Matches
93b0fa3c,Josip Brezovec,hr CRO,MF,md Sheriff Tiraspol,31,1986,4.6,9,5,5,3,1,2,13,15.4,11,2,0,2,3,12,1,0,Matches
43309491,Nathan Broadhead,wls WAL,FW,eng Everton,19,1998,0.1,0,0,0,0,0,0,1,0.0,1,0,0,0,0,0,0,0,Matches
6503ae16,Jorge Broun,ar ARG,GK,bg Ludogorets,31,1986,4.0,0,0,0,0,0,0,0,,0,0,0,0,0,0,1,0,Matches
0be28faf,Scott Brown,sct SCO,MF,sct Celtic,32,1985,2.0,5,3,4,1,0,1,3,33.3,2,3,0,3,6,11,4,0,Matches
60963682,Vladimir Brown,il ISR,"MF,DF",il Be'er Sheva,28,1989,2.9,6,6,2,2,2,3,5,60.0,2,5,5,0,5,11,9,0,Matches
5caa62a7,Bruma,pt POR,"MF,FW",de RB Leipzig,22,1994,5.5,12,7,7,4,1,9,24,37.5,15,5,0,5,9,21,2,0,Matches
16952f65,Thomas Bruns,nl NED,MF,nl Vitesse,25,1992,4.8,8,4,3,4,1,2,14,14.3,12,8,0,8,2,10,3,0,Matches
2196d7d2,Constantin Budescu,ro ROU,MF,ro FCSB,28,1989,6.1,5,3,3,1,1,0,3,0.0,3,3,0,3,3,8,1,0,Matches
6b8b53d7,Johannes Bühler,de GER,FW,de Hoffenheim,20,1997,0.2,3,2,2,1,0,2,3,66.7,1,1,0,1,0,3,0,0,Matches
4c54b6ec,Jurica Buljat,hr CRO,DF,by BATE Borisov,30,1986,1.0,3,1,2,0,1,1,1,100.0,0,0,0,0,1,4,3,0,Matches
44f050bc,Mykyta Burda,ua UKR,DF,ua Dynamo Kyiv,22,1995,2.0,3,1,2,1,0,1,2,50.0,1,1,0,1,3,6,16,1,Matches
70a9cba5,Mick van Buren,nl NED,"FW,MF",cz Slavia Prague,24,1992,1.2,4,3,2,1,1,3,3,100.0,0,1,0,1,1,5,3,0,Matches
794e2914,Marco Bürki,ch SUI,DF,ch Young Boys,24,1993,2.0,2,1,1,1,0,2,2,100.0,0,0,0,0,2,4,4,0,Matches
9d12e142,Roman Bürki,ch SUI,GK,de Dortmund,26,1990,4.0,0,0,0,0,0,0,0,,0,0,0,0,0,0,6,2,Matches
8746d5d0,Patrick Burner,mq MTQ,"DF,MF",fr Nice,21,1996,4.4,6,3,3,2,1,4,8,50.0,4,5,1,4,8,14,10,0,Matches
eb2b33aa,Heorhiy Bushchan,ua UKR,GK,ua Dynamo Kyiv,23,1994,3.0,,,,,,,,,,,,,,,,,Matches
a44f7c60,Alexander Büttner,nl NED,DF,nl Vitesse,28,1989,3.0,7,6,3,3,1,4,10,40.0,6,3,1,2,4,11,4,0,Matches
b8814868,Vitaliy Buyalskyi,ua UKR,MF,ua Dynamo Kyiv,24,1993,8.7,17,10,7,10,0,3,13,23.1,10,11,0,11,12,29,7,0,Matches
e94d79e3,Martín Cáceres,uy URU,DF,it Lazio,30,1987,1.3,0,0,0,0,0,0,0,,0,0,0,0,4,4,2,0,Matches
038aa94a,Júnior Caiçara,br BRA,DF,tr Başakşehir,28,1989,6.0,16,12,13,3,0,8,16,50.0,8,11,0,11,13,29,22,0,Matches
93b891d1,Felipe Caicedo,ec ECU,FW,it Lazio,28,1988,5.8,5,4,1,3,1,0,3,0.0,3,7,3,4,2,7,2,0,Matches
2146785a,Davide Calabria,it ITA,DF,it Milan,20,1996,3.9,18,9,10,7,1,9,15,60.0,6,3,0,3,10,28,13,0,Matches
ac7e640b,Mattia Caldara,it ITA,DF,it Atalanta,23,1994,6.4,15,9,8,7,0,6,11,54.5,5,11,5,6,21,36,26,0,Matches
94f8d10c,Duje Ćaleta-Car,hr CRO,DF,at RB Salzburg,20,1996,13.3,7,6,5,2,0,5,9,55.6,4,8,7,1,8,15,89,0,Matches
cd0fa27b,Hakan Çalhanoğlu,tr TUR,"MF,FW",it Milan,23,1994,6.8,11,8,1,7,3,3,14,21.4,11,9,0,9,3,14,3,0,Matches
78841da9,José Callejón,es ESP,FW,it Napoli,30,1987,1.3,0,0,0,0,0,0,0,,0,0,0,0,0,0,1,0,Matches
59e6e5bf,Dominic Calvert-Lewin,eng ENG,FW,eng Everton,20,1997,2.5,2,2,0,1,1,0,0,,0,3,0,3,0,2,1,0,Matches
394c5d32,Ali Çamdalı,tr TUR,MF,tr Konyaspor,33,1984,1.7,3,2,1,2,0,1,5,20.0,4,5,2,3,8,11,6,0,Matches
96f2d977,Gustavo Campanharo,br BRA,MF,bg Ludogorets,25,1992,1.5,7,5,5,2,0,2,6,33.3,4,1,0,1,1,8,1,0,Matches
a6de370d,Sergio Canales,es ESP,"MF,FW",es Real Sociedad,26,1991,6.2,13,6,5,2,6,3,5,60.0,2,11,0,11,3,16,0,0,Matches
950ff24d,Yoan Cardinale,fr FRA,GK,fr Nice,23,1994,4.0,1,0,1,0,0,1,1,100.0,0,0,0,0,0,1,1,1,Matches
7352dca8,Carlinhos,br BRA,"FW,MF",ch Lugano,22,1994,2.1,2,1,1,0,1,0,1,0.0,1,1,0,1,1,3,2,0,Matches
601299e9,João Carlos Teixeira,pt POR,"MF,FW",pt Braga,24,1993,4.2,10,4,6,2,2,3,17,17.6,14,4,1,3,9,19,5,0,Matches
de39485a,Yannick Carrasco,be BEL,"MF,FW",es Atlético Madrid,23,1993,0.3,1,0,1,0,0,1,1,100.0,0,0,0,0,0,1,0,0,Matches
dee86451,William Carvalho,pt POR,MF,pt Sporting CP,25,1992,2.8,7,7,3,4,0,3,3,100.0,0,2,2,0,2,9,2,0,Matches
197640fd,Timothy Castagne,be BEL,DF,it Atalanta,21,1995,2.5,3,2,2,1,0,1,7,14.3,6,6,0,6,3,6,8,0,Matches
a19be070,Luc Castaignos,nl NED,FW,nl Vitesse,24,1992,2.8,3,1,0,0,3,0,2,0.0,2,3,0,3,0,3,0,0,Matches
555311f2,Iury de Castilho,br BRA,"FW,MF",ua Zorya Luhansk,21,1995,4.5,5,5,1,4,0,0,2,0.0,2,1,0,1,0,5,1,0,Matches
130a7a3f,Samu Castillejo,es ESP,MF,es Villarreal,22,1995,2.4,8,8,4,2,2,4,6,66.7,2,2,0,2,1,9,1,0,Matches
68829001,Gonzalo Castro,de GER,"MF,DF",de Dortmund,30,1987,2.7,16,11,5,8,3,7,12,58.3,5,3,2,1,4,20,5,0,Matches
71672fa0,Petr Čech,cz CZE,GK,eng Arsenal,35,1982,3.0,0,0,0,0,0,0,0,,0,0,0,0,0,0,2,0,Matches
fae8f607,Guillermo Celis,co COL,MF,pt Vitória,24,1993,4.1,11,6,1,7,3,2,7,28.6,5,4,1,3,11,22,4,0,Matches
a33a0dc0,Aleš Čermák,cz CZE,MF,cz Viktoria Plzeň,22,1994,2.5,4,3,0,4,0,0,1,0.0,1,3,0,3,1,5,2,0,Matches
f0faccb9,Bruno César,br BRA,"DF,FW",pt Sporting CP,28,1988,0.1,0,0,0,0,0,0,0,,0,0,0,0,0,0,0,0,Matches
042d286e,Fyodor Chalov,ru RUS,FW,ru CSKA Moscow,19,1998,1.0,1,1,0,1,0,0,4,0.0,4,3,0,3,2,3,0,0,Matches
dc6f5bdd,Calum Chambers,eng ENG,DF,eng Arsenal,22,1995,6.7,8,6,7,1,0,3,9,33.3,6,8,6,2,13,21,30,4,Matches
b20eece9,Harry Charsley,ie IRL,DF,eng Everton,20,1996,1.0,1,0,1,0,0,1,2,50.0,1,1,0,1,0,1,4,0,Matches
8cfcf5bb,Vyacheslav Checher,ua UKR,"DF,MF",ua Zorya Luhansk,36,1980,1.1,2,1,2,0,0,1,1,100.0,0,0,0,0,3,5,4,0,Matches
0ac94a23,Denis Cheryshev,ru RUS,"MF,FW",es Villarreal,26,1990,2.1,3,2,1,0,2,2,5,40.0,3,3,0,3,1,4,1,0,Matches
163bbd4a,Tomáš Chorý,cz CZE,FW,cz Viktoria Plzeň,22,1995,0.4,1,0,0,0,1,0,1,0.0,1,0,0,0,0,1,0,0,Matches
f73abe54,Lazaros Christodoulopoulos,gr GRE,"FW,MF",gr AEK Athens,30,1986,6.1,9,6,2,6,1,4,7,57.1,3,1,0,1,4,13,3,0,Matches
c4af5889,Chuca,es ESP,"MF,FW",es Villarreal,20,1997,1.2,3,0,1,1,1,0,0,,0,0,0,0,2,5,0,0,Matches
b20f5a66,Dmytro Chygrynskiy,ua UKR,DF,gr AEK Athens,30,1986,3.0,2,1,2,0,0,0,3,0.0,3,4,2,2,5,7,11,0,Matches
7cd78926,Cicinho,bg BUL,DF,bg Ludogorets,28,1988,8.0,26,20,17,8,1,9,18,50.0,9,6,1,5,15,41,24,0,Matches
ecab64a0,Per Ciljan Skjelbred,no NOR,MF,de Hertha BSC,30,1987,1.5,7,3,2,5,0,5,9,55.6,4,2,0,2,3,10,3,0,Matches
612cb8d3,Christian Clemens,de GER,"MF,FW",de Köln,25,1991,2.1,2,1,0,2,0,0,2,0.0,2,3,0,3,2,4,0,0,Matches
450ad405,Gaël Clichy,fr FRA,DF,tr Başakşehir,32,1985,4.9,8,6,3,4,1,3,5,60.0,2,6,1,5,4,12,14,1,Matches
1fbbfbde,Sebastián Coates,uy URU,DF,pt Sporting CP,26,1990,4.0,9,7,6,3,0,3,5,60.0,2,3,3,0,6,15,19,1,Matches
0f8bd0a6,Fábio Coentrão,pt POR,DF,pt Sporting CP,29,1988,4.8,4,4,2,1,1,1,4,25.0,3,7,2,5,5,9,16,0,Matches
ecf151ac,Charlie Colkett,eng ENG,MF,nl Vitesse,20,1996,0.7,2,0,0,2,0,0,0,,0,0,0,0,1,3,0,0,Matches
166a981d,Racine Coly,sn SEN,DF,fr Nice,21,1995,1.7,4,4,1,2,1,2,2,100.0,0,2,0,2,6,10,7,0,Matches
a9440c25,Florinel Coman,ro ROU,FW,ro FCSB,19,1998,4.5,2,2,2,0,0,0,3,0.0,3,3,1,2,3,5,5,0,Matches
7628b359,Sander Coopman,be BEL,"MF,FW",be Zulte Waregem,22,1995,5.2,6,4,1,3,2,2,6,33.3,4,6,0,6,9,15,9,0,Matches
a6951bf8,Francis Coquelin,fr FRA,MF,eng Arsenal,26,1991,4.0,10,8,4,6,0,1,5,20.0,4,3,1,2,11,21,0,0,Matches
5b61fba7,Alessandro Cordaro,be BEL,FW,be Zulte Waregem,31,1986,0.1,0,0,0,0,0,0,0,,0,0,0,0,0,0,0,0,Matches
49ea92be,Iñigo Córdoba,es ESP,FW,es Athletic Club,20,1997,5.1,12,12,3,6,3,5,8,62.5,3,13,1,12,12,24,2,0,Matches
9f381d8b,Jhon Córdoba,co COL,FW,de Köln,24,1993,2.6,6,2,1,2,3,1,2,50.0,1,1,0,1,1,7,0,0,Matches
6ceef869,Vedran Ćorluka,hr CRO,DF,ru Loko Moscow,31,1986,1.8,5,2,5,0,0,2,2,100.0,0,6,3,3,4,9,4,0,Matches
c693347d,Andreas Cornelius,dk DEN,"FW,MF",it Atalanta,24,1993,0.3,0,0,0,0,0,0,0,,0,0,0,0,0,0,0,0,Matches
beb391dd,Maxwel Cornet,ci CIV,"FW,MF",fr Lyon,20,1996,4.1,8,3,6,2,0,1,7,14.3,6,1,0,1,1,9,3,0,Matches
01eb744d,Ángel Correa,ar ARG,"MF,FW",es Atlético Madrid,22,1995,6.1,10,8,5,3,2,3,18,16.7,15,8,0,8,8,18,5,0,Matches
69960ac3,Uroš Ćosić,rs SRB,DF,gr AEK Athens,24,1992,2.3,4,3,4,0,0,3,3,100.0,0,2,2,0,4,8,13,0,Matches
a190d597,Diego Costa,es ESP,FW,es Atlético Madrid,28,1988,4.3,1,0,0,0,1,1,3,33.3,2,1,0,1,1,2,2,0,Matches
808d48f3,Jaume Costa,es ESP,DF,es Villarreal,29,1988,4.9,16,10,8,7,1,10,14,71.4,4,1,1,0,6,22,12,0,Matches
50e14b3c,Manuel da Costa,ma MAR,DF,tr Başakşehir,31,1986,0.5,0,0,0,0,0,0,0,,0,0,0,0,2,2,3,0,Matches
c7f24d4b,Luca Crecco,it ITA,MF,it Lazio,21,1995,1.6,1,0,0,0,1,0,0,,0,0,0,0,2,3,2,0,Matches
35dd6d80,Domenico Criscito,it ITA,DF,ru Zenit,30,1986,9.0,47,37,34,9,4,33,49,67.3,16,9,3,6,21,68,46,0,Matches
16657b95,Bryan Cristante,it ITA,MF,it Atalanta,22,1995,7.0,14,7,3,7,4,0,12,0.0,12,5,0,5,4,18,3,0,Matches
9804ba8b,Matic Črnic,si SVN,"FW,MF",hr Rijeka,25,1992,0.2,0,0,0,0,0,0,0,,0,0,0,0,0,0,0,0,Matches
22cd43d2,Domen Črnigoj,si SVN,"FW,DF",ch Lugano,21,1995,2.3,3,2,2,1,0,1,2,50.0,1,0,0,0,2,5,2,0,Matches
24e9421b,Isaac Cuenca,es ESP,"FW,MF",il Be'er Sheva,26,1991,2.7,4,2,1,3,0,1,3,33.3,2,2,0,2,1,5,1,0,Matches
27b1390c,Antonini Čulina,hr CRO,FW,ch Lugano,25,1992,1.0,2,1,0,0,2,0,0,,0,1,0,1,1,3,0,0,Matches
a0d59251,João Pedro Guerra Cunha,pt POR,DF,cy Apollon Limassol,31,1986,6.0,15,12,13,1,1,9,23,39.1,14,6,2,4,8,23,9,0,Matches
a4fe8cda,Patrick Cutrone,it ITA,FW,it Milan,19,1998,7.4,6,2,2,2,2,1,11,9.1,10,5,1,4,2,8,3,0,Matches
3e092724,Wylan Cyprien,fr FRA,MF,fr Nice,22,1995,2.9,4,4,1,3,0,1,2,50.0,1,1,0,1,2,6,0,0,Matches
31e3ab68,David Da Costa,ch SUI,GK,ch Lugano,31,1986,5.0,0,0,0,0,0,0,0,,0,0,0,0,0,0,2,0,Matches
eac044ad,Moanes Dabbur,il ISR,FW,at RB Salzburg,25,1992,14.3,19,13,5,8,6,7,19,36.8,12,11,0,11,9,28,13,0,Matches
242dbdeb,Fankaty Dabo,eng ENG,DF,nl Vitesse,21,1995,4.0,8,5,7,1,0,6,8,75.0,2,2,0,2,6,14,9,0,Matches
db4ed67b,Mahmoud Dahoud,de GER,MF,de Dortmund,21,1996,3.0,11,8,4,6,1,6,9,66.7,3,4,0,4,3,14,2,0,Matches
ca45605e,Patson Daka,zm ZAM,FW,at RB Salzburg,18,1998,0.3,0,0,0,0,0,0,0,,0,1,0,1,0,0,0,0,Matches
54e0c0cc,Vitalie Damașcan,md MDA,FW,md Sheriff Tiraspol,18,1999,0.7,0,0,0,0,0,0,0,,0,2,0,2,0,0,0,0,Matches
077b773d,Danny,pt POR,MF,cz Slavia Prague,33,1983,2.7,1,0,1,0,0,0,1,0.0,1,0,0,0,1,2,3,0,Matches
fd2bc67d,Dante,br BRA,DF,fr Nice,33,1983,8.0,11,8,8,3,0,6,11,54.5,5,6,2,4,17,28,29,1,Matches
6bff8a73,Fabio Daprelà,ch SUI,DF,ch Lugano,26,1991,4.0,8,8,6,2,0,5,6,83.3,1,2,1,1,9,17,18,0,Matches
db7161ed,Palkó Dárdai,hu HUN,FW,de Hertha BSC,18,1999,1.0,2,2,1,0,1,1,1,100.0,0,0,0,0,0,2,0,0,Matches
3eb0f2df,Vladimír Darida,cz CZE,"MF,DF",de Hertha BSC,26,1990,1.3,0,0,0,0,0,0,2,0.0,2,1,1,0,2,2,3,0,Matches
12947ab7,Eli Dasa,il ISR,"MF,DF",il Maccabi Tel Aviv,24,1992,0.9,1,1,1,0,0,1,1,100.0,0,0,0,0,1,2,0,0,Matches
1bfdb73a,Ofir Davidzada,il ISR,"DF,FW",il Maccabi Tel Aviv,26,1991,6.0,6,4,4,2,0,3,5,60.0,2,3,2,1,8,14,20,0,Matches
9228b07c,Tom Davies,eng ENG,MF,eng Everton,19,1998,2.7,6,2,3,3,0,2,10,20.0,8,5,2,3,2,8,4,0,Matches
d60ffe68,William De Amorim,br BRA,FW,ro FCSB,25,1991,0.5,1,0,0,0,1,0,0,,0,1,0,1,1,2,0,0,Matches
e61c6efb,Davy De fauw,be BEL,DF,be Zulte Waregem,36,1981,5.2,4,4,3,1,0,1,8,12.5,7,5,2,3,7,11,17,0,Matches
441950f5,Gertjan De Mets,be BEL,MF,be Zulte Waregem,30,1987,2.0,4,2,2,2,0,1,5,20.0,4,3,1,2,2,6,3,0,Matches
518738b4,Nill De Pauw,cd COD,FW,be Zulte Waregem,27,1990,3.9,5,3,0,3,2,0,5,0.0,5,2,0,2,4,9,3,0,Matches
33332e0b,Julien De Sart,be BEL,MF,be Zulte Waregem,22,1994,4.0,7,5,2,4,1,0,7,0.0,7,2,2,0,11,18,14,0,Matches
92232aad,Mathieu Debuchy,fr FRA,DF,eng Arsenal,32,1985,3.9,8,4,4,3,1,2,3,66.7,1,3,0,3,4,12,21,0,Matches
6b6cbca4,Simon Deli,ci CIV,DF,cz Slavia Prague,25,1991,4.5,6,4,6,0,0,2,3,66.7,1,7,4,3,14,20,24,0,Matches
e7986081,Moussa Dembélé,fr FRA,FW,sct Celtic,21,1996,1.9,1,1,0,0,1,1,2,50.0,1,1,0,1,0,1,5,0,Matches
54b4dc4e,Kerem Demirbay,de GER,MF,de Hoffenheim,24,1993,3.5,9,5,5,3,1,3,10,30.0,7,5,1,4,5,14,3,0,Matches
85fd00dd,Besir Demiri,mk MKD,DF,mk FK Vardar,22,1994,3.2,15,11,10,4,1,10,11,90.9,1,3,0,3,5,20,14,0,Matches
dc3fa3b5,Diego Demme,de GER,MF,de RB Leipzig,25,1991,4.4,14,8,3,10,1,2,11,18.2,9,8,2,6,6,20,8,0,Matches
fbb23472,Igor Denisov,ru RUS,MF,ru Loko Moscow,33,1984,10.0,21,19,12,8,1,4,21,19.0,17,11,1,10,13,34,4,0,Matches
003d7410,Vitaliy Denisov,uz UZB,DF,ru Loko Moscow,30,1987,1.5,0,0,0,0,0,0,7,0.0,7,0,0,0,2,2,7,1,Matches
a7121625,Alex Denny,eng ENG,DF,eng Everton,17,2000,0.0,0,0,0,0,0,0,0,,0,0,0,0,0,0,1,0,Matches
36d320ec,Maikel van der Werff,nl NED,MF,nl Vitesse,28,1989,1.0,2,1,1,1,0,0,1,0.0,1,2,2,0,0,2,4,1,Matches
b54ea609,Timothy Derijck,be BEL,DF,be Zulte Waregem,30,1987,3.0,5,4,4,1,0,3,5,60.0,2,2,1,1,11,16,11,0,Matches
c1a13650,Đorđe Despotović,rs SRB,FW,kz FC Astana,25,1992,1.5,1,1,0,0,1,0,0,,0,1,0,1,0,1,3,0,Matches
951a4ee4,Davide Di Gennaro,it ITA,MF,it Lazio,29,1988,2.0,7,4,3,4,0,2,7,28.6,5,2,1,1,6,13,1,0,Matches
d2110326,Mouctar Diakhaby,gn GUI,DF,fr Lyon,20,1996,5.0,4,3,2,1,1,2,4,50.0,2,7,5,2,11,15,28,0,Matches
302acf38,Raphael Dias Belloli,br BRA,FW,pt Vitória,20,1996,5.6,,,,,,,,,,,,,,,,,Matches
bf309d24,Amadou Diawara,gn GUI,MF,it Napoli,20,1997,1.9,6,3,0,2,4,2,4,50.0,2,0,0,0,1,7,2,0,Matches
f4a8e2ed,Dame Diop,sn SEN,FW,cz Fastav Zlín,24,1993,3.4,3,3,0,2,1,0,1,0.0,1,2,0,2,2,5,4,0,Matches
2f94b2a0,Bruno Dita,al ALB,MF,al Skënderbeu Korçë,24,1993,2.0,3,1,1,2,0,0,2,0.0,2,7,0,7,4,7,4,0,Matches
64e801aa,Mitchell Donald,sr SUR,MF,rs Red Star,28,1988,7.9,16,11,6,10,0,7,14,50.0,7,12,3,9,20,36,19,1,Matches
a4bd9edd,Antonio Donnarumma,it ITA,GK,it Milan,27,1990,1.0,0,0,0,0,0,0,0,,0,0,0,0,0,0,0,0,Matches
08f5afaa,Gianluigi Donnarumma,it ITA,GK,it Milan,18,1999,8.0,1,0,1,0,0,1,3,33.3,2,0,0,0,0,1,4,1,Matches
6bfaecc4,Renan dos Santos,br BRA,GK,bg Ludogorets,28,1989,4.0,0,0,0,0,0,0,0,,0,0,0,0,1,1,2,0,Matches
dc90cfbe,Bas Dost,nl NED,FW,pt Sporting CP,28,1989,3.3,1,0,0,1,0,0,2,0.0,2,0,0,0,0,1,5,0,Matches
4841ba80,Stanislav Dostál,cz CZE,GK,cz Fastav Zlín,26,1991,3.0,0,0,0,0,0,0,1,0.0,1,0,0,0,0,0,1,0,Matches
e961d3ac,Douglas,br BRA,GK,pt Vitória,34,1983,3.0,0,0,0,0,0,0,0,,0,0,0,0,0,0,1,0,Matches
685857dc,Idrissa Doumbia,ci CIV,MF,be Zulte Waregem,19,1998,3.5,5,3,0,5,0,1,9,11.1,8,6,0,6,8,13,1,0,Matches
c49afee6,Seydou Doumbia,ci CIV,"FW,DF",pt Sporting CP,29,1987,0.8,2,2,0,2,0,0,0,,0,0,0,0,0,2,0,0,Matches
a5d101a9,Stanislaw Drahun,by BLR,MF,by BATE Borisov,29,1988,6.0,11,9,6,5,0,0,14,0.0,14,16,5,11,22,33,18,0,Matches
60e86875,Sebastián Driussi,ar ARG,FW,ru Zenit,21,1996,4.0,3,2,2,1,0,0,6,0.0,6,3,0,3,0,3,2,0,Matches
79ca3e23,Ondrej Duda,sk SVK,"MF,FW",de Hertha BSC,22,1994,3.1,5,5,2,2,1,2,4,50.0,2,0,0,0,2,7,1,0,Matches
e0a1c004,Svetoslav Dyakov,bg BUL,MF,bg Ludogorets,33,1984,4.4,6,5,4,2,0,3,13,23.1,10,8,2,6,5,11,12,0,Matches
134832c6,Adnan Džafić,ba BIH,MF,cz Fastav Zlín,27,1990,1.3,2,1,1,1,0,1,1,100.0,0,2,0,2,2,4,0,0,Matches
4c45cdc2,Alan Dzagoev,ru RUS,MF,ru CSKA Moscow,27,1990,5.1,6,6,1,5,0,4,17,23.5,13,5,0,5,7,13,3,1,Matches
448a3608,Artem Dzyuba,ru RUS,FW,ru Zenit,28,1988,1.9,1,0,0,0,1,0,1,0.0,1,0,0,0,0,1,3,0,Matches
f0fc9d0e,Éder,pt POR,FW,ru Loko Moscow,29,1987,4.4,1,0,0,1,0,0,2,0.0,2,4,1,3,0,1,4,0,Matches
0562b7f1,Odsonne Édouard,fr FRA,FW,sct Celtic,19,1998,0.1,0,0,0,0,0,0,0,,0,0,0,0,0,0,0,0,Matches
b3b310f0,Wilson Eduardo,ao ANG,"MF,FW",pt Braga,27,1990,1.3,2,1,2,0,0,1,2,50.0,1,1,0,1,0,2,3,0,Matches
3480cb6b,Curtis Edwards,eng ENG,"MF,DF",se Östersund,23,1994,8.0,18,9,12,4,2,10,20,50.0,10,7,2,5,12,30,12,0,Matches
a0313275,Vegar Eggen Hedenstad,no NOR,DF,no Rosenborg,26,1991,4.9,12,7,9,1,2,3,7,42.9,4,2,0,2,4,16,8,0,Matches
1de2f2de,Dan Einbinder,il ISR,MF,il Be'er Sheva,28,1989,4.2,9,5,4,3,2,4,9,44.4,5,2,0,2,7,16,8,0,Matches
eafac393,Josip Elez,hr CRO,DF,hr Rijeka,23,1994,4.8,9,2,6,3,0,9,13,69.2,4,10,5,5,9,18,23,0,Matches
05cb19c5,Eljero Elia,nl NED,FW,tr Başakşehir,30,1987,1.9,3,3,0,2,1,0,4,0.0,4,0,0,0,1,4,1,0,Matches
47a34c4f,Mohamed Elneny,eg EGY,"MF,DF",eng Arsenal,25,1992,9.3,11,8,5,5,1,5,13,38.5,8,13,2,11,15,26,15,1,Matches
77cf8da0,Dor Elo,il ISR,"DF,MF",il Be'er Sheva,23,1993,3.8,10,9,6,4,0,6,7,85.7,1,7,2,5,4,14,9,0,Matches
053f6e16,Yao Eloge Koffi,ci CIV,DF,ch Lugano,21,1996,1.5,1,1,1,0,0,1,1,100.0,0,2,0,2,3,4,6,0,Matches
f7dc2ae5,Aritz Elustondo,es ESP,DF,es Real Sociedad,23,1994,4.2,12,6,4,7,1,2,5,40.0,3,5,3,2,13,25,10,0,Matches
81fa2f75,Gabriel Enache,ro ROU,DF,ro FCSB,26,1990,3.7,5,4,5,0,0,2,7,28.6,5,11,2,9,9,14,10,0,Matches
58dda688,Alexandru Epureanu,md MDA,DF,tr Başakşehir,30,1986,6.0,7,4,4,3,0,3,7,42.9,4,6,3,3,6,13,19,1,Matches
7e925fa3,Alparslan Erdem,tr TUR,DF,tr Başakşehir,28,1988,2.1,5,4,3,2,0,4,4,100.0,0,2,0,2,5,10,6,0,Matches
3b99b9e1,Mevlüt Erdinç,tr TUR,FW,tr Başakşehir,30,1987,4.4,1,1,0,1,0,0,0,,0,1,1,0,1,2,2,0,Matches
88b748d2,Nenad Erić,kz KAZ,GK,kz FC Astana,35,1982,8.0,1,1,1,0,0,1,1,100.0,0,0,0,0,0,1,6,0,Matches
1c78737d,Aleksandr Erokhin,ru RUS,MF,ru Zenit,27,1989,5.6,11,6,5,6,0,2,20,10.0,18,7,3,4,11,22,18,0,Matches
12dcbdcc,Ricardo Esgaio,pt POR,"MF,DF",pt Braga,24,1993,8.0,25,14,12,11,2,14,21,66.7,7,14,2,12,7,32,18,0,Matches
b48215cd,Alexander Esswein,de GER,"FW,MF",de Hertha BSC,27,1990,3.4,5,4,3,2,0,1,7,14.3,6,8,0,8,5,10,3,0,Matches
213ab9bb,Oscar Estupiñan,co COL,FW,pt Vitória,20,1996,1.0,2,2,1,1,0,0,0,,0,1,0,1,0,2,2,0,Matches
b037bd4f,Beñat Etxebarria,es ESP,MF,es Athletic Club,30,1987,2.9,4,2,1,2,1,0,7,0.0,7,3,0,3,5,9,0,0,Matches
4a895384,Xabier Etxeita,es ESP,DF,es Athletic Club,29,1987,7.6,10,8,6,2,2,6,8,75.0,2,17,16,1,13,23,38,2,Matches
d732f72c,Malick Evouna,ga GAB,FW,tr Konyaspor,24,1992,3.9,2,1,1,1,0,1,1,100.0,0,3,0,3,0,2,3,0,Matches
51a3caf1,Patrice Evra,fr FRA,DF,fr Marseille,36,1981,0.6,2,2,1,1,0,2,2,100.0,0,1,0,1,5,7,16,0,Matches
9243fea6,Imoh Ezekiel,ng NGA,FW,tr Konyaspor,23,1993,0.5,0,0,0,0,0,0,1,0.0,1,0,0,0,0,0,0,0,Matches
762179d9,Rasmus Falk,dk DEN,"MF,FW",dk FC Copenhagen,25,1992,3.4,3,2,0,2,1,2,4,50.0,2,4,0,4,4,7,1,0,Matches
c886b062,Jefferson Farfán,pe PER,"FW,MF",ru Loko Moscow,32,1984,6.5,6,4,3,1,2,1,6,16.7,5,3,0,3,1,7,8,0,Matches
0aeeed3f,Christian Fassnacht,ch SUI,MF,ch Young Boys,23,1993,3.2,6,4,2,3,1,0,4,0.0,4,7,0,7,3,9,2,0,Matches
5d13b8ab,Lassana Faye,nl NED,DF,nl Vitesse,19,1998,2.9,4,2,1,2,1,2,3,66.7,1,2,0,2,0,4,4,0,Matches
7abbf224,Morgan Feeney,eng ENG,DF,eng Everton,18,1999,1.2,1,1,1,0,0,0,0,,0,1,0,1,2,3,7,0,Matches
bece776f,Nabil Fekir,fr FRA,MF,fr Lyon,24,1993,7.3,11,5,3,6,2,3,11,27.3,8,7,0,7,1,12,0,0,Matches
15d0c248,Luiz Felipe,it ITA,DF,it Lazio,20,1997,9.2,18,14,13,4,1,7,15,46.7,8,11,7,4,27,45,33,1,Matches
507c7bdf,Bruno Fernandes,pt POR,"MF,FW",pt Sporting CP,22,1994,6.3,13,6,7,6,0,7,16,43.8,9,7,0,7,4,17,1,0,Matches
13ac19de,Manuel Fernandes,pt POR,"MF,FW",ru Loko Moscow,31,1986,10.0,9,5,6,2,1,3,11,27.3,8,3,0,3,4,13,2,0,Matches
7c1a0c67,Mário Fernandes,ru RUS,"MF,DF",ru CSKA Moscow,26,1990,2.0,0,0,0,0,0,0,1,0.0,1,3,0,3,2,2,5,0,Matches
34c3ec17,Fernando,br BRA,MF,ru Spartak Moscow,25,1992,1.0,7,5,2,5,0,2,3,66.7,1,0,0,0,1,8,0,0,Matches
6407ce4d,Hélder Ferreira,pt POR,"FW,MF",pt Vitória,20,1997,1.1,1,1,0,1,0,0,2,0.0,2,2,0,2,1,2,1,0,Matches
b073f5ea,Ricardo Ferreira,ca CAN,DF,pt Braga,24,1992,4.0,3,3,1,2,0,1,3,33.3,2,6,5,1,7,10,13,0,Matches
375622c5,Jordan Ferri,fr FRA,"MF,FW",fr Lyon,25,1992,3.2,7,4,5,2,0,2,7,28.6,5,1,0,1,2,9,0,0,Matches
3e587547,Diogo Figueiras,pt POR,DF,pt Braga,26,1991,1.0,4,2,3,1,0,4,7,57.1,3,1,0,1,1,5,2,0,Matches
b653b65b,Lucian Filip,ro ROU,MF,ro FCSB,26,1990,2.1,5,2,2,3,0,0,2,0.0,2,0,0,0,3,8,0,0,Matches
1321d6f0,Egor Filipenko,by BLR,DF,il Maccabi Tel Aviv,29,1988,0.7,2,1,1,1,0,2,2,100.0,0,1,0,1,1,3,5,0,Matches
908eea67,Petar Filipović,de GER,DF,tr Konyaspor,26,1990,3.0,5,4,3,2,0,2,4,50.0,2,6,5,1,8,13,15,0,Matches
d31c4115,Volkan Fındıklı,tr TUR,MF,tr Konyaspor,26,1990,1.3,1,0,0,1,0,0,4,0.0,4,2,0,2,4,5,6,0,Matches
b5920350,Viktor Fischer,dk DEN,"FW,MF",dk FC Copenhagen,23,1994,1.3,0,0,0,0,0,0,2,0.0,2,1,0,1,0,0,1,0,Matches
d4f8f243,Moryké Fofana,ci CIV,FW,tr Konyaspor,25,1991,4.3,5,3,3,1,1,0,4,0.0,4,1,0,1,1,6,3,0,Matches
5b0b23dc,Navarone Foor,nl NED,MF,nl Vitesse,25,1992,3.7,10,8,3,7,0,2,7,28.6,5,7,3,4,9,19,6,0,Matches
82927de4,Pablo Fornals,es ESP,MF,es Villarreal,21,1996,5.6,8,6,2,5,1,2,7,28.6,5,9,0,9,3,11,4,0,Matches
e73659d3,James Forrest,sct SCO,DF,sct Celtic,26,1991,1.8,1,1,1,0,0,0,1,0.0,1,1,0,1,0,1,5,0,Matches
9a2e0ccc,Emil Forsberg,se SWE,MF,de RB Leipzig,25,1991,3.6,7,6,0,6,1,1,8,12.5,7,4,0,4,2,9,3,0,Matches
eb3f56e5,Rafael Forster,br BRA,DF,bg Ludogorets,27,1990,1.0,2,2,2,0,0,1,1,100.0,0,4,2,2,4,6,7,0,Matches
42a6cc47,Riccardo Forte,it ITA,"DF,MF",it Milan,18,1999,0.1,0,0,0,0,0,0,1,0.0,1,1,0,1,0,0,0,0,Matches
729e3e14,Kerim Frei,tr TUR,"FW,MF",tr Başakşehir,23,1993,4.2,4,3,1,3,0,1,3,33.3,2,3,1,2,2,6,4,0,Matches
98d2c2c4,Remo Freuler,ch SUI,MF,it Atalanta,25,1992,8.0,34,27,12,21,1,8,21,38.1,13,14,0,14,21,55,10,1,Matches
1a105265,Patrick Friday Eze,ng NGA,FW,tr Konyaspor,24,1992,1.6,0,0,0,0,0,0,0,,0,0,0,0,0,0,1,0,Matches
35bec436,Kevin Friesenbichler,at AUT,FW,at Austria Wien,23,1994,2.9,2,2,1,0,1,0,0,,0,1,0,1,1,3,3,0,Matches
768667c0,Ludvig Fritzson,se SWE,MF,se Östersund,21,1995,0.0,0,0,0,0,0,0,0,,0,0,0,0,0,0,1,0,Matches
ceb30355,Michal Frydrych,cz CZE,DF,cz Slavia Prague,27,1990,4.0,6,4,5,1,0,3,6,50.0,3,4,3,1,7,13,23,0,Matches
2e8fc160,Javi Fuego,es ESP,MF,es Villarreal,33,1984,0.8,3,3,1,1,1,2,4,50.0,2,1,0,1,1,4,0,0,Matches
65d750b5,Gabi,es ESP,MF,es Atlético Madrid,34,1983,6.4,15,12,4,9,2,7,31,22.6,24,11,3,8,11,26,5,0,Matches
6cd38213,Filip Gačevski,mk MKD,GK,mk FK Vardar,26,1990,6.0,0,0,0,0,0,0,1,0.0,1,1,0,1,1,1,6,1,Matches
7ebfac0f,Nicolás Gaitán,ar ARG,MF,es Atlético Madrid,29,1988,0.3,2,2,2,0,0,2,3,66.7,1,0,0,0,2,4,0,0,Matches
6419c6f7,Zoran Gajić,rs SRB,DF,cz Fastav Zlín,27,1990,5.6,3,3,2,1,0,3,7,42.9,4,2,0,2,7,10,36,1,Matches
a8327abd,Konstantinos Galanopoulos,gr GRE,MF,gr AEK Athens,19,1997,4.2,13,8,6,6,1,5,10,50.0,5,4,1,3,7,20,1,0,Matches
b4825073,Rodrigo Galo Brito,br BRA,DF,gr AEK Athens,30,1986,6.3,7,6,5,2,0,4,9,44.4,5,3,0,3,7,14,10,0,Matches
cf41510e,Valerică Găman,ro ROU,DF,ro FCSB,28,1989,1.7,2,1,2,0,0,1,3,33.3,2,4,2,2,6,8,12,0,Matches
42276181,Kévin Gameiro,fr FRA,FW,es Atlético Madrid,30,1987,2.8,2,2,0,1,1,1,3,33.3,2,2,0,2,1,3,1,0,Matches
72c812f3,Idrissa Gana Gueye,sn SEN,MF,eng Everton,27,1989,1.2,8,5,2,4,2,2,5,40.0,3,1,0,1,3,11,0,0,Matches
23c63b7f,Ignatius Ganago,cm CMR,FW,fr Nice,18,1999,0.3,0,0,0,0,0,0,0,,0,0,0,0,0,0,1,0,Matches
b418dbd4,Raúl García,es ESP,MF,es Athletic Club,31,1986,7.1,21,13,8,11,2,8,19,42.1,11,7,0,7,3,24,9,0,Matches
e978d6b6,Victor García,sv SLV,MF,pt Vitória,22,1995,3.1,,,,,,,,,,,,,,,,,Matches
fb5d47b3,Mario Gaspar,es ESP,DF,es Villarreal,26,1990,5.0,13,10,10,2,1,7,10,70.0,3,9,2,7,6,19,16,0,Matches
b9747ada,Enis Gavazaj,al ALB,"FW,MF",al Skënderbeu Korçë,22,1995,3.1,0,0,0,0,0,0,1,0.0,1,3,0,3,1,1,1,0,Matches
aad9c3f3,Mario Gavranović,ch SUI,FW,hr Rijeka,27,1989,3.5,5,3,1,2,2,1,4,25.0,3,3,0,3,0,5,0,0,Matches
37f606f0,Dennis Geiger,de GER,MF,de Hoffenheim,19,1998,1.9,4,3,0,3,1,2,7,28.6,5,2,0,2,4,8,2,0,Matches
ea0ff634,Valère Germain,fr FRA,FW,fr Marseille,27,1990,9.4,7,3,1,6,0,0,5,0.0,5,4,0,4,2,9,4,0,Matches
c699e60c,Alexander Gerndt,se SWE,FW,ch Lugano,31,1986,3.5,1,1,0,0,1,0,1,0.0,1,1,0,1,1,2,0,0,Matches
61ae3d36,Alhaji Gero,ng NGA,"FW,MF",se Östersund,23,1993,4.9,5,3,2,3,0,3,6,50.0,3,4,0,4,6,11,7,0,Matches
494bff86,Alex Gersbach,au AUS,DF,no Rosenborg,20,1997,1.2,1,0,1,0,0,1,4,25.0,3,1,0,1,2,3,2,0,Matches
9836e892,Willem Geubbels,fr FRA,FW,fr Lyon,15,2001,0.5,0,0,0,0,0,0,1,0.0,1,1,0,1,4,4,1,0,Matches
f7b1d4e0,Saman Ghoddos,ir IRN,FW,se Östersund,23,1993,8.0,6,2,2,1,3,3,8,37.5,5,8,2,6,4,10,2,0,Matches
8d3d3b0a,Giorgos Giakoumakis,gr GRE,FW,gr AEK Athens,22,1994,0.9,1,1,0,1,0,0,0,,0,0,0,0,0,1,0,0,Matches
16ceb862,Olivier Giroud,fr FRA,FW,eng Arsenal,30,1986,6.0,3,2,0,2,1,0,1,0.0,1,1,0,1,1,4,4,0,Matches
d757fd45,Nikola Gligorov,mk MKD,MF,mk FK Vardar,33,1983,3.7,7,4,4,3,0,2,4,50.0,2,5,1,4,3,10,5,0,Matches
10a81962,Darko Glišić,mk MKD,DF,mk FK Vardar,25,1991,2.0,4,1,4,0,0,3,6,50.0,3,3,1,2,2,6,9,1,Matches
af8cabe1,Petar Gluhakovic,at AUT,DF,at Austria Wien,21,1996,1.3,2,1,1,0,1,1,2,50.0,1,1,0,1,3,5,4,0,Matches
c67b8590,Denis Glushakov,ru RUS,MF,ru Spartak Moscow,30,1987,1.8,2,1,1,1,0,1,3,33.3,2,0,0,0,1,3,1,0,Matches
88e357ef,Serge Gnabry,de GER,DF,de Hoffenheim,22,1995,0.5,0,0,0,0,0,0,0,,0,0,0,0,0,0,0,0,Matches
aec6b711,Harlem Gnohéré,fr FRA,FW,ro FCSB,29,1988,3.8,0,0,0,0,0,0,1,0.0,1,1,0,1,1,1,0,0,Matches
50c1ff86,Marko Gobeljić,rs SRB,DF,rs Red Star,24,1992,2.2,5,5,5,0,0,3,6,50.0,3,4,0,4,5,10,12,0,Matches
fc4f85b1,Diego Godín,uy URU,DF,es Atlético Madrid,31,1986,8.0,14,9,13,1,0,9,12,75.0,3,6,6,0,12,26,45,0,Matches
0e5753c7,Marcelo Goiano,br BRA,DF,pt Braga,29,1987,5.5,18,10,10,5,3,9,12,75.0,3,9,1,8,5,23,14,1,Matches
5db295be,Eyal Golasa,il ISR,MF,il Maccabi Tel Aviv,25,1991,1.3,7,6,2,5,0,2,3,66.7,1,3,1,2,3,10,1,0,Matches
1db295e5,Vladimir Golemić,si SVN,DF,ch Lugano,26,1991,6.0,8,4,7,1,0,0,0,,0,4,4,0,14,22,41,0,Matches
fc3f41aa,Cătălin Golofca,ro ROU,FW,ro FCSB,27,1990,2.0,3,3,1,1,1,0,5,0.0,5,2,0,2,3,6,0,0,Matches
3708e9fa,Aleksandr Golovin,ru RUS,MF,ru CSKA Moscow,21,1996,5.0,9,8,1,7,1,5,17,29.4,12,4,1,3,8,17,1,0,Matches
d5ce52a5,Gustavo Gómez,py PAR,DF,it Milan,24,1993,0.1,0,0,0,0,0,0,0,,0,1,0,1,0,0,0,0,Matches
6e4df551,Papu Gómez,ar ARG,"FW,MF",it Atalanta,29,1988,6.7,8,4,2,5,1,4,13,30.8,9,5,2,3,9,17,1,0,Matches
42dcf26d,Álvaro González,es ESP,DF,es Villarreal,27,1990,3.0,6,3,4,1,1,2,6,33.3,4,3,2,1,6,12,13,0,Matches
62e4f112,Derlis González,py PAR,FW,ua Dynamo Kyiv,23,1994,6.4,,,,,,,,,,,,,,,,,Matches
d189e48f,Mario González,es ESP,FW,es Villarreal,21,1996,1.0,1,1,0,0,1,0,0,,0,0,0,0,0,1,3,0,Matches
b4541446,Sergi González,es ESP,DF,es Atlético Madrid,22,1995,1.0,2,2,2,0,0,1,3,33.3,2,2,0,2,1,3,1,0,Matches
83b9c48f,Jacek Góralski,pl POL,MF,bg Ludogorets,24,1992,5.4,33,24,13,18,2,10,20,50.0,10,9,2,7,23,56,9,0,Matches
20c1ef47,Mikhail Gordeichuk,by BLR,FW,by BATE Borisov,27,1989,4.8,4,3,2,1,1,0,2,0.0,2,5,0,5,5,9,2,0,Matches
2bd83368,Anthony Gordon,eng ENG,MF,eng Everton,16,2001,0.0,1,0,0,1,0,0,0,,0,0,0,0,0,1,0,0,Matches
f33238db,Astemir Gordyushenko,ru RUS,MF,ru CSKA Moscow,20,1997,0.0,0,0,0,0,0,0,0,,0,0,0,0,0,0,0,0,Matches
03de83d9,David Goresh,il ISR,GK,il Be'er Sheva,37,1980,4.0,0,0,0,0,0,0,3,0.0,3,0,0,0,0,0,1,1,Matches
c7e0f364,Alexander Gorgon,at AUT,"FW,MF",hr Rijeka,28,1988,3.9,6,2,1,3,2,2,6,33.3,4,3,0,3,2,8,9,0,Matches
6f5f82c0,Andoni Gorosabel,es ESP,DF,es Real Sociedad,20,1996,2.0,2,0,1,1,0,2,4,50.0,2,0,0,0,3,5,1,0,Matches
2d970560,Robin Gosens,de GER,"FW,DF",it Atalanta,23,1994,0.6,2,2,2,0,0,2,4,50.0,2,0,0,0,0,2,4,0,Matches
9efa1d25,Mario Götze,de GER,MF,de Dortmund,25,1992,2.5,6,2,1,2,3,0,7,0.0,7,3,1,2,1,7,2,0,Matches
aad56ca3,Amine Gouiri,fr FRA,FW,fr Lyon,17,2000,0.2,0,0,0,0,0,0,0,,0,0,0,0,0,0,0,0,Matches
e373f1ec,Srđan Grahovac,ba BIH,"MF,FW",kz FC Astana,24,1992,2.5,5,3,0,4,1,3,4,75.0,1,2,1,1,7,12,2,0,Matches
7d974435,Ján Greguš,sk SVK,MF,dk FC Copenhagen,26,1991,4.0,9,7,4,5,0,6,16,37.5,10,5,2,3,9,18,3,0,Matches
df69b544,Antoine Griezmann,fr FRA,"FW,MF",es Atlético Madrid,26,1991,7.0,10,6,1,6,3,3,17,17.6,14,8,1,7,8,18,1,0,Matches
ffbbc83b,Florian Grillitsch,at AUT,MF,de Hoffenheim,21,1995,2.6,11,9,3,6,2,4,8,50.0,4,2,1,1,6,17,4,0,Matches
a1a9ef78,Boban Grnčarov,mk MKD,DF,mk FK Vardar,34,1982,6.0,6,4,6,0,0,3,3,100.0,0,8,6,2,5,11,40,0,Matches
07a0baa9,Ramiro Guerra,uy URU,MF,es Villarreal,20,1997,3.1,11,7,5,6,0,5,11,45.5,6,0,0,0,5,16,1,1,Matches
048a1cbc,Raphaël Guerreiro,pt POR,MF,de Dortmund,23,1993,0.3,1,1,1,0,0,0,0,,0,0,0,0,0,1,1,0,Matches
923f4dda,Sehrou Guirassy,gn GUI,FW,de Köln,21,1996,3.6,2,2,0,1,1,0,1,0.0,1,1,0,1,0,2,4,0,Matches
bcb2ccd8,Péter Gulácsi,hu HUN,GK,de RB Leipzig,27,1990,6.0,0,0,0,0,0,0,0,,0,0,0,0,0,0,1,0,Matches
b686f4c0,Fredrik Gulbrandsen,no NOR,FW,at RB Salzburg,24,1992,7.0,8,7,3,4,1,5,9,55.6,4,6,0,6,2,10,4,0,Matches
b583aef5,Mert Günok,tr TUR,GK,tr Başakşehir,28,1989,4.0,0,0,0,0,0,0,0,,0,0,0,0,0,0,3,0,Matches
82671804,Luiz Gustavo,br BRA,"MF,DF",fr Marseille,30,1987,14.7,40,20,16,23,1,10,34,29.4,24,25,5,20,19,59,40,1,Matches
0174ba21,Robin Hack,de GER,MF,de Hoffenheim,18,1998,0.8,1,1,1,0,0,1,1,100.0,0,1,0,1,2,3,2,0,Matches
549922a7,Osman Hadzikic,at AUT,GK,at Austria Wien,21,1996,1.0,0,0,0,0,0,0,0,,0,0,0,0,0,0,1,0,Matches
92432bc6,Amadou Haidara,ml MLI,MF,at RB Salzburg,19,1998,13.5,56,35,13,37,6,21,46,45.7,25,32,3,29,23,79,22,0,Matches
6c228bb6,Guy Haimov,il ISR,GK,il Be'er Sheva,31,1986,2.0,0,0,0,0,0,0,0,,0,0,0,0,0,0,0,0,Matches
29102874,Tomáš Hájek,cz CZE,DF,cz Viktoria Plzeň,25,1991,5.3,4,2,2,2,0,0,1,0.0,1,4,4,0,4,8,21,0,Matches
5db2faf1,Brian Hamalainen,dk DEN,DF,be Zulte Waregem,28,1989,5.2,10,7,5,3,2,4,10,40.0,6,4,2,2,5,15,24,0,Matches
c76153e5,Hovhannes Hambardzumyan,am ARM,DF,mk FK Vardar,26,1990,4.9,14,11,11,3,0,5,13,38.5,8,5,2,3,11,25,21,0,Matches
e6ad16b2,Marek Hamšík,sk SVK,MF,it Napoli,30,1987,1.3,2,1,0,2,0,1,1,100.0,0,1,0,1,1,3,1,0,Matches
ebc49727,Sofiane Hanni,dz ALG,MF,ru Spartak Moscow,26,1990,0.8,1,1,0,1,0,0,0,,0,0,0,0,1,2,1,0,Matches
5e91ddf8,André Hansen,no NOR,GK,no Rosenborg,27,1989,6.0,0,0,0,0,0,0,0,,0,0,0,0,0,0,0,2,Matches
f24ea523,Genki Haraguchi,jp JPN,FW,de Hertha BSC,26,1991,1.3,3,2,0,3,0,0,5,0.0,5,5,0,5,2,5,1,0,Matches
bfc5768b,Denys Harmash,ua UKR,MF,ua Dynamo Kyiv,27,1990,5.9,21,15,7,11,3,8,24,33.3,16,9,1,8,13,34,16,0,Matches
3b333ac3,Hans Hateboer,nl NED,"DF,MF",it Atalanta,23,1994,7.8,15,11,10,3,2,8,16,50.0,8,8,3,5,10,25,15,0,Matches
8454388c,Milan Havel,cz CZE,DF,cz Viktoria Plzeň,22,1994,3.3,10,7,6,3,1,4,6,66.7,2,5,1,4,3,13,12,0,Matches
281659b5,Vital Hayduchyk,by BLR,DF,by BATE Borisov,28,1989,3.9,2,2,2,0,0,2,3,66.7,1,4,4,0,8,10,26,1,Matches
d552c4a1,Héber,br BRA,"FW,MF",hr Rijeka,25,1991,2.6,6,4,3,2,1,1,1,100.0,0,2,0,2,4,10,4,0,Matches
c2009df3,Jonas Hector,de GER,MF,de Köln,27,1990,0.4,1,1,0,1,0,0,0,,0,0,0,0,0,1,0,0,Matches
169fd162,Hwang Hee-chan,kr KOR,FW,at RB Salzburg,21,1996,5.8,4,3,2,0,2,2,11,18.2,9,5,0,5,2,6,3,0,Matches
699fb8db,Dominique Heintz,de GER,DF,de Köln,23,1993,4.0,7,5,4,2,1,3,6,50.0,3,3,2,1,4,11,13,0,Matches
61f63784,Lukáš Hejda,cz CZE,DF,cz Viktoria Plzeň,27,1990,8.2,17,13,11,6,0,12,13,92.3,1,7,5,2,6,23,34,0,Matches
c3ee18ef,Lucas Hernández,fr FRA,DF,es Atlético Madrid,21,1996,6.8,21,16,15,5,1,15,25,60.0,10,9,3,6,2,23,20,0,Matches
9109185e,Iago Herrerín,es ESP,GK,es Athletic Club,29,1988,10.0,1,0,1,0,0,0,0,,0,0,0,0,0,1,0,1,Matches
8f299faf,Michaël Heylen,be BEL,DF,be Zulte Waregem,23,1994,5.0,9,9,8,1,0,7,10,70.0,3,5,3,2,10,19,20,0,Matches
f814f0f1,Josef Hnaníček,cz CZE,"MF,DF",cz Fastav Zlín,30,1986,2.3,5,3,4,1,0,1,5,20.0,4,2,0,2,2,7,5,0,Matches
cff7dcb0,Guillaume Hoarau,fr FRA,FW,ch Young Boys,33,1984,1.2,0,0,0,0,0,0,2,0.0,2,2,0,2,1,1,3,0,Matches
4114f306,Marco Höger,de GER,MF,de Köln,27,1989,2.0,6,5,3,3,0,2,6,33.3,4,1,0,1,0,6,1,0,Matches
d79a8c87,Rob Holding,eng ENG,DF,eng Arsenal,21,1995,6.6,11,6,7,3,1,4,7,57.1,3,6,3,3,12,23,17,0,Matches
d0042ab9,Mason Holgate,eng ENG,DF,eng Everton,20,1996,4.0,3,2,3,0,0,2,6,33.3,4,5,0,5,8,11,12,0,Matches
e248e62f,Carlo Holse,dk DEN,FW,dk FC Copenhagen,18,1999,1.5,2,1,2,0,0,1,1,100.0,0,2,0,2,0,2,1,0,Matches
6809ec76,Daniel Holzer,cz CZE,"DF,FW",cz Fastav Zlín,21,1995,5.4,5,3,2,3,0,3,6,50.0,3,6,0,6,4,9,7,0,Matches
2f9c21da,Raphael Holzhauser,at AUT,MF,at Austria Wien,24,1993,6.0,4,1,4,0,0,3,8,37.5,5,9,2,7,10,14,3,0,Matches
816192f0,Justin Hoogma,nl NED,DF,de Hoffenheim,19,1998,2.0,3,2,1,2,0,1,2,50.0,1,3,0,3,4,7,6,1,Matches
d2ee6d5b,Jamie Hopcutt,eng ENG,"FW,MF",se Östersund,25,1992,2.3,3,2,2,1,0,2,6,33.3,4,1,0,1,1,4,0,0,Matches
d02e0cab,Tomáš Hořava,cz CZE,MF,cz Viktoria Plzeň,29,1988,8.6,10,5,4,5,1,3,20,15.0,17,14,3,11,13,23,12,0,Matches
3db34c8e,Artem Hordiyenko,ua UKR,"MF,DF",ua Zorya Luhansk,26,1991,4.8,8,7,2,3,3,2,9,22.2,7,2,0,2,1,9,7,0,Matches
2b83fa49,Jannes Horn,de GER,"DF,MF",de Köln,20,1997,2.0,1,1,1,0,0,1,1,100.0,0,3,1,2,3,4,3,0,Matches
3cd9e95a,Timo Horn,de GER,GK,de Köln,24,1993,6.0,0,0,0,0,0,0,1,0.0,1,0,0,0,0,0,0,1,Matches
29aee77c,Fraser Hornby,sct SCO,FW,eng Everton,17,1999,0.9,0,0,0,0,0,0,1,0.0,1,2,1,1,1,1,0,0,Matches
951f1739,André Horta,pt POR,"MF,FW",pt Braga,20,1996,2.3,0,0,0,0,0,0,6,0.0,6,3,0,3,0,0,2,0,Matches
6603fed7,Ricardo Horta,pt POR,"FW,MF",pt Braga,22,1994,1.5,4,3,2,1,1,1,3,33.3,2,4,0,4,0,4,1,0,Matches
a47e7ecd,Dmytro Hrechyshkin,ua UKR,"DF,MF",ua Zorya Luhansk,25,1991,4.6,6,3,4,2,0,5,9,55.6,4,6,3,3,5,11,34,0,Matches
ae3e6d85,Jakub Hromada,sk SVK,"MF,FW",cz Slavia Prague,21,1996,2.7,5,3,2,3,0,1,6,16.7,5,7,1,6,3,8,3,0,Matches
06eae126,Artem Hromov,ua UKR,"FW,MF",ua Zorya Luhansk,27,1990,3.7,,5,,,,,,,,,,,2,,,,Matches
f2d063ec,Patrik Hrošovský,sk SVK,MF,cz Viktoria Plzeň,25,1992,10.3,22,12,13,6,3,9,24,37.5,15,8,1,7,9,31,6,0,Matches
f4eb377b,Aleš Hruška,cz CZE,GK,cz Viktoria Plzeň,31,1985,10.3,0,0,0,0,0,0,1,0.0,1,0,0,0,3,3,5,1,Matches
99de6b6f,Benjamin Hübner,de GER,DF,de Hoffenheim,28,1989,1.5,2,2,1,1,0,0,2,0.0,2,1,0,1,3,5,2,0,Matches
4cc82fe1,Roman Hubník,cz CZE,DF,cz Viktoria Plzeň,33,1984,6.0,11,7,8,3,0,4,6,66.7,2,10,6,4,12,23,36,1,Matches
10d58a78,Paolo Hurtado,pe PER,"MF,FW",pt Vitória,27,1990,4.3,2,2,1,1,0,1,4,25.0,3,4,0,4,2,4,2,0,Matches
3d68d631,Josef Hušbauer,cz CZE,"MF,FW",cz Slavia Prague,27,1990,1.3,1,0,0,1,0,0,0,,0,1,0,1,1,2,1,0,Matches
e32721e6,Oleh Husyev,ua UKR,FW,ua Dynamo Kyiv,34,1983,0.1,0,0,0,0,0,0,0,,0,0,0,0,0,0,0,0,Matches
2f3452eb,Elseid Hysaj,al ALB,DF,it Napoli,23,1994,0.8,1,1,1,0,0,0,2,0.0,2,0,0,0,2,3,0,0,Matches
c3fd9887,Vedad Ibišević,ba BIH,FW,de Hertha BSC,32,1984,2.3,1,1,0,1,0,0,1,0.0,1,1,0,1,0,1,3,0,Matches
ed60d19f,Abdullahi Ibrahim Alhassan,ng NGA,MF,at Austria Wien,20,1996,2.7,3,2,2,1,0,2,3,66.7,1,4,0,4,3,6,2,0,Matches
04f2ed4d,Sergei Ignashevich,ru RUS,DF,ru CSKA Moscow,38,1979,5.0,5,4,4,1,0,4,7,57.1,3,9,6,3,11,16,24,0,Matches
5cb1d026,Vladislav Ignatyev,ru RUS,DF,ru Loko Moscow,30,1987,8.6,30,19,20,5,5,15,29,51.7,14,12,2,10,31,61,34,0,Matches
504a654c,Saša Ilić,rs SRB,MF,rs Partizan,39,1977,0.1,1,1,0,1,0,0,0,,0,0,0,0,0,1,0,0,Matches
68252d6d,Josip Iličić,si SVN,"FW,MF",it Atalanta,29,1988,4.8,3,1,0,1,2,0,4,0.0,4,4,0,4,5,8,3,0,Matches
5ce0b5ba,Asier Illarramendi,es ESP,MF,es Real Sociedad,27,1990,6.4,11,7,2,7,2,2,10,20.0,8,11,2,9,15,26,4,0,Matches
8494acc4,Stefan Ilsanker,at AUT,"DF,MF",de RB Leipzig,28,1989,1.2,0,0,0,0,0,0,1,0.0,1,0,0,0,2,2,5,0,Matches
4431aed2,Ciro Immobile,it ITA,FW,it Lazio,27,1990,6.5,0,0,0,0,0,0,1,0.0,1,1,0,1,0,0,2,0,Matches
3200c583,Gökhan Inler,ch SUI,MF,tr Başakşehir,33,1984,6.0,13,5,5,7,1,8,13,61.5,5,4,0,4,5,18,4,0,Matches
2f557579,Lorenzo Insigne,it ITA,FW,it Napoli,26,1991,1.4,0,0,0,0,0,0,2,0.0,2,2,0,2,1,1,0,0,Matches
8e92be30,Alexander Isak,se SWE,"FW,MF",de Dortmund,17,1999,0.6,0,0,0,0,0,0,0,,0,1,0,1,0,0,0,0,Matches
721608e5,Dino Islamović,me MNE,DF,se Östersund,23,1994,0.2,2,2,2,0,0,1,1,100.0,0,0,0,0,0,2,0,0,Matches
6dce77a5,Ander Iturraspe,es ESP,MF,es Athletic Club,28,1989,5.9,9,8,4,5,0,3,9,33.3,6,10,3,7,16,25,14,0,Matches
4c82730b,Mirko Ivanić,me MNE,MF,by BATE Borisov,23,1993,5.6,19,9,6,9,4,6,19,31.6,13,7,0,7,9,28,0,0,Matches
85f8571a,Branislav Ivanović,rs SRB,DF,ru Zenit,33,1984,6.8,8,6,6,2,0,2,7,28.6,5,3,0,3,12,20,31,0,Matches
1668b4b1,Đorđe Ivanović,rs SRB,FW,rs Partizan,21,1995,0.2,0,0,0,0,0,0,0,,0,0,0,0,0,0,0,0,Matches
d045ccb2,Andreas Ivanschitz,at AUT,MF,cz Viktoria Plzeň,33,1983,0.2,0,0,0,0,0,0,0,,0,0,0,0,0,0,0,0,Matches
6ca5ec4b,Alex Iwobi,ng NGA,"FW,MF",eng Arsenal,21,1996,3.7,3,1,2,1,0,2,6,33.3,4,4,2,2,1,4,0,0,Matches
3233eefd,Phil Jagielka,eng ENG,DF,eng Everton,34,1982,1.0,0,0,0,0,0,0,0,,0,2,2,0,4,4,10,0,Matches
b2ec3323,Jairo,br BRA,FW,md Sheriff Tiraspol,25,1992,5.4,8,5,2,5,1,1,6,16.7,5,8,1,7,3,11,0,0,Matches
f7815d38,Antonio Jakoliš,hr CRO,"FW,MF",cy Apollon Limassol,25,1992,4.0,1,0,1,0,0,0,8,0.0,8,6,1,5,1,2,2,0,Matches
46d50339,Christophe Jallet,fr FRA,DF,fr Nice,33,1983,5.0,11,9,9,2,0,9,11,81.8,2,7,1,6,5,16,20,1,Matches
9a6cfc02,Tomáš Janíček,cz CZE,"MF,DF",cz Fastav Zlín,34,1982,1.9,3,1,1,1,1,0,0,,0,3,0,3,7,10,6,0,Matches
9866afec,Marko Janković,me MNE,"MF,FW",rs Partizan,22,1995,6.8,11,7,3,7,1,2,10,20.0,8,4,0,4,8,19,1,0,Matches
4737cebe,Adnan Januzaj,be BEL,FW,es Real Sociedad,22,1995,4.1,2,2,1,1,0,1,1,100.0,0,2,0,2,1,3,2,0,Matches
27d2618c,Rune Jarstein,no NOR,GK,de Hertha BSC,32,1984,1.0,0,0,0,0,0,0,0,,0,0,0,0,0,0,0,0,Matches
810486a5,Bajram Jashanica,xk KVX,DF,al Skënderbeu Korçë,26,1990,4.8,20,14,13,7,0,8,12,66.7,4,11,7,4,18,38,30,1,Matches
21519148,Mike Jensen,dk DEN,MF,no Rosenborg,29,1988,5.0,3,2,0,3,0,1,5,20.0,4,3,0,3,5,8,1,0,Matches
b12c68bf,Marko Jevtović,rs SRB,MF,rs Partizan,24,1993,6.7,18,12,7,7,4,5,21,23.8,16,12,2,10,15,33,17,0,Matches
34bf7740,Milan Jevtović,rs SRB,FW,no Rosenborg,24,1993,0.7,1,1,0,1,0,0,1,0.0,1,3,0,3,0,1,2,0,Matches
28aeafaa,Jaba Jighauri,ge GEO,"FW,MF",mk FK Vardar,25,1992,5.1,8,3,6,2,0,6,12,50.0,6,5,0,5,8,16,2,0,Matches
90624e56,Lee Jin-hyun,kr KOR,MF,at Austria Wien,19,1997,0.9,0,0,0,0,0,0,2,0.0,2,2,0,2,2,2,1,0,Matches
81b013ec,Petr Jiráček,cz CZE,MF,cz Fastav Zlín,31,1986,6.0,12,9,8,3,1,4,11,36.4,7,9,1,8,13,25,6,0,Matches
e4a26a91,Jakob Johansson,se SWE,MF,gr AEK Athens,27,1990,4.0,7,3,2,5,0,5,8,62.5,3,6,2,4,7,14,7,0,Matches
fb59286d,Miloš Jojić,rs SRB,MF,de Köln,25,1992,4.6,9,6,4,3,2,1,15,6.7,14,16,2,14,10,19,3,0,Matches
45db685d,Jorginho,it ITA,MF,it Napoli,25,1991,0.1,1,0,0,1,0,1,1,100.0,0,0,0,0,0,1,0,0,Matches
d87e2cae,Willian José,br BRA,FW,es Real Sociedad,25,1991,4.3,1,0,0,1,0,0,2,0.0,2,0,0,0,0,1,4,0,Matches
9b6df52f,Sven Joss,ch SUI,DF,ch Young Boys,23,1994,1.8,2,2,1,0,1,1,4,25.0,3,0,0,0,4,6,11,0,Matches
8e19242c,Đorđe Jovanović,rs SRB,FW,rs Partizan,18,1999,0.1,0,0,0,0,0,0,1,0.0,1,0,0,0,0,0,1,0,Matches
2319ebe3,Branko Jovičić,rs SRB,MF,rs Red Star,24,1993,2.7,8,6,4,4,0,5,10,50.0,5,5,1,4,2,10,2,0,Matches
cfd8d664,Juanfran,es ESP,DF,es Atlético Madrid,32,1985,6.0,16,12,7,9,0,8,13,61.5,5,8,1,7,8,24,13,0,Matches
84399660,Juanmi,es ESP,"FW,MF",es Real Sociedad,24,1993,3.2,7,6,2,4,1,4,5,80.0,1,1,0,1,5,12,1,0,Matches
56ae428b,Jubal,br BRA,DF,pt Vitória,23,1993,5.3,4,3,4,0,0,1,2,50.0,1,11,5,6,7,11,29,0,Matches
c4a306a1,Jakub Jugas,cz CZE,DF,cz Slavia Prague,25,1992,6.0,15,10,11,3,1,3,6,50.0,3,6,5,1,11,26,31,0,Matches
53520a67,Jens Jønsson,dk DEN,MF,tr Konyaspor,24,1993,2.6,8,6,6,2,0,2,6,33.3,4,5,1,4,5,13,7,0,Matches
0efacb06,Junior Kabananga,cd COD,FW,kz FC Astana,28,1989,5.0,0,0,0,0,0,0,2,0.0,2,2,0,2,0,0,5,0,Matches
390eb94b,Vladyslav Kabayev,ua UKR,"FW,MF",ua Zorya Luhansk,21,1995,0.6,2,2,1,1,0,2,2,100.0,0,1,0,1,0,2,0,1,Matches
71d5ca31,Tamás Kádár,hu HUN,DF,ua Dynamo Kyiv,27,1990,8.5,10,9,9,1,0,2,3,66.7,1,7,6,1,16,26,64,0,Matches
768a35ac,Julius Kade,de GER,FW,de Hertha BSC,18,1999,0.1,0,0,0,0,0,0,0,,0,0,0,0,0,0,0,0,Matches
79c90e45,Pavel Kadeřábek,cz CZE,"FW,MF",de Hoffenheim,25,1992,2.6,3,1,1,1,1,0,1,0.0,1,8,3,5,5,8,5,0,Matches
602bb3f7,Abdul Kadiri Mohammed,gh GHA,DF,at Austria Wien,21,1996,6.0,18,10,10,8,0,11,12,91.7,1,7,4,3,10,28,30,1,Matches
d2800f47,İrfan Kahveci,tr TUR,MF,tr Başakşehir,22,1995,3.3,9,5,3,6,0,2,4,50.0,2,4,1,3,8,17,5,0,Matches
d4931a5a,Nikola Kalinić,hr CRO,FW,it Milan,29,1988,2.0,2,2,1,1,0,0,1,0.0,1,0,0,0,1,3,0,0,Matches
2042d931,Salomon Kalou,ci CIV,"FW,MF",de Hertha BSC,31,1985,2.0,3,3,0,3,0,1,1,100.0,0,3,0,3,2,5,3,1,Matches
cc77354e,Boubacar Kamara,fr FRA,"MF,DF",fr Marseille,17,1999,6.0,25,11,14,11,0,6,22,27.3,16,6,3,3,16,41,20,0,Matches
b825a650,Kevin Kampl,si SVN,MF,de RB Leipzig,26,1990,3.2,2,2,2,0,0,2,8,25.0,6,3,2,1,9,11,4,1,Matches
af50141d,Guélor Kanga,ga GAB,MF,rs Red Star,26,1990,5.8,5,2,2,2,1,2,8,25.0,6,2,0,2,4,9,2,0,Matches
1bd5735a,Oleksandr Karavayev,ua UKR,"FW,MF",ua Zorya Luhansk,25,1992,5.8,10,6,3,5,2,6,9,66.7,3,5,0,5,4,14,10,0,Matches
ed99d19e,Maksim Karpov,ru RUS,DF,ru Zenit,22,1995,0.0,0,0,0,0,0,0,0,,0,1,0,1,0,0,0,0,Matches
a81f4896,Guram Kashia,ge GEO,DF,nl Vitesse,30,1987,5.7,9,7,6,2,1,6,9,66.7,3,5,4,1,4,13,26,0,Matches
2a82aa85,Grigoris Kastanos,cy CYP,"MF,FW",be Zulte Waregem,19,1998,1.2,6,3,2,3,1,2,4,50.0,2,1,0,1,0,6,0,0,Matches
692d8bb0,Onur Kaya,be BEL,"MF,FW",be Zulte Waregem,31,1986,4.2,1,1,0,1,0,1,5,20.0,4,1,0,1,0,1,0,0,Matches
c5b7c315,Michael Keane,eng ENG,DF,eng Everton,24,1993,3.0,3,2,2,1,0,0,5,0.0,5,3,2,1,1,4,15,0,Matches
dc52c72f,Tomasz Kędziora,pl POL,DF,ua Dynamo Kyiv,23,1994,8.3,22,17,12,7,3,9,15,60.0,6,7,3,4,17,39,41,0,Matches
92c62328,Aly Keita,gn GUI,GK,se Östersund,30,1986,8.0,0,0,0,0,0,0,0,,0,0,0,0,1,1,3,4,Matches
f25c8e3a,Naby Keïta,gn GUI,MF,de RB Leipzig,22,1995,5.0,11,7,0,8,3,4,7,57.1,3,6,1,5,7,18,3,0,Matches
f1b17a24,Yury Kendysh,by BLR,MF,md Sheriff Tiraspol,27,1990,5.2,12,6,4,7,1,4,8,50.0,4,8,1,7,6,18,10,0,Matches
099e666f,Jonjoe Kenny,eng ENG,DF,eng Everton,20,1997,2.8,11,8,8,3,0,7,10,70.0,3,5,1,4,4,15,10,0,Matches
4383b0da,Claudiu Keșerü,ro ROU,"FW,MF",bg Ludogorets,30,1986,1.4,2,1,0,1,1,0,0,,0,0,0,0,1,3,0,0,Matches
05e19d6a,Franck Kessié,ci CIV,MF,it Milan,20,1996,6.4,14,10,5,7,2,7,14,50.0,7,10,0,10,4,18,6,0,Matches
7b66eec0,Yevhen Khacheridi,ua UKR,DF,ua Dynamo Kyiv,30,1987,6.0,4,4,2,2,0,3,6,50.0,3,11,8,3,14,18,53,0,Matches
14e8fe86,Ihor Kharatin,ua UKR,"MF,DF",ua Zorya Luhansk,22,1995,5.1,9,6,5,4,0,4,10,40.0,6,9,1,8,5,14,10,0,Matches
aae44006,Khetag Khosonov,ru RUS,MF,ru CSKA Moscow,19,1998,0.1,1,0,0,0,1,1,1,100.0,0,0,0,0,0,1,0,0,Matches
da1c9094,Joël Kiassumbua,cd COD,GK,ch Lugano,25,1992,1.0,0,0,0,0,0,0,0,,0,0,0,0,0,0,0,0,Matches
53b03dac,Serkan Kırıntılı,tr TUR,GK,tr Konyaspor,32,1985,6.0,0,0,0,0,0,0,0,,0,0,0,0,1,1,6,3,Matches
3470f44e,Anastasios Kissas,cy CYP,GK,cy Apollon Limassol,29,1988,1.0,0,0,0,0,0,0,0,,0,0,0,0,0,0,0,0,Matches
15fd5593,Davy Klaassen,nl NED,"MF,FW",eng Everton,24,1993,2.7,4,3,2,2,0,3,11,27.3,8,6,2,4,6,10,3,0,Matches
dc8f5b58,Florian Klein,at AUT,DF,at Austria Wien,30,1986,3.0,3,2,3,0,0,1,1,100.0,0,3,1,2,1,4,7,0,Matches
af8e4246,László Kleinheisler,hu HUN,MF,kz FC Astana,23,1994,1.3,6,4,2,4,0,0,4,0.0,4,0,0,0,2,8,0,0,Matches
1e29552f,Jonathan Klinsmann,us USA,GK,de Hertha BSC,20,1997,1.0,0,0,0,0,0,0,0,,0,0,0,0,0,0,0,0,Matches
dab0da1c,Viktor Klonaridis,be BEL,FW,gr AEK Athens,25,1992,1.6,3,2,2,1,0,1,2,50.0,1,0,0,0,0,3,1,0,Matches
ca8033cb,Lukas Klostermann,de GER,"DF,FW",de RB Leipzig,21,1996,5.0,6,5,3,3,0,3,5,60.0,2,3,1,2,6,12,19,0,Matches
92948149,Lukas Klünter,de GER,"DF,MF",de Köln,21,1996,2.1,10,7,8,2,0,5,6,83.3,1,4,0,4,3,13,8,0,Matches
cd59b9df,Gregor Kobel,ch SUI,GK,de Hoffenheim,19,1997,1.0,0,0,0,0,0,0,0,,0,0,0,0,0,0,0,0,Matches
4e034598,Anton Kochenkov,ru RUS,GK,ru Loko Moscow,30,1987,3.0,0,0,0,0,0,0,0,,0,0,0,0,0,0,3,0,Matches
8530dd74,Vladyslav Kocherhin,ua UKR,"FW,MF",ua Zorya Luhansk,21,1996,0.5,0,0,0,0,0,0,1,0.0,1,1,0,1,0,0,0,0,Matches
9fc2531b,Koka,eg EGY,FW,pt Braga,24,1993,3.0,5,2,1,3,1,0,5,0.0,5,0,0,0,1,6,3,0,Matches
55126f3b,Koke,es ESP,MF,es Atlético Madrid,25,1992,8.4,19,11,8,9,2,5,38,13.2,33,13,1,12,10,29,13,1,Matches
fec5accc,Aleksandr Kokorin,ru RUS,FW,ru Zenit,26,1991,7.8,1,0,0,0,1,0,5,0.0,5,3,2,1,2,3,6,0,Matches
731e29b8,Daniel Kolář,cz CZE,MF,cz Viktoria Plzeň,31,1985,8.2,8,3,2,5,1,1,10,10.0,9,10,0,10,4,12,1,0,Matches
3935e52e,Sead Kolašinac,ba BIH,DF,eng Arsenal,24,1993,2.5,7,5,5,2,0,5,10,50.0,5,5,0,5,2,9,6,1,Matches
cc96d422,Aleksandr Kolomeytsev,ru RUS,"MF,FW",ru Loko Moscow,28,1989,4.1,14,10,7,4,3,5,15,33.3,10,9,2,7,9,23,6,1,Matches
6d3f2898,Dmitri Kombarov,ru RUS,DF,ru Spartak Moscow,30,1987,2.0,4,3,2,1,1,3,3,100.0,0,1,0,1,2,6,4,0,Matches
6b2c894b,Ghislain Konan,ci CIV,DF,pt Vitória,21,1995,5.0,12,10,8,3,1,3,7,42.9,4,4,4,0,7,19,10,0,Matches
5ed9b537,Ibrahima Konaté,fr FRA,DF,de RB Leipzig,18,1999,3.5,2,2,2,0,0,1,3,33.3,2,4,2,2,5,7,21,2,Matches
27d34558,Panagiotis Kone,gr GRE,"MF,FW",gr AEK Athens,30,1987,0.2,0,0,0,0,0,0,0,,0,0,0,0,1,1,0,0,Matches
60fd5334,Anders Konradsen,no NOR,MF,no Rosenborg,27,1990,2.6,3,1,2,1,0,1,2,50.0,1,1,1,0,2,5,6,1,Matches
0f816ae5,Morten Konradsen,no NOR,"DF,MF",no Rosenborg,21,1996,1.7,4,4,3,0,1,1,1,100.0,0,1,1,0,4,8,4,0,Matches
0488e833,Miloš Kopečný,cz CZE,DF,cz Fastav Zlín,23,1993,3.3,5,5,2,3,0,1,3,33.3,2,3,1,2,7,12,7,0,Matches
6f639ec7,Jan Kopic,cz CZE,FW,cz Viktoria Plzeň,27,1990,8.5,9,8,4,5,0,5,14,35.7,9,14,1,13,5,14,6,0,Matches
f447fcdb,Mihály Korhut,hu HUN,"DF,MF",il Be'er Sheva,28,1988,6.0,12,7,5,4,3,5,13,38.5,8,11,4,7,13,25,16,1,Matches
22b752ee,Nikita Korzun,by BLR,MF,ua Dynamo Kyiv,22,1995,1.7,3,3,1,2,0,2,2,100.0,0,3,1,2,3,6,10,0,Matches
f5efb153,Laurent Koscielny,fr FRA,DF,eng Arsenal,31,1985,4.3,5,2,3,2,0,4,7,57.1,3,6,4,2,11,16,32,1,Matches
da270297,Eboue Kouassi,ci CIV,MF,sct Celtic,19,1997,1.3,1,1,0,1,0,1,2,50.0,1,0,0,0,0,1,2,0,Matches
da974c7b,Kalidou Koulibaly,sn SEN,DF,it Napoli,26,1991,1.0,4,4,2,2,0,2,2,100.0,0,5,4,1,3,7,2,0,Matches
d659a854,Svetoslav Kovachev,bg BUL,FW,bg Ludogorets,19,1998,0.1,2,1,0,2,0,0,0,,0,0,0,0,0,2,0,0,Matches
0489db27,Dominik Kovačić,hr CRO,DF,ch Lugano,23,1994,1.0,2,2,2,0,0,2,2,100.0,0,2,1,1,1,3,4,0,Matches
60713cb3,Maksym Koval,ua UKR,GK,ua Dynamo Kyiv,24,1992,3.0,0,0,0,0,0,0,0,,0,0,0,0,0,0,3,0,Matches
87c7c2b1,Přemysl Kovář,cz CZE,GK,cz Slavia Prague,31,1985,2.0,0,0,0,0,0,0,1,0.0,1,0,0,0,0,0,1,0,Matches
e16dd48e,Jan Kovařík,cz CZE,"DF,MF",cz Viktoria Plzeň,29,1988,1.5,3,0,3,0,0,2,2,100.0,0,3,0,3,3,6,5,0,Matches
9a493fb7,Vincent Koziello,fr FRA,MF,fr Nice,21,1995,4.0,11,5,6,3,2,5,8,62.5,3,5,1,4,7,18,4,0,Matches
bb25c778,Thomas Kraft,de GER,GK,de Hertha BSC,29,1988,4.0,0,0,0,0,0,0,0,,0,0,0,0,0,0,3,0,Matches
603cb947,Andrej Kramarić,hr CRO,FW,de Hoffenheim,26,1991,4.0,0,0,0,0,0,0,1,0.0,1,1,0,1,1,1,1,0,Matches
314bdac5,Matías Kranevitter,ar ARG,MF,ru Zenit,24,1993,7.6,13,4,6,5,2,4,21,19.0,17,9,3,6,11,24,6,0,Matches
0b5b8057,Artem Kravets,ua UKR,"MF,FW",ua Dynamo Kyiv,28,1989,1.0,2,1,1,1,0,0,1,0.0,1,1,1,0,0,2,2,0,Matches
43cd8b69,Michal Krmenčík,cz CZE,FW,cz Viktoria Plzeň,24,1993,6.4,0,0,0,0,0,0,4,0.0,4,0,0,0,0,0,1,0,Matches
5631b735,Nenad Krstičić,rs SRB,MF,rs Red Star,27,1990,7.9,13,9,2,7,4,3,16,18.8,13,24,4,20,10,23,8,0,Matches
ccc66d00,Konstantin Kuchayev,ru RUS,"DF,FW",ru CSKA Moscow,19,1998,6.0,19,12,9,7,3,14,27,51.9,13,17,4,13,6,25,8,0,Matches
c18f2143,Ante Kulušić,hr CRO,DF,md Sheriff Tiraspol,31,1986,6.0,16,10,13,2,1,8,11,72.7,3,4,3,1,21,37,32,0,Matches
144607cc,Jasmin Kurtić,si SVN,"FW,MF",it Atalanta,28,1989,1.1,1,1,0,0,1,0,0,,0,0,0,0,1,2,1,0,Matches
e4fcb211,Kasper Kusk,dk DEN,MF,dk FC Copenhagen,25,1991,2.3,4,2,0,4,0,2,5,40.0,3,0,0,0,1,5,2,0,Matches
ef8cafeb,Ilya Kutepov,ru RUS,DF,ru Spartak Moscow,24,1993,1.9,1,1,0,1,0,1,3,33.3,2,4,4,0,4,5,13,0,Matches
d4e93bab,Daler Kuzyaev,ru RUS,MF,ru Zenit,24,1993,6.0,16,12,5,10,1,6,15,40.0,9,7,2,5,8,24,6,0,Matches
19e4dca5,Solomon Kvirkvelia,ge GEO,DF,ru Loko Moscow,25,1992,10.0,11,8,9,1,1,7,13,53.8,6,12,6,6,20,31,74,0,Matches
1c639185,William Kvist,dk DEN,MF,dk FC Copenhagen,32,1985,5.6,10,7,3,6,1,4,10,40.0,6,5,1,4,9,19,9,0,Matches
bcd1bea2,Zoran Kvržić,ba BIH,"FW,MF",hr Rijeka,28,1988,3.1,5,4,3,2,0,1,5,20.0,4,5,2,3,1,6,3,0,Matches
8497faf7,Alberto de la Bella,es ESP,DF,es Real Sociedad,31,1985,5.8,18,12,7,9,2,7,11,63.6,4,3,1,2,9,27,8,0,Matches
9dbb75ca,Alexandre Lacazette,fr FRA,FW,eng Arsenal,26,1991,3.7,4,4,0,3,1,0,6,0.0,6,4,0,4,1,5,0,0,Matches
c1b7847c,Konrad Laimer,at AUT,DF,de RB Leipzig,20,1997,3.3,20,16,13,7,0,7,17,41.2,10,5,1,4,10,30,10,1,Matches
4aea5077,Stefan Lainer,at AUT,DF,at RB Salzburg,24,1992,14.3,47,29,19,23,5,26,38,68.4,12,24,9,15,22,69,52,0,Matches
9cc4ae6d,Vassilis Lambropoulos,,,gr AEK Athens,27,1990,2.0,,,,,,,,,,,,,,,,,Matches
15e99107,Mohamed Lamine Diaby,fr FRA,FW,fr Nice,16,2001,0.3,0,0,0,0,0,0,0,,0,0,0,0,0,0,0,0,Matches
74d70fb5,Sebastian Langkamp,de GER,DF,de Hertha BSC,29,1988,2.7,4,4,2,2,0,2,3,66.7,1,2,0,2,3,7,18,0,Matches
42fe6b05,Yann-Erik de Lanlay,no NOR,"FW,MF",no Rosenborg,25,1992,1.9,4,4,1,3,0,2,3,66.7,1,2,0,2,1,5,1,0,Matches
119b9a8e,Aymeric Laporte,es ESP,DF,es Athletic Club,23,1994,6.0,10,9,6,4,0,6,10,60.0,4,7,5,2,8,18,34,0,Matches
53685aa2,Ionuț Larie,ro ROU,DF,ro FCSB,30,1987,2.0,5,4,2,2,1,2,3,66.7,1,1,1,0,3,8,6,0,Matches
958aba30,Joseph Larweh Attamah,gh GHA,DF,tr Başakşehir,23,1994,4.5,2,2,0,2,0,2,4,50.0,2,3,1,2,5,7,30,0,Matches
d0c41b99,Jan Laštůvka,cz CZE,GK,cz Slavia Prague,35,1982,4.0,0,0,0,0,0,0,0,,0,0,0,0,1,1,7,1,Matches
016ff750,Valentino Lazaro,at AUT,"MF,FW",de Hertha BSC,21,1996,3.8,2,2,0,1,1,1,7,14.3,6,3,0,3,5,7,0,0,Matches
321a71a7,Maxime Le Marchand,fr FRA,DF,fr Nice,27,1989,5.0,7,5,3,3,1,2,2,100.0,0,7,4,3,18,25,9,0,Matches
8f4d116f,Damien Le Tallec,fr FRA,DF,rs Red Star,27,1990,8.0,9,6,5,4,0,4,8,50.0,4,12,7,5,24,33,51,0,Matches
5f9970a0,Nicola Leali,it ITA,GK,be Zulte Waregem,24,1993,2.0,0,0,0,0,0,0,0,,0,0,0,0,0,0,1,0,Matches
20730eae,Rafael Leão,pt POR,MF,pt Sporting CP,18,1999,0.2,0,0,0,0,0,0,0,,0,1,0,1,0,0,0,0,Matches
b93b7882,Mathew Leckie,au AUS,FW,de Hertha BSC,26,1991,1.0,0,0,0,0,0,0,1,0.0,1,1,0,1,0,0,2,0,Matches
6a5a9744,Cristian Ledesma,ar ARG,MF,ch Lugano,38,1978,3.1,,,,,,,,,,,,,,,,,Matches
f5044e54,Pierre Lees-Melou,fr FRA,"MF,FW",fr Nice,24,1993,6.7,11,9,6,2,3,5,15,33.3,10,11,2,9,9,20,10,0,Matches
abb42ce6,Matthias Lehmann,de GER,MF,de Köln,34,1983,4.2,6,4,2,4,0,3,8,37.5,5,0,0,0,8,14,5,0,Matches
35375f7c,Christoph Leitgeb,at AUT,MF,at RB Salzburg,32,1985,0.2,1,1,0,1,0,1,1,100.0,0,0,0,0,0,1,1,0,Matches
4c78b5ed,Lucas Leiva,br BRA,MF,it Lazio,30,1987,7.4,21,16,5,12,4,13,27,48.1,14,8,0,8,17,38,9,0,Matches
59b7d823,Iñigo Lekue,es ESP,DF,es Athletic Club,24,1993,8.2,16,9,6,9,1,8,17,47.1,9,6,2,4,8,24,22,0,Matches
fa7e8a83,Julian Lelieveld,nl NED,DF,nl Vitesse,19,1997,1.9,9,8,7,2,0,6,7,85.7,1,1,0,1,5,14,2,0,Matches
2ff964a0,Aaron Lennon,eng ENG,FW,eng Everton,30,1987,0.8,2,1,1,1,0,2,2,100.0,0,0,0,0,1,3,0,0,Matches
abcfaa50,Jonathan Levi,se SWE,FW,no Rosenborg,21,1996,0.7,1,1,1,0,0,1,2,50.0,1,1,0,1,0,1,0,0,Matches
29ef0f49,Aaron Leya Iseka,be BEL,FW,be Zulte Waregem,19,1997,4.5,4,3,0,3,1,1,4,25.0,3,1,0,1,1,5,3,0,Matches
d071af92,Sabien Lilaj,al ALB,"MF,FW",al Skënderbeu Korçë,28,1989,6.0,10,8,5,5,0,1,5,20.0,4,8,0,8,13,23,0,0,Matches
ad10eae0,David Limberský,cz CZE,DF,cz Viktoria Plzeň,33,1983,7.0,11,8,4,7,0,6,12,50.0,6,1,0,1,10,21,18,0,Matches
5700824a,Bryan Linssen,nl NED,FW,nl Vitesse,26,1990,5.0,9,6,5,3,1,1,6,16.7,5,3,0,3,2,11,1,0,Matches
6e5497ca,Marko Livaja,hr CRO,"FW,MF",gr AEK Athens,23,1993,5.8,7,5,0,5,2,0,2,0.0,2,2,0,2,0,7,4,0,Matches
b437b9bd,Željko Ljubenović,rs SRB,MF,ua Zorya Luhansk,36,1981,0.2,1,1,1,0,0,1,1,100.0,0,0,0,0,1,2,0,0,Matches
bba30585,Diego Llorente,es ESP,DF,es Real Sociedad,23,1993,5.5,9,6,6,3,0,8,14,57.1,6,3,2,1,14,23,25,0,Matches
a8a874f1,Manuel Locatelli,it ITA,MF,it Milan,19,1998,5.0,25,17,11,8,6,5,13,38.5,8,4,0,4,11,36,5,1,Matches
59f0c185,Yuri Lodygin,ru RUS,GK,ru Zenit,27,1990,2.0,0,0,0,0,0,0,0,,0,0,0,0,0,0,0,0,Matches
91538ba3,Yuriy Logvinenko,kz KAZ,DF,kz FC Astana,29,1988,5.6,6,3,5,1,0,2,4,50.0,2,10,7,3,15,21,33,0,Matches
7c104bb7,Ademola Lookman,ng NGA,"FW,MF",eng Everton,19,1997,2.5,2,1,1,1,0,0,4,0.0,4,0,0,0,5,7,0,0,Matches
f00de885,Anthony Lopes,pt POR,GK,fr Lyon,26,1990,10.0,0,0,0,0,0,0,0,,0,0,0,0,0,0,4,2,Matches
9a34c46d,Hélder Lopes,pt POR,"DF,MF",gr AEK Athens,28,1989,5.0,14,4,7,3,4,8,11,72.7,3,9,1,8,5,19,14,0,Matches
20094685,Maxime Lopez,fr FRA,"MF,FW",fr Marseille,19,1997,10.6,21,10,5,11,5,7,32,21.9,25,10,0,10,7,28,10,0,Matches
435f829f,Simon Lorenz,de GER,DF,de Hoffenheim,20,1997,1.0,0,0,0,0,0,0,0,,0,1,1,0,0,0,1,0,Matches
fc4cf6a7,Jordan Lotomba,ch SUI,DF,ch Young Boys,18,1998,3.0,4,3,2,1,1,0,2,0.0,2,2,0,2,4,8,8,1,Matches
3dfc70ed,Sergio Lozano,es ESP,MF,es Villarreal,18,1999,0.2,0,0,0,0,0,0,0,,0,0,0,0,1,1,0,0,Matches
25126342,Michael Lüftner,cz CZE,DF,dk FC Copenhagen,23,1994,8.0,3,2,1,2,0,1,2,50.0,1,7,4,3,3,6,37,1,Matches
e4ed2628,Filipe Luís,br BRA,DF,es Atlético Madrid,31,1985,1.7,9,7,5,4,0,4,6,66.7,2,1,0,1,4,13,4,0,Matches
921f6058,José Luis Palomino,ar ARG,DF,it Atalanta,27,1990,5.1,11,7,10,1,0,5,8,62.5,3,9,6,3,12,23,22,0,Matches
520c318f,Zé Luís,cv CPV,"MF,FW",ru Spartak Moscow,26,1991,0.7,0,0,0,0,0,0,0,,0,0,0,0,0,0,0,0,Matches
3799e138,Everton Luiz,br BRA,MF,rs Partizan,29,1988,5.9,15,13,5,7,3,10,24,41.7,14,5,0,5,13,28,11,0,Matches
0cd0e21b,Jordan Lukaku,be BEL,DF,it Lazio,23,1994,6.8,4,4,0,4,0,1,2,50.0,1,5,0,5,8,12,12,0,Matches
f5eedf74,Jody Lukoki,cd COD,FW,bg Ludogorets,24,1992,5.5,9,4,2,5,2,2,3,66.7,1,4,0,4,3,12,0,0,Matches
7fd58fe3,Senad Lulić,ba BIH,DF,it Lazio,31,1986,6.1,13,10,7,6,0,6,20,30.0,14,2,0,2,11,24,8,1,Matches
76ecfb22,Marius Lundemo,no NOR,MF,no Rosenborg,23,1994,1.4,3,3,2,1,0,1,3,33.3,2,1,1,0,3,6,2,0,Matches
3061e1ec,Andriy Lunin,ua UKR,GK,ua Zorya Luhansk,18,1999,6.0,0,0,0,0,0,0,1,0.0,1,0,0,0,2,2,5,0,Matches
8a6ab963,Andrey Lunyov,ru RUS,GK,ru Zenit,25,1991,8.0,0,0,0,0,0,0,0,,0,0,0,0,0,0,2,0,Matches
fcb8b607,Maksym Lunyov,ua UKR,"MF,FW",ua Zorya Luhansk,19,1998,4.4,4,3,2,1,1,2,5,40.0,3,6,0,6,4,8,2,0,Matches
54131505,Arnaud Lusamba,cd COD,"FW,MF",fr Nice,20,1997,1.4,1,0,0,1,0,0,3,0.0,3,2,0,2,0,1,1,0,Matches
a63a995f,Fabian Lustenberger,ch SUI,MF,de Hertha BSC,29,1988,5.0,6,3,3,3,0,3,7,42.9,4,3,1,2,9,15,8,0,Matches
54c9ed15,Mikael Lustig,se SWE,DF,sct Celtic,30,1986,2.0,1,0,1,0,0,1,1,100.0,0,0,0,0,1,2,10,0,Matches
bef09ca8,Mikhail Lysov,ru RUS,DF,ru Loko Moscow,19,1998,4.4,8,5,7,1,0,5,9,55.6,4,7,3,4,3,11,10,1,Matches
6448e765,Johan Lædre Bjørdal,no NOR,DF,no Rosenborg,31,1986,2.0,0,0,0,0,0,0,1,0.0,1,6,4,2,4,4,5,0,Matches
136e7649,Matt Macey,eng ENG,GK,eng Arsenal,22,1994,1.0,0,0,0,0,0,0,0,,0,0,0,0,0,0,1,0,Matches
25763990,Kingsley Madu,ng NGA,DF,be Zulte Waregem,21,1995,0.8,0,0,0,0,0,0,0,,0,1,1,0,1,1,0,0,Matches
13a78e01,Ivan Maewski,by BLR,MF,kz FC Astana,29,1988,8.0,19,12,12,5,2,10,21,47.6,11,13,4,9,11,30,24,0,Matches
31d7f557,Christian Maggio,it ITA,DF,it Napoli,35,1982,2.0,8,4,2,5,1,2,5,40.0,3,4,1,3,2,10,4,0,Matches
93bf37c5,Anton Maglica,hr CRO,FW,cy Apollon Limassol,25,1991,3.0,0,0,0,0,0,0,1,0.0,1,2,1,1,1,1,4,0,Matches
ab700320,Arne Maier,de GER,MF,de Hertha BSC,18,1999,3.0,6,5,1,4,1,2,6,33.3,4,7,1,6,3,9,2,0,Matches
e3a5814e,Ainsley Maitland-Niles,eng ENG,"DF,MF",eng Arsenal,19,1997,7.8,20,14,8,8,4,5,9,55.6,4,10,1,9,14,34,16,0,Matches
22bfb57e,Jean-Victor Makengo,fr FRA,MF,fr Nice,19,1998,1.1,3,1,1,1,1,1,2,50.0,1,0,0,0,0,3,0,0,Matches
d56b9362,Mate Maleš,hr CRO,MF,hr Rijeka,28,1989,3.6,12,8,6,6,0,3,8,37.5,5,2,1,1,7,19,9,0,Matches
1381e699,Serhiy Malyi,kz KAZ,DF,kz FC Astana,27,1990,1.4,3,2,2,1,0,2,2,100.0,0,4,3,1,1,4,18,0,Matches
7e927fda,Emanuel Mammana,ar ARG,DF,ru Zenit,21,1996,8.0,18,14,13,5,0,8,8,100.0,0,7,4,3,20,38,49,0,Matches
2079b3cc,Dennis Man,ro ROU,"FW,MF",ro FCSB,18,1998,5.2,8,5,3,3,2,2,9,22.2,7,5,0,5,5,13,3,0,Matches
1d2d5cc8,Steve Mandanda,fr FRA,GK,fr Marseille,32,1985,7.0,0,0,0,0,0,0,0,,0,0,0,0,0,0,2,0,Matches
88a9ea33,Petros Mantalos,gr GRE,MF,gr AEK Athens,25,1991,3.0,0,0,0,0,0,0,5,0.0,5,0,0,0,2,2,5,0,Matches
706a60e1,Myziane Maolida,fr FRA,FW,fr Lyon,18,1999,1.5,3,1,0,3,0,2,3,66.7,1,0,0,0,1,4,1,0,Matches
9ae9eaea,Fernando Marçal,br BRA,DF,fr Lyon,28,1989,5.8,16,11,12,3,1,6,10,60.0,4,6,2,4,12,28,36,0,Matches
9d971f13,Marcelinho,bg BUL,"MF,FW",bg Ludogorets,32,1984,6.2,11,7,1,7,3,1,15,6.7,14,7,1,6,5,16,4,0,Matches
e3d0b0c4,Marcelo,br BRA,DF,fr Lyon,30,1987,10.0,5,3,4,1,0,3,4,75.0,1,7,3,4,23,28,70,2,Matches
9f323c71,Óscar de Marcos,es ESP,"DF,FW",es Athletic Club,28,1989,4.0,7,3,6,1,0,1,5,20.0,4,4,0,4,4,11,9,0,Matches
f0da930c,José María Giménez,uy URU,DF,es Atlético Madrid,22,1995,7.0,9,7,8,1,0,3,6,50.0,3,10,7,3,15,24,38,0,Matches
43d249bd,Davide Mariani,ch SUI,"MF,FW",ch Lugano,26,1991,5.6,7,4,3,4,0,3,5,60.0,2,4,1,3,3,10,4,0,Matches
5c4dc0ff,Mariano,do DOM,FW,fr Lyon,23,1993,7.6,0,0,0,0,0,0,4,0.0,4,4,0,4,1,1,5,0,Matches
b7f2edff,Adrián Marín,es ESP,DF,es Villarreal,20,1997,3.0,6,5,2,3,1,2,2,100.0,0,2,1,1,2,8,6,0,Matches
a3b0ed18,Guilherme Marinato,ru RUS,GK,ru Loko Moscow,31,1985,6.4,0,0,0,0,0,0,0,,0,0,0,0,0,0,1,1,Matches
bb31def4,Svetozar Marković,rs SRB,FW,rs Partizan,17,2000,0.0,0,0,0,0,0,0,0,,0,0,0,0,0,0,0,0,Matches
de0282f9,Vanja Marković,rs SRB,MF,mk FK Vardar,23,1994,2.2,4,2,3,1,0,2,3,66.7,1,3,0,3,1,5,7,0,Matches
cdf65d12,Marlon,br BRA,DF,fr Nice,21,1995,1.6,3,3,2,1,0,1,2,50.0,1,1,0,1,3,6,1,0,Matches
3f30b506,Dominic Maroh,si SVN,DF,de Köln,30,1987,2.4,4,3,2,2,0,3,4,75.0,1,4,2,2,8,12,11,0,Matches
22551915,Cuco Martina,cw CUW,DF,eng Everton,27,1989,2.5,3,2,1,2,0,1,6,16.7,5,3,1,2,8,11,7,2,Matches
3fc45c73,Iñigo Martínez,es ESP,DF,es Real Sociedad,26,1991,3.0,3,2,2,1,0,3,4,75.0,1,2,0,2,3,6,5,0,Matches
28baf8f6,Nicolás Martínez,ar ARG,"MF,FW",cy Apollon Limassol,29,1987,1.2,4,2,0,3,1,1,5,20.0,4,2,0,2,0,4,0,0,Matches
fb5022e4,Fábio Martins,pt POR,"FW,MF",pt Braga,24,1993,1.5,4,2,2,2,0,2,4,50.0,2,2,1,1,2,6,1,0,Matches
3ef0fa48,Gelson Martins,pt POR,"FW,MF",pt Sporting CP,22,1995,5.3,2,2,1,0,1,1,6,16.7,5,7,1,6,6,8,4,0,Matches
b7e1c3b5,Rafael Martins,br BRA,FW,pt Vitória,28,1989,3.6,1,0,0,1,0,0,1,0.0,1,0,0,0,1,2,1,0,Matches
9f156830,Christoph Martschinko,at AUT,DF,at Austria Wien,23,1994,2.0,3,2,3,0,0,1,4,25.0,3,1,1,0,3,6,1,0,Matches
d4535821,Adam Marušić,me MNE,DF,it Lazio,24,1992,3.4,7,2,5,2,0,5,7,71.4,2,1,0,1,1,8,8,0,Matches
e0314d87,Andrea Masiello,it ITA,DF,it Atalanta,31,1986,7.5,19,11,12,7,0,8,17,47.1,9,7,2,5,12,31,36,0,Matches
ebc29a56,Tim Matavž,si SVN,FW,nl Vitesse,28,1989,3.9,2,1,1,1,0,1,6,16.7,5,2,0,2,0,2,3,0,Matches
3ad17caa,Florentin Matei,ro ROU,"FW,MF",hr Rijeka,24,1993,0.5,1,1,1,0,0,0,0,,0,1,0,1,0,1,0,0,Matches
8270ccf9,Róbert Matejov,sk SVK,DF,cz Fastav Zlín,29,1988,3.6,6,4,4,1,1,3,6,50.0,3,2,1,1,4,10,8,0,Matches
ef3909cd,Matheus,br BRA,GK,pt Braga,25,1992,8.0,2,1,2,0,0,1,1,100.0,0,1,0,1,0,2,6,0,Matches
5b887c7a,Jérémy Mathieu,fr FRA,DF,pt Sporting CP,33,1983,4.6,4,4,2,2,0,2,3,66.7,1,8,4,4,8,12,24,2,Matches
26a796c1,Uroš Matić,mk MKD,MF,dk FC Copenhagen,27,1990,2.9,5,4,0,2,3,2,7,28.6,5,5,3,2,5,10,4,0,Matches
644faf10,José Mauri,it ITA,MF,it Milan,21,1996,0.6,6,3,0,6,0,1,2,50.0,1,0,0,0,0,6,0,0,Matches
1cfd188f,Charalampos Mavrias,gr GRE,FW,hr Rijeka,23,1994,0.0,0,0,0,0,0,0,0,,0,0,0,0,0,0,0,0,Matches
493924a7,Kevin Mbabu,ch SUI,DF,ch Young Boys,22,1995,5.2,16,13,9,6,1,4,9,44.4,5,7,3,4,9,25,26,0,Matches
d9847696,Dieumerci Mbokani,cd COD,FW,ua Dynamo Kyiv,31,1985,2.2,1,1,0,1,0,0,0,,0,3,1,2,0,1,0,0,Matches
6800f515,Callum McGregor,sct SCO,"FW,MF",sct Celtic,24,1993,1.7,3,2,1,1,1,3,4,75.0,1,1,0,1,1,4,0,0,Matches
781b698a,Marcus McGuane,eng ENG,"DF,MF",eng Arsenal,18,1999,0.1,0,0,0,0,0,0,1,0.0,1,1,1,0,0,0,1,0,Matches
e8ce5a3e,Nikita Medvedev,ru RUS,GK,ru Loko Moscow,22,1994,0.6,0,0,0,0,0,0,0,,0,0,0,0,0,0,0,0,Matches
8395ab90,Mirzad Mehanović,ba BIH,"FW,MF",cz Fastav Zlín,24,1993,3.6,1,1,1,0,0,0,0,,0,1,0,1,3,4,2,0,Matches
f346787e,Lorenzo Melgarejo,py PAR,"FW,MF",ru Spartak Moscow,26,1990,0.8,1,1,0,1,0,1,2,50.0,1,1,1,0,1,2,0,0,Matches
ffc3c7ba,Maor Melikson,il ISR,"MF,FW",il Be'er Sheva,32,1984,3.6,3,3,2,0,1,1,3,33.3,2,1,1,0,2,5,2,0,Matches
70c52749,Birger Meling,no NOR,"DF,MF",no Rosenborg,22,1994,6.0,13,10,8,5,0,6,13,46.2,7,13,3,10,9,22,17,0,Matches
8f696594,Memphis,nl NED,"FW,MF",fr Lyon,23,1994,7.7,5,5,2,1,2,3,10,30.0,7,4,0,4,3,8,1,0,Matches
3cefcaef,Ferland Mendy,fr FRA,DF,fr Lyon,22,1995,4.3,6,4,4,1,1,5,9,55.6,4,2,0,2,6,12,11,0,Matches
1598599e,Nampalys Mendy,sn SEN,MF,fr Nice,25,1992,3.0,10,8,4,6,0,4,6,66.7,2,2,1,1,7,17,1,1,Matches
1a97dc06,Samuel Mensiro,gh GHA,"DF,MF",se Östersund,28,1989,1.6,4,4,2,1,1,0,4,0.0,4,2,2,0,7,11,8,0,Matches
9f979eb2,Jorge Meré,es ESP,DF,de Köln,20,1997,2.5,4,4,3,1,0,1,3,33.3,2,3,3,0,1,5,11,0,Matches
1d5f96d9,Sabin Merino,es ESP,FW,es Athletic Club,25,1992,0.1,0,0,0,0,0,0,0,,0,0,0,0,0,0,1,0,Matches
89b2c8a9,Dries Mertens,be BEL,FW,it Napoli,30,1987,1.0,0,0,0,0,0,0,1,0.0,1,0,0,0,0,0,0,0,Matches
5be28712,Per Mertesacker,de GER,DF,eng Arsenal,32,1984,3.0,1,1,0,1,0,0,0,,0,2,1,1,9,10,4,0,Matches
8229a21c,Miha Mevlja,si SVN,DF,ru Zenit,27,1990,9.9,22,16,19,3,0,13,20,65.0,7,10,4,6,9,31,42,0,Matches
9fc0f253,Matt Miazga,us USA,DF,nl Vitesse,22,1995,6.0,8,5,6,2,0,6,7,85.7,1,5,1,4,7,15,31,0,Matches
3a8b9635,Alessio Miceli,it ITA,MF,it Lazio,17,1999,0.7,0,0,0,0,0,0,0,,0,0,0,0,1,1,1,0,Matches
31daff3a,Dor Micha,il ISR,"FW,MF",il Maccabi Tel Aviv,25,1992,3.0,5,5,4,0,1,3,6,50.0,3,2,1,1,3,8,1,0,Matches
bcd9b19c,Gledi Mici,al ALB,DF,al Skënderbeu Korçë,26,1991,5.7,18,14,8,9,1,7,11,63.6,4,3,0,3,13,31,14,0,Matches
3904e745,Dragan Mihajlović,ch SUI,DF,ch Lugano,25,1991,5.2,5,3,1,3,1,2,3,66.7,1,4,0,4,7,12,19,0,Matches
a565da59,Zvonimir Mikulić,hr CRO,GK,md Sheriff Tiraspol,27,1990,6.0,0,0,0,0,0,0,0,,0,0,0,0,0,0,3,1,Matches
b2484b77,Georgi Milanov,bg BUL,"DF,FW",ru CSKA Moscow,25,1992,1.3,4,3,1,2,1,3,4,75.0,1,3,0,3,3,7,2,0,Matches
903b3b77,Nemanja Miletić,rs SRB,DF,rs Partizan,26,1991,8.0,6,6,6,0,0,1,4,25.0,3,9,8,1,19,25,47,0,Matches
57f60036,Nemanja Miletić,rs SRB,DF,rs Partizan,26,1991,6.0,5,5,2,3,0,2,4,50.0,2,5,3,2,9,14,22,0,Matches
5b6cf07c,Nemanja Milić,rs SRB,FW,rs Red Star,27,1990,1.1,2,1,0,2,0,0,3,0.0,3,0,0,0,3,5,2,0,Matches
10206347,Nenad Milijaš,rs SRB,MF,rs Red Star,34,1983,0.0,0,0,0,0,0,0,0,,0,0,0,0,0,0,0,0,Matches
4e6dbac4,Sergej Milinković-Savić,rs SRB,MF,it Lazio,22,1995,5.8,11,5,3,4,4,2,9,22.2,7,6,3,3,5,16,10,0,Matches
819f3a54,Radomir Milosavljević,rs SRB,"MF,FW",ch Lugano,25,1992,1.5,3,3,2,1,0,2,3,66.7,1,3,0,3,3,6,4,0,Matches
b45e185a,Deni Milošević,ba BIH,"MF,FW",tr Konyaspor,22,1995,4.6,6,5,3,3,0,2,4,50.0,2,3,0,3,3,9,1,0,Matches
746b64a7,Nemanja Milunović,rs SRB,DF,by BATE Borisov,28,1989,6.0,2,2,2,0,0,0,4,0.0,4,10,7,3,8,10,45,0,Matches
f833a830,Takumi Minamino,jp JPN,"MF,FW",at RB Salzburg,22,1995,2.2,6,5,2,2,2,1,7,14.3,6,2,0,2,3,9,2,0,Matches
aa51343f,Kevin Mirallas,be BEL,"MF,FW",eng Everton,29,1987,2.8,2,1,0,2,0,0,2,0.0,2,2,1,1,0,2,0,0,Matches
a9aa0d1d,Aleksei Miranchuk,ru RUS,"FW,MF",ru Loko Moscow,21,1995,8.7,18,12,7,10,1,3,13,23.1,10,7,3,4,3,21,3,0,Matches
807e869a,Anton Miranchuk,ru RUS,"MF,FW",ru Loko Moscow,21,1995,7.7,13,7,4,8,1,3,12,25.0,9,8,0,8,2,15,5,0,Matches
93a194e1,Paulo Miranda,br BRA,DF,at RB Salzburg,28,1988,5.0,6,4,3,3,0,2,5,40.0,3,7,3,4,11,17,41,0,Matches
1f9bc0d4,Rafael Miranda,br BRA,MF,pt Vitória,32,1984,1.0,1,1,1,0,0,0,1,0.0,1,2,0,2,0,1,0,0,Matches
46152b69,Josip Mišić,hr CRO,MF,hr Rijeka,23,1994,3.6,9,2,2,7,0,2,6,33.3,4,4,1,3,5,14,2,0,Matches
09bcc566,Virgil Misidjan,nl NED,FW,bg Ludogorets,24,1993,4.8,5,4,0,3,2,0,1,0.0,1,3,0,3,1,6,2,0,Matches
c6ac6579,Kostas Mitroglou,gr GRE,FW,fr Marseille,29,1988,4.3,0,0,0,0,0,0,1,0.0,1,1,0,1,1,1,2,0,Matches
e41ee432,Milan Mitrović,rs SRB,DF,rs Partizan,29,1988,4.9,2,2,1,1,0,2,4,50.0,2,8,6,2,9,11,23,0,Matches
88d4144a,Maximilian Mittelstädt,de GER,"DF,FW",de Hertha BSC,20,1997,3.0,13,11,5,7,1,8,14,57.1,6,4,0,4,16,29,10,0,Matches
dd0daf32,Henrikh Mkhitaryan,am ARM,FW,eng Arsenal,28,1989,4.6,11,7,4,2,5,3,13,23.1,10,6,0,6,2,13,4,0,Matches
668f2f7c,Wilfred Moke,cd COD,"DF,MF",tr Konyaspor,29,1988,4.0,11,7,8,3,0,4,9,44.4,5,3,2,1,8,19,17,0,Matches
5a1c49d1,Marko Momčilović,rs SRB,DF,ro FCSB,30,1987,1.3,2,2,0,1,1,0,1,0.0,1,0,0,0,2,4,4,0,Matches
d4cb83cc,Nacho Monreal,es ESP,DF,eng Arsenal,31,1986,6.8,11,6,4,6,1,3,11,27.3,8,8,2,6,8,19,13,1,Matches
ea07ceb3,Christoph Monschein,at AUT,FW,at Austria Wien,24,1992,4.1,4,4,1,2,1,1,2,50.0,1,1,0,1,2,6,0,0,Matches
bc5b5be5,Fredy Montero,co COL,FW,pt Sporting CP,30,1987,2.8,3,1,0,2,1,0,3,0.0,3,0,0,0,0,3,0,0,Matches
be6cd760,Genís Montolio,es ESP,DF,es Villarreal,21,1996,1.0,1,0,0,1,0,0,0,,0,3,3,0,1,2,6,0,Matches
b746d309,Riccardo Montolivo,it ITA,MF,it Milan,32,1985,3.0,4,3,3,1,0,1,4,25.0,3,3,2,1,6,10,6,0,Matches
c43e5e7e,Júnior Moraes,ua UKR,"FW,MF",ua Dynamo Kyiv,30,1987,8.2,7,4,2,4,1,1,8,12.5,7,9,2,7,1,8,6,0,Matches
5fdd516f,Júnior Morais,br BRA,DF,ro FCSB,31,1986,7.0,26,19,17,8,1,16,29,55.2,13,10,2,8,21,47,26,1,Matches
e97150c0,Jérémy Morel,mg MAD,DF,fr Lyon,33,1984,5.5,10,9,7,3,0,6,8,75.0,2,5,4,1,19,29,17,0,Matches
da4bd8fb,Moreno,pt POR,"DF,MF",pt Vitória,35,1981,0.5,0,0,0,0,0,0,0,,0,0,0,0,0,0,2,0,Matches
5d311e8d,Héctor Moreno,mx MEX,DF,es Real Sociedad,29,1988,0.8,2,1,0,2,0,1,2,50.0,1,1,1,0,2,4,3,0,Matches
a0255c67,Manu Morlanes,es ESP,MF,es Villarreal,18,1999,0.8,4,3,2,0,2,2,4,50.0,2,1,0,1,1,5,0,0,Matches
1c37137f,Mykola Morozyuk,ua UKR,"DF,FW",ua Dynamo Kyiv,29,1988,7.9,12,5,6,4,2,5,16,31.3,11,4,0,4,12,24,24,0,Matches
fb517645,Ubong Moses Ekpai,ng NGA,MF,cz Fastav Zlín,21,1995,4.4,9,9,3,6,0,2,3,66.7,1,8,0,8,5,14,6,0,Matches
3cfc870f,Mossoró,br BRA,MF,tr Başakşehir,34,1983,3.1,3,1,1,0,2,1,2,50.0,1,3,0,3,4,7,0,0,Matches
94d260aa,Cosmin Moți,ro ROU,DF,bg Ludogorets,32,1984,8.0,9,5,4,4,1,6,8,75.0,2,8,6,2,18,27,42,1,Matches
9674002f,Mason Mount,eng ENG,MF,nl Vitesse,18,1999,4.1,8,3,2,3,3,2,6,33.3,4,3,0,3,5,13,0,0,Matches
c41ca3d8,Stefan Mugoša,me MNE,FW,md Sheriff Tiraspol,25,1992,2.7,1,0,0,1,0,0,0,,0,1,0,1,0,1,3,0,Matches
b2f1fbd5,Ronald Mukiibi,ug UGA,DF,se Östersund,25,1991,7.4,10,7,6,3,1,3,8,37.5,5,13,4,9,10,20,32,2,Matches
c05dfb74,Iker Muniain,es ESP,"MF,FW",es Athletic Club,24,1992,2.0,2,2,0,2,0,0,0,,0,2,0,2,1,3,0,0,Matches
fb2c533b,Alessandro Murgia,it ITA,MF,it Lazio,20,1996,7.7,10,6,5,5,0,3,8,37.5,5,6,2,4,15,25,8,0,Matches
bb19da7c,Roman Murtazayev,kz KAZ,"MF,FW",kz FC Astana,23,1993,2.1,2,1,0,1,1,1,5,20.0,4,1,0,1,1,3,0,0,Matches
b7084daf,Ahmed Musa,ng NGA,"FW,MF",ru CSKA Moscow,24,1992,5.7,3,1,0,2,1,1,4,25.0,3,1,0,1,0,3,1,1,Matches
91899ca8,Mateo Musacchio,ar ARG,DF,it Milan,26,1990,4.2,3,3,2,1,0,1,4,25.0,3,5,4,1,10,13,13,0,Matches
9d1f0c99,Visar Musliu,mk MKD,DF,mk FK Vardar,22,1994,2.6,10,5,8,2,0,5,6,83.3,1,3,1,2,6,16,10,0,Matches
62a0089e,Charly Musonda Jr.,be BEL,MF,sct Celtic,20,1996,0.4,1,1,1,0,0,0,0,,0,1,0,1,0,1,0,0,Matches
3f2d59fe,Shkodran Mustafi,de GER,DF,eng Arsenal,25,1992,8.0,19,14,14,5,0,8,20,40.0,12,7,0,7,16,35,47,0,Matches
f9a5c9c1,Gjergji Muzaka,al ALB,MF,al Skënderbeu Korçë,32,1984,5.9,4,2,1,2,1,1,9,11.1,8,5,0,5,8,12,6,0,Matches
f2eaebe9,Serikzhan Muzhikov,kz KAZ,"FW,MF",kz FC Astana,28,1989,4.6,9,7,4,3,2,4,9,44.4,5,0,0,0,2,11,2,0,Matches
eb174a27,Taras Mykhalyk,ua UKR,DF,ru Loko Moscow,33,1983,1.9,3,1,2,1,0,0,0,,0,1,1,0,3,6,10,0,Matches
77f278a0,Clinton N'Jie,cm CMR,FW,fr Marseille,23,1993,5.0,5,2,1,3,1,1,6,16.7,5,4,0,4,3,8,2,0,Matches
79019bf4,Kirill Nababkin,ru RUS,"FW,DF",ru CSKA Moscow,30,1986,3.7,7,6,2,5,0,4,9,44.4,5,3,0,3,9,16,6,0,Matches
d4aa40b8,Ben Nabouhane,km COM,FW,rs Red Star,28,1989,2.0,3,2,3,0,0,0,2,0.0,2,1,0,1,2,5,3,0,Matches
15e9c7e6,Nani,pt POR,FW,it Lazio,30,1986,2.7,4,3,2,2,0,1,3,33.3,2,4,0,4,1,5,0,1,Matches
33d38e32,Stefano Napoleoni,it ITA,"MF,FW",tr Başakşehir,31,1986,2.1,0,0,0,0,0,0,2,0.0,2,3,0,3,1,1,0,0,Matches
6c6e2719,Jefferson Nascimento,br BRA,DF,pt Braga,29,1988,5.0,6,3,3,2,1,5,8,62.5,3,4,0,4,4,10,15,0,Matches
ed560575,Natanael,br BRA,DF,bg Ludogorets,26,1990,6.9,16,11,6,6,4,7,12,58.3,5,8,1,7,16,32,17,0,Matches
c44a1d58,Bibras Natkho,il ISR,MF,ru CSKA Moscow,29,1988,5.0,19,9,11,8,0,13,27,48.1,14,7,2,5,12,31,4,0,Matches
ad178594,Raúl Navas,es ESP,DF,es Real Sociedad,29,1988,2.8,1,1,1,0,0,1,2,50.0,1,2,2,0,5,6,5,0,Matches
5cdddffa,Tanguy Ndombele,fr FRA,MF,fr Lyon,20,1996,7.9,22,15,8,11,3,9,19,47.4,10,12,3,9,15,37,6,0,Matches
af97a8af,Tomáš Necid,cz CZE,FW,cz Slavia Prague,27,1989,5.4,6,4,2,4,0,0,3,0.0,3,2,0,2,0,6,3,1,Matches
64ec2f85,Dragoș Nedelcu,ro ROU,MF,ro FCSB,20,1997,5.0,12,9,5,7,0,2,6,33.3,4,7,3,4,17,29,6,0,Matches
c5bdb6e3,Reiss Nelson,eng ENG,"DF,FW",eng Arsenal,17,1999,3.5,6,3,3,1,2,2,6,33.3,4,7,3,4,8,14,6,0,Matches
05ad9890,Martin Nešpor,cz CZE,FW,al Skënderbeu Korçë,27,1990,0.2,0,0,0,0,0,0,0,,0,0,0,0,1,1,0,0,Matches
fc1cf07a,Michael Ngadeu-Ngadjui,cm CMR,"MF,DF",cz Slavia Prague,26,1990,3.6,12,11,4,7,1,6,8,75.0,2,6,2,4,13,25,14,0,Matches
0193a8bf,Moumi Ngamaleu,cm CMR,"MF,FW",ch Young Boys,23,1994,4.4,10,7,3,7,0,2,6,33.3,4,10,2,8,5,15,1,0,Matches
c14bc029,Saúl Ñíguez,es ESP,MF,es Atlético Madrid,22,1994,8.2,26,18,12,10,4,4,28,14.3,24,13,3,10,18,44,14,0,Matches
35862524,Boban Nikolov,mk MKD,MF,mk FK Vardar,23,1994,5.2,11,7,5,6,0,4,9,44.4,5,9,2,7,9,20,8,0,Matches
2fd78b8e,Bakary Nimaga,ml MLI,"MF,FW",al Skënderbeu Korçë,22,1994,1.5,4,3,0,4,0,2,6,33.3,4,0,0,0,1,5,3,0,Matches
a9a3b55d,Florin Niță,ro ROU,GK,ro FCSB,30,1987,4.0,0,0,0,0,0,0,0,,0,0,0,0,1,1,0,0,Matches
a53649b7,Eddie Nketiah,eng ENG,"MF,FW",eng Arsenal,18,1999,0.6,0,0,0,0,0,0,0,,0,0,0,0,0,0,0,0,Matches
9d1e8e76,Christian Noboa,ec ECU,MF,ru Zenit,32,1985,3.7,8,6,2,5,1,4,14,28.6,10,3,0,3,10,18,4,0,Matches
2c125b75,Jeremy de Nooijer,cw CUW,MF,md Sheriff Tiraspol,25,1992,2.0,4,3,1,2,1,1,2,50.0,1,3,0,3,2,6,0,0,Matches
6cafd68d,Håvard Nordtveit,no NOR,"DF,MF",de Hoffenheim,27,1990,4.3,9,8,5,3,1,5,11,45.5,6,11,4,7,4,13,9,1,Matches
f3f5941f,Brwa Nouri,iq IRQ,MF,se Östersund,30,1987,7.2,11,6,4,6,1,6,18,33.3,12,10,1,9,15,26,8,1,Matches
410c2fbc,Yevhen Novak,ua UKR,DF,mk FK Vardar,28,1989,4.0,2,0,2,0,0,0,0,,0,13,13,0,2,4,30,0,Matches
12e6d21a,Jean-Pierre Nsame,cm CMR,FW,ch Young Boys,24,1993,3.8,0,0,0,0,0,0,0,,0,5,1,4,2,2,5,0,Matches
6554bb97,Olivier Ntcham,cm CMR,MF,sct Celtic,21,1996,2.0,2,2,0,2,0,1,3,33.3,2,1,0,1,4,6,3,0,Matches
93a50d2c,Kasim Nuhu,gh GHA,DF,ch Young Boys,22,1995,4.0,9,4,4,4,1,2,5,40.0,3,2,1,1,10,19,33,0,Matches
be170419,Unai Núñez,es ESP,DF,es Athletic Club,20,1997,2.5,6,6,5,1,0,2,3,66.7,1,4,2,2,5,11,11,0,Matches
f30a4ab1,Anthony Nwakaeme,ng NGA,FW,il Be'er Sheva,28,1989,4.3,7,5,0,5,2,2,4,50.0,2,1,0,1,3,10,1,0,Matches
ee8508c0,Jan Oblak,si SVN,GK,es Atlético Madrid,24,1993,6.0,0,0,0,0,0,0,0,,0,0,0,0,0,0,1,0,Matches
a08b974a,Lucas Ocampos,ar ARG,"FW,MF",fr Marseille,23,1994,10.7,28,21,9,15,4,9,22,40.9,13,23,0,23,12,40,18,0,Matches
78952998,Philipp Ochs,de GER,"MF,FW",de Hoffenheim,20,1997,1.9,5,3,4,1,0,3,10,30.0,7,1,0,1,4,9,2,0,Matches
1d1691ad,Álvaro Odriozola,es ESP,DF,es Real Sociedad,21,1995,6.0,10,9,4,3,3,5,5,100.0,0,5,1,4,6,16,12,0,Matches
194ace07,John Ogu,ng NGA,MF,il Be'er Sheva,29,1988,2.8,8,3,4,4,0,2,5,40.0,3,4,0,4,6,14,8,0,Matches
b2bee28a,Michael Ohana,il ISR,MF,il Be'er Sheva,21,1995,1.7,0,0,0,0,0,0,1,0.0,1,2,0,2,1,1,0,0,Matches
beec76cc,Peter Olayinka,ng NGA,FW,be Zulte Waregem,21,1995,3.5,5,3,0,3,2,1,6,16.7,5,2,2,0,2,7,6,0,Matches
642bb0c6,Victor Oliveira,br BRA,DF,md Sheriff Tiraspol,23,1994,0.0,1,1,1,0,0,0,0,,0,1,0,1,0,1,1,0,Matches
896c126c,Paweł Olkowski,pl POL,DF,de Köln,27,1990,3.0,7,6,5,1,1,4,12,33.3,8,1,0,1,5,12,7,0,Matches
e7ee38c3,Robin Olsen,se SWE,GK,dk FC Copenhagen,27,1990,6.0,0,0,0,0,0,0,0,,0,0,0,0,1,1,2,0,Matches
e81f0356,Jérôme Onguéné,cm CMR,DF,at RB Salzburg,19,1997,1.0,2,2,1,1,0,1,2,50.0,1,0,0,0,3,5,9,0,Matches
5595a4ff,Yevhen Opanasenko,ua UKR,DF,ua Zorya Luhansk,26,1990,4.0,8,7,3,5,0,6,7,85.7,1,1,0,1,9,17,17,1,Matches
20030c06,Willi Orban,hu HUN,DF,de RB Leipzig,24,1992,2.5,1,1,0,1,0,1,1,100.0,0,3,3,0,5,6,11,0,Matches
348e0505,Viðar Örn Kjartansson,is ISL,FW,il Maccabi Tel Aviv,27,1990,4.8,0,0,0,0,0,0,0,,0,2,2,0,0,0,3,0,Matches
e14ec482,Riccardo Orsolini,it ITA,FW,it Atalanta,20,1997,0.4,0,0,0,0,0,0,0,,0,0,0,0,1,1,1,0,Matches
f69fba57,Yuya Osako,jp JPN,FW,de Köln,27,1990,3.9,4,3,1,2,1,0,4,0.0,4,2,0,2,0,4,1,0,Matches
0be46103,Tefik Osmani,al ALB,MF,al Skënderbeu Korçë,32,1985,1.6,1,1,0,1,0,1,2,50.0,1,3,3,0,1,2,4,0,Matches
82b1198a,David Ospina,co COL,GK,eng Arsenal,28,1988,10.0,0,0,0,0,0,0,0,,0,0,0,0,0,0,3,0,Matches
6f4cf369,Bojan Ostojić,rs SRB,DF,rs Partizan,33,1984,3.0,6,3,6,0,0,3,5,60.0,2,1,1,0,9,15,11,0,Matches
676ff98c,David Otto,de GER,MF,de Hoffenheim,18,1999,0.2,0,0,0,0,0,0,1,0.0,1,0,0,0,0,0,0,0,Matches
f04f45a2,Anas Ouahim,de GER,FW,de Köln,19,1997,0.2,2,1,1,1,0,1,1,100.0,0,0,0,0,1,3,0,0,Matches
b9c19ad9,Thomas Oude Kotte,nl NED,DF,nl Vitesse,21,1996,1.0,1,0,1,0,0,0,1,0.0,1,0,0,0,2,3,2,0,Matches
ed90babd,Adam Ounas,dz ALG,FW,it Napoli,20,1996,0.7,1,1,0,1,0,0,2,0.0,2,1,0,1,1,2,0,0,Matches
8c3c640c,Mikel Oyarzabal,es ESP,"FW,MF",es Real Sociedad,20,1997,5.1,5,4,1,4,0,1,2,50.0,1,5,2,3,3,8,0,0,Matches
15413fa5,Salih Özcan,tr TUR,MF,de Köln,19,1998,5.0,15,8,6,8,1,4,17,23.5,13,7,1,6,4,19,4,0,Matches
33072e69,Ognjen Ožegović,rs SRB,FW,rs Partizan,23,1994,4.1,3,2,1,0,2,0,1,0.0,1,3,0,3,1,4,3,1,Matches
16380240,Mesut Özil,de GER,"FW,MF",eng Arsenal,28,1988,6.8,7,6,1,4,2,2,8,25.0,6,1,0,1,3,10,1,0,Matches
41582151,Ferhat Öztorun,tr TUR,DF,tr Konyaspor,30,1987,4.5,14,10,9,4,1,9,15,60.0,6,8,2,6,11,25,15,0,Matches
1aa98b10,Marco Padalino,ch SUI,FW,ch Lugano,33,1983,0.1,0,0,0,0,0,0,0,,0,0,0,0,0,0,0,0,Matches
cc3477f4,Gabriel Paletta,it ITA,DF,it Milan,31,1986,1.0,0,0,0,0,0,0,0,,0,0,0,0,0,0,0,0,Matches
a78ff07f,João Palhinha,pt POR,MF,pt Sporting CP,22,1995,0.8,2,2,1,1,0,1,3,33.3,2,1,0,1,2,4,0,0,Matches
d0e6399c,Simone Palombi,it ITA,FW,it Lazio,21,1996,2.0,0,0,0,0,0,0,0,,0,1,0,1,0,0,1,0,Matches
8ed1d91b,Dzyanis Palyakow,by BLR,DF,by BATE Borisov,26,1991,5.3,15,12,10,5,0,10,15,66.7,5,11,7,4,8,23,11,0,Matches
70e5566a,Aleksandar Pantić,rs SRB,DF,ua Dynamo Kyiv,25,1992,0.1,0,0,0,0,0,0,0,,0,0,0,0,0,0,0,0,Matches
4d478e8b,Danilo Pantić,rs SRB,MF,rs Partizan,20,1996,4.2,11,9,7,4,0,6,12,50.0,6,5,0,5,5,16,3,0,Matches
da617483,Sotirios Papagiannopoulos,se SWE,DF,se Östersund,26,1990,8.0,20,13,15,5,0,14,15,93.3,1,17,14,3,17,37,49,1,Matches
b682dcf6,Sokratis Papastathopoulos,gr GRE,DF,de Dortmund,29,1988,4.0,16,8,12,4,0,9,12,75.0,3,8,4,4,4,20,20,1,Matches
e1bbb68d,Fotios Papoulis,cy CYP,FW,cy Apollon Limassol,32,1985,1.6,2,2,0,1,1,0,1,0.0,1,0,0,0,1,3,1,0,Matches
2306bfde,Rubén Pardo,es ESP,MF,es Real Sociedad,24,1992,1.1,0,0,0,0,0,0,0,,0,1,0,1,5,5,2,1,Matches
dff153a4,Leandro Paredes,ar ARG,MF,ru Zenit,23,1994,6.1,16,10,6,9,1,8,20,40.0,12,8,3,5,13,29,14,0,Matches
ed5886d2,Marco Parolo,it ITA,MF,it Lazio,32,1985,6.4,17,10,7,10,0,5,13,38.5,8,24,4,20,4,21,12,0,Matches
529f49ab,Thomas Partey,gh GHA,"MF,DF",es Atlético Madrid,24,1993,5.3,16,10,14,0,2,10,24,41.7,14,12,2,10,14,30,10,0,Matches
e599253a,Mario Pašalić,hr CRO,MF,ru Spartak Moscow,22,1995,0.8,0,0,0,0,0,0,2,0.0,2,0,0,0,0,0,0,0,Matches
5c899683,Felix Passlack,de GER,DF,de Hoffenheim,19,1998,1.2,2,2,2,0,0,1,2,50.0,1,1,0,1,2,4,1,0,Matches
3392603d,Remko Pasveer,nl NED,GK,nl Vitesse,33,1983,6.0,0,0,0,0,0,0,1,0.0,1,0,0,0,0,0,1,1,Matches
f7223718,Patric,es ESP,DF,it Lazio,24,1993,7.3,10,7,6,4,0,2,6,33.3,4,9,1,8,4,14,15,0,Matches
79b0d6a0,Rui Patrício,pt POR,GK,pt Sporting CP,29,1988,6.3,0,0,0,0,0,0,0,,0,0,0,0,0,0,1,0,Matches
5d2bb85b,David de Paula,es ESP,"MF,DF",at Austria Wien,33,1984,2.8,3,2,1,1,1,1,4,25.0,3,3,0,3,1,4,3,0,Matches
a62c16d0,Paulinho,pt POR,FW,pt Braga,24,1992,5.8,12,5,3,6,3,3,10,30.0,7,7,0,7,1,13,7,0,Matches
d7a70e5e,Domagoj Pavičić,hr CRO,"MF,FW",hr Rijeka,23,1994,3.9,14,12,6,6,2,5,6,83.3,1,4,2,2,3,17,5,0,Matches
f0e3b343,Andrija Pavlović,rs SRB,FW,dk FC Copenhagen,23,1993,3.2,0,0,0,0,0,0,2,0.0,2,1,1,0,2,2,4,0,Matches
58ae47b2,Dimitri Payet,fr FRA,"MF,FW",fr Marseille,30,1987,9.0,5,4,1,3,1,3,10,30.0,7,5,0,5,3,8,1,0,Matches
fbafd1b0,Pedrão,br BRA,DF,pt Vitória,24,1992,3.2,11,8,9,1,1,6,7,85.7,1,4,2,2,6,17,10,0,Matches
58a3b151,Pedrito,es ESP,MF,es Villarreal,21,1996,0.3,0,0,0,0,0,0,0,,0,0,0,0,0,0,0,0,Matches
dabec4c3,Nemanja Pejčinović,rs SRB,DF,ru Loko Moscow,29,1987,8.3,6,5,4,2,0,2,5,40.0,3,17,7,10,9,15,57,0,Matches
c18d22f5,Peter Pekarík,sk SVK,DF,de Hertha BSC,30,1986,5.0,9,8,7,1,1,4,7,57.1,3,6,1,5,6,15,6,0,Matches
20dbf9e0,Tomáš Pekhart,cz CZE,FW,il Be'er Sheva,28,1989,3.5,1,1,0,1,0,0,2,0.0,2,3,0,3,1,2,0,0,Matches
76806215,Yohann Pelé,fr FRA,GK,fr Marseille,34,1982,8.3,0,0,0,0,0,0,0,,0,1,0,1,1,1,4,4,Matches
0810b6df,Patrick Pentz,at AUT,GK,at Austria Wien,20,1997,5.0,1,1,1,0,0,1,2,50.0,1,0,0,0,1,2,1,0,Matches
e2a302a8,Dor Peretz,il ISR,MF,il Maccabi Tel Aviv,22,1995,2.8,10,7,5,5,0,3,5,60.0,2,8,1,7,4,14,2,0,Matches
6dfd8f05,Romain Perraud,fr FRA,DF,fr Nice,19,1997,1.0,3,3,0,3,0,2,2,100.0,0,2,0,2,3,6,1,0,Matches
a2f2d806,Aleksandar Pešić,rs SRB,FW,rs Red Star,25,1992,3.1,1,1,0,1,0,0,0,,0,1,0,1,2,3,8,0,Matches
03f946ed,Andrea Petagna,it ITA,FW,it Atalanta,22,1995,5.4,1,1,0,0,1,0,4,0.0,4,1,0,1,3,4,2,0,Matches
fc176c8b,Petar Petkovski,mk MKD,MF,mk FK Vardar,20,1997,0.0,0,0,0,0,0,0,0,,0,0,0,0,0,0,0,0,Matches
7214c684,Radosav Petrović,rs SRB,"DF,MF",pt Sporting CP,28,1989,1.5,0,0,0,0,0,0,0,,0,1,0,1,3,3,3,0,Matches
74bafc9c,Milan Petržela,cz CZE,FW,cz Viktoria Plzeň,34,1983,6.6,14,6,5,7,2,5,14,35.7,9,5,0,5,5,19,0,0,Matches
c1268aa3,Tom Pettersson,se SWE,DF,se Östersund,27,1990,8.0,7,5,7,0,0,3,4,75.0,1,12,9,3,18,25,51,1,Matches
061e8e23,Maximilian Philipp,de GER,"MF,FW",de Dortmund,23,1994,0.8,1,1,1,0,0,0,0,,0,1,0,1,1,2,2,0,Matches
32c0491f,Cristiano Piccini,it ITA,DF,pt Sporting CP,24,1992,2.6,4,4,3,1,0,3,6,50.0,3,1,0,1,0,4,4,0,Matches
fe322052,Mario Piccinocchi,it ITA,MF,ch Lugano,22,1995,3.5,3,2,2,0,1,1,2,50.0,1,4,0,4,8,11,3,0,Matches
4806ec67,Jordan Pickford,eng ENG,GK,eng Everton,23,1994,3.0,1,0,1,0,0,1,1,100.0,0,0,0,0,1,2,1,0,Matches
b5b2e1ba,Václav Pilař,cz CZE,FW,cz Viktoria Plzeň,28,1988,1.3,5,2,0,4,1,1,1,100.0,0,0,0,0,1,6,0,0,Matches
ccc520dc,Mihai Pintilii,ro ROU,MF,ro FCSB,32,1984,3.5,11,10,7,2,2,5,11,45.5,6,5,1,4,6,17,2,0,Matches
2cd3d3ce,Felipe Pires,br BRA,"FW,MF",at Austria Wien,22,1995,5.9,7,5,2,5,0,1,4,25.0,3,5,0,5,2,9,0,0,Matches
fe2db476,Łukasz Piszczek,pl POL,DF,de Dortmund,32,1985,3.0,5,5,4,1,0,3,6,50.0,3,3,0,3,3,8,4,0,Matches
36f288ba,Andrei Pițian,ro ROU,DF,cy Apollon Limassol,21,1995,2.0,3,3,3,0,0,2,6,33.3,4,4,4,0,1,4,7,0,Matches
aa954c2b,Ioannis Pittas,cy CYP,MF,cy Apollon Limassol,21,1996,0.2,1,1,0,1,0,0,0,,0,0,0,0,0,1,0,0,Matches
7c224498,Josip Pivarić,hr CRO,DF,ua Dynamo Kyiv,28,1989,8.0,9,6,6,3,0,5,14,35.7,9,10,1,9,12,21,33,0,Matches
84cef920,Bogdan Planić,rs SRB,DF,ro FCSB,25,1992,6.0,19,16,17,2,0,10,15,66.7,5,9,3,6,25,44,37,0,Matches
4760b2f2,Ihor Plastun,ua UKR,DF,bg Ludogorets,26,1990,7.0,3,2,3,0,0,3,5,60.0,2,9,7,2,12,15,43,1,Matches
f7aa75bd,Marvin Plattenhardt,de GER,DF,de Hertha BSC,25,1992,3.0,6,4,5,1,0,4,6,66.7,2,1,1,0,4,10,4,0,Matches
bc6bd723,Alassane Pléa,fr FRA,FW,fr Nice,24,1993,6.5,2,2,0,2,0,1,5,20.0,4,0,0,0,1,3,2,0,Matches
fb2a63bb,Eugen Polanski,pl POL,MF,de Hoffenheim,31,1986,2.6,6,5,2,4,0,4,7,57.1,3,4,0,4,1,7,0,0,Matches
2deaf8b2,Dmitry Poloz,ru RUS,"FW,MF",ru Zenit,26,1991,3.2,2,2,1,1,0,1,2,50.0,1,2,1,1,2,4,3,1,Matches
2a6cd437,Marin Pongračić,hr CRO,DF,at RB Salzburg,19,1997,1.5,2,2,0,2,0,0,0,,0,3,2,1,4,6,6,0,Matches
99a5321f,Ovidiu Popescu,ro ROU,MF,ro FCSB,23,1994,3.9,3,2,1,0,2,1,2,50.0,1,4,2,2,4,7,2,0,Matches
7f609bfc,Stefan Posch,at AUT,DF,de Hoffenheim,20,1997,3.5,10,5,8,2,0,7,10,70.0,3,5,3,2,15,25,19,0,Matches
95a34045,Veaceslav Posmac,md MDA,DF,md Sheriff Tiraspol,26,1990,6.0,10,7,7,3,0,4,5,80.0,1,4,4,0,17,27,43,0,Matches
cda08080,Yevgeny Postnikov,kz KAZ,DF,kz FC Astana,31,1986,5.0,6,4,5,1,0,3,8,37.5,5,8,3,5,11,17,22,0,Matches
d2416c2e,Yussuf Poulsen,dk DEN,FW,de RB Leipzig,23,1994,2.4,1,1,1,0,0,1,5,20.0,4,4,0,4,3,4,1,0,Matches
cbdf7d5c,Darío Poveda,es ESP,FW,es Villarreal,20,1997,1.0,0,0,0,0,0,0,1,0.0,1,0,0,0,0,0,0,0,Matches
d054d8b0,Xabi Prieto,es ESP,MF,es Real Sociedad,33,1983,5.4,5,2,0,3,2,0,2,0.0,2,1,0,1,2,7,4,0,Matches
b9177a6f,Dominik Prokop,at AUT,"MF,FW",at Austria Wien,20,1997,4.5,4,2,1,2,1,2,4,50.0,2,9,0,9,1,5,1,0,Matches
b182a240,Quincy Promes,nl NED,FW,ru Spartak Moscow,25,1992,2.0,3,3,1,2,0,1,2,50.0,1,0,0,0,1,4,0,0,Matches
0b221abd,Andrej Prskalo,hr CRO,GK,hr Rijeka,30,1987,3.0,0,0,0,0,0,0,0,,0,0,0,0,0,0,2,1,Matches
a0c8a672,Vasyl Pryima,ua UKR,DF,ua Zorya Luhansk,26,1991,0.2,0,0,0,0,0,0,0,,0,0,0,0,1,1,1,0,Matches
1bf33a9a,Christian Pulisic,us USA,"FW,MF",de Dortmund,18,1998,1.9,7,6,2,4,1,2,8,25.0,6,5,0,5,1,8,0,0,Matches
ea490705,Jakov Puljić,hr CRO,"FW,MF",hr Rijeka,23,1993,2.1,4,4,0,2,2,2,3,66.7,1,2,0,2,1,5,1,0,Matches
a97afc61,Roberto Punčec,hr CRO,DF,hr Rijeka,25,1991,1.4,2,1,2,0,0,1,6,16.7,5,2,1,1,5,7,7,0,Matches
889b3bd7,Martin Pušić,at AUT,"FW,MF",dk FC Copenhagen,29,1987,0.8,0,0,0,0,0,0,0,,0,1,0,1,0,0,1,0,Matches
ea6a7ab4,Dani Raba,es ESP,MF,es Villarreal,21,1995,1.1,8,7,2,5,1,2,2,100.0,0,4,0,4,2,10,0,0,Matches
faed84db,Uroš Račić,rs SRB,"MF,FW",rs Red Star,19,1998,0.3,2,2,2,0,0,0,0,,0,1,0,1,1,3,3,0,Matches
f8bfb4ae,Petru Racu,md MDA,DF,md Sheriff Tiraspol,30,1987,4.8,4,1,3,1,0,3,3,100.0,0,5,2,3,8,12,21,0,Matches
b01e6102,Marko Radaš,hr CRO,DF,al Skënderbeu Korçë,33,1983,3.4,7,4,4,3,0,4,8,50.0,4,3,1,2,5,12,16,0,Matches
1e062a01,Maharan Radi,il ISR,"MF,FW",il Be'er Sheva,35,1982,5.7,7,5,2,4,1,0,2,0.0,2,8,2,6,7,14,3,0,Matches
5ada5385,Milan Radin,rs SRB,"MF,FW",rs Partizan,26,1991,1.3,3,3,2,1,0,2,4,50.0,2,2,0,2,1,4,0,0,Matches
0630eb63,Nemanja Radonjić,rs SRB,FW,rs Red Star,21,1996,5.4,6,6,1,5,0,1,3,33.3,2,5,0,5,4,10,6,0,Matches
53de807a,Ștefan Radu,ro ROU,DF,it Lazio,30,1986,6.0,8,8,6,2,0,6,8,75.0,2,4,0,4,11,19,11,1,Matches
9a1f2e1c,Rafael,br BRA,DF,fr Lyon,27,1990,5.9,23,15,9,10,4,11,13,84.6,2,4,1,3,15,38,18,0,Matches
58ad9383,Predrag Rajković,rs SRB,GK,il Maccabi Tel Aviv,21,1995,6.0,0,0,0,0,0,0,0,,0,1,0,1,0,0,5,0,Matches
7483d9f9,André Ramalho,br BRA,DF,at RB Salzburg,25,1992,8.1,15,12,9,6,0,7,18,38.9,11,14,10,4,20,35,28,0,Matches
8dbff17c,Adil Rami,fr FRA,DF,fr Marseille,31,1985,14.0,13,8,10,2,1,9,17,52.9,8,11,8,3,24,37,82,1,Matches
833fb62e,Sandro Ramírez,es ESP,"FW,MF",eng Everton,22,1995,2.3,4,1,0,2,2,2,2,100.0,0,1,0,1,0,4,0,1,Matches
dc4511f3,Toño Ramírez,es ESP,GK,es Real Sociedad,30,1986,0.2,0,0,0,0,0,0,0,,0,0,0,0,0,0,0,0,Matches
3da610eb,Francisco Ramos,pt POR,MF,pt Vitória,22,1995,4.0,8,3,5,2,1,2,6,33.3,4,4,0,4,5,13,1,0,Matches
64ded08c,Héldon Ramos,cv CPV,"FW,MF",pt Vitória,28,1988,4.6,8,4,5,2,1,1,5,20.0,4,2,0,2,5,13,0,0,Matches
ef619b0b,Aaron Ramsey,wls WAL,MF,eng Arsenal,26,1990,6.0,13,8,6,5,2,4,10,40.0,6,3,1,2,11,24,3,0,Matches
6c6a3300,Milot Rashica,xk KVX,FW,nl Vitesse,21,1996,5.0,4,3,3,1,0,2,6,33.3,4,4,0,4,5,9,0,0,Matches
283699b4,Jacob Rasmussen,dk DEN,"DF,MF",no Rosenborg,20,1997,3.9,13,10,6,6,1,5,10,50.0,5,5,2,3,10,23,7,0,Matches
6435e737,Konstantin Rausch,ru RUS,DF,de Köln,27,1990,5.6,5,3,3,2,0,0,5,0.0,5,6,0,6,6,11,8,0,Matches
50310821,Artyom Rebrov,ru RUS,GK,ru Spartak Moscow,33,1984,1.0,0,0,0,0,0,0,2,0.0,2,0,0,0,0,0,0,0,Matches
da6cb94b,Tore Reginiussen,no NOR,DF,no Rosenborg,31,1986,6.0,13,8,5,7,1,7,9,77.8,2,5,3,2,10,23,31,0,Matches
e358587b,Pepe Reina,es ESP,GK,it Napoli,34,1982,2.0,0,0,0,0,0,0,0,,0,0,0,0,1,1,2,0,Matches
3376a776,Karim Rekik,nl NED,DF,de Hertha BSC,22,1994,3.0,4,4,1,2,1,3,3,100.0,0,1,1,0,6,10,9,0,Matches
36a3ff67,Marco Reus,de GER,"FW,MF",de Dortmund,28,1989,2.5,2,1,0,2,0,1,4,25.0,3,2,0,2,2,4,0,0,Matches
1432d037,Jakub Řezníček,cz CZE,FW,cz Viktoria Plzeň,29,1988,1.7,1,0,1,0,0,1,2,50.0,1,1,0,1,0,1,0,0,Matches
0f5e0b8a,Radim Řezník,cz CZE,DF,cz Viktoria Plzeň,28,1989,10.2,11,6,9,1,1,5,7,71.4,2,6,0,6,3,14,16,0,Matches
88cd098e,Juan Felipe Alves Ribeiro,br BRA,"MF,FW",mk FK Vardar,29,1987,6.0,5,4,1,3,1,2,4,50.0,2,2,0,2,1,6,0,0,Matches
3493992e,Rúben Tiago Rodrigues Ribeiro,pt POR,"FW,MF",pt Sporting CP,29,1987,1.2,2,1,1,1,0,0,2,0.0,2,0,0,0,1,3,1,0,Matches
44865466,Jander Ribeiro Santana,br BRA,DF,cy Apollon Limassol,29,1988,4.1,7,4,5,2,0,4,7,57.1,3,3,0,3,13,20,11,0,Matches
b7d8cbb9,Ricardinho,br BRA,FW,rs Red Star,27,1989,0.2,0,0,0,0,0,0,1,0.0,1,0,0,0,1,1,0,0,Matches
def69cd0,Mikel Rico,es ESP,MF,es Athletic Club,32,1984,4.0,12,7,6,4,2,1,7,14.3,6,3,0,3,5,17,8,0,Matches
a1216563,Emiliano Rigoni,ar ARG,"FW,MF",ru Zenit,24,1993,8.6,14,7,5,5,4,3,12,25.0,9,10,1,9,7,21,6,0,Matches
4a97f4c2,Avi Rikan,il ISR,MF,il Maccabi Tel Aviv,28,1988,3.3,9,6,3,5,1,4,12,33.3,8,5,0,5,4,13,1,0,Matches
683b919f,Sebastián Rincón,co COL,FW,pt Vitória,23,1994,0.7,3,3,2,1,0,0,2,0.0,2,4,0,4,0,3,0,0,Matches
826313e2,Alexei Rios,by BLR,DF,by BATE Borisov,30,1987,6.0,15,7,13,1,1,7,20,35.0,13,6,0,6,13,28,28,0,Matches
140afefb,Marcel Risse,de GER,"MF,DF",de Köln,27,1989,0.3,0,0,0,0,0,0,0,,0,2,0,2,0,0,1,0,Matches
7e56d3db,Stefan Ristovski,mk MKD,DF,pt Sporting CP,25,1992,2.9,5,4,3,1,1,2,4,50.0,2,4,0,4,4,9,7,0,Matches
f373db50,Valentin Roberge,cy CYP,DF,cy Apollon Limassol,30,1987,4.0,12,6,9,3,0,3,9,33.3,6,6,1,5,6,18,14,0,Matches
cda0b317,Joel Robles,es ESP,GK,eng Everton,27,1990,2.0,0,0,0,0,0,0,0,,0,0,0,0,0,0,2,0,Matches
4dedd469,Milan Rodić,rs SRB,DF,rs Red Star,26,1991,5.9,5,4,2,2,1,3,7,42.9,4,11,2,9,13,18,32,0,Matches
5ba3c9cb,Vitali Rodionov,by BLR,FW,by BATE Borisov,33,1983,3.0,5,4,1,4,0,1,5,20.0,4,1,0,1,0,5,2,0,Matches
6434f10d,Rodri,es ESP,MF,es Villarreal,21,1996,5.1,17,15,7,9,1,7,17,41.2,10,6,0,6,7,24,7,1,Matches
0fffd034,Fransérgio Rodrigues Barbosa,,,pt Braga,26,1990,2.6,,,,,,,,,,,,,,,,,Matches
0daa34cc,Francisco Daniel Simões Rodrigues,pt POR,MF,pt Vitória,20,1997,0.4,0,0,0,0,0,0,0,,0,1,0,1,2,2,0,0,Matches
f1bed920,Kévin Rodrigues,pt POR,DF,es Real Sociedad,23,1994,1.7,2,2,1,1,0,0,1,0.0,1,2,0,2,2,4,2,0,Matches
3d0fd3d7,Patito Rodríguez,ar ARG,FW,gr AEK Athens,27,1990,0.1,0,0,0,0,0,0,0,,0,0,0,0,0,0,0,0,Matches
7f78ad23,Ricardo Rodríguez,ch SUI,DF,it Milan,24,1992,6.0,12,9,10,2,0,4,7,57.1,3,5,1,4,6,18,11,0,Matches
b6b2b820,Marko Rog,hr CRO,"MF,FW",it Napoli,22,1995,1.0,2,2,0,1,1,0,3,0.0,3,1,0,1,1,3,1,0,Matches
27ff9bdb,Tom Rogić,au AUS,"MF,FW",sct Celtic,24,1992,0.5,1,0,0,1,0,1,1,100.0,0,1,0,1,0,1,0,0,Matches
0eeafda5,Rolando,pt POR,DF,fr Marseille,31,1985,8.2,13,6,11,2,0,3,7,42.9,4,10,7,3,13,26,45,1,Matches
3ead85f9,Alessio Romagnoli,it ITA,DF,it Milan,22,1995,7.6,12,10,7,4,1,4,7,57.1,3,4,1,3,6,18,41,0,Matches
2a1beb34,Marten de Roon,nl NED,MF,it Atalanta,26,1991,5.3,9,4,1,6,2,1,11,9.1,10,12,1,11,15,24,6,0,Matches
f07be45a,Wayne Rooney,eng ENG,"FW,MF",eng Everton,31,1985,2.7,4,4,1,2,1,1,4,25.0,3,2,1,1,3,7,5,0,Matches
3c285843,Lazar Rosić,rs SRB,DF,pt Braga,24,1993,2.0,0,0,0,0,0,0,1,0.0,1,0,0,0,1,1,6,1,Matches
98daa26a,Alexander Rossipal,de GER,DF,de Hoffenheim,21,1996,1.0,3,1,1,2,0,0,2,0.0,2,1,0,1,1,4,5,0,Matches
323b698f,Ruslan Rotan,ua UKR,MF,cz Slavia Prague,35,1981,1.8,8,3,3,5,0,0,1,0.0,1,1,0,1,3,11,0,0,Matches
d38174c3,Boris Rotenberg,fi FIN,"FW,DF",ru Loko Moscow,31,1986,0.1,0,0,0,0,0,0,0,,0,1,1,0,0,0,0,0,Matches
3ad56bf8,Steve Rouiller,ch SUI,DF,ch Lugano,27,1990,2.5,3,3,3,0,0,2,5,40.0,3,2,1,1,3,6,15,0,Matches
0b5a292a,Mário Rui,pt POR,DF,it Napoli,26,1991,1.2,2,1,0,2,0,0,0,,0,2,0,2,1,3,2,0,Matches
fa6292e2,Bryan Ruiz,cr CRC,"MF,FW",pt Sporting CP,31,1985,5.4,9,5,6,2,1,7,11,63.6,4,4,2,2,3,12,5,0,Matches
b3dc6eca,Víctor Ruiz,es ESP,DF,es Villarreal,28,1989,5.0,6,6,2,4,0,4,5,80.0,1,8,3,5,13,19,26,0,Matches
e12d7851,Antonio Rukavina,rs SRB,DF,es Villarreal,33,1984,3.0,4,4,2,2,0,1,2,50.0,1,0,0,0,1,5,5,0,Matches
625c144a,Gerónimo Rulli,ar ARG,GK,es Real Sociedad,25,1992,7.8,0,0,0,0,0,0,0,,0,0,0,0,0,0,1,3,Matches
3faa1780,Lukas Rupp,de GER,"MF,FW",de Hoffenheim,26,1991,2.0,4,4,1,3,0,3,6,50.0,3,4,0,4,2,6,0,0,Matches
dab75831,Nazariy Rusyn,ua UKR,MF,ua Dynamo Kyiv,18,1998,0.2,1,0,0,0,1,0,0,,0,0,0,0,0,1,0,0,Matches
86dd16a8,Maciej Rybus,pl POL,DF,ru Loko Moscow,27,1989,5.5,14,8,10,4,0,4,12,33.3,8,3,0,3,9,23,18,0,Matches
491d3ad0,Marc Rzatkowski,de GER,"MF,FW",at RB Salzburg,27,1990,0.2,0,0,0,0,0,0,1,0.0,1,0,0,0,1,1,1,0,Matches
ea7a8366,Jonathan Sabbatini,uy URU,MF,ch Lugano,29,1988,4.7,15,11,7,7,1,6,12,50.0,6,9,1,8,5,20,4,0,Matches
e280527c,Marcel Sabitzer,at AUT,"MF,FW",de RB Leipzig,23,1994,2.9,10,9,1,7,2,4,15,26.7,11,3,0,3,3,13,2,0,Matches
eb5bc3eb,Enric Saborit,es ESP,DF,es Athletic Club,25,1992,1.7,4,3,3,1,0,2,3,66.7,1,1,0,1,1,5,5,0,Matches
76d753f8,Esteban Sachetti,es ESP,MF,cy Apollon Limassol,31,1985,5.9,19,14,6,12,1,4,29,13.8,25,7,0,7,8,27,4,0,Matches
68a87d66,Ihsan Sacko,fr FRA,MF,fr Nice,20,1997,0.1,0,0,0,0,0,0,0,,0,0,0,0,0,0,0,0,Matches
eb87ec70,Ben Sahar,il ISR,FW,il Be'er Sheva,27,1989,3.4,1,1,0,1,0,0,0,,0,1,1,0,0,1,0,0,Matches
f4081572,Nuri Şahin,tr TUR,MF,de Dortmund,28,1988,1.0,5,2,3,2,0,2,3,66.7,1,1,0,1,5,10,6,0,Matches
3959661b,Suad Sahiti,xk KVX,"MF,FW",al Skënderbeu Korçë,22,1995,1.7,2,1,1,1,0,1,2,50.0,1,3,0,3,0,2,1,0,Matches
2b16cb1a,Allan Saint-Maximin,fr FRA,"MF,FW",fr Nice,20,1997,3.8,0,0,0,0,0,0,2,0.0,2,3,0,3,2,2,2,0,Matches
d63e2912,Hiroki Sakai,jp JPN,DF,fr Marseille,27,1990,8.5,24,18,13,9,2,8,15,53.3,7,9,6,3,20,44,39,0,Matches
d13aea07,Thomas Salamon,at AUT,DF,at Austria Wien,28,1989,3.7,15,9,8,4,3,9,20,45.0,11,2,1,1,10,25,14,0,Matches
08593525,Diadie Samassékou,ml MLI,MF,at RB Salzburg,21,1996,12.0,49,33,24,22,3,16,42,38.1,26,17,4,13,29,78,27,0,Matches
003a5c72,Mikel San José,es ESP,MF,es Athletic Club,28,1989,5.8,16,12,9,6,1,10,18,55.6,8,7,5,2,15,31,11,0,Matches
2c0f8e9e,Alexis Sánchez,cl CHI,FW,eng Arsenal,28,1988,1.0,0,0,0,0,0,0,0,,0,0,0,0,0,0,0,0,Matches
e814316b,Sékou Sanogo,ci CIV,MF,ch Young Boys,28,1989,2.9,,,,,,,,,,,,,,,,,Matches
6e7f1353,Morgan Sanson,fr FRA,"MF,FW",fr Marseille,22,1994,11.8,27,19,10,14,3,9,45,20.0,36,19,0,19,10,37,9,0,Matches
7eb97a8e,Nicola Sansone,it ITA,"FW,MF",es Villarreal,25,1991,1.9,2,0,0,2,0,1,1,100.0,0,2,0,2,0,2,0,0,Matches
df85d472,Federico Santander,py PAR,FW,dk FC Copenhagen,26,1991,1.2,1,1,0,1,0,0,0,,0,0,0,0,1,2,1,0,Matches
d2aea9ac,Ivan Šaponjić,rs SRB,"DF,MF",be Zulte Waregem,19,1997,0.3,0,0,0,0,0,0,2,0.0,2,0,0,0,0,0,0,0,Matches
51e9bb3f,Adrián Sardinero,es ESP,"FW,MF",cy Apollon Limassol,26,1990,3.7,4,4,1,2,1,1,4,25.0,3,4,1,3,13,17,2,0,Matches
33591ff0,Manprit Sarkaria,at AUT,"FW,DF",at Austria Wien,20,1996,0.1,0,0,0,0,0,0,0,,0,0,0,0,0,0,0,0,Matches
1a4b9094,Bouna Sarr,sn SEN,DF,fr Marseille,25,1992,11.1,28,21,17,11,0,14,27,51.9,13,12,2,10,19,47,27,0,Matches
4315f30d,Malang Sarr,fr FRA,DF,fr Nice,18,1999,3.0,3,2,2,1,0,1,6,16.7,5,2,2,0,5,8,6,0,Matches
2e2ec9cf,Lucas Sasha,br BRA,"DF,MF",bg Ludogorets,27,1990,1.2,2,2,2,0,0,2,3,66.7,1,2,0,2,4,6,5,0,Matches
f6ac68c1,Stefan Savić,me MNE,DF,es Atlético Madrid,26,1991,2.2,4,4,3,1,0,2,3,66.7,1,1,0,1,5,9,23,0,Matches
b1062a37,Vujadin Savić,rs SRB,DF,rs Red Star,27,1990,6.7,8,4,7,1,0,4,8,50.0,4,13,10,3,16,24,51,0,Matches
b75af9ce,André Schembri,mt MLT,FW,cy Apollon Limassol,31,1986,3.9,4,2,2,1,1,1,6,16.7,5,2,0,2,5,9,0,0,Matches
110a95ca,Denis Scherbitskiy,by BLR,GK,by BATE Borisov,21,1996,6.0,1,1,1,0,0,1,1,100.0,0,0,0,0,0,1,2,1,Matches
0f888175,Thorsten Schick,at AUT,"MF,DF",ch Young Boys,27,1990,2.0,4,3,1,2,1,0,2,0.0,2,3,0,3,0,4,5,0,Matches
8f056768,Xaver Schlager,at AUT,MF,at RB Salzburg,19,1997,9.8,28,21,13,10,5,12,36,33.3,24,15,2,13,11,39,14,0,Matches
89565ac5,Marcel Schmelzer,de GER,DF,de Dortmund,29,1988,2.5,6,4,3,3,0,4,5,80.0,1,4,1,3,8,14,3,0,Matches
51b41c5c,Morgan Schneiderlin,fr FRA,MF,eng Everton,27,1989,4.3,13,9,2,11,0,2,6,33.3,4,3,2,1,19,32,10,0,Matches
6c7e441a,Aaron Schoenfeld,us USA,"FW,MF",il Maccabi Tel Aviv,27,1990,1.9,0,0,0,0,0,0,0,,0,1,1,0,1,1,4,0,Matches
fa274d97,Nico Schulz,de GER,"FW,MF",de Hoffenheim,24,1993,5.0,12,8,7,3,2,5,11,45.5,6,10,0,10,7,19,9,0,Matches
ecbb3fdf,André Schürrle,de GER,FW,de Dortmund,26,1990,4.0,10,5,5,4,1,6,10,60.0,4,1,0,1,6,16,3,1,Matches
972d595a,Aleksandr Selikhov,ru RUS,GK,ru Spartak Moscow,23,1994,1.0,0,0,0,0,0,0,0,,0,0,0,0,0,0,0,0,Matches
1238a3f9,Davie Selke,de GER,FW,de Hertha BSC,22,1995,2.6,2,1,1,1,0,1,1,100.0,0,0,0,0,1,3,0,0,Matches
1770bd68,Ken Sema,se SWE,"MF,FW",se Östersund,23,1993,8.0,11,8,4,3,4,1,5,20.0,4,7,1,6,10,21,8,0,Matches
c904f3d5,Rúben Semedo,pt POR,DF,es Villarreal,23,1994,1.0,0,0,0,0,0,0,0,,0,0,0,0,1,1,5,1,Matches
7a2cf111,Nuno Sequeira,pt POR,DF,pt Braga,26,1990,2.2,7,5,3,4,0,3,8,37.5,5,2,1,1,7,14,14,0,Matches
63fe0133,Tarkan Serbest,tr TUR,"MF,DF",at Austria Wien,23,1994,5.9,9,5,6,3,0,2,6,33.3,4,6,2,4,9,18,11,0,Matches
a78147dd,Thulani Serero,za RSA,MF,nl Vitesse,27,1990,3.5,8,6,5,3,0,2,8,25.0,6,4,1,3,8,16,3,0,Matches
10efd0e1,Jean Seri,ci CIV,MF,fr Nice,26,1991,4.4,6,6,4,2,0,2,6,33.3,4,3,1,2,0,6,4,0,Matches
52e101a8,Artem Shabanov,ua UKR,DF,ua Dynamo Kyiv,25,1992,0.5,1,1,1,0,0,1,1,100.0,0,1,1,0,0,1,0,0,Matches
17e3e467,Mykola Shaparenko,ua UKR,MF,ua Dynamo Kyiv,18,1998,1.9,6,5,2,3,1,0,3,0.0,3,1,0,1,0,6,0,0,Matches
8ce063f9,Oleg Shatov,ru RUS,"FW,MF",ru Zenit,27,1990,1.3,2,1,0,2,0,1,1,100.0,0,4,0,4,4,6,1,0,Matches
ab6928f2,Georgi Shchennikov,ru RUS,DF,ru CSKA Moscow,26,1991,1.5,0,0,0,0,0,0,0,,0,2,1,1,3,3,2,0,Matches
4326c2a9,Aleksey Shchetkin,kz KAZ,FW,kz FC Astana,26,1991,0.3,0,0,0,0,0,0,0,,0,0,0,0,1,1,0,0,Matches
7b4a62af,Ben Sheaf,eng ENG,MF,eng Arsenal,19,1998,0.0,0,0,0,0,0,0,0,,0,0,0,0,0,0,0,0,Matches
9d0f626a,Orges Shehi,al ALB,GK,al Skënderbeu Korçë,39,1977,6.0,0,0,0,0,0,0,0,,0,0,0,0,0,0,1,1,Matches
a81ed730,Volodymyr Shepelyev,ua UKR,MF,ua Dynamo Kyiv,20,1997,4.9,14,8,4,9,1,5,18,27.8,13,5,1,4,7,21,4,0,Matches
efe679a0,Igor Shitov,by BLR,"DF,MF",kz FC Astana,30,1986,7.1,14,7,7,6,1,8,14,57.1,6,5,1,4,19,33,28,1,Matches
414f7c7d,Donjet Shkodra,xk KVX,MF,al Skënderbeu Korçë,28,1989,0.1,0,0,0,0,0,0,0,,0,1,0,1,0,0,1,0,Matches
a898d91e,Masoud Shojaei,ir IRN,MF,gr AEK Athens,33,1984,1.0,2,1,1,1,0,0,0,,0,2,1,1,1,3,1,0,Matches
54771b10,Dmitriy Shomko,kz KAZ,"DF,MF",kz FC Astana,27,1990,8.0,20,16,12,7,1,15,29,51.7,14,8,3,5,15,35,25,0,Matches
cea0df32,Mikalay Signevich,by BLR,FW,by BATE Borisov,25,1992,3.3,3,2,1,2,0,1,4,25.0,3,3,1,2,1,4,3,0,Matches
76dd1480,Gylfi Sigurðsson,is ISL,"MF,FW",eng Everton,27,1989,3.4,6,5,1,5,0,2,4,50.0,2,7,1,6,1,7,2,0,Matches
2409762c,Alex da Silva,br BRA,MF,cy Apollon Limassol,33,1983,2.3,2,2,0,2,0,0,2,0.0,2,1,0,1,1,3,1,0,Matches
3effaa34,André Silva,pt POR,FW,it Milan,21,1995,8.0,7,2,0,5,2,1,7,14.3,6,3,0,3,2,9,8,0,Matches
1c98558c,João Miguel Macedo Silva,pt POR,GK,pt Vitória,22,1995,3.0,0,0,0,0,0,0,0,,0,0,0,0,0,0,5,0,Matches
2567b7b6,Cristiano da Silva Leite,br BRA,DF,md Sheriff Tiraspol,23,1993,6.0,11,8,5,6,0,7,22,31.8,15,6,0,6,12,23,11,0,Matches
b3aed40d,Raul Silva,br BRA,DF,pt Braga,27,1989,7.0,19,17,13,5,1,15,22,68.2,7,9,5,4,5,24,29,0,Matches
dc4f62fd,Silas Araújo da Silva,br BRA,MF,ua Zorya Luhansk,21,1996,2.7,8,3,3,4,1,2,9,22.2,7,6,1,5,4,12,2,0,Matches
fd4ee68b,André Simões,pt POR,MF,gr AEK Athens,27,1989,7.0,19,12,8,8,3,7,16,43.8,9,9,4,5,13,32,6,0,Matches
c90b2e8f,Jozo Šimunović,hr CRO,DF,sct Celtic,22,1994,2.0,2,1,1,1,0,1,1,100.0,0,2,2,0,3,5,12,0,Matches
273c483b,Scott Sinclair,eng ENG,MF,sct Celtic,28,1989,0.3,0,0,0,0,0,0,0,,0,0,0,0,0,0,0,0,Matches
6257811f,Meris Skenderović,me MNE,MF,de Hoffenheim,19,1998,0.4,0,0,0,0,0,0,0,,0,1,0,1,0,0,0,0,Matches
7bfd96fd,Jørgen Skjelvik,no NOR,DF,no Rosenborg,26,1991,4.1,3,2,3,0,0,2,2,100.0,0,3,1,2,7,10,11,0,Matches
65adf2db,Milan Škoda,cz CZE,FW,cz Slavia Prague,31,1986,0.7,1,0,0,1,0,0,0,,0,0,0,0,0,1,0,0,Matches
ff98492b,Robert Skov,dk DEN,MF,dk FC Copenhagen,21,1996,1.3,2,1,2,0,0,1,2,50.0,1,1,0,1,4,6,0,0,Matches
fd6f2466,Nejc Skubic,si SVN,DF,tr Konyaspor,28,1989,5.5,9,5,6,3,0,3,6,50.0,3,3,0,3,12,21,5,0,Matches
5a5d394c,Simon Sluga,hr CRO,GK,hr Rijeka,24,1993,3.0,0,0,0,0,0,0,0,,0,0,0,0,0,0,0,0,Matches
76d5857d,Igor Smolnikov,ru RUS,DF,ru Zenit,28,1988,3.7,4,3,3,1,0,2,5,40.0,3,4,3,1,6,10,11,0,Matches
ad625c12,Wesley Sneijder,nl NED,"FW,MF",fr Nice,33,1984,1.7,2,0,1,0,1,1,1,100.0,0,1,0,1,0,2,0,0,Matches
9dc39955,Leônidas Soares Damasceno,br BRA,FW,ua Zorya Luhansk,21,1995,0.2,0,0,0,0,0,0,0,,0,1,0,1,0,0,0,0,Matches
2ccd89a3,Eduard Sobol,ua UKR,DF,cz Slavia Prague,22,1995,6.0,18,13,15,2,1,8,13,61.5,5,4,1,3,15,33,25,0,Matches
cbd92a70,Theophilus Solomon,ng NGA,FW,rs Partizan,21,1996,1.0,1,0,1,0,0,0,0,,0,0,0,0,0,1,1,0,Matches
0711c00f,Gabriel Somi,sy SYR,"MF,DF",se Östersund,25,1991,2.9,5,1,4,1,0,3,4,75.0,1,3,1,2,5,10,9,0,Matches
9d4c45d6,Roberto Soriano,it ITA,MF,es Villarreal,26,1991,3.3,10,7,3,6,1,0,5,0.0,5,1,0,1,3,13,1,0,Matches
258aff54,Pieros Sotiriou,cy CYP,FW,dk FC Copenhagen,24,1993,6.9,8,5,2,6,0,0,2,0.0,2,3,1,2,2,10,5,0,Matches
6613c819,Tomáš Souček,cz CZE,MF,cz Slavia Prague,22,1995,5.0,9,8,6,3,0,1,5,20.0,4,3,1,2,14,23,11,0,Matches
57ae16f4,Seydouba Soumah,gn GUI,"MF,FW",rs Partizan,26,1991,3.8,8,5,2,3,3,1,6,16.7,5,7,0,7,1,9,1,0,Matches
4e0afc5d,Arnaud Souquet,fr FRA,DF,fr Nice,25,1992,4.0,9,6,7,2,0,2,6,33.3,4,6,2,4,8,17,12,1,Matches
e4738e91,Dyego Sousa,pt POR,FW,pt Braga,27,1989,3.4,3,2,0,3,0,2,6,33.3,4,3,2,1,5,8,6,0,Matches
4c6facae,Djibril Sow,ch SUI,MF,ch Young Boys,20,1997,3.8,6,5,3,3,0,1,3,33.3,2,2,0,2,5,11,3,0,Matches
84e5adcd,Ali Sowe,gm GAM,FW,al Skënderbeu Korçë,23,1994,5.0,2,1,0,0,2,0,2,0.0,2,1,0,1,1,3,6,0,Matches
3626daea,Leonardo Spinazzola,it ITA,"DF,MF",it Atalanta,24,1993,6.0,7,5,2,5,0,2,7,28.6,5,7,1,6,6,13,10,0,Matches
18682b13,Yuval Spungin,il ISR,DF,il Maccabi Tel Aviv,30,1987,3.0,5,2,1,4,0,3,4,75.0,1,0,0,0,4,9,6,0,Matches
84549a07,Bassem Srarfi,tn TUN,"FW,MF",fr Nice,20,1997,1.1,3,3,1,1,1,0,1,0.0,1,2,1,1,2,5,2,0,Matches
cf8ef0a1,Slavoljub Srnić,rs SRB,FW,rs Red Star,25,1992,5.9,6,2,1,3,2,4,8,50.0,4,4,0,4,3,9,5,0,Matches
27d902c8,Cican Stankovic,at AUT,GK,at RB Salzburg,24,1992,1.0,0,0,0,0,0,0,0,,0,0,0,0,0,0,0,0,Matches
af03f0b9,Marko Stanojević,rs SRB,"MF,FW",kz FC Astana,29,1988,0.7,5,3,1,4,0,1,5,20.0,4,3,0,3,0,5,0,0,Matches
aad48be9,Niklas Stark,de GER,DF,de Hertha BSC,22,1995,3.7,3,1,2,1,0,1,1,100.0,0,3,1,2,2,5,14,0,Matches
4e80a8ef,Ihar Stasevich,by BLR,FW,by BATE Borisov,31,1985,5.7,16,11,7,9,0,3,11,27.3,8,8,1,7,5,21,8,0,Matches
fefce889,Maarten Stekelenburg,nl NED,GK,eng Everton,34,1982,1.0,0,0,0,0,0,0,0,,0,0,0,0,0,0,1,0,Matches
ae0f7da7,Miroslav Stoch,sk SVK,"FW,MF",cz Slavia Prague,27,1989,4.9,2,2,1,1,0,0,4,0.0,4,3,0,3,3,5,1,0,Matches
6b85f966,Valentin Stocker,ch SUI,MF,de Hertha BSC,28,1989,1.1,7,6,2,4,1,2,4,50.0,2,0,0,0,3,10,4,0,Matches
bafcf742,Filip Stojković,me MNE,DF,rs Red Star,24,1993,8.0,25,16,16,9,0,15,23,65.2,8,11,6,5,12,37,28,0,Matches
c089980e,Vladimir Stojković,rs SRB,GK,rs Partizan,34,1983,8.0,0,0,0,0,0,0,1,0.0,1,1,0,1,1,1,4,0,Matches
fb5eb6e0,Marco Storari,it ITA,GK,it Milan,40,1977,1.0,0,0,0,0,0,0,0,,0,0,0,0,0,0,0,0,Matches
339fe0e8,Thomas Strakosha,al ALB,GK,it Lazio,22,1995,10.0,0,0,0,0,0,0,1,0.0,1,0,0,0,0,0,2,1,Matches
dd08d93a,Fábio Sturgeon,pt POR,FW,pt Vitória,23,1994,1.0,2,1,0,2,0,1,2,50.0,1,1,0,1,2,4,1,0,Matches
25c72b36,Leonardo Suárez,ar ARG,MF,es Villarreal,21,1996,0.0,0,0,0,0,0,0,0,,0,0,0,0,0,0,0,0,Matches
aacdfe88,Artem Sukhotskyi,ua UKR,DF,ua Zorya Luhansk,24,1992,6.0,29,20,20,8,1,24,30,80.0,6,8,3,5,15,44,27,0,Matches
615c4d8f,Miralem Sulejmani,rs SRB,MF,ch Young Boys,28,1988,4.7,8,3,4,4,0,1,10,10.0,9,3,0,3,5,13,6,0,Matches
25736bcf,Fulvio Sulmoni,ch SUI,DF,ch Lugano,31,1986,4.0,5,4,2,3,0,4,7,57.1,3,5,3,2,7,12,19,0,Matches
6fd1ba62,Markel Susaeta,es ESP,"FW,MF",es Athletic Club,29,1987,6.1,7,5,2,2,3,2,9,22.2,7,5,0,5,9,16,1,0,Matches
2d49b833,Mateo Sušić,ba BIH,DF,md Sheriff Tiraspol,26,1990,6.0,14,11,7,7,0,4,12,33.3,8,7,1,6,14,28,28,0,Matches
488350bf,Tino-Sven Sušić,ba BIH,MF,il Maccabi Tel Aviv,25,1992,2.4,3,3,1,2,0,1,2,50.0,1,2,0,2,0,3,1,0,Matches
4e219ad2,Suso,es ESP,"FW,MF",it Milan,23,1993,4.8,5,3,1,2,2,2,12,16.7,10,3,1,2,4,9,0,0,Matches
b70be510,Oleksandr Svatok,ua UKR,DF,ua Zorya Luhansk,22,1994,5.8,8,8,6,1,1,6,9,66.7,3,7,6,1,11,19,33,0,Matches
cc89c822,Jakub Świerczok,pl POL,FW,bg Ludogorets,24,1992,1.5,0,0,0,0,0,0,0,,0,0,0,0,0,0,0,0,Matches
c71e97ba,Serhiy Sydorchuk,ua UKR,MF,ua Dynamo Kyiv,26,1991,2.7,6,4,3,1,2,0,7,0.0,7,2,1,1,1,7,1,0,Matches
d820a7c8,Jan Sýkora,cz CZE,FW,cz Slavia Prague,23,1993,3.7,3,3,1,2,0,1,4,25.0,3,3,0,3,3,6,1,0,Matches
53e07d0b,Ádám Szalai,hu HUN,FW,de Hoffenheim,29,1987,0.3,0,0,0,0,0,0,0,,0,0,0,0,0,0,0,0,Matches
68635c10,Frederik Sørensen,dk DEN,DF,de Köln,25,1992,4.0,7,4,3,2,2,1,5,20.0,4,4,2,2,11,18,14,0,Matches
c98971d1,Askhat Tagybergen,kz KAZ,MF,kz FC Astana,26,1990,0.9,2,2,1,1,0,0,1,0.0,1,0,0,0,1,3,4,0,Matches
319322cd,Loai Taha,il ISR,DF,il Be'er Sheva,27,1989,5.0,12,9,10,2,0,6,8,75.0,2,9,7,2,8,20,15,1,Matches
ef4249ff,Ismael Tajouri-Shradi,ly LBY,"MF,FW",at Austria Wien,23,1994,3.2,3,3,2,1,0,3,3,100.0,0,2,0,2,4,7,1,1,Matches
998d5709,Afrim Taku,al ALB,"FW,MF",al Skënderbeu Korçë,27,1989,3.1,2,2,2,0,0,0,1,0.0,1,0,0,0,1,3,1,0,Matches
8da74c05,Adrien Tameze,cm CMR,"MF,DF",fr Nice,23,1994,0.9,1,1,0,1,0,0,0,,0,0,0,0,5,6,2,1,Matches
3d7b7d68,Cristian Tănase,ro ROU,MF,ro FCSB,30,1987,0.1,0,0,0,0,0,0,1,0.0,1,0,0,0,0,0,0,0,Matches
b175c21c,Florin Tănase,ro ROU,"FW,MF",ro FCSB,22,1994,4.4,1,0,1,0,0,0,4,0.0,4,3,0,3,5,6,4,0,Matches
ffd740c5,Dmitri Tarasov,ru RUS,MF,ru Loko Moscow,30,1987,4.7,18,9,13,5,0,9,20,45.0,11,7,0,7,12,30,9,0,Matches
7f5ca4f8,Serdar Tasci,de GER,DF,ru Spartak Moscow,30,1987,1.1,2,1,1,1,0,2,2,100.0,0,0,0,0,4,6,2,0,Matches
dcd160e4,Léandre Tawamba,cm CMR,FW,rs Partizan,27,1989,7.7,5,5,2,3,0,1,3,33.3,2,3,0,3,0,5,9,1,Matches
afda7d82,Filipe Teixeira,pt POR,"FW,MF",ro FCSB,36,1980,4.0,11,9,3,6,2,1,10,10.0,9,6,1,5,8,19,3,0,Matches
80a479ab,Pedro Teixeira,ch SUI,MF,ch Young Boys,18,1998,1.0,2,1,0,2,0,0,0,,0,1,0,1,1,3,2,0,Matches
bfe272bd,Mahmut Tekdemir,tr TUR,MF,tr Başakşehir,29,1988,0.4,1,1,1,0,0,0,0,,0,2,2,0,1,2,0,0,Matches
ed16934e,Tesfaldet Tekie,se SWE,MF,se Östersund,20,1997,0.9,2,0,0,1,1,1,4,25.0,3,0,0,0,0,2,0,0,Matches
120c594d,Denis Terentyev,ru RUS,DF,ru Zenit,24,1992,1.1,6,5,3,1,2,2,2,100.0,0,1,1,0,4,10,1,0,Matches
efc33b33,Georgi Terziev,bg BUL,"DF,FW",bg Ludogorets,25,1992,1.1,0,0,0,0,0,0,0,,0,1,1,0,1,1,11,0,Matches
77d7c96f,Kenny Tete,nl NED,DF,fr Lyon,21,1995,4.0,9,5,6,3,0,3,3,100.0,0,5,0,5,7,16,13,0,Matches
a2560346,Samuel Tetteh,gh GHA,FW,at RB Salzburg,21,1996,0.0,0,0,0,0,0,0,0,,0,0,0,0,0,0,0,0,Matches
b8fb9e84,David Texeira,uy URU,FW,pt Vitória,26,1991,1.2,5,2,0,5,0,0,0,,0,0,0,0,0,5,1,0,Matches
2b9fdeea,Florian Thauvin,fr FRA,"FW,MF",fr Marseille,24,1993,8.5,15,11,5,8,2,5,15,33.3,10,11,0,11,2,17,6,0,Matches
e2bf2abc,Nicolaj Thomsen,dk DEN,MF,dk FC Copenhagen,24,1993,1.1,2,1,1,1,0,0,2,0.0,2,0,0,0,5,7,1,0,Matches
0027c6cc,Eitan Tibi,il ISR,DF,il Maccabi Tel Aviv,29,1987,3.2,13,8,8,5,0,10,11,90.9,1,3,2,1,5,18,21,0,Matches
fce2302c,Kieran Tierney,sct SCO,DF,sct Celtic,20,1997,2.0,4,1,1,1,2,1,3,33.3,2,3,1,2,2,6,4,0,Matches
a96e5dc0,Jeremy Toljan,de GER,DF,de Dortmund,22,1994,1.5,3,2,1,1,1,1,4,25.0,3,1,0,1,4,7,6,1,Matches
c56dc39e,Rafael Tolói,it ITA,DF,it Atalanta,26,1990,5.0,7,4,3,2,2,3,8,37.5,5,3,3,0,10,17,22,1,Matches
ead960f2,Marin Tomasov,hr CRO,"MF,FW",kz FC Astana,29,1987,5.1,8,7,2,4,2,3,8,37.5,5,6,0,6,4,12,2,0,Matches
8cc29864,Lorenzo Tonelli,it ITA,DF,it Napoli,27,1990,2.0,1,1,0,1,0,0,0,,0,1,1,0,4,5,5,0,Matches
c5fd13e9,Ömer Toprak,tr TUR,DF,de Dortmund,28,1989,3.0,2,1,1,1,0,0,3,0.0,3,5,2,3,3,5,7,0,Matches
bdf7b97d,Fernando Torres,es ESP,FW,es Atlético Madrid,33,1984,2.7,4,2,3,1,0,2,7,28.6,5,0,0,0,0,4,3,0,Matches
532e1e4f,Pau Torres,es ESP,DF,es Villarreal,20,1997,1.0,1,1,1,0,0,1,1,100.0,0,2,2,0,0,1,2,0,Matches
d46ce637,Tunay Torun,tr TUR,"MF,FW",tr Başakşehir,27,1990,1.7,2,2,1,0,1,1,2,50.0,1,2,0,2,1,3,2,0,Matches
f86cabbd,Jordan Torunarigha,de GER,DF,de Hertha BSC,19,1997,3.0,9,8,3,5,1,7,9,77.8,2,3,0,3,9,18,9,0,Matches
314a0ea4,Zoran Tošić,rs SRB,MF,rs Partizan,30,1987,4.9,4,4,4,0,0,3,8,37.5,5,3,0,3,4,8,2,0,Matches
71ec39ef,Lucas Tousart,fr FRA,MF,fr Lyon,20,1997,8.5,26,16,9,14,3,8,18,44.4,10,15,4,11,17,43,21,0,Matches
cfa65a2e,Youssef Toutouh,dk DEN,MF,dk FC Copenhagen,24,1992,1.8,9,7,4,5,0,1,2,50.0,1,1,1,0,0,9,1,0,Matches
c47541e0,Bertrand Traoré,bf BFA,"FW,MF",fr Lyon,21,1995,6.0,14,11,10,4,0,2,6,33.3,4,3,0,3,8,22,7,0,Matches
4c5e78da,Ibrahim Traoré,ci CIV,MF,cz Fastav Zlín,28,1988,5.0,6,6,2,3,1,1,7,14.3,6,5,0,5,3,9,6,0,Matches
963829d0,Manu Trigueros,es ESP,MF,es Villarreal,25,1991,6.5,10,7,4,5,1,2,12,16.7,10,7,0,7,1,11,11,0,Matches
f6d4b6b2,Zlatko Tripić,no NOR,FW,md Sheriff Tiraspol,24,1992,0.0,0,0,0,0,0,0,0,,0,0,0,0,0,0,1,0,Matches
438ae11e,Anders Trondsen,no NOR,MF,no Rosenborg,22,1995,5.0,11,7,5,4,2,6,9,66.7,3,4,1,3,5,16,5,0,Matches
705f5269,Panagiotis Tsintotas,gr GRE,GK,gr AEK Athens,24,1993,1.0,0,0,0,0,0,0,0,,0,0,0,0,0,0,0,0,Matches
f7e87032,Viktor Tsyhankov,ua UKR,"FW,MF",ua Dynamo Kyiv,19,1997,7.2,10,7,2,7,1,3,6,50.0,3,1,0,1,6,16,8,0,Matches
aaee68f1,Jasse Tuominen,fi FIN,"FW,DF",by BATE Borisov,21,1995,0.3,0,0,0,0,0,0,0,,0,2,0,2,1,1,0,0,Matches
1e415dd6,Ali Turan,tr TUR,DF,tr Konyaspor,33,1983,4.0,6,3,5,1,0,2,8,25.0,6,3,2,1,5,11,19,0,Matches
e3993b65,Patrick Twumasi,gh GHA,"MF,FW",kz FC Astana,23,1994,8.0,8,6,4,3,1,6,13,46.2,7,6,0,6,6,14,2,0,Matches
02f4b798,Adam Tzanetopoulos,gr GRE,DF,gr AEK Athens,22,1995,1.6,1,1,1,0,0,0,2,0.0,2,2,1,1,7,8,6,0,Matches
11a1a615,Shir Tzedek,il ISR,DF,il Be'er Sheva,27,1989,1.0,3,2,2,1,0,3,3,100.0,0,0,0,0,2,5,2,0,Matches
1a799243,Andreas Ulmer,at AUT,DF,at RB Salzburg,31,1985,14.1,40,24,18,19,3,24,48,50.0,24,17,2,15,17,57,31,0,Matches
f8eca1b6,Enes Ünal,tr TUR,FW,es Villarreal,20,1997,3.2,0,0,0,0,0,0,0,,0,2,0,2,0,0,2,0,Matches
d248cd8f,Dayot Upamecano,fr FRA,DF,de RB Leipzig,18,1998,5.7,10,4,5,5,0,5,9,55.6,4,3,1,2,3,13,41,1,Matches
418befe0,Slobodan Urošević,rs SRB,DF,rs Partizan,23,1994,2.0,10,7,7,3,0,5,6,83.3,1,3,0,3,4,14,8,0,Matches
a3ddb1b9,Mark Uth,de GER,"FW,MF",de Hoffenheim,25,1991,2.2,4,3,1,3,0,4,8,50.0,4,0,0,0,2,6,1,0,Matches
ce6480b1,Alyaksandr Valadzko,by BLR,MF,by BATE Borisov,31,1986,3.8,11,6,5,3,3,4,9,44.4,5,6,0,6,10,21,4,0,Matches
eddcbbc4,Maksim Valadzko,by BLR,"DF,FW",by BATE Borisov,24,1992,3.3,7,6,7,0,0,4,8,50.0,4,7,1,6,4,11,5,0,Matches
7750462c,Bruno Vale,pt POR,GK,cy Apollon Limassol,34,1983,5.0,0,0,0,0,0,0,0,,0,1,0,1,0,0,0,1,Matches
2d3b60c1,Marcos Valente,pt POR,DF,pt Vitória,23,1994,2.0,0,0,0,0,0,0,0,,0,1,1,0,2,2,6,0,Matches
c0321811,Kristi Vangjeli,al ALB,DF,al Skënderbeu Korçë,31,1985,6.0,28,23,14,13,1,14,20,70.0,6,12,1,11,17,45,17,0,Matches
4d64b28e,Ivan Vargić,hr CRO,GK,it Lazio,30,1987,2.0,0,0,0,0,0,0,0,,0,0,0,0,0,0,1,0,Matches
dd2044f4,Giorgos Vasiliou,cy CYP,DF,cy Apollon Limassol,33,1984,1.9,4,4,3,1,0,1,1,100.0,0,3,0,3,4,8,9,0,Matches
f69d4d79,Viktor Vasin,ru RUS,DF,ru CSKA Moscow,28,1988,1.3,2,0,0,2,0,1,2,50.0,1,2,1,1,2,4,7,0,Matches
08990838,Denis Vavro,sk SVK,DF,dk FC Copenhagen,21,1996,8.0,7,6,5,2,0,2,4,50.0,2,6,5,1,11,18,44,0,Matches
173eb3cd,Bálint Vécsei,hu HUN,MF,ch Lugano,24,1993,2.3,7,4,3,4,0,3,10,30.0,7,3,2,1,4,11,6,0,Matches
e0cd04e0,Carlos Vela,mx MEX,FW,es Real Sociedad,28,1989,1.3,1,1,0,1,0,0,0,,0,0,0,0,0,1,0,0,Matches
d8ff3b2c,Darko Velkovski,mk MKD,"DF,MF",mk FK Vardar,22,1995,1.3,1,1,1,0,0,1,2,50.0,1,0,0,0,3,4,1,0,Matches
6be86f3d,Lucas Venuto,br BRA,MF,at Austria Wien,22,1995,0.2,0,0,0,0,0,0,0,,0,0,0,0,0,0,0,0,Matches
2ebc1b44,Benjamin Verbič,si SVN,"MF,FW",dk FC Copenhagen,23,1993,4.9,9,5,3,3,3,0,3,0.0,3,5,0,5,10,19,3,0,Matches
b0fce72c,Mikel Vesga,es ESP,MF,es Athletic Club,24,1993,2.1,3,2,0,2,1,1,3,33.3,2,1,0,1,1,4,3,0,Matches
24baba9d,Marko Vešović,me MNE,DF,hr Rijeka,25,1991,6.0,20,12,17,1,2,4,10,40.0,6,5,0,5,5,25,20,0,Matches
c5ea2dab,Bruno Viana,br BRA,DF,pt Braga,22,1995,3.0,3,2,3,0,0,3,3,100.0,0,5,1,4,6,9,13,1,Matches
3f359b33,Domagoj Vida,hr CRO,DF,ua Dynamo Kyiv,28,1989,3.9,4,4,2,2,0,2,3,66.7,1,6,5,1,4,8,26,0,Matches
9731ab71,João Vigário,pt POR,DF,pt Vitória,21,1995,0.5,2,1,2,0,0,0,2,0.0,2,0,0,0,0,2,1,0,Matches
da1185fc,Edin Višća,ba BIH,FW,tr Başakşehir,27,1990,4.3,5,5,3,1,1,3,4,75.0,1,3,0,3,4,9,1,0,Matches
a9e68c94,Vitinho,br BRA,"FW,MF",ru CSKA Moscow,23,1993,3.0,6,5,2,3,1,2,11,18.2,9,1,0,1,3,9,0,0,Matches
db750822,Vitolo,es ESP,"MF,FW",es Atlético Madrid,27,1989,3.0,5,4,4,1,0,1,17,5.9,16,3,0,3,2,7,3,0,Matches
15b949ab,Miguel Vítor,il ISR,DF,il Be'er Sheva,28,1989,1.8,8,7,3,4,1,5,6,83.3,1,0,0,0,10,18,3,0,Matches
8b3fd3af,Andrei Vlad,ro ROU,GK,ro FCSB,18,1999,4.0,0,0,0,0,0,0,1,0.0,1,0,0,0,1,1,0,0,Matches
aa8e289e,Nikola Vlašić,hr CRO,"FW,MF",eng Everton,19,1997,4.0,7,3,1,3,3,2,12,16.7,10,9,0,9,6,13,6,0,Matches
1d8e9add,Kevin Vogt,de GER,DF,de Hoffenheim,25,1991,4.3,7,4,6,1,0,5,5,100.0,0,6,5,1,5,12,14,0,Matches
b8ae831b,Ognjen Vranješ,ba BIH,DF,gr AEK Athens,27,1989,7.0,19,15,15,4,0,13,19,68.4,6,2,2,0,18,37,38,0,Matches
e704919e,Dorus de Vries,nl NED,GK,sct Celtic,36,1980,2.0,0,0,0,0,0,0,0,,0,0,0,0,0,0,0,1,Matches
d0d8dd44,Stefan de Vrij,nl NED,DF,it Lazio,25,1992,7.0,9,8,6,3,0,6,7,85.7,1,10,6,4,10,19,21,0,Matches
46a8347f,Šime Vrsaljko,hr CRO,DF,es Atlético Madrid,25,1992,1.6,3,1,1,2,0,2,3,66.7,1,0,0,0,3,6,8,0,Matches
a26c1727,Vukadin Vukadinović,rs SRB,"MF,FW",cz Fastav Zlín,26,1990,4.3,8,3,5,1,2,0,4,0.0,4,5,0,5,2,10,1,0,Matches
4442fbcd,Nikola Vukčević,me MNE,MF,pt Braga,25,1991,8.0,20,16,5,13,2,9,21,42.9,12,10,1,9,13,33,11,0,Matches
71a998b9,Miroslav Vulićević,rs SRB,DF,rs Partizan,32,1985,8.0,17,12,10,6,1,5,14,35.7,9,10,4,6,15,32,31,0,Matches
61b0b44d,Sandro Wagner,de GER,FW,de Hoffenheim,29,1987,3.0,4,2,0,3,1,1,2,50.0,1,0,0,0,0,4,1,0,Matches
41afd8cf,Alhassan Wakaso,gh GHA,"MF,DF",pt Vitória,25,1992,4.4,12,6,9,3,0,3,9,33.3,6,5,3,2,12,24,9,0,Matches
1ecb65be,Theo Walcott,eng ENG,"MF,FW",eng Arsenal,28,1989,4.7,2,2,0,2,0,0,3,0.0,3,3,0,3,2,4,1,0,Matches
0be3255b,Alexander Walke,de GER,GK,at RB Salzburg,34,1983,13.3,1,1,1,0,0,1,1,100.0,0,0,0,0,0,1,4,0,Matches
d61b3354,Wallace,br BRA,DF,it Lazio,22,1994,1.2,3,2,1,2,0,1,1,100.0,0,0,0,0,4,7,1,0,Matches
c43a8301,Sandy Walsh,nl NED,DF,be Zulte Waregem,22,1995,3.7,6,4,2,3,1,2,4,50.0,2,3,2,1,3,9,15,0,Matches
0984c5d5,Rémi Walter,fr FRA,"FW,MF",fr Nice,22,1995,2.1,4,3,2,2,0,1,3,33.3,2,3,0,3,1,5,3,0,Matches
fb054320,Wanderson,bg BUL,"FW,MF",bg Ludogorets,29,1988,7.4,6,5,4,2,0,1,3,33.3,2,7,1,6,3,9,1,1,Matches
346d51d9,Julian Weigl,de GER,MF,de Dortmund,21,1995,1.9,11,6,5,5,1,4,9,44.4,5,3,0,3,5,16,4,0,Matches
30c220c3,Mitchell Weiser,de GER,"MF,FW",de Hertha BSC,23,1994,4.1,8,5,4,4,0,6,10,60.0,4,4,0,4,4,12,1,0,Matches
ce5143da,Danny Welbeck,eng ENG,"FW,MF",eng Arsenal,26,1990,8.5,11,8,2,7,2,2,12,16.7,10,11,2,9,5,16,14,0,Matches
d7398ac3,Pontus Wernbloom,se SWE,"FW,DF",ru CSKA Moscow,31,1986,5.0,8,6,3,4,1,4,8,50.0,4,3,0,3,1,9,6,0,Matches
c0b1a6da,Axel Werner,ar ARG,GK,es Atlético Madrid,21,1996,2.0,0,0,0,0,0,0,0,,0,0,0,0,0,0,0,0,Matches
49fe9070,Timo Werner,de GER,FW,de RB Leipzig,21,1996,4.9,2,2,1,1,0,0,6,0.0,6,8,0,8,1,3,1,0,Matches
7beecde1,Heiko Westermann,de GER,DF,at Austria Wien,33,1983,2.5,2,2,1,1,0,1,4,25.0,3,3,2,1,4,6,9,0,Matches
512a52c6,Dennis Widgren,se SWE,DF,se Östersund,23,1994,4.6,9,8,4,5,0,8,15,53.3,7,11,1,10,6,15,11,0,Matches
a498e276,Ashley Williams,wls WAL,DF,eng Everton,32,1984,4.0,5,3,5,0,0,3,3,100.0,0,4,3,1,6,11,14,1,Matches
6a99e0b1,Iñaki Williams,gh GHA,FW,es Athletic Club,23,1994,8.8,9,7,2,7,0,2,23,8.7,21,8,0,8,5,14,2,0,Matches
a3b03921,Joe Willock,eng ENG,MF,eng Arsenal,17,1999,3.0,11,10,7,3,1,3,6,50.0,3,8,1,7,4,15,0,0,Matches
9c318325,Jack Wilshere,eng ENG,MF,eng Arsenal,25,1992,11.4,4,3,1,2,1,3,7,42.9,4,11,1,10,3,7,6,0,Matches
2077ae86,Jonas Wind,dk DEN,FW,dk FC Copenhagen,18,1999,0.1,0,0,0,0,0,0,0,,0,1,0,1,0,0,0,0,Matches
be42a291,Hannes Wolf,at AUT,"MF,FW",at RB Salzburg,18,1999,4.5,8,6,2,3,3,1,15,6.7,14,3,0,3,1,9,0,0,Matches
0e61c46b,Marco Wölfli,ch SUI,GK,ch Young Boys,34,1982,1.0,0,0,0,0,0,0,0,,0,0,0,0,0,0,1,0,Matches
7b9ecf02,Gregory Wüthrich,ch SUI,DF,ch Young Boys,22,1994,2.9,2,1,1,1,0,1,3,33.3,2,1,1,0,9,11,22,0,Matches
4f182a8f,Xadas,pt POR,"MF,FW",pt Braga,19,1997,2.9,3,3,2,1,0,2,4,50.0,2,3,0,3,3,6,0,0,Matches
e61b8aee,Granit Xhaka,ch SUI,MF,eng Arsenal,24,1992,5.5,8,7,4,2,2,3,8,37.5,5,10,5,5,7,15,19,0,Matches
474cf8e0,Evgeni Yablonski,by BLR,MF,by BATE Borisov,22,1995,0.2,1,1,1,0,0,0,1,0.0,1,1,1,0,1,2,0,0,Matches
7dca49f6,Reinhold Yabo,de GER,MF,at RB Salzburg,25,1992,3.2,5,3,0,4,1,2,7,28.6,5,6,0,6,3,8,5,0,Matches
ce940592,Sheran Yeini,il ISR,"MF,DF",il Maccabi Tel Aviv,30,1986,5.0,8,5,1,6,1,6,7,85.7,1,8,4,4,9,17,13,0,Matches
d0a01d27,Andrey Yeshchenko,ru RUS,DF,ru Spartak Moscow,33,1984,2.0,13,9,6,6,1,5,7,71.4,2,1,0,1,3,16,5,0,Matches
e8d0a3a1,Barak Yitzhaki,il ISR,FW,il Maccabi Tel Aviv,32,1984,0.0,0,0,0,0,0,0,0,,0,0,0,0,0,0,0,0,Matches
423e3d0b,Ytalo,br BRA,FW,mk FK Vardar,29,1988,3.8,3,1,0,3,0,0,3,0.0,3,1,1,0,2,5,2,0,Matches
f50a668a,Héctor Yuste,es ESP,DF,cy Apollon Limassol,29,1988,5.0,10,8,9,1,0,6,8,75.0,2,4,4,0,10,20,25,1,Matches
5a969ba8,Anton Zabolotny,ru RUS,FW,ru Zenit,26,1991,3.4,5,1,1,4,0,3,4,75.0,1,1,0,1,1,6,1,0,Matches
a4effc55,Dan-Axel Zagadou,fr FRA,DF,de Dortmund,18,1999,1.0,4,2,0,3,1,2,3,66.7,1,2,2,0,3,7,8,0,Matches
6bb2c084,Andre-Frank Zambo Anguissa,cm CMR,MF,fr Marseille,21,1995,6.5,21,12,10,9,2,4,12,33.3,8,12,2,10,18,39,10,2,Matches
741e058f,Niccolò Zanellato,it ITA,MF,it Milan,19,1998,0.8,1,1,0,1,0,0,1,0.0,1,1,0,1,3,4,0,0,Matches
b1deecf8,Cristián Zapata,co COL,DF,it Milan,30,1986,4.0,6,5,6,0,0,0,0,,0,2,1,1,3,9,13,0,Matches
bbddc31f,Saša Zdjelar,rs SRB,MF,rs Partizan,22,1995,1.0,2,2,1,1,0,0,1,0.0,1,1,0,1,2,4,3,0,Matches
f15b778f,Zeca,gr GRE,MF,dk FC Copenhagen,28,1988,5.0,20,15,8,12,0,5,10,50.0,5,0,0,0,8,28,7,0,Matches
c6500a29,Emilio Zelaya,ar ARG,FW,cy Apollon Limassol,30,1987,2.7,1,1,0,1,0,0,4,0.0,4,0,0,0,0,1,2,0,Matches
917ddcdf,Lukáš Železník,cz CZE,"FW,MF",cz Fastav Zlín,27,1990,2.4,0,0,0,0,0,0,1,0.0,1,2,1,1,0,0,1,0,Matches
b2db927b,Martin Zeman,cz CZE,FW,cz Viktoria Plzeň,28,1989,3.8,4,3,3,1,0,1,4,25.0,3,0,0,0,4,8,5,0,Matches
ed2b33cb,Yuri Zhirkov,ru RUS,"DF,MF",ru Zenit,33,1983,2.4,8,5,7,1,0,4,8,50.0,4,0,0,0,4,12,6,0,Matches
a5296e55,Piotr Zieliński,pl POL,"FW,MF",it Napoli,23,1994,2.0,0,0,0,0,0,0,3,0.0,3,1,0,1,1,1,1,0,Matches
601be846,Diego Živulić,hr CRO,MF,cz Viktoria Plzeň,25,1992,0.7,4,3,2,2,0,2,3,66.7,1,1,0,1,3,7,2,0,Matches
fcd24f5f,Zdeněk Zlámal,cz CZE,GK,cz Fastav Zlín,31,1985,3.0,0,0,0,0,0,0,0,,0,0,0,0,0,0,1,0,Matches
cbec1196,Jaromír Zmrhal,cz CZE,FW,cz Slavia Prague,23,1993,4.0,3,3,1,1,1,0,4,0.0,4,3,0,3,4,7,7,0,Matches
0a215326,Roman Zobnin,ru RUS,"FW,MF",ru Spartak Moscow,23,1994,2.0,4,4,3,1,0,1,4,25.0,3,4,1,3,1,5,1,0,Matches
29f7cfd9,Simon Zoller,de GER,"FW,MF",de Köln,26,1991,2.6,1,1,0,0,1,0,1,0.0,1,3,0,3,1,2,2,0,Matches
5594dfa6,Niv Zrihan,il ISR,"FW,MF",il Be'er Sheva,23,1994,0.5,1,1,1,0,0,0,2,0.0,2,2,0,2,0,1,0,0,Matches
5c7845f6,Igor Zubeldia,es ESP,MF,es Real Sociedad,20,1997,3.2,4,2,2,2,0,1,2,50.0,1,1,0,1,1,5,0,0,Matches
b6a6e0a7,Steven Zuber,ch SUI,"FW,DF",de Hoffenheim,25,1991,2.6,9,8,6,3,0,7,13,53.8,6,4,0,4,5,14,5,0,Matches
f2e3b81c,Robert Žulj,at AUT,FW,de Hoffenheim,25,1992,0.8,1,1,0,1,0,0,1,0.0,1,1,0,1,0,1,0,0,Matches
c6f99e42,Dario Župarić,ba BIH,DF,hr Rijeka,25,1992,6.0,11,7,7,4,0,6,10,60.0,4,5,2,3,11,22,38,1,Matches
d9bda115,David Zurutuza,es ESP,MF,es Real Sociedad,31,1986,4.1,5,2,0,4,1,1,5,20.0,4,5,0,5,10,15,2,0,Matches
248be14f,Leonard Zuta,mk MKD,DF,hr Rijeka,24,1992,6.0,11,4,7,4,0,6,12,50.0,6,1,1,0,9,20,19,0,Matches
3d227f54,Petar Đuričković,rs SRB,MF,rs Partizan,26,1991,0.1,0,0,0,0,0,0,0,,0,0,0,0,0,0,0,0,Matches
Besar-Iseni,Besar Iseni,,,mk FK Vardar,,,0.2,,,,,,,,,,,,,,,,,Matches
Binyam-Belay,Binyam Belay,,,al Skënderbeu Korçë,,,0.8,,,,,,,,,,,,,,,,,Matches
Filip-Stojchevski,Filip Stojchevski,,,mk FK Vardar,,,0.2,,,,,,,,,,,,,,,,,Matches
Petr-Hronek,Petr Hronek,,,cz Fastav Zlín,,,0.7,,,,,,,,,,,,,,,,,Matches
