id,Player,Nation,Pos,Squad,Age,Born,90s,Tkl,TklW,Def 3rd,Mid 3rd,Att 3rd,Tkl.1,Att,Tkl%,Lost,Blocks,Sh,Pass,Int,Tkl+Int,Clr,Err,Matches
c2304da8,Hatem Abd Elhamed,il ISR,DF,sct Celtic,28,1991,3.8,8,5,4,4,0,4,10,40.0,6,5,2,3,10,18,12,0,Matches
db265666,Araz Abdullayev,az AZE,"MF,FW",az Qarabağ Ağdam,27,1992,1.6,2,2,1,1,0,1,4,25.0,3,1,0,1,0,2,1,1,Matches
4c07f0e8,Anicet Abel,mg MAD,MF,bg Ludogorets,29,1990,6.3,15,11,11,3,1,8,12,66.7,4,2,0,2,7,22,11,0,Matches
8c6239f2,Myenty Abena,sr SUR,DF,sk Slovan Bratislava,24,1994,6.0,4,1,2,2,0,2,4,50.0,2,10,8,2,6,10,22,0,Matches
469d3d84,Charles Abi,fr FRA,"FW,MF",fr Saint-Étienne,19,2000,0.4,1,1,1,0,0,0,0,,0,1,0,1,0,1,0,0,Matches
8bc373ea,Pape Abou Cissé,sn SEN,DF,gr Olympiacos,23,1995,3.0,3,3,3,0,0,2,2,100.0,0,1,1,0,3,6,16,0,Matches
8637e09a,Vincent Aboubakar,cm CMR,FW,pt Porto,27,1992,1.0,0,0,0,0,0,0,0,,0,1,0,1,1,1,2,0,Matches
c2a6033c,Zakaria Aboukhlal,ma MAR,FW,nl AZ Alkmaar,19,2000,0.2,1,1,1,0,0,1,1,100.0,0,0,0,0,0,1,1,0,Matches
565bf0da,David Abraham,ar ARG,DF,de Eint Frankfurt,33,1986,9.0,18,8,15,3,0,13,31,41.9,18,10,4,6,12,30,23,1,Matches
b96b595c,Francesco Acerbi,it ITA,DF,it Lazio,31,1988,6.0,9,5,4,3,2,5,6,83.3,1,7,3,4,14,23,20,1,Matches
81442ecb,Marcos Acuña,ar ARG,DF,pt Sporting CP,27,1991,6.1,16,10,12,4,0,4,7,57.1,3,10,1,9,5,21,12,0,Matches
884a8908,Samuel Adegbenro,ng NGA,FW,no Rosenborg,23,1995,5.4,3,2,0,0,3,1,4,25.0,3,3,0,3,2,5,3,0,Matches
3ed84b2c,Bobby Adekanye,nl NED,FW,it Lazio,20,1999,1.1,0,0,0,0,0,0,1,0.0,1,1,0,1,1,1,0,0,Matches
b3c14bff,Kemal Ademi,ch SUI,FW,ch Basel,23,1996,3.5,2,1,0,1,1,1,2,50.0,1,1,0,1,0,2,5,0,Matches
501055d8,Karim Adeyemi,de GER,MF,at RB Salzburg,17,2002,0.5,0,0,0,0,0,0,0,,0,1,0,1,0,0,0,0,Matches
f9c927de,Michel Aebischer,ch SUI,MF,ch Young Boys,22,1997,5.2,7,4,3,3,1,4,18,22.2,14,4,1,3,7,14,10,0,Matches
5e9fa5c9,Mikel Agu,ng NGA,MF,pt Vitória,26,1993,4.8,11,6,8,3,0,6,12,50.0,6,2,1,1,13,24,10,0,Matches
eab957a3,Anel Ahmedhodzic,ba BIH,DF,se Malmö,20,1999,2.0,4,1,2,2,0,2,5,40.0,3,2,1,1,5,9,4,0,Matches
48b28bfd,Jean-Eudes Aholou,ci CIV,MF,fr Saint-Étienne,25,1994,2.7,5,4,1,3,1,1,4,25.0,3,1,0,1,4,9,4,0,Matches
74ced675,Ailton,br BRA,DF,az Qarabağ Ağdam,24,1995,6.0,27,14,17,10,0,14,26,53.8,12,3,0,3,9,36,12,0,Matches
a8c0acb7,Kristoffer Ajer,no NOR,DF,sct Celtic,21,1998,7.5,15,8,8,7,0,6,11,54.5,5,4,2,2,15,30,19,0,Matches
e0d3e18d,Ilzat Akhmetov,ru RUS,MF,ru CSKA Moscow,21,1997,3.9,5,1,2,3,0,2,7,28.6,5,2,0,2,7,12,4,0,Matches
42ec696a,Igor Akinfeev,ru RUS,GK,ru CSKA Moscow,33,1986,5.0,1,0,1,0,0,1,2,50.0,1,0,0,0,0,1,1,1,Matches
5529e983,Babajide Akintola,ng NGA,FW,no Rosenborg,23,1996,2.8,5,4,3,1,1,2,3,66.7,1,3,2,1,1,6,3,0,Matches
cc55da2a,Muhammet Akpınar,tr TUR,FW,tr Trabzonspor,17,2002,2.2,5,3,0,4,1,1,3,33.3,2,1,0,1,1,6,3,0,Matches
96cf436e,Nana Akwasi Asare,gh GHA,DF,be Gent,33,1986,5.0,7,3,5,2,0,3,6,50.0,3,9,3,6,7,14,16,0,Matches
834d0be5,Lucas Alario,ar ARG,FW,de Leverkusen,26,1992,1.9,2,0,1,1,0,0,4,0.0,4,1,1,0,0,2,3,0,Matches
5294a83f,Luis Alberto,es ESP,MF,it Lazio,26,1992,2.3,3,2,1,1,1,2,6,33.3,4,0,0,0,0,3,2,0,Matches
bb08bce9,Omar Alderete,py PAR,DF,ch Basel,22,1996,10.0,15,9,14,1,0,7,17,41.2,10,16,12,4,11,26,53,2,Matches
d849ef0f,Alef,br BRA,MF,cy APOEL,24,1995,2.6,6,5,2,4,0,1,3,33.3,2,6,1,5,5,11,5,0,Matches
d68cb24c,Danijel Aleksić,rs SRB,MF,tr Başakşehir,28,1991,4.8,8,6,4,2,2,2,14,14.3,12,4,1,3,4,12,2,0,Matches
cd6a1a59,Almoatasembellah Ali,ly LBY,MF,pt Vitória,23,1996,1.0,1,0,1,0,0,0,1,0.0,1,1,0,1,1,2,3,0,Matches
8870154f,Bobby Allain,fr FRA,GK,gr Olympiacos,27,1991,1.0,0,0,0,0,0,0,0,,0,0,0,0,0,0,0,0,Matches
e6697917,Domingos André Ribeiro Almeida,pt POR,MF,pt Vitória,19,2000,0.7,0,0,0,0,0,0,1,0.0,1,0,0,0,0,0,1,0,Matches
bdf8165d,Richard Almeida,az AZE,MF,az Qarabağ Ağdam,30,1989,5.5,11,7,5,4,2,9,16,56.3,7,4,0,4,9,20,5,1,Matches
cb7786d5,Stathis Aloneftis,cy CYP,"FW,MF",cy APOEL,36,1983,0.8,3,0,0,3,0,1,2,50.0,1,0,0,0,0,3,0,0,Matches
8ce30c57,Éder Álvarez Balanta,co COL,MF,be Club Brugge,26,1993,0.5,2,1,0,2,0,1,1,100.0,0,0,0,0,1,3,0,0,Matches
8b3ab7ad,Edson Álvarez,mx MEX,DF,nl Ajax,21,1997,0.7,3,3,3,0,0,2,3,66.7,1,1,0,1,0,3,1,0,Matches
00eba9c9,Selim Amallah,ma MAR,"MF,FW",be Standard Liège,22,1996,3.1,7,6,4,2,1,2,5,40.0,3,2,1,1,5,12,1,0,Matches
555d5edd,Nadiem Amiri,de GER,MF,de Leverkusen,22,1996,2.3,2,0,1,1,0,2,8,25.0,6,2,0,2,2,4,4,0,Matches
6ea23758,Andrés Andrade Cedeño,pa PAN,DF,at LASK,20,1998,0.9,3,0,2,1,0,2,2,100.0,0,1,1,0,4,7,2,0,Matches
ef8f266e,Pål André Helland,no NOR,FW,no Rosenborg,29,1990,1.1,0,0,0,0,0,0,4,0.0,4,0,0,0,0,0,0,0,Matches
db2e8273,Marc Andre Schmerböck,at AUT,"FW,MF",at Wolfsberger AC,25,1994,0.1,0,0,0,0,0,0,0,,0,0,0,0,0,0,0,0,Matches
108fe016,Marcos Antônio,br BRA,MF,ua Shakhtar,19,2000,4.9,9,7,2,5,2,7,14,50.0,7,2,1,1,5,14,4,0,Matches
ba3378a5,Marcus Antonsson,se SWE,"MF,FW",se Malmö,28,1991,3.1,2,2,0,2,0,0,11,0.0,11,2,1,1,4,6,2,0,Matches
91976866,Mirko Antonucci,it ITA,MF,it Roma,20,1999,0.3,3,2,2,0,1,0,0,,0,1,0,1,0,3,0,0,Matches
c63f6e46,Youssef El-Arabi,ma MAR,FW,gr Olympiacos,32,1987,4.1,2,2,0,2,0,0,1,0.0,1,0,0,0,1,3,5,0,Matches
58afe001,Mauro Arambarri,uy URU,MF,es Getafe,23,1995,4.9,15,9,5,8,2,3,10,30.0,7,7,0,7,14,29,4,0,Matches
56413b1f,Charles Aránguiz,cl CHI,MF,de Leverkusen,30,1989,2.8,5,5,2,3,0,1,6,16.7,5,2,1,1,4,9,0,0,Matches
bd46bd6d,Marco Aratore,ch SUI,FW,ch Lugano,28,1991,4.3,3,1,1,1,1,1,4,25.0,3,2,0,2,1,4,0,0,Matches
b1313ec4,Scott Arfield,ca CAN,"MF,FW",sct Rangers,30,1988,6.8,10,4,3,7,0,6,21,28.6,15,12,2,10,8,18,8,0,Matches
30643ce2,Ari,ru RUS,FW,ru Krasnodar,33,1985,2.4,3,2,2,0,1,1,2,50.0,1,1,0,1,0,3,1,1,Matches
328f7d51,Joe Aribo,ng NGA,"FW,MF",sct Rangers,23,1996,3.6,7,4,4,2,1,0,3,0.0,3,4,0,4,2,9,0,1,Matches
1858bbf7,Giedrius Arlauskis,lt LTU,GK,ro CFR Cluj,31,1987,8.0,0,0,0,0,0,0,0,,0,0,0,0,0,0,6,0,Matches
86e119e0,Maximilian Arnold,de GER,MF,de Wolfsburg,25,1994,8.8,25,12,10,13,2,11,28,39.3,17,2,0,2,5,30,9,0,Matches
a820e429,Arthur,br BRA,FW,ch Basel,21,1998,7.2,3,1,0,3,0,1,2,50.0,1,6,1,5,0,3,6,1,Matches
ee47f156,Serkan Asan,tr TUR,DF,tr Trabzonspor,20,1999,3.0,11,9,8,3,0,7,11,63.6,4,7,1,6,13,24,11,1,Matches
13ddc856,Takuma Asano,jp JPN,"FW,MF",rs Partizan,24,1994,5.6,7,6,3,3,1,4,6,66.7,2,9,0,9,3,10,2,0,Matches
6b767188,Gjermund Åsen,no NOR,"MF,FW",no Rosenborg,28,1991,3.2,1,1,0,1,0,1,5,20.0,4,2,0,2,4,5,0,0,Matches
5d5219b1,Roger Assalé,ci CIV,"FW,MF",ch Young Boys,25,1993,5.0,2,1,0,2,0,1,6,16.7,5,3,0,3,0,2,0,0,Matches
d5dd5f1f,Pierre-Emerick Aubameyang,ga GAB,FW,eng Arsenal,30,1989,4.5,6,4,2,2,2,1,2,50.0,1,4,0,4,2,8,2,0,Matches
c3767acc,Luís Aurélio,pt POR,MF,ro CFR Cluj,30,1988,0.7,0,0,0,0,0,0,2,0.0,2,2,0,2,2,2,0,0,Matches
e65a7469,Donis Avdijaj,xk KVX,MF,tr Trabzonspor,22,1996,3.6,6,5,3,2,1,1,4,25.0,3,0,0,0,0,6,1,0,Matches
23f9e9d3,Felipe Avenatti,uy URU,FW,be Standard Liège,26,1993,1.0,0,0,0,0,0,0,0,,0,1,1,0,0,0,0,0,Matches
be094834,Behlül Aydın,tr TUR,MF,tr Trabzonspor,18,2000,0.4,0,0,0,0,0,0,0,,0,0,0,0,0,0,0,0,Matches
74288db0,Yassin Ayoub,nl NED,MF,nl Feyenoord,25,1994,0.3,2,1,2,0,0,1,1,100.0,0,0,0,0,0,2,0,0,Matches
8b683d09,Demba Ba,sn SEN,"FW,MF",tr Başakşehir,34,1985,4.8,2,1,0,1,1,1,5,20.0,4,0,0,0,1,3,3,0,Matches
60c07b31,Ousseynou Ba,sn SEN,DF,gr Olympiacos,23,1995,4.3,5,3,5,0,0,1,2,50.0,1,9,7,2,7,12,16,1,Matches
6438d426,Ryan Babel,nl NED,FW,nl Ajax,32,1986,2.0,1,0,0,1,0,0,0,,0,0,0,0,0,1,0,0,Matches
0a74011c,Vladyslav Babohlo,ua UKR,DF,ua FC Oleksandriya,20,1998,2.0,1,1,1,0,0,1,2,50.0,1,1,0,1,3,4,5,0,Matches
75229233,Fouad Bachirou,km COM,MF,se Malmö,29,1990,7.0,4,3,1,3,0,2,9,22.2,7,7,3,4,11,15,3,0,Matches
4037db79,Stéphane Badji,sn SEN,MF,bg Ludogorets,29,1990,7.3,15,8,8,7,0,10,18,55.6,8,4,1,3,15,30,15,0,Matches
3a233281,Leon Bailey,jm JAM,"FW,MF",de Leverkusen,21,1997,1.1,1,0,1,0,0,1,4,25.0,3,1,0,1,0,1,0,0,Matches
a1232f4e,Eric Bailly,ci CIV,DF,eng Manchester Utd,25,1994,3.8,3,1,3,0,0,3,5,60.0,2,6,3,3,6,9,16,0,Matches
83d961d1,Kenan Bajrić,si SVN,DF,sk Slovan Bratislava,24,1994,3.2,1,1,1,0,0,1,1,100.0,0,4,3,1,5,6,9,0,Matches
aa04bee3,Husein Balic,at AUT,"FW,MF",at LASK,23,1996,1.4,3,2,2,1,0,2,10,20.0,8,2,0,2,2,5,3,0,Matches
f7b10c66,David von Ballmoos,ch SUI,GK,ch Young Boys,24,1994,6.0,1,1,1,0,0,0,0,,0,0,0,0,0,1,1,0,Matches
6993fcc8,Yevhen Banada,ua UKR,MF,ua FC Oleksandriya,27,1992,5.0,6,2,2,3,1,2,6,33.3,4,9,2,7,9,15,6,0,Matches
fa937f7a,Éver Banega,ar ARG,MF,es Sevilla,31,1988,4.8,3,3,1,1,1,1,8,12.5,7,4,0,4,2,5,0,1,Matches
6928979a,Nicolò Barella,it ITA,MF,it Inter,22,1997,4.7,12,6,8,3,1,3,10,30.0,7,6,1,5,6,18,4,0,Matches
712dd708,Borna Barišić,hr CRO,DF,sct Rangers,26,1992,9.8,14,9,7,5,2,11,19,57.9,8,7,1,6,16,30,23,0,Matches
3098c0df,Brandon Barker,eng ENG,"FW,MF",sct Rangers,22,1996,2.5,4,3,0,4,0,0,1,0.0,1,3,0,3,1,5,1,0,Matches
a4e16ab4,Romário Baró,pt POR,FW,pt Porto,19,2000,0.3,0,0,0,0,0,0,2,0.0,2,2,0,2,0,0,0,0,Matches
e8029b54,Karlo Bartolec,hr CRO,"DF,MF",dk FC Copenhagen,24,1995,2.7,3,3,2,1,0,0,2,0.0,2,1,1,0,4,7,4,0,Matches
ec30b9c8,Samuel Bastien,cd COD,MF,be Standard Liège,22,1996,6.0,2,1,1,1,0,0,4,0.0,4,4,3,1,2,4,7,0,Matches
75b86fb3,Alessandro Bastoni,it ITA,DF,it Inter,20,1999,4.1,5,3,4,1,0,5,6,83.3,1,4,3,1,5,10,12,0,Matches
c01c66d9,Bastos,ao ANG,DF,it Lazio,28,1991,4.9,9,6,5,4,0,6,8,75.0,2,8,7,1,7,16,16,2,Matches
d637fc22,Rodrigo Battaglia,ar ARG,MF,pt Sporting CP,28,1991,2.3,2,1,0,2,0,0,1,0.0,1,0,0,0,2,4,5,0,Matches
cfe6238d,Moritz Bauer,at AUT,DF,sct Celtic,27,1992,2.0,3,2,1,1,1,0,0,,0,3,0,3,0,3,7,0,Matches
6e240751,Noam Baumann,ch SUI,GK,ch Lugano,23,1996,5.0,1,1,1,0,0,0,1,0.0,1,0,0,0,0,1,0,3,Matches
bd7d2e6d,Timo Baumgartl,de GER,DF,nl PSV Eindhoven,23,1996,3.0,8,4,6,1,1,3,6,50.0,3,2,2,0,2,10,12,0,Matches
69374ff5,Julian Baumgartlinger,at AUT,MF,de Leverkusen,31,1988,1.3,1,1,1,0,0,1,6,16.7,5,3,0,3,4,5,1,0,Matches
7e74e0c2,Kerem Baykuş,tr TUR,MF,tr Trabzonspor,19,2000,1.1,4,4,4,0,0,1,3,33.3,2,0,0,0,0,4,2,0,Matches
50dc94ce,Donny van de Beek,nl NED,MF,nl Ajax,22,1997,2.0,4,2,2,2,0,2,3,66.7,1,2,1,1,2,6,0,0,Matches
7b4de647,Asmir Begović,ba BIH,GK,az Qarabağ Ağdam,32,1987,5.0,0,0,0,0,0,0,0,,0,0,0,0,1,1,2,0,Matches
b6867b96,Aziz Behich,au AUS,"DF,MF",tr Başakşehir,28,1990,0.9,1,0,1,0,0,1,3,33.3,2,0,0,0,0,1,2,0,Matches
71115017,Felix Beijmo,se SWE,DF,se Malmö,21,1998,1.3,4,3,1,3,0,0,3,0.0,3,1,0,1,1,5,1,0,Matches
beb6c168,Abzal Beisebekov,kz KAZ,"MF,DF",kz Astana FK,26,1992,4.1,5,4,1,4,0,2,6,33.3,4,1,0,1,4,9,2,0,Matches
4f8ce0e1,Vid Belec,si SVN,GK,cy APOEL,29,1990,7.0,0,0,0,0,0,0,0,,0,0,0,0,0,0,3,0,Matches
bee0bab1,Karim Bellarabi,de GER,"FW,DF",de Leverkusen,29,1990,0.7,3,2,3,0,0,1,1,100.0,0,0,0,0,1,4,0,0,Matches
f874dd44,Héctor Bellerín,es ESP,DF,eng Arsenal,24,1995,2.9,1,1,0,1,0,1,3,33.3,2,1,0,1,3,4,5,0,Matches
c50281a0,Lars Bender,de GER,DF,de Leverkusen,30,1989,3.2,13,10,6,7,0,9,14,64.3,5,9,0,9,2,15,5,0,Matches
070ec0b1,Sven Bender,de GER,DF,de Leverkusen,30,1989,2.6,7,5,2,5,0,5,7,71.4,2,1,0,1,6,13,10,0,Matches
9f9c57f0,Nicklas Bendtner,dk DEN,FW,dk FC Copenhagen,31,1988,0.0,0,0,0,0,0,0,0,,0,0,0,0,0,0,0,0,Matches
fe888e39,László Bénes,sk SVK,MF,de M'Gladbach,21,1997,3.2,3,2,1,2,0,2,4,50.0,2,1,0,1,3,6,3,1,Matches
d1992a3b,Pierre Bengtsson,se SWE,DF,dk FC Copenhagen,31,1988,8.4,8,7,6,1,1,8,9,88.9,1,2,0,2,2,10,21,0,Matches
5a28b2d9,Rasmus Bengtsson,se SWE,DF,se Malmö,33,1986,7.1,5,4,2,3,0,2,4,50.0,2,11,8,3,11,16,32,0,Matches
b6047994,Bilal Benkhedim,fr FRA,"MF,FW",fr Saint-Étienne,18,2001,0.4,2,1,1,1,0,2,3,66.7,1,0,0,0,0,2,0,0,Matches
0bad4516,Ryan Bennett,eng ENG,DF,eng Wolves,29,1990,2.0,4,3,2,2,0,3,3,100.0,0,2,1,1,4,8,3,1,Matches
378825c7,Ramy Bensebaini,dz ALG,DF,de M'Gladbach,24,1995,3.2,5,3,1,4,0,2,5,40.0,3,4,2,2,4,9,10,0,Matches
b39bf63f,Marcus Berg,se SWE,FW,ru Krasnodar,32,1986,3.0,1,1,1,0,0,1,2,50.0,1,0,0,0,2,3,3,0,Matches
713c144a,Steven Berghuis,nl NED,FW,nl Feyenoord,27,1991,6.0,5,4,2,3,0,5,11,45.5,6,3,2,1,4,9,3,0,Matches
0b4854f9,Emil Bergström,se SWE,DF,ch Basel,26,1993,2.0,4,3,4,0,0,3,4,75.0,1,4,2,2,2,6,6,0,Matches
a29b1131,Steven Bergwijn,nl NED,FW,nl PSV Eindhoven,21,1997,4.4,1,1,0,1,0,0,4,0.0,4,0,0,0,0,1,0,0,Matches
9001138b,Robert Berić,si SVN,FW,fr Saint-Étienne,28,1991,3.5,3,3,1,2,0,1,1,100.0,0,2,1,1,1,4,0,0,Matches
eb6e14be,Mergim Berisha,de GER,MF,at RB Salzburg,21,1998,0.2,0,0,0,0,0,0,0,,0,0,0,0,0,0,0,0,Matches
d5575935,Valon Berisha,xk KVX,MF,it Lazio,26,1993,1.8,3,2,1,1,1,1,4,25.0,3,2,0,2,1,4,0,1,Matches
c21da05c,Di'Shon Bernard,eng ENG,DF,eng Manchester Utd,18,2000,1.0,1,1,1,0,0,0,0,,0,1,1,0,1,2,5,0,Matches
07a821e4,Antoine Bernede,fr FRA,MF,at RB Salzburg,20,1999,0.1,1,1,1,0,0,0,1,0.0,1,0,0,0,0,1,0,0,Matches
cda90ea8,Antoine Bernier,be BEL,"FW,MF",lu F91 Dudelange,21,1997,5.7,4,3,3,0,1,4,9,44.4,5,8,1,7,2,6,2,0,Matches
11c0fa9d,Artem Besyedin,ua UKR,FW,ua Dynamo Kyiv,23,1996,4.3,3,1,0,1,2,0,3,0.0,3,6,0,6,2,5,2,0,Matches
1c0567fc,Adel Bettaieb,tn TUN,"FW,MF",lu F91 Dudelange,22,1997,1.4,0,0,0,0,0,0,2,0.0,2,1,0,1,0,0,0,0,Matches
1144d8d7,Denys Bezborodko,ua UKR,FW,ua FC Oleksandriya,25,1994,2.1,0,0,0,0,0,0,1,0.0,1,0,0,0,0,0,0,0,Matches
c082d484,Roman Bezjak,si SVN,"MF,DF",cy APOEL,30,1989,1.5,3,2,2,1,0,1,2,50.0,1,3,2,1,2,5,0,0,Matches
a0b730dc,Roman Bezus,ua UKR,MF,be Gent,28,1990,2.8,7,4,0,4,3,2,5,40.0,3,5,0,5,1,8,2,0,Matches
1c59240b,Pep Biel,es ESP,"MF,FW",dk FC Copenhagen,22,1996,5.4,8,5,3,5,0,4,17,23.5,13,10,0,10,5,13,1,0,Matches
6fdac234,Jaka Bijol,si SVN,"MF,FW",ru CSKA Moscow,20,1999,1.8,2,2,2,0,0,0,4,0.0,4,4,2,2,1,3,0,0,Matches
9e1577aa,Cristiano Biraghi,it ITA,DF,it Inter,26,1992,2.2,4,2,0,1,3,2,2,100.0,0,2,0,2,2,6,4,0,Matches
79370f8c,Kristijan Bistrović,hr CRO,MF,ru CSKA Moscow,21,1998,4.7,8,5,2,6,0,5,12,41.7,7,1,0,1,9,17,2,0,Matches
82220b03,Dan Bitton,il ISR,"MF,FW",bg Ludogorets,24,1995,0.4,2,1,0,0,2,0,0,,0,0,0,0,1,3,0,0,Matches
f533776b,Nir Bitton,il ISR,"DF,MF",sct Celtic,27,1991,1.5,4,3,4,0,0,3,6,50.0,3,2,1,1,1,5,10,0,Matches
3d214e5f,Marco Bizot,nl NED,GK,nl AZ Alkmaar,28,1991,8.0,0,0,0,0,0,0,0,,0,0,0,0,0,0,1,0,Matches
e6dda1c7,Andreas Bjelland,dk DEN,DF,dk FC Copenhagen,31,1988,6.4,3,3,2,1,0,2,5,40.0,3,7,7,0,3,6,21,1,Matches
3cdfc63e,Miha Blažič,si SVN,DF,hu Ferencváros,26,1993,6.0,3,2,3,0,0,3,4,75.0,1,9,9,0,8,11,27,0,Matches
691bef82,Daley Blind,nl NED,DF,nl Ajax,29,1990,2.0,9,4,6,3,0,4,9,44.4,5,2,1,1,4,13,1,0,Matches
5b479568,Myron Boadu,nl NED,FW,nl AZ Alkmaar,18,2001,6.9,2,2,0,1,1,0,2,0.0,2,4,0,4,0,2,3,0,Matches
79c536d7,Arnaud Bodart,be BEL,GK,be Standard Liège,21,1998,3.0,0,0,0,0,0,0,0,,0,0,0,0,0,0,1,0,Matches
6c8ddd52,Sacha Boey,fr FRA,DF,fr Rennes,18,2000,2.0,7,3,5,2,0,5,6,83.3,1,4,0,4,5,12,5,0,Matches
08fe932d,Nicolai Boilesen,dk DEN,DF,dk FC Copenhagen,27,1992,0.9,1,0,1,0,0,1,1,100.0,0,0,0,0,2,3,7,0,Matches
4398b5cb,Merveille Bokadi,cd COD,DF,be Standard Liège,27,1992,1.0,3,1,2,1,0,1,1,100.0,0,1,1,0,0,3,8,0,Matches
715fc0fe,Yannick Bolasie,cd COD,FW,pt Sporting CP,30,1989,6.4,10,6,6,4,0,2,6,33.3,4,6,1,5,1,11,1,0,Matches
24b98f95,Serhiy Bolbat,ua UKR,DF,ua Shakhtar,26,1993,1.0,3,2,1,1,1,3,6,50.0,3,1,0,1,0,3,4,0,Matches
9c2b4382,Franck Boli,ci CIV,FW,hu Ferencváros,25,1993,4.3,3,2,0,2,1,1,2,50.0,1,1,0,1,2,5,1,0,Matches
7d393a9f,Kévin Boli,fr FRA,DF,ro CFR Cluj,28,1991,5.7,2,1,1,1,0,1,1,100.0,0,3,3,0,11,13,34,0,Matches
c603ad6a,Boli Bolingoli-Mbombo,be BEL,DF,sct Celtic,24,1995,3.7,13,8,6,5,2,7,8,87.5,1,2,1,1,6,19,4,1,Matches
d8d25850,Aleksandar Boljević,me MNE,"FW,MF",be Standard Liège,23,1995,1.7,0,0,0,0,0,0,7,0.0,7,1,0,1,3,3,1,0,Matches
a4ac4b8f,Willy Boly,ci CIV,DF,eng Wolves,28,1991,8.0,10,5,8,2,0,4,10,40.0,6,7,2,5,12,22,29,0,Matches
da23d58d,Léo Bonatini,br BRA,"FW,MF",pt Vitória,25,1994,1.8,3,2,1,2,0,0,2,0.0,2,2,0,2,0,3,0,0,Matches
7713c72a,Valerii Bondar,ua UKR,DF,ua Shakhtar,20,1999,1.0,1,1,0,1,0,1,1,100.0,0,2,1,1,0,1,5,0,Matches
1281be1c,Valeriy Bondarenko,ua UKR,DF,pt Vitória,25,1994,1.0,0,0,0,0,0,0,1,0.0,1,0,0,0,2,2,3,0,Matches
741275f5,Pépé Bonet,fr FRA,GK,fr Rennes,16,2003,0.9,0,0,0,0,0,0,0,,0,0,0,0,0,0,0,0,Matches
0fd37a3d,Mihai Bordeianu,ro ROU,MF,ro CFR Cluj,27,1991,7.4,24,14,12,10,2,11,34,32.4,23,10,2,8,11,35,15,0,Matches
9d7d5334,Cristian Borja,co COL,DF,pt Sporting CP,26,1993,2.3,3,2,3,0,0,2,4,50.0,2,5,3,2,7,10,9,0,Matches
403f5d20,Olivier Boscagli,fr FRA,DF,nl PSV Eindhoven,21,1997,2.0,5,3,3,0,2,2,4,50.0,2,0,0,0,1,6,5,0,Matches
3d13d9e4,Erik Botheim,no NOR,FW,no Rosenborg,19,2000,0.4,0,0,0,0,0,0,0,,0,1,1,0,1,1,0,0,Matches
2cb77ec6,Endre Botka,hu HUN,DF,hu Ferencváros,24,1994,3.7,8,3,6,1,1,3,3,100.0,0,6,4,2,6,14,19,0,Matches
cd0ecf81,Mattia Bottani,ch SUI,"FW,MF",ch Lugano,28,1991,3.0,4,2,0,3,1,4,5,80.0,1,2,0,2,0,4,1,0,Matches
eef95b11,Eric Botteghin,br BRA,DF,nl Feyenoord,31,1987,4.6,10,4,7,2,1,5,10,50.0,5,5,4,1,11,21,15,0,Matches
0b0cbe5b,Denis Bouanga,ga GAB,"MF,DF",fr Saint-Étienne,24,1994,2.8,3,1,0,2,1,1,3,33.3,2,1,0,1,2,5,0,0,Matches
1c07b06e,Andreas Bouchalakis,gr GRE,MF,gr Olympiacos,26,1993,3.5,3,2,0,3,0,0,3,0.0,3,4,1,3,8,11,4,0,Matches
2f52874b,Mohamed Bouchouari,be BEL,"DF,MF",lu F91 Dudelange,18,2000,5.7,15,7,8,5,2,12,23,52.2,11,5,1,4,4,19,14,0,Matches
1001ae82,Ryad Boudebouz,dz ALG,"MF,FW",fr Saint-Étienne,29,1990,1.5,3,3,1,1,1,1,1,100.0,0,2,0,2,1,4,0,0,Matches
c93a0fd3,Sabir Bougrine,be BEL,MF,lu F91 Dudelange,23,1996,3.9,14,9,7,7,0,5,13,38.5,8,7,0,7,9,23,0,0,Matches
f6798fc3,Yassine Bounou,ma MAR,GK,es Sevilla,28,1991,10.0,1,0,1,0,0,1,1,100.0,0,0,0,0,1,2,4,0,Matches
20e73fac,Benjamin Bourigeaud,fr FRA,MF,fr Rennes,25,1994,4.1,6,4,2,2,2,2,7,28.6,5,5,0,5,4,10,9,0,Matches
f4b1e26f,Tyler Boyd,us USA,"FW,MF",tr Beşiktaş,24,1994,3.4,4,3,1,3,0,2,7,28.6,5,2,0,2,3,7,0,0,Matches
1e064bfb,Denys Boyko,ua UKR,GK,ua Dynamo Kyiv,31,1988,1.0,0,0,0,0,0,0,0,,0,0,0,0,0,0,0,0,Matches
45e11f7e,Vasil Bozhikov,bg BUL,DF,sk Slovan Bratislava,31,1988,5.0,2,2,2,0,0,2,3,66.7,1,3,2,1,7,9,25,0,Matches
d4a2533d,Josip Brekalo,hr CRO,"FW,MF",de Wolfsburg,21,1998,7.7,7,6,2,1,4,4,16,25.0,12,5,0,5,3,10,1,0,Matches
1519a888,Rajko Brežančić,rs SRB,"MF,FW",rs Partizan,29,1989,0.4,0,0,0,0,0,0,0,,0,0,0,0,0,0,0,0,Matches
edd81e2a,Dylan Bronn,tn TUN,DF,be Gent,24,1995,0.1,0,0,0,0,0,0,0,,0,0,0,0,0,0,1,0,Matches
e27da244,John Brooks,us USA,DF,de Wolfsburg,26,1993,4.8,7,5,4,2,1,5,8,62.5,3,4,1,3,9,16,17,1,Matches
0be28faf,Scott Brown,sct SCO,MF,sct Celtic,34,1985,6.6,19,11,12,6,1,6,16,37.5,10,5,0,5,11,30,16,0,Matches
33b8d077,Marcelo Brozović,hr CRO,MF,it Inter,26,1992,4.3,5,4,0,4,1,3,8,37.5,5,1,1,0,7,12,4,0,Matches
5caa62a7,Bruma,pt POR,FW,nl PSV Eindhoven,24,1994,3.6,1,0,1,0,0,0,2,0.0,2,6,0,6,3,4,0,0,Matches
fbffc4b1,Jeffrey Bruma,nl NED,DF,de Wolfsburg,27,1991,4.2,2,2,2,0,0,0,1,0.0,1,4,0,4,8,10,19,0,Matches
7b5ab7f2,Bryan,es ESP,FW,es Sevilla,18,2001,1.8,1,0,1,0,0,1,5,20.0,4,2,0,2,0,1,1,0,Matches
a4f642c5,Kevin Bua,ch SUI,FW,ch Basel,25,1993,3.1,6,3,3,1,2,2,9,22.2,7,2,0,2,2,8,1,0,Matches
ad556f81,D'Mani Bughail-Mellor,eng ENG,FW,eng Manchester Utd,18,2000,0.3,0,0,0,0,0,0,0,,0,0,0,0,0,0,0,0,Matches
593bf50d,Hlib Bukhal,ua UKR,DF,ua FC Oleksandriya,23,1995,4.0,6,5,4,2,0,4,6,66.7,2,4,2,2,7,13,16,1,Matches
b0a84aa7,Orges Bunjaku,ch SUI,MF,ch Basel,18,2001,0.1,0,0,0,0,0,0,0,,0,0,0,0,0,0,0,0,Matches
c83623e2,Andrei Burcă,ro ROU,DF,ro CFR Cluj,26,1993,7.3,9,6,8,1,0,6,10,60.0,4,9,6,3,14,23,30,0,Matches
a4851d9e,Nicolas Bürgy,ch SUI,"DF,FW",ch Young Boys,23,1995,2.3,3,2,2,0,1,1,2,50.0,1,2,1,1,4,7,6,0,Matches
eb2b33aa,Heorhiy Bushchan,ua UKR,GK,ua Dynamo Kyiv,25,1994,5.0,,0,,,,,,,,,,,0,,,,Matches
aa6f2f2c,Oskar Buur,dk DEN,"DF,MF",eng Wolves,21,1998,1.0,2,1,0,1,1,1,2,50.0,1,1,0,1,1,3,0,0,Matches
b8814868,Vitaliy Buyalskyi,ua UKR,MF,ua Dynamo Kyiv,26,1993,4.0,7,5,1,5,1,2,4,50.0,2,2,1,1,3,10,2,0,Matches
ad7b19ef,Yohan Cabaye,fr FRA,MF,fr Saint-Étienne,33,1986,0.7,2,1,0,0,2,0,0,,0,1,0,1,1,3,0,0,Matches
e34e086c,Jovane Cabral,cv CPV,FW,pt Sporting CP,21,1998,2.0,3,1,2,0,1,1,2,50.0,1,2,1,1,1,4,0,0,Matches
69cbc8b6,Leandro Cabrera,uy URU,DF,es Getafe,28,1991,2.9,0,0,0,0,0,0,0,,0,2,1,1,3,3,8,0,Matches
85322440,Cafú,pt POR,MF,gr Olympiacos,26,1993,0.1,0,0,0,0,0,0,0,,0,0,0,0,0,0,0,0,Matches
038aa94a,Júnior Caiçara,br BRA,DF,tr Başakşehir,30,1989,9.3,13,8,6,5,2,5,16,31.3,11,13,4,9,10,23,20,0,Matches
93b891d1,Felipe Caicedo,ec ECU,FW,it Lazio,30,1988,5.2,0,0,0,0,0,0,3,0.0,3,1,0,1,0,0,4,0,Matches
4253363a,Caju,br BRA,DF,pt Braga,24,1995,0.6,0,0,0,0,0,0,1,0.0,1,1,0,1,0,0,4,0,Matches
f63a8347,Uğurcan Çakır,tr TUR,GK,tr Trabzonspor,23,1996,3.0,0,0,0,0,0,0,0,,0,0,0,0,0,0,2,0,Matches
41b3069f,Fernando Calero,es ESP,DF,es Espanyol,23,1995,5.0,13,6,8,4,1,6,11,54.5,5,3,1,2,8,21,8,0,Matches
6922f806,Jonathan Calleri,ar ARG,"FW,MF",es Espanyol,25,1993,2.1,1,1,0,1,0,0,1,0.0,1,0,0,0,0,1,2,0,Matches
91b43c98,Rafael Camacho,pt POR,"FW,MF",pt Sporting CP,19,2000,1.3,1,1,1,0,0,0,1,0.0,1,3,2,1,2,3,1,0,Matches
8577e60a,Mahdi Camara,fr FRA,"MF,FW",fr Saint-Étienne,21,1998,1.4,2,1,1,1,0,0,0,,0,3,1,2,1,3,0,0,Matches
13ea2544,Mohamed Camara,gn GUI,MF,gr Olympiacos,22,1997,4.0,6,4,4,1,1,3,4,75.0,1,1,0,1,2,8,4,0,Matches
489e80e3,Mohamed Camara,ml MLI,MF,at RB Salzburg,19,2000,1.2,5,4,4,1,0,1,2,50.0,1,2,1,1,0,5,0,0,Matches
7b9c2d84,Eduardo Camavinga,fr FRA,MF,fr Rennes,16,2002,1.7,10,4,5,3,2,5,9,55.6,4,2,0,2,3,13,1,0,Matches
ca033449,Camora,ro ROU,DF,ro CFR Cluj,32,1986,8.0,11,9,7,4,0,8,10,80.0,2,7,3,4,10,21,23,0,Matches
74223a01,Gastón Campi,ar ARG,DF,tr Trabzonspor,28,1991,4.4,8,4,6,2,0,2,4,50.0,2,5,3,2,14,22,17,0,Matches
28b76e67,Samuele Campo,ch SUI,MF,ch Basel,24,1995,6.4,10,6,2,8,0,4,17,23.5,13,10,0,10,9,19,4,0,Matches
06983922,Víctor Campuzano,es ESP,FW,es Espanyol,22,1997,4.0,4,2,1,1,2,2,6,33.3,4,1,0,1,2,6,1,0,Matches
eb1451a5,Ahmet Canbaz,tr TUR,"MF,DF",tr Trabzonspor,21,1998,1.1,0,0,0,0,0,0,0,,0,1,0,1,0,0,0,0,Matches
356c9002,Antonio Candreva,it ITA,DF,it Inter,32,1987,0.0,0,0,0,0,0,0,0,,0,0,0,0,0,0,0,0,Matches
dc415e39,Mehdi Carcela,ma MAR,FW,be Standard Liège,30,1989,5.0,13,10,5,5,3,1,9,11.1,8,7,1,6,8,21,1,0,Matches
7352dca8,Carlinhos,br BRA,FW,ch Lugano,24,1994,4.7,8,6,1,5,2,3,7,42.9,4,4,0,4,5,13,4,0,Matches
b4a014b1,Diego Carlos,br BRA,DF,es Sevilla,26,1993,7.2,8,5,7,1,0,2,5,40.0,3,8,5,3,4,12,26,1,Matches
3ce20eda,David Carmo,pt POR,DF,pt Braga,20,1999,0.7,0,0,0,0,0,0,1,0.0,1,0,0,0,2,2,3,0,Matches
e1deea75,Daniel Carriço,pt POR,DF,es Sevilla,30,1988,1.0,0,0,0,0,0,0,1,0.0,1,1,1,0,3,3,3,0,Matches
81b906e7,Eduardo Carvalho,pt POR,GK,pt Braga,36,1982,3.0,0,0,0,0,0,0,0,,0,0,0,0,0,0,0,1,Matches
db401046,Koen Casteels,be BEL,GK,de Wolfsburg,27,1992,5.0,0,0,0,0,0,0,1,0.0,1,0,0,0,0,0,2,0,Matches
e28868f3,Jonny Castro,es ESP,"MF,DF",eng Wolves,25,1994,4.2,12,7,3,8,1,9,13,69.2,4,6,1,5,11,23,1,0,Matches
742a4995,Alessio Castro-Montes,be BEL,DF,be Gent,22,1997,2.3,6,4,3,2,1,2,7,28.6,5,2,1,1,4,10,4,1,Matches
ba3d3bea,Danilo Cataldi,it ITA,MF,it Lazio,24,1994,2.9,6,2,3,1,2,2,6,33.3,4,1,0,1,3,9,4,0,Matches
f7c398ec,Amar Ćatić,ba BIH,MF,nl PSV Eindhoven,20,1999,0.3,0,0,0,0,0,0,0,,0,0,0,0,0,0,0,0,Matches
7cf8150a,Aleksandar Čavrić,rs SRB,MF,sk Slovan Bratislava,25,1994,0.1,0,0,0,0,0,0,0,,0,0,0,0,1,1,0,0,Matches
c0617e2b,Dani Ceballos,es ESP,MF,eng Arsenal,22,1996,3.5,5,2,1,3,1,1,11,9.1,10,2,0,2,6,11,2,1,Matches
98a84572,Emil Ceide,no NOR,FW,no Rosenborg,17,2001,0.3,0,0,0,0,0,0,1,0.0,1,0,0,0,0,0,0,0,Matches
5e1028e5,Franco Cervi,ar ARG,MF,pt Benfica,25,1994,1.0,2,2,2,0,0,1,2,50.0,1,1,0,1,1,3,1,0,Matches
760be9fa,Mike Cestor,cd COD,DF,ro CFR Cluj,27,1992,3.1,6,5,2,4,0,2,3,66.7,1,2,1,1,2,8,19,0,Matches
76864df8,Giorgi Chakvetadze,ge GEO,"MF,DF",be Gent,19,1999,0.7,3,1,3,0,0,1,2,50.0,1,1,0,1,0,3,0,0,Matches
042d286e,Fyodor Chalov,ru RUS,FW,ru CSKA Moscow,21,1998,5.4,1,0,0,0,1,1,2,50.0,1,7,0,7,2,3,3,0,Matches
dc6f5bdd,Calum Chambers,eng ENG,DF,eng Arsenal,24,1995,2.1,5,3,2,3,0,2,3,66.7,1,4,3,1,6,11,4,0,Matches
b3b7f5a6,Timothy Chandler,us USA,DF,de Eint Frankfurt,29,1990,0.6,0,0,0,0,0,0,0,,0,0,0,0,0,0,1,0,Matches
8d957256,Leandro Chichizola,ar ARG,GK,es Getafe,29,1990,5.0,0,0,0,0,0,0,0,,0,0,0,0,0,0,4,2,Matches
262e5a82,Chiquinho,pt POR,"MF,FW",pt Benfica,24,1995,1.6,4,4,2,2,0,2,6,33.3,4,2,0,2,2,6,0,0,Matches
2696b6a9,Tahith Chong,nl NED,FW,eng Manchester Utd,19,1999,2.7,4,3,1,3,0,3,4,75.0,1,2,0,2,0,4,2,0,Matches
770ebf00,Anders Christiansen,dk DEN,MF,se Malmö,29,1990,4.3,5,2,4,1,0,1,3,33.3,2,4,0,4,7,12,2,0,Matches
26ce2263,Ryan Christie,sct SCO,"MF,FW",sct Celtic,24,1995,5.7,16,10,7,7,2,5,19,26.3,14,11,1,10,5,21,9,0,Matches
7cd78926,Cicinho,bg BUL,DF,bg Ludogorets,30,1988,7.8,29,15,19,6,4,13,24,54.2,11,7,3,4,23,52,21,0,Matches
fae880d5,Gojko Cimirot,ba BIH,MF,be Standard Liège,26,1992,6.0,8,3,3,4,1,4,13,30.8,9,4,1,3,6,14,5,0,Matches
5fcb90ac,Eldar Ćivić,ba BIH,DF,hu Ferencváros,23,1996,3.0,7,5,5,2,0,2,3,66.7,1,4,0,4,2,9,8,0,Matches
31c01b85,Jordy Clasie,nl NED,"MF,DF",nl AZ Alkmaar,28,1991,3.7,12,9,4,5,3,8,11,72.7,3,5,2,3,8,20,5,0,Matches
450ad405,Gaël Clichy,fr FRA,DF,tr Başakşehir,34,1985,10.3,29,20,19,10,0,16,26,61.5,10,9,2,7,29,58,29,1,Matches
2928dca2,Conor Coady,eng ENG,DF,eng Wolves,26,1993,11.0,6,4,4,2,0,3,5,60.0,2,9,7,2,8,14,24,0,Matches
1fbbfbde,Sebastián Coates,uy URU,DF,pt Sporting CP,28,1990,7.3,15,7,10,5,0,8,11,72.7,3,11,9,2,8,23,50,0,Matches
15937e17,Eray Cömert,ch SUI,"DF,MF",ch Basel,21,1998,10.0,25,10,16,9,0,7,21,33.3,14,14,5,9,17,42,30,0,Matches
7e871b0a,Kobe Cools,be BEL,DF,lu F91 Dudelange,22,1997,4.2,6,2,5,1,0,2,4,50.0,2,8,6,2,10,16,19,0,Matches
8b0b02c9,Duje Čop,hr CRO,FW,be Standard Liège,29,1990,1.8,2,1,1,1,0,1,3,33.3,2,1,0,1,1,3,2,0,Matches
0e7ccfc4,Sébastien Corchia,fr FRA,"DF,MF",es Espanyol,28,1990,4.0,4,0,3,0,1,1,4,25.0,3,6,1,5,4,8,12,0,Matches
771d74d1,Kamil Çörekçi,tr TUR,MF,tr Trabzonspor,27,1992,1.8,4,3,1,2,1,0,0,,0,4,1,3,1,5,0,0,Matches
fb938d24,Jesús Corona,mx MEX,"DF,MF",pt Porto,26,1993,6.9,9,5,3,5,1,3,8,37.5,5,4,0,4,15,24,7,0,Matches
45b9b619,Joaquín Correa,ar ARG,FW,it Lazio,24,1994,2.8,0,0,0,0,0,0,0,,0,1,0,1,0,0,2,0,Matches
7b4c1f6e,Bruno Xavier Almeida Costa,pt POR,MF,pt Porto,22,1997,0.3,0,0,0,0,0,0,0,,0,1,0,1,0,0,0,0,Matches
5ddb8f9f,Danny da Costa,de GER,DF,de Eint Frankfurt,26,1993,6.0,8,3,1,5,2,1,6,16.7,5,2,0,2,3,11,9,1,Matches
85733f33,Murilo Costa,br BRA,FW,pt Braga,24,1994,0.0,0,0,0,0,0,0,1,0.0,1,0,0,0,0,0,1,0,Matches
7baff104,Miroslav Čovilo,rs SRB,MF,ch Lugano,33,1986,0.2,0,0,0,0,0,0,0,,0,0,0,0,0,0,0,0,Matches
16657b95,Bryan Cristante,it ITA,MF,it Roma,24,1995,4.7,11,8,5,4,2,3,8,37.5,5,9,3,6,7,18,9,0,Matches
06f33dc8,Enzo Crivelli,fr FRA,FW,tr Başakşehir,24,1995,7.8,7,3,4,2,1,1,4,25.0,3,1,1,0,2,9,7,0,Matches
22cd43d2,Domen Črnigoj,si SVN,MF,ch Lugano,23,1995,0.1,0,0,0,0,0,0,0,,0,0,0,0,0,0,0,0,Matches
1daec722,Marc Cucurella,es ESP,MF,es Getafe,21,1998,4.6,12,8,2,8,2,3,13,23.1,10,5,0,5,5,17,4,0,Matches
170eb35b,Emmanuel Culio,ar ARG,MF,ro CFR Cluj,35,1983,4.5,7,2,2,5,0,2,12,16.7,10,3,2,1,8,15,4,0,Matches
2f8e326a,Olivier Custodio,ch SUI,MF,ch Lugano,24,1995,5.2,12,3,7,5,0,3,13,23.1,10,12,1,11,1,13,12,0,Matches
a4fe8cda,Patrick Cutrone,it ITA,FW,eng Wolves,21,1998,3.0,1,1,0,1,0,1,3,33.3,2,0,0,0,0,1,0,0,Matches
44eb9093,Danilo D'Ambrosio,it ITA,DF,it Inter,30,1988,5.1,6,3,3,2,1,3,11,27.3,8,5,0,5,7,13,6,0,Matches
31e3ab68,David Da Costa,ch SUI,GK,ch Lugano,33,1986,1.0,0,0,0,0,0,0,0,,0,0,0,0,0,0,0,0,Matches
007faf7a,Lucas Da Cunha,fr FRA,"FW,MF",fr Rennes,18,2001,1.1,1,1,0,1,0,1,2,50.0,1,2,0,2,1,2,0,0,Matches
1ec7e1c5,Damien Da Silva,fr FRA,DF,fr Rennes,31,1988,3.0,0,0,0,0,0,0,1,0.0,1,2,1,1,8,8,20,0,Matches
eac044ad,Moanes Dabbur,il ISR,FW,es Sevilla,27,1992,3.7,5,2,2,0,3,4,8,50.0,4,3,0,3,0,5,2,0,Matches
a04e2dd2,Johan Dahlin,se SWE,GK,se Malmö,32,1986,8.0,0,0,0,0,0,0,0,,0,0,0,0,0,0,1,0,Matches
ca45605e,Patson Daka,zm ZAM,FW,at RB Salzburg,20,1998,1.5,0,0,0,0,0,0,2,0.0,2,3,0,3,0,0,2,0,Matches
59a3efba,Nicola Dalmonte,it ITA,FW,ch Lugano,21,1997,1.4,3,2,3,0,0,1,4,25.0,3,2,0,2,3,6,1,0,Matches
d9565625,Diogo Dalot,pt POR,DF,eng Manchester Utd,20,1999,2.9,4,3,2,2,0,1,4,25.0,3,2,1,1,6,10,9,0,Matches
9763a91c,Erik Daniel,cz CZE,FW,sk Slovan Bratislava,27,1992,3.0,10,9,2,7,1,2,2,100.0,0,5,0,5,3,13,1,0,Matches
ccd38335,Danilo,br BRA,FW,nl Ajax,20,1999,0.5,0,0,0,0,0,0,0,,0,2,0,2,0,0,0,0,Matches
6bff8a73,Fabio Daprelà,ch SUI,DF,ch Lugano,28,1991,6.0,8,6,7,1,0,3,3,100.0,0,2,2,0,9,17,22,0,Matches
06a1d642,Mohammed Daramy,dk DEN,"FW,MF",dk FC Copenhagen,17,2002,2.4,1,1,0,1,0,0,2,0.0,2,1,0,1,0,1,1,0,Matches
070a3904,Sergi Darder,es ESP,MF,es Espanyol,25,1993,0.9,2,2,0,2,0,1,3,33.3,2,1,0,1,0,2,1,1,Matches
ce50fd99,Jonathan David,ca CAN,"MF,FW",be Gent,19,2000,6.9,11,9,3,6,2,4,11,36.4,7,11,0,11,2,13,0,0,Matches
cf15bbb1,Steven Davis,nir NIR,MF,sct Rangers,34,1985,8.7,23,16,9,12,2,6,18,33.3,12,9,2,7,6,29,11,0,Matches
d494882e,Maxim De Cuyper,be BEL,"MF,DF",be Club Brugge,18,2000,1.8,2,0,2,0,0,0,2,0.0,2,2,0,2,5,7,4,0,Matches
2ef7c612,Charles De Ketelaere,be BEL,"MF,DF",be Club Brugge,18,2001,0.5,2,1,1,0,1,2,2,100.0,0,2,2,0,0,2,1,0,Matches
d1117c6c,Vernon De Marco Morlacchi,sk SVK,DF,sk Slovan Bratislava,26,1992,6.0,15,12,12,2,1,7,12,58.3,5,2,1,1,11,26,20,0,Matches
8e3e66a0,Tomas De Vincenti,ar ARG,MF,cy APOEL,30,1989,2.4,,4,,,,,,,,,,,4,,,,Matches
ed16a617,Ciprian Deac,ro ROU,"MF,FW",ro CFR Cluj,33,1986,7.2,24,16,13,6,5,9,28,32.1,19,8,1,7,6,30,10,0,Matches
92232aad,Mathieu Debuchy,fr FRA,DF,fr Saint-Étienne,34,1985,3.7,10,7,4,2,4,4,6,66.7,2,2,0,2,9,19,12,0,Matches
f1e8372d,Jermain Defoe,eng ENG,FW,sct Rangers,36,1982,0.1,0,0,0,0,0,0,0,,0,0,0,0,0,0,0,0,Matches
4ca4f601,Brecht Dejaegere,be BEL,MF,be Gent,28,1991,0.1,0,0,0,0,0,0,0,,0,0,0,0,0,0,0,0,Matches
0be95d34,Romain Del Castillo,fr FRA,"MF,FW",fr Rennes,23,1996,2.0,4,4,2,2,0,0,2,0.0,2,3,0,3,4,8,0,0,Matches
6b6cbca4,Simon Deli,ci CIV,DF,be Club Brugge,27,1991,1.2,1,0,1,0,0,1,1,100.0,0,5,3,2,1,2,4,0,Matches
7304f3b1,Karamoko Dembele,sct SCO,FW,sct Celtic,16,2003,0.2,1,1,1,0,0,0,1,0.0,1,0,0,0,0,1,1,0,Matches
54b4dc4e,Kerem Demirbay,de GER,MF,de Leverkusen,26,1993,3.9,9,6,4,3,2,5,15,33.3,10,4,1,3,1,10,3,0,Matches
5a7301ae,Leander Dendoncker,be BEL,"MF,DF",eng Wolves,24,1995,6.7,13,7,9,1,3,10,17,58.8,7,11,3,8,9,22,17,0,Matches
2c44a35d,Emmanuel Dennis,ng NGA,FW,be Club Brugge,21,1997,1.0,2,1,1,1,0,0,6,0.0,6,2,0,2,0,2,0,0,Matches
aa5859cb,Laurent Depoitre,be BEL,FW,be Gent,30,1988,7.3,8,3,3,3,2,3,6,50.0,3,8,1,7,2,10,3,0,Matches
d807c7f6,Jan-Arie van der Heijden,nl NED,DF,nl Feyenoord,31,1988,1.0,1,1,0,1,0,1,1,100.0,0,3,2,1,1,2,5,0,Matches
1d896c05,Jasper van der Werff,ch SUI,"DF,MF",ch Basel,20,1998,1.2,5,0,2,3,0,4,6,66.7,2,2,0,2,1,6,2,0,Matches
5976f83e,Sergiño Dest,us USA,DF,nl Ajax,18,2000,2.0,3,1,2,1,0,1,3,33.3,2,1,0,1,1,4,7,0,Matches
2e5e846d,Deyverson,br BRA,FW,es Getafe,28,1991,1.4,2,0,0,0,2,0,0,,0,0,0,0,1,3,3,0,Matches
23c5db70,Abdoulay Diaby,ml MLI,"MF,FW",tr Beşiktaş,28,1991,2.0,5,3,0,3,2,2,5,40.0,3,1,0,1,0,5,0,0,Matches
aeed5c06,Moussa Diaby,fr FRA,"FW,MF",de Leverkusen,20,1999,3.7,1,1,1,0,0,1,4,25.0,3,2,0,2,0,1,0,0,Matches
31c69ef1,Rúben Dias,pt POR,DF,pt Benfica,22,1997,2.0,4,1,2,2,0,3,3,100.0,0,1,0,1,1,5,3,1,Matches
8104e41e,Krépin Diatta,sn SEN,MF,be Club Brugge,20,1999,0.3,1,0,1,0,0,0,0,,0,0,0,0,2,3,0,1,Matches
bf309d24,Amadou Diawara,gn GUI,MF,it Roma,22,1997,5.0,10,8,4,6,0,1,3,33.3,2,2,0,2,9,19,2,0,Matches
4a1a9578,Luis Díaz,co COL,"MF,FW",pt Porto,22,1997,4.5,5,3,3,2,0,1,9,11.1,8,6,0,6,3,8,2,0,Matches
4030c7ae,Dénes Dibusz,hu HUN,GK,hu Ferencváros,28,1990,6.0,0,0,0,0,0,0,0,,0,0,0,0,0,0,5,0,Matches
4be0b467,Lois Diony,fr FRA,FW,fr Saint-Étienne,26,1992,0.8,0,0,0,0,0,0,0,,0,0,0,0,0,0,0,0,Matches
7f622eef,Assane Dioussé,sn SEN,MF,fr Saint-Étienne,21,1997,0.8,2,1,1,1,0,1,1,100.0,0,2,0,2,1,3,2,0,Matches
65ad4d98,Igor Diveev,ru RUS,DF,ru CSKA Moscow,19,1999,5.5,5,2,2,3,0,4,4,100.0,0,8,6,2,13,18,24,0,Matches
a4971d84,Djené,tg TOG,DF,es Getafe,27,1991,7.0,7,2,3,4,0,3,7,42.9,4,5,2,3,17,24,21,2,Matches
d01bbb6f,Ritsu Doan,jp JPN,"MF,FW",nl PSV Eindhoven,21,1998,2.6,3,1,1,2,0,0,2,0.0,2,3,0,3,7,10,2,0,Matches
b5f7d10b,Dodô,br BRA,DF,ua Shakhtar,20,1998,5.0,9,7,9,0,0,8,11,72.7,3,2,0,2,4,13,5,0,Matches
d557d734,Matt Doherty,ie IRL,"MF,DF",eng Wolves,27,1992,9.4,19,12,10,9,0,7,11,63.6,4,5,0,5,15,34,18,0,Matches
9ffdf29a,Jean-Luc Dompé,fr FRA,"FW,MF",be Gent,23,1995,0.2,0,0,0,0,0,0,0,,0,1,0,1,0,0,0,0,Matches
6bfaecc4,Renan dos Santos,br BRA,GK,bg Ludogorets,30,1989,1.0,0,0,0,0,0,0,0,,0,0,0,0,0,0,0,1,Matches
dc90cfbe,Bas Dost,nl NED,FW,de Eint Frankfurt,30,1989,2.2,3,3,0,3,0,1,1,100.0,0,1,1,0,1,4,0,0,Matches
ee0da7af,Douglas,br BRA,DF,tr Beşiktaş,28,1990,2.0,6,6,3,3,0,4,7,57.1,3,3,0,3,1,7,2,0,Matches
e961d3ac,Douglas,br BRA,GK,pt Vitória,36,1983,2.0,0,0,0,0,0,0,0,,0,0,0,0,0,0,0,0,Matches
685857dc,Idrissa Doumbia,ci CIV,MF,pt Sporting CP,21,1998,6.1,4,3,2,2,0,0,6,0.0,6,8,2,6,12,16,7,0,Matches
9daeac61,Souleyman Doumbia,ci CIV,DF,fr Rennes,22,1996,1.9,1,0,0,1,0,1,1,100.0,0,3,2,1,1,2,4,0,Matches
7a47e204,Oleksiy Dovhyi,ua UKR,MF,ua FC Oleksandriya,29,1989,1.3,1,0,0,0,1,1,4,25.0,3,3,1,2,0,1,4,0,Matches
6fd8a334,Aleksandar Dragović,at AUT,DF,de Leverkusen,28,1991,1.5,1,1,1,0,0,0,0,,0,4,2,2,3,4,3,0,Matches
e9457fb9,Dejan Dražić,rs SRB,"MF,FW",sk Slovan Bratislava,23,1995,3.1,1,1,1,0,0,1,7,14.3,6,0,0,0,0,1,1,0,Matches
9ef884b1,Ferdy Druijf,nl NED,FW,nl AZ Alkmaar,21,1998,1.1,1,0,0,1,0,1,1,100.0,0,1,0,1,0,1,0,0,Matches
d9b89391,Bruno Duarte,br BRA,FW,pt Vitória,23,1996,3.3,2,2,1,1,0,1,7,14.3,6,5,1,4,3,5,2,0,Matches
04a35432,Kaspars Dubra,lv LVA,DF,ua FC Oleksandriya,28,1990,6.0,2,2,2,0,0,1,4,25.0,3,6,3,3,7,9,31,0,Matches
481c9ece,Denzel Dumfries,nl NED,DF,nl PSV Eindhoven,23,1996,6.0,20,11,16,4,0,9,15,60.0,6,4,3,1,10,30,17,0,Matches
cf623c78,Erik Durm,de GER,"FW,DF",de Eint Frankfurt,27,1992,0.9,3,2,0,2,1,2,4,50.0,2,1,0,1,1,4,1,0,Matches
37e103f8,Hugo Duro,es ESP,MF,es Getafe,19,1999,0.8,0,0,0,0,0,0,3,0.0,3,1,0,1,0,0,0,0,Matches
36d836c9,Abdurrahim Dursun,tr TUR,DF,tr Trabzonspor,20,1998,3.0,10,6,6,4,0,5,7,71.4,2,3,0,3,6,16,8,0,Matches
303636d2,Lasha Dvali,ge GEO,DF,hu Ferencváros,24,1995,1.0,0,0,0,0,0,0,2,0.0,2,0,0,0,0,0,3,0,Matches
e0a1c004,Svetoslav Dyakov,bg BUL,MF,bg Ludogorets,35,1984,2.1,4,1,1,2,1,1,10,10.0,9,7,4,3,6,10,9,0,Matches
4c45cdc2,Alan Dzagoev,ru RUS,MF,ru CSKA Moscow,29,1990,0.4,2,2,0,2,0,1,1,100.0,0,0,0,0,0,2,0,0,Matches
3bb7f478,Edin Džeko,ba BIH,FW,it Roma,33,1986,7.6,7,6,1,6,0,3,7,42.9,4,5,1,4,1,8,7,0,Matches
46ff3923,George Edmundson,eng ENG,DF,sct Rangers,21,1997,2.0,1,1,1,0,0,0,2,0.0,2,2,2,0,1,2,13,0,Matches
0562b7f1,Odsonne Édouard,fr FRA,FW,sct Celtic,21,1998,5.9,1,0,0,1,0,1,1,100.0,0,2,0,2,1,2,2,0,Matches
b3b310f0,Wilson Eduardo,ao ANG,FW,pt Braga,29,1990,0.9,0,0,0,0,0,0,1,0.0,1,2,0,2,0,0,2,0,Matches
57760e66,Marcus Edwards,eng ENG,"MF,FW",pt Vitória,20,1998,3.8,5,2,3,2,0,3,8,37.5,5,1,0,1,5,10,1,0,Matches
65553d96,Giorgos Efrem,cy CYP,FW,cy APOEL,30,1989,0.8,3,0,0,3,0,1,3,33.3,2,0,0,0,1,4,0,0,Matches
a0313275,Vegar Eggen Hedenstad,no NOR,DF,no Rosenborg,28,1991,5.0,12,8,8,4,0,7,10,70.0,3,3,0,3,8,20,4,1,Matches
a1c5b23e,Carel Eiting,nl NED,MF,nl Ajax,21,1998,1.0,5,3,3,1,1,2,2,100.0,0,1,0,1,1,6,3,0,Matches
7afbd2c3,Caleb Ekuban,gh GHA,"FW,MF",tr Trabzonspor,25,1994,0.9,1,1,0,1,0,1,1,100.0,0,1,0,1,0,1,0,0,Matches
4f56170e,Omar Elabdellaoui,no NOR,DF,gr Olympiacos,27,1991,4.3,1,1,1,0,0,1,2,50.0,1,0,0,0,1,2,12,0,Matches
05cb19c5,Eljero Elia,nl NED,"FW,MF",tr Başakşehir,32,1987,2.7,5,4,3,1,1,0,1,0.0,1,2,1,1,2,7,5,0,Matches
47a34c4f,Mohamed Elneny,eg EGY,MF,tr Beşiktaş,27,1992,4.5,5,4,1,4,0,1,2,50.0,1,1,0,1,7,12,4,0,Matches
053f6e16,Yao Eloge Koffi,ci CIV,DF,ch Lugano,23,1996,4.4,5,5,2,2,1,1,2,50.0,1,7,4,3,4,9,13,0,Matches
48035304,Nico Elvedi,ch SUI,DF,de M'Gladbach,22,1996,5.0,17,12,9,8,0,7,8,87.5,1,7,3,4,12,29,16,0,Matches
68dc0dac,Mohamed Elyounoussi,no NOR,FW,sct Celtic,24,1994,4.5,9,7,4,2,3,2,11,18.2,9,6,0,6,6,15,2,0,Matches
0b4f388a,Breel Embolo,ch SUI,"FW,MF",de M'Gladbach,22,1997,3.4,2,2,1,1,0,1,2,50.0,1,1,0,1,1,3,1,0,Matches
5c9ac7f0,Renaud Emond,be BEL,FW,be Standard Liège,27,1991,3.8,2,1,0,2,0,0,5,0.0,5,3,1,2,1,3,0,0,Matches
04e17fd5,Youssef En-Nesyri,ma MAR,FW,es Sevilla,22,1997,3.0,0,0,0,0,0,0,3,0.0,3,1,0,1,1,1,3,0,Matches
58dda688,Alexandru Epureanu,md MDA,DF,tr Başakşehir,32,1986,4.8,7,5,5,2,0,5,8,62.5,3,4,1,3,10,17,11,1,Matches
571d3ac1,Doğan Erdoğan,tr TUR,MF,tr Trabzonspor,22,1996,4.9,11,7,6,5,0,6,14,42.9,8,6,3,3,6,17,8,0,Matches
88b748d2,Nenad Erić,kz KAZ,GK,kz Astana FK,37,1982,5.3,0,0,0,0,0,0,1,0.0,1,1,0,1,0,0,3,0,Matches
980522ec,Christian Eriksen,dk DEN,MF,it Inter,27,1992,2.7,7,1,2,4,1,3,9,33.3,6,2,0,2,3,10,2,0,Matches
15b6e8d7,Caner Erkin,tr TUR,"FW,DF",tr Beşiktaş,30,1988,3.7,10,8,4,6,0,4,4,100.0,0,2,0,2,4,14,5,0,Matches
b0616e3d,Sergio Escudero,es ESP,DF,es Sevilla,29,1989,7.0,21,13,10,6,5,12,17,70.6,5,8,3,5,7,28,9,0,Matches
12dcbdcc,Ricardo Esgaio,pt POR,DF,pt Braga,26,1993,8.0,23,14,9,12,2,10,29,34.5,19,6,1,5,12,35,15,0,Matches
4242011c,Bernardo Espinosa,co COL,DF,es Espanyol,30,1989,2.5,0,0,0,0,0,0,0,,0,4,1,3,6,6,6,0,Matches
7ff93107,Sebastiano Esposito,it ITA,FW,it Inter,17,2002,0.4,0,0,0,0,0,0,0,,0,2,0,2,1,1,1,0,Matches
4a895384,Xabier Etxeita,es ESP,DF,es Getafe,31,1987,3.0,0,0,0,0,0,0,3,0.0,3,2,1,1,6,6,11,2,Matches
5f4ce4b6,Lucas Evangelista,br BRA,MF,pt Vitória,24,1995,3.7,11,6,2,8,1,4,8,50.0,4,4,0,4,5,16,2,0,Matches
d019d5db,Håkon Evjen,no NOR,MF,nl AZ Alkmaar,19,2000,1.0,1,0,0,1,0,0,1,0.0,1,1,0,1,0,1,0,0,Matches
3e59d360,Mohamed Ezzarfani,ma MAR,MF,es Espanyol,21,1997,0.2,1,0,1,0,0,1,2,50.0,1,2,0,2,0,1,1,0,Matches
46e58246,Collins Fai,cm CMR,DF,be Standard Liège,26,1992,2.9,6,3,6,0,0,3,10,30.0,7,4,1,3,3,9,9,0,Matches
79135368,Fayçal Fajr,ma MAR,MF,es Getafe,30,1988,4.9,12,8,7,5,0,2,7,28.6,5,1,0,1,6,18,2,0,Matches
ca8fa0c0,Luca Falbo,it ITA,DF,it Lazio,19,2000,0.2,0,0,0,0,0,0,2,0.0,2,0,0,0,0,0,1,0,Matches
762179d9,Rasmus Falk,dk DEN,MF,dk FC Copenhagen,27,1992,9.7,21,13,9,8,4,6,21,28.6,15,7,1,6,20,41,4,0,Matches
810e40c1,Patrick Farkas,at AUT,DF,at RB Salzburg,26,1992,1.0,3,2,1,2,0,1,3,33.3,2,2,1,1,0,3,5,0,Matches
0aeeed3f,Christian Fassnacht,ch SUI,MF,ch Young Boys,25,1993,5.7,14,9,2,8,4,6,15,40.0,9,7,1,6,8,22,4,0,Matches
4e358a2d,Federico Fazio,ar ARG,DF,it Roma,32,1987,6.1,12,7,8,3,1,8,12,66.7,4,6,5,1,11,23,15,0,Matches
15d0c248,Luiz Felipe,it ITA,DF,it Lazio,22,1997,1.0,1,1,1,0,0,1,2,50.0,1,4,3,1,3,4,2,1,Matches
3cefa66a,Leroy Fer,nl NED,MF,nl Feyenoord,29,1990,5.0,9,5,5,3,1,3,11,27.3,8,6,2,4,5,14,9,0,Matches
507c7bdf,Bruno Fernandes,pt POR,MF,pt Sporting CP,24,1994,5.0,6,4,3,3,0,2,6,33.3,4,6,1,5,3,9,3,1,Matches
507c7bdf,Bruno Fernandes,pt POR,MF,eng Manchester Utd,24,1994,4.0,8,6,1,5,2,4,10,40.0,6,3,1,2,3,11,3,0,Matches
8e58987d,Gelson Fernandes,ch SUI,MF,de Eint Frankfurt,32,1986,2.7,11,4,5,6,0,5,12,41.7,7,5,1,4,6,17,1,0,Matches
11e5e469,Ivanildo Fernandes,pt POR,DF,tr Trabzonspor,23,1996,4.0,6,4,5,1,0,3,3,100.0,0,7,6,1,6,12,13,0,Matches
13ac19de,Manuel Fernandes,pt POR,"MF,FW",ru Krasnodar,33,1986,1.2,0,0,0,0,0,0,0,,0,0,0,0,2,2,1,0,Matches
7c1a0c67,Mário Fernandes,ru RUS,"FW,DF",ru CSKA Moscow,28,1990,6.0,9,3,7,1,1,4,7,57.1,3,8,0,8,7,16,8,0,Matches
41c7bfd7,Rodrigo Fernandes,pt POR,MF,pt Sporting CP,18,2001,0.5,1,1,1,0,0,0,1,0.0,1,0,0,0,1,2,0,0,Matches
41f32541,Fernando,br BRA,MF,es Sevilla,32,1987,6.3,18,4,8,9,1,10,13,76.9,3,3,1,2,3,21,8,0,Matches
d9d43555,Fernando,br BRA,FW,ua Shakhtar,20,1999,0.1,0,0,0,0,0,0,1,0.0,1,0,0,0,0,0,0,0,Matches
b39a793e,Facundo Ferreyra,ar ARG,FW,es Espanyol,28,1991,2.4,2,2,0,0,2,0,2,0.0,2,1,0,1,0,2,1,0,Matches
908eea67,Petar Filipović,de GER,DF,at LASK,28,1990,8.1,10,7,2,8,0,6,11,54.5,5,4,0,4,18,28,34,0,Matches
b5920350,Viktor Fischer,dk DEN,MF,dk FC Copenhagen,25,1994,4.5,5,4,0,3,2,3,6,50.0,3,4,2,2,1,6,5,0,Matches
e288d4b3,Alessandro Florenzi,it ITA,"DF,MF",it Roma,28,1991,1.1,3,2,2,1,0,2,2,100.0,0,2,1,1,2,5,2,0,Matches
132a82f1,Wesley Fofana,fr FRA,DF,fr Saint-Étienne,18,2000,2.0,6,3,4,2,0,2,2,100.0,0,1,0,1,6,12,8,0,Matches
6ff8ef56,Rui Fonte,pt POR,"FW,MF",pt Braga,29,1990,1.5,2,0,0,2,0,0,1,0.0,1,3,0,3,5,7,2,0,Matches
e73659d3,James Forrest,sct SCO,"FW,DF",sct Celtic,28,1991,6.7,10,5,4,4,2,5,13,38.5,8,6,1,5,2,12,2,0,Matches
c3e39f12,Fraser Forster,eng ENG,GK,sct Celtic,31,1988,7.0,0,0,0,0,0,0,0,,0,0,0,0,0,0,2,0,Matches
eb3f56e5,Rafael Forster,br BRA,DF,bg Ludogorets,29,1990,3.1,5,3,4,1,0,3,7,42.9,4,3,2,1,4,9,11,0,Matches
715e5b0e,Kostas Fortounis,gr GRE,"MF,FW",gr Olympiacos,26,1992,1.0,2,2,0,1,1,0,0,,0,1,0,1,1,3,1,0,Matches
a9142dc3,Timothy Fosu-Mensah,nl NED,DF,eng Manchester Utd,21,1998,1.0,1,1,1,0,0,0,1,0.0,1,1,0,1,0,1,3,0,Matches
f620b04f,Lassina Franck Traoré,bf BFA,FW,nl Ajax,18,2001,0.7,0,0,0,0,0,0,0,,0,0,0,0,0,0,0,0,Matches
deba6b05,Fransérgio,br BRA,MF,pt Braga,28,1990,7.0,12,6,2,10,0,5,27,18.5,22,15,1,14,7,19,9,0,Matches
b853e0ad,Fred,br BRA,MF,eng Manchester Utd,26,1993,7.4,19,9,7,10,2,8,23,34.8,15,12,2,10,10,29,3,1,Matches
9fb640a8,Fabian Frei,ch SUI,MF,ch Basel,30,1989,10.7,10,6,6,4,0,7,18,38.9,11,7,2,5,8,18,9,1,Matches
59a7d912,Dominik Frieser,at AUT,"FW,MF",at LASK,25,1993,7.5,3,2,1,1,1,0,11,0.0,11,7,0,7,2,5,2,0,Matches
1c90cd29,Abraham Frimpong,gh GHA,DF,hu Ferencváros,26,1993,3.1,3,2,3,0,0,1,3,33.3,2,1,1,0,3,6,8,0,Matches
74f2e748,Jeremie Frimpong,nl NED,DF,sct Celtic,18,2000,0.9,1,0,0,1,0,0,3,0.0,3,0,0,0,0,1,1,0,Matches
16daec92,Mijat Gaćinović,rs SRB,MF,de Eint Frankfurt,24,1995,1.7,4,1,0,3,1,1,5,20.0,4,2,0,2,1,5,0,0,Matches
ce30bfc8,Roberto Gagliardini,it ITA,MF,it Inter,25,1994,3.5,3,0,2,1,0,2,3,66.7,1,3,2,1,2,5,3,0,Matches
1971591f,Cody Gakpo,nl NED,"FW,MF",nl PSV Eindhoven,20,1999,3.7,2,2,0,1,1,0,3,0.0,3,4,0,4,0,2,2,0,Matches
77c9e37c,Ethan Galbraith,nir NIR,FW,eng Manchester Utd,18,2001,0.0,0,0,0,0,0,0,0,,0,0,0,0,0,0,0,0,Matches
5b3d1a7a,Galeno,br BRA,"MF,FW",pt Braga,21,1997,6.3,4,4,1,2,1,1,9,11.1,8,10,1,9,5,9,8,0,Matches
3da8cba0,Romain Gall,us USA,MF,se Malmö,24,1995,0.1,0,0,0,0,0,0,0,,0,0,0,0,0,0,0,0,Matches
82e9b89d,Enric Gallego,es ESP,FW,es Getafe,32,1986,2.7,4,4,0,4,0,0,2,0.0,2,3,0,3,0,4,9,0,Matches
a372a9f2,Gara Garayev,az AZE,MF,az Qarabağ Ağdam,26,1992,5.1,11,5,6,5,0,3,8,37.5,5,5,0,5,5,16,7,0,Matches
1a317a1b,Raúl García,es ESP,DF,es Getafe,30,1989,4.0,11,5,6,3,2,4,8,50.0,4,4,1,3,4,15,8,0,Matches
c952f633,Ulisses Garcia,ch SUI,DF,ch Young Boys,23,1996,5.1,10,3,5,5,0,4,7,57.1,3,4,0,4,6,16,4,0,Matches
4e015693,James Garner,eng ENG,MF,eng Manchester Utd,18,2001,3.1,6,2,2,4,0,1,6,16.7,5,1,0,1,6,12,2,0,Matches
2402b0e8,Mickaël Garos,fr FRA,"DF,MF",lu F91 Dudelange,31,1988,4.7,6,4,4,2,0,0,7,0.0,7,7,3,4,15,21,15,0,Matches
55ae91f0,Bruno Gaspar,ao ANG,"FW,MF",gr Olympiacos,26,1993,0.5,1,1,1,0,0,1,2,50.0,1,0,0,0,0,1,1,0,Matches
0d72fbca,Gianluca Gaudino,de GER,MF,ch Young Boys,22,1996,1.5,5,1,3,2,0,3,6,50.0,3,2,0,2,2,7,3,0,Matches
47a0b54d,Nicolas Gavory,fr FRA,DF,be Standard Liège,24,1995,6.0,4,3,4,0,0,2,5,40.0,3,3,3,0,6,10,16,0,Matches
ecb68eea,Yuri Gazinskiy,ru RUS,MF,ru Krasnodar,30,1989,1.9,7,3,1,4,2,3,6,50.0,3,4,2,2,2,9,2,0,Matches
6be41a31,Yann Gboho,fr FRA,"MF,FW",fr Rennes,18,2001,1.4,0,0,0,0,0,0,1,0.0,1,1,0,1,0,0,0,0,Matches
7ba6d84e,David de Gea,es ESP,GK,eng Manchester Utd,28,1990,2.0,0,0,0,0,0,0,0,,0,0,0,0,0,0,0,0,Matches
242e1043,Lutsharel Geertruida,nl NED,DF,nl Feyenoord,19,2000,3.1,9,5,5,3,1,3,7,42.9,4,4,2,2,3,12,5,0,Matches
8ed17872,Savvas Gentsoglou,gr GRE,MF,cy APOEL,28,1990,4.0,11,8,5,5,1,5,19,26.3,14,5,0,5,6,17,9,1,Matches
62ab9184,Yannick Gerhardt,de GER,MF,de Wolfsburg,25,1994,5.0,9,5,0,8,1,1,9,11.1,8,7,2,5,7,16,3,0,Matches
c699e60c,Alexander Gerndt,se SWE,FW,ch Lugano,33,1986,2.2,2,1,0,2,0,2,2,100.0,0,2,1,1,0,2,0,0,Matches
32f60ed8,Morgan Gibbs-White,eng ENG,"MF,FW",eng Wolves,19,2000,2.8,2,0,0,2,0,1,5,20.0,4,1,0,1,5,7,1,0,Matches
5eb3130f,Petar Gigić,rs SRB,FW,rs Partizan,22,1997,0.0,0,0,0,0,0,0,0,,0,0,0,0,0,0,0,0,Matches
e5f63987,Daniel Ginczek,de GER,FW,de Wolfsburg,28,1991,1.7,0,0,0,0,0,0,1,0.0,1,1,1,0,1,1,4,0,Matches
f521b80a,Matthias Ginter,de GER,DF,de M'Gladbach,25,1994,4.0,4,1,4,0,0,2,2,100.0,0,3,2,1,5,9,10,0,Matches
1232e1dc,Joris Gnagnon,fr FRA,DF,fr Rennes,22,1997,6.0,6,3,5,0,1,2,3,66.7,1,12,6,6,11,17,17,0,Matches
ecc10d95,Anderson Gniangbo,ci CIV,FW,at Wolfsberger AC,19,1999,5.6,2,2,0,1,1,0,3,0.0,3,6,0,6,2,4,1,0,Matches
ecc10d95,Anderson Gniangbo,ci CIV,DF,be Gent,19,1999,0.1,0,0,0,0,0,0,0,,0,0,0,0,0,0,0,0,Matches
fc4f85b1,Diego Godín,uy URU,DF,it Inter,33,1986,6.0,13,10,4,8,1,4,8,50.0,4,8,4,4,9,22,25,0,Matches
0c0d6ed1,Okechukwu Godson Azubuike,ng NGA,MF,tr Başakşehir,22,1997,4.1,7,7,1,4,2,4,15,26.7,11,7,0,7,6,13,2,0,Matches
3d022757,Cèdric Gogoua,ci CIV,DF,ru CSKA Moscow,25,1994,0.5,0,0,0,0,0,0,0,,0,1,0,1,2,2,3,0,Matches
e1ba3d5a,Thomas Goiginger,at AUT,"FW,MF",at LASK,26,1993,7.8,10,6,3,4,3,3,13,23.1,10,11,0,11,3,13,2,0,Matches
56f6f826,Connor Goldson,eng ENG,DF,sct Rangers,26,1992,10.0,6,5,3,3,0,4,7,57.1,3,6,4,2,6,12,73,1,Matches
3046fcff,Manfred Gollner,at AUT,DF,at Wolfsberger AC,28,1990,1.0,0,0,0,0,0,0,2,0.0,2,2,2,0,3,3,8,0,Matches
fc3f41aa,Cătălin Golofca,ro ROU,"MF,FW",ro CFR Cluj,29,1990,0.4,1,1,1,0,0,0,1,0.0,1,0,0,0,0,1,1,0,Matches
645a3363,Angel Gomes,eng ENG,"FW,MF",eng Manchester Utd,18,2000,2.7,2,0,0,0,2,0,4,0.0,4,2,0,2,1,3,1,0,Matches
bc6f5f06,Sergi Gómez,es ESP,DF,es Sevilla,27,1992,4.8,3,3,3,0,0,1,3,33.3,2,1,0,1,4,7,14,0,Matches
d1675302,Gökhan Gönül,tr TUR,FW,tr Beşiktaş,34,1985,0.1,0,0,0,0,0,0,1,0.0,1,0,0,0,0,0,0,0,Matches
f11fe861,Bruno González,es ESP,DF,es Getafe,29,1990,4.1,5,3,3,2,0,2,3,66.7,1,4,2,2,5,10,14,0,Matches
83b9c48f,Jacek Góralski,pl POL,"MF,FW",bg Ludogorets,26,1992,0.9,4,2,1,3,0,0,3,0.0,3,1,0,1,2,6,2,0,Matches
b15780e3,Craig Gordon,sct SCO,GK,sct Celtic,36,1982,1.0,0,0,0,0,0,0,0,,0,0,0,0,0,0,0,1,Matches
1b17ed86,Esteban Granero,es ESP,MF,es Espanyol,32,1987,5.0,8,6,4,4,0,3,7,42.9,4,2,1,1,5,13,4,0,Matches
9dab6e3b,Lee Grant,eng ENG,GK,eng Manchester Utd,36,1983,1.0,0,0,0,0,0,0,0,,0,0,0,0,0,0,0,0,Matches
b8e740fb,Ryan Gravenberch,nl NED,MF,nl Ajax,17,2002,0.8,1,1,0,1,0,0,4,0.0,4,0,0,0,0,1,0,0,Matches
58eee997,Mason Greenwood,eng ENG,FW,eng Manchester Utd,17,2001,7.1,8,5,4,2,2,2,7,28.6,5,0,0,0,1,9,1,0,Matches
30061f53,Dominik Greif,sk SVK,GK,sk Slovan Bratislava,22,1997,6.0,0,0,0,0,0,0,0,,0,0,0,0,0,0,1,1,Matches
8b298f56,Clément Grenier,fr FRA,MF,fr Rennes,28,1991,4.0,8,3,4,2,2,1,4,25.0,3,2,0,2,8,16,3,0,Matches
a8c62306,Leigh Griffiths,sct SCO,FW,sct Celtic,28,1990,1.4,3,3,0,0,3,0,1,0.0,1,0,0,0,1,4,0,0,Matches
5c4f0f49,Dragoș Grigore,ro ROU,DF,bg Ludogorets,32,1986,5.5,3,2,2,1,0,1,4,25.0,3,11,6,5,15,18,25,0,Matches
b1f4086c,Álex Grimaldo,es ESP,DF,pt Benfica,23,1995,2.0,1,0,1,0,0,1,1,100.0,0,5,1,4,4,5,6,1,Matches
0076ab7f,Nemanja Gudelj,rs SRB,"MF,DF",es Sevilla,27,1991,8.1,25,15,5,16,4,11,15,73.3,4,5,3,2,6,31,14,0,Matches
5ea8ef20,Mattéo Guendouzi,fr FRA,MF,eng Arsenal,20,1999,3.8,8,3,4,3,1,3,14,21.4,11,3,2,1,6,14,6,0,Matches
82b85f5a,Magaye Gueye,fr FRA,FW,az Qarabağ Ağdam,29,1990,2.3,0,0,0,0,0,0,1,0.0,1,2,1,1,0,0,0,0,Matches
b635c249,Stefano Guidotti,ch SUI,MF,ch Lugano,20,1999,1.4,3,2,0,3,0,3,8,37.5,5,2,0,2,5,8,3,0,Matches
e6c43eec,Josuha Guilavogui,fr FRA,"MF,DF",de Wolfsburg,28,1990,5.2,11,6,5,5,1,7,11,63.6,4,1,0,1,12,23,12,1,Matches
8754c7ca,Guilherme,br BRA,MF,gr Olympiacos,28,1991,4.2,6,3,3,2,1,4,10,40.0,6,7,2,5,5,11,6,2,Matches
7091324a,Rafik Guitane,fr FRA,"FW,MF",fr Rennes,20,1999,0.8,0,0,0,0,0,0,0,,0,1,0,1,1,1,0,0,Matches
b686f4c0,Fredrik Gulbrandsen,no NOR,"FW,MF",tr Başakşehir,26,1992,4.8,3,1,3,0,0,1,10,10.0,9,5,0,5,4,7,3,0,Matches
b583aef5,Mert Günok,tr TUR,GK,tr Başakşehir,30,1989,10.3,1,1,1,0,0,1,1,100.0,0,0,0,0,1,2,4,0,Matches
c7842dab,Erick Gutiérrez,mx MEX,MF,nl PSV Eindhoven,24,1995,3.2,18,7,8,8,2,6,11,54.5,5,4,2,2,3,21,9,1,Matches
7b8ff0ac,Jón Guðni Fjóluson,is ISL,MF,ru Krasnodar,30,1989,0.7,1,1,0,0,1,0,0,,0,1,0,1,1,2,2,0,Matches
8696bc90,Munir El Haddadi,ma MAR,FW,es Sevilla,23,1995,5.0,13,9,5,4,4,2,10,20.0,8,2,0,2,2,15,0,0,Matches
0127419a,Ianis Hagi,ro ROU,"FW,MF",sct Rangers,20,1998,2.4,4,3,3,1,0,3,8,37.5,5,4,0,4,3,7,1,0,Matches
532aa911,Linus Hallenius,se SWE,FW,cy APOEL,30,1989,3.2,0,0,0,0,0,0,0,,0,1,1,0,1,1,2,0,Matches
0b4d8274,Romain Hamouma,fr FRA,FW,fr Saint-Étienne,32,1987,3.4,8,4,5,2,1,4,6,66.7,2,2,0,2,0,8,1,0,Matches
74419746,Samir Handanović,si SVN,GK,it Inter,35,1984,4.0,0,0,0,0,0,0,0,,0,0,0,0,0,0,0,0,Matches
6bfb4303,Florent Hanin,dz ALG,DF,pt Vitória,29,1990,5.0,8,3,2,6,0,4,8,50.0,4,5,0,5,3,11,4,0,Matches
5e91ddf8,André Hansen,no NOR,GK,no Rosenborg,29,1989,5.0,0,0,0,0,0,0,0,,0,0,0,0,1,1,2,1,Matches
c8d7131c,Ridgeciano Haps,sr SUR,DF,nl Feyenoord,26,1993,3.1,7,4,5,1,1,5,7,71.4,2,5,0,5,8,15,5,0,Matches
bfc5768b,Denys Harmash,ua UKR,MF,ua Dynamo Kyiv,29,1990,0.4,1,1,1,0,0,0,3,0.0,3,0,0,0,0,1,0,0,Matches
9ab16552,Makoto Hasebe,jp JPN,"DF,MF",de Eint Frankfurt,35,1984,7.3,14,10,10,4,0,11,15,73.3,4,11,5,6,6,20,22,0,Matches
78a3c38e,Pantelis Hatzidiakos,gr GRE,DF,nl AZ Alkmaar,22,1997,2.3,0,0,0,0,0,0,3,0.0,3,1,1,0,2,2,8,0,Matches
f9ebe13d,Stefan Haudum,at AUT,MF,at LASK,24,1994,0.2,1,1,0,0,1,1,2,50.0,1,0,0,0,0,1,0,0,Matches
fed7cb61,Kai Havertz,de GER,"FW,MF",de Leverkusen,20,1999,5.0,9,6,5,0,4,2,9,22.2,7,6,0,6,1,10,5,0,Matches
05a6c38b,Jonny Hayes,ie IRL,DF,sct Celtic,32,1987,2.4,5,5,2,1,2,4,9,44.4,5,2,0,2,6,11,11,0,Matches
169fd162,Hwang Hee-chan,kr KOR,FW,at RB Salzburg,23,1996,2.0,3,3,0,1,2,2,4,50.0,2,2,0,2,1,4,1,0,Matches
fecd43a3,Marcel Heister,de GER,DF,hu Ferencváros,27,1992,3.0,10,4,7,2,1,6,10,60.0,4,1,1,0,5,15,4,0,Matches
27f0ddef,Filip Helander,se SWE,DF,sct Rangers,26,1993,6.0,5,3,4,1,0,5,5,100.0,0,6,5,1,7,12,30,0,Matches
28eea0fc,Jorrit Hendrix,nl NED,MF,nl PSV Eindhoven,24,1995,2.8,9,6,4,4,1,3,6,50.0,3,2,0,2,7,16,6,0,Matches
1bd5fc78,Eduardo Henrique,br BRA,MF,pt Sporting CP,24,1995,2.7,3,2,1,2,0,1,2,50.0,1,1,1,0,1,4,6,0,Matches
98554bfd,Uche Henry Agbo,ng NGA,MF,pt Braga,23,1995,1.2,1,0,0,1,0,1,1,100.0,0,0,0,0,4,5,2,0,Matches
189cee7b,Javier Hernández,mx MEX,FW,es Sevilla,31,1988,2.8,4,3,1,3,0,1,4,25.0,3,2,0,2,1,5,1,0,Matches
dfb6490a,Patrick Herrmann,de GER,"MF,FW",de M'Gladbach,28,1991,2.3,6,2,1,3,2,2,4,50.0,2,1,0,1,1,7,2,0,Matches
080440a4,Martin Hinteregger,at AUT,DF,de Eint Frankfurt,26,1992,9.0,21,9,13,8,0,13,20,65.0,7,11,4,7,12,33,14,0,Matches
cff7dcb0,Guillaume Hoarau,fr FRA,"FW,DF",ch Young Boys,35,1984,0.8,0,0,0,0,0,0,0,,0,0,0,0,0,0,0,0,Matches
cfb6c9e5,Ovidiu Hoban,ro ROU,MF,ro CFR Cluj,36,1982,0.7,1,1,0,1,0,0,0,,0,0,0,0,1,2,5,0,Matches
275f52fc,Amar Hodzić,at AUT,FW,at Wolfsberger AC,20,1999,0.0,0,0,0,0,0,0,0,,0,0,0,0,0,0,0,0,Matches
2903a856,Jonas Hofmann,de GER,"MF,FW",de M'Gladbach,27,1992,2.0,7,5,7,0,0,4,11,36.4,7,3,1,2,2,9,3,0,Matches
d79a8c87,Rob Holding,eng ENG,DF,eng Arsenal,23,1995,3.0,1,1,0,0,1,1,3,33.3,2,4,4,0,2,3,7,0,Matches
1adb73db,Filip Holender,hu HUN,"FW,MF",ch Lugano,25,1994,2.4,1,1,0,1,0,0,2,0.0,2,1,1,0,0,1,4,0,Matches
efc13588,James Holland,au AUS,MF,at LASK,30,1989,9.8,24,12,6,15,3,14,37,37.8,23,8,2,6,13,37,6,0,Matches
588de166,Dávid Holman,hu HUN,MF,sk Slovan Bratislava,26,1993,3.3,8,6,5,2,1,3,6,50.0,3,4,0,4,2,10,2,0,Matches
e248e62f,Carlo Holse,dk DEN,MF,dk FC Copenhagen,20,1999,0.7,3,1,2,1,0,1,3,33.3,2,3,0,3,0,3,1,0,Matches
db7849ca,Franck Honorat,fr FRA,"DF,FW",fr Saint-Étienne,22,1996,1.5,1,1,1,0,0,1,1,100.0,0,0,0,0,1,2,3,0,Matches
951f1739,André Horta,pt POR,MF,pt Braga,22,1996,4.4,6,4,3,2,1,3,9,33.3,6,2,0,2,4,10,1,0,Matches
6603fed7,Ricardo Horta,pt POR,"MF,FW",pt Braga,24,1994,6.4,7,3,2,3,2,1,5,20.0,4,4,1,3,0,7,5,0,Matches
d2161bae,Majid Hosseini,ir IRN,"DF,MF",tr Trabzonspor,23,1996,4.5,3,1,2,1,0,1,2,50.0,1,4,1,3,9,12,8,0,Matches
d1fea02e,Even Hovland,no NOR,DF,no Rosenborg,30,1989,6.0,5,3,4,1,0,2,4,50.0,2,12,8,4,12,17,24,1,Matches
ad3389d5,Lukáš Hrádecký,fi FIN,GK,de Leverkusen,29,1989,5.0,0,0,0,0,0,0,0,,0,0,0,0,0,0,3,1,Matches
a47e7ecd,Dmytro Hrechyshkin,ua UKR,MF,ua FC Oleksandriya,27,1991,6.0,15,9,9,5,1,5,12,41.7,7,6,4,2,12,27,9,0,Matches
854f7734,Víctor Hugo García,ve VEN,DF,pt Vitória,25,1994,3.0,5,3,4,0,1,2,7,28.6,5,3,1,2,1,6,11,0,Matches
d14229f3,Adrien Hunou,fr FRA,"FW,MF",fr Rennes,25,1994,2.0,0,0,0,0,0,0,2,0.0,2,1,0,1,1,1,0,0,Matches
5042e5c2,Klaas-Jan Huntelaar,nl NED,FW,nl Ajax,35,1983,0.4,0,0,0,0,0,0,0,,0,0,0,0,0,0,2,0,Matches
e09436fb,Abbas Huseynov,az AZE,DF,az Qarabağ Ağdam,24,1995,1.8,3,1,2,0,1,2,2,100.0,0,2,1,1,3,6,3,0,Matches
4f5a953e,Badavi Huseynov,az AZE,DF,az Qarabağ Ağdam,28,1991,6.0,8,4,7,1,0,2,8,25.0,6,13,8,5,3,11,16,1,Matches
f1b55719,Atiba Hutchinson,ca CAN,MF,tr Beşiktaş,36,1983,0.2,0,0,0,0,0,0,0,,0,0,0,0,0,0,0,0,Matches
82efe6fa,Roger Ibanez,br BRA,DF,it Roma,20,1998,1.0,1,1,0,1,0,0,2,0.0,2,0,0,0,5,6,4,0,Matches
55a480e4,İsmayıl İbrahimli,az AZE,MF,az Qarabağ Ağdam,21,1998,0.6,3,2,1,2,0,2,5,40.0,3,1,0,1,0,3,0,0,Matches
34caa4b3,Oussama Idrissi,ma MAR,"FW,MF",nl AZ Alkmaar,23,1996,7.1,4,1,1,1,2,1,12,8.3,11,9,0,9,2,6,3,0,Matches
3767b3b7,Edgar Ié,pt POR,DF,nl Feyenoord,25,1994,3.2,12,6,11,1,0,5,6,83.3,1,7,5,2,3,15,14,0,Matches
03622183,Odion Ighalo,ng NGA,FW,eng Manchester Utd,30,1989,3.2,0,0,0,0,0,0,2,0.0,2,2,1,1,0,0,0,0,Matches
bab077a4,Ivan Ignatyev,ru RUS,FW,ru Krasnodar,20,1999,1.8,0,0,0,0,0,0,1,0.0,1,1,0,1,0,0,3,0,Matches
86878265,Mohammed Ihattaren,nl NED,"FW,MF",nl PSV Eindhoven,17,2002,5.3,6,6,1,4,1,2,3,66.7,1,3,0,3,1,7,3,0,Matches
65bbfba3,Danylo Ihnatenko,ua UKR,MF,hu Ferencváros,22,1997,3.0,0,0,0,0,0,0,4,0.0,4,6,3,3,4,4,7,0,Matches
8ff4872e,Jordan Ikoko,cd COD,DF,bg Ludogorets,25,1994,1.0,0,0,0,0,0,0,0,,0,0,0,0,2,2,1,0,Matches
55bd7d45,Plamen Iliev,bg BUL,GK,bg Ludogorets,27,1991,7.0,0,0,0,0,0,0,0,,0,0,0,0,0,0,0,0,Matches
a64b4786,Tiago Ilori,pt POR,DF,pt Sporting CP,26,1993,4.3,6,5,6,0,0,2,4,50.0,2,5,5,0,5,11,25,0,Matches
8494acc4,Stefan Ilsanker,at AUT,"MF,DF",de Eint Frankfurt,30,1989,2.4,7,4,5,2,0,3,4,75.0,1,7,2,5,3,10,6,0,Matches
4431aed2,Ciro Immobile,it ITA,FW,it Lazio,29,1990,2.9,1,1,0,0,1,1,1,100.0,0,1,0,1,0,1,1,0,Matches
f512a009,Jo Inge Berget,no NOR,"FW,DF",se Malmö,28,1990,4.8,10,8,1,4,5,4,11,36.4,7,2,0,2,2,12,1,0,Matches
7d036b4a,Arnór Ingvi Traustason,is ISL,"MF,FW",se Malmö,26,1993,5.5,2,1,1,1,0,2,3,66.7,1,7,0,7,5,7,3,0,Matches
546bb36e,Bonke Innocent,ng NGA,MF,se Malmö,23,1996,2.9,5,1,2,2,1,2,9,22.2,7,3,1,2,2,7,1,0,Matches
50d85cd8,Nicholas Ioannou,cy CYP,DF,cy APOEL,23,1995,7.3,7,4,4,3,0,4,13,30.8,9,6,3,3,8,15,23,2,Matches
d1f48bfc,Isael,br BRA,"FW,MF",hu Ferencváros,31,1988,4.0,7,4,4,3,0,3,9,33.3,6,3,0,3,2,9,2,0,Matches
cf182add,Ismaily,br BRA,DF,ua Shakhtar,29,1990,2.7,6,3,4,2,0,2,6,33.3,4,4,3,1,7,13,9,1,Matches
132f161f,Vakoun Issouf Bayo,ci CIV,"MF,FW",sct Celtic,22,1997,0.3,0,0,0,0,0,0,0,,0,2,0,2,0,0,1,0,Matches
fd7768be,Elis Isufi,ch SUI,DF,ch Basel,19,2000,1.0,3,3,1,1,1,2,2,100.0,0,2,1,1,1,4,1,0,Matches
6dce77a5,Ander Iturraspe,es ESP,MF,es Espanyol,30,1989,3.7,7,4,3,3,1,0,9,0.0,9,2,0,2,7,14,14,0,Matches
1668b4b1,Đorđe Ivanović,rs SRB,FW,rs Partizan,23,1995,0.1,1,1,0,1,0,1,1,100.0,0,0,0,0,0,1,0,0,Matches
d97cccc9,Ryan Jack,sct SCO,MF,sct Rangers,27,1992,7.6,17,7,6,10,1,9,16,56.3,7,14,2,12,19,36,10,0,Matches
f7815d38,Antonio Jakoliš,hr CRO,"DF,FW",cy APOEL,27,1992,3.6,11,7,6,5,0,4,11,36.4,7,4,0,4,1,12,4,0,Matches
c931d9f9,Daniel James,wls WAL,FW,eng Manchester Utd,21,1997,3.3,1,1,0,1,0,0,4,0.0,4,5,1,4,1,2,0,0,Matches
7e964a67,Rangelo Janga,cw CUW,FW,kz Astana FK,27,1992,1.7,3,1,0,1,2,2,4,50.0,2,1,1,0,1,4,4,0,Matches
689c9cf4,Saidy Janko,gm GAM,DF,ch Young Boys,23,1995,5.1,11,8,8,3,0,5,5,100.0,0,7,3,4,8,19,13,0,Matches
34b54da7,Tony Jantschke,de GER,DF,de M'Gladbach,29,1990,1.3,3,1,1,2,0,2,2,100.0,0,4,3,1,5,8,9,0,Matches
9038c2a1,Jason,es ESP,MF,es Getafe,25,1994,1.6,6,5,1,3,2,4,6,66.7,2,1,0,1,0,6,0,0,Matches
21519148,Mike Jensen,dk DEN,MF,no Rosenborg,31,1988,6.0,10,5,5,4,1,6,10,60.0,4,4,1,3,6,16,6,0,Matches
21519148,Mike Jensen,dk DEN,MF,cy APOEL,31,1988,2.0,9,7,4,4,1,5,6,83.3,1,3,1,2,1,10,0,0,Matches
4a537185,Jesé,es ESP,FW,pt Sporting CP,26,1993,0.8,1,0,0,0,1,0,2,0.0,2,2,0,2,1,2,0,0,Matches
79083382,Juan Jesus,br BRA,DF,it Roma,28,1991,1.0,2,2,2,0,0,1,1,100.0,0,3,2,1,3,5,2,0,Matches
b561db50,Raúl Jiménez,mx MEX,FW,eng Wolves,28,1991,8.5,6,2,2,1,3,0,2,0.0,2,5,1,4,4,10,7,0,Matches
8d67689d,Bertino João Barbosa,pt POR,FW,lu F91 Dudelange,27,1992,0.5,2,0,2,0,0,1,2,50.0,1,1,0,1,0,2,0,0,Matches
86168d75,Joãozinho,pt POR,DF,cy APOEL,30,1989,1.0,2,1,0,1,1,2,2,100.0,0,0,0,0,0,2,2,0,Matches
02ee4c77,Bjørn Johnsen,no NOR,FW,no Rosenborg,27,1991,2.4,3,0,1,1,1,2,3,66.7,1,2,0,2,0,3,2,1,Matches
a56bd2ee,Karl-Johan Johnsson,se SWE,GK,dk FC Copenhagen,29,1990,11.3,0,0,0,0,0,0,0,,0,0,0,0,0,0,2,0,Matches
9bd73cce,Michael Johnston,sct SCO,"MF,FW",sct Celtic,20,1999,1.1,0,0,0,0,0,0,2,0.0,2,0,0,0,0,0,0,0,Matches
d2bf42ba,Jordan Jones,nir NIR,"FW,MF",sct Rangers,24,1994,0.3,0,0,0,0,0,0,0,,0,0,0,0,0,0,0,0,Matches
def899bd,Phil Jones,eng ENG,DF,eng Manchester Utd,27,1992,2.3,4,3,2,2,0,2,2,100.0,0,1,1,0,2,6,12,0,Matches
abb3bb95,Luuk de Jong,nl NED,FW,es Sevilla,28,1990,4.4,5,2,1,3,1,3,5,60.0,2,2,0,2,0,5,4,0,Matches
244f57b9,Jony,es ESP,DF,it Lazio,28,1991,4.2,8,6,6,2,0,4,11,36.4,7,1,0,1,7,15,5,0,Matches
2a0c8ba4,Joan Jordán,es ESP,MF,es Sevilla,25,1994,8.3,11,6,1,7,3,6,17,35.3,11,6,0,6,9,20,4,0,Matches
41ff002d,Bruno Jordão,pt POR,MF,eng Wolves,20,1998,0.1,0,0,0,0,0,0,2,0.0,2,0,0,0,0,0,1,0,Matches
a6f6aad2,Jorginho,gw GNB,FW,bg Ludogorets,23,1995,0.1,0,0,0,0,0,0,0,,0,0,0,0,0,0,0,0,Matches
2b65fe46,Jota,pt POR,MF,pt Benfica,20,1999,0.1,0,0,0,0,0,0,0,,0,1,0,1,0,0,0,0,Matches
178ae8f8,Diogo Jota,pt POR,"FW,MF",eng Wolves,22,1996,4.2,0,0,0,0,0,0,12,0.0,12,1,0,1,3,3,2,0,Matches
068830ca,Jonathan Joubert,lu LUX,GK,lu F91 Dudelange,39,1979,6.0,0,0,0,0,0,0,0,,0,1,0,1,0,0,5,1,Matches
f323d995,Christopher Jullien,fr FRA,DF,sct Celtic,26,1993,7.5,17,8,10,7,0,8,13,61.5,5,10,6,4,12,29,54,0,Matches
dba67bc4,Zlatko Junuzović,at AUT,MF,at RB Salzburg,31,1987,1.0,3,2,1,2,0,2,2,100.0,0,1,0,1,6,9,0,0,Matches
dff19848,Nicolai Jørgensen,dk DEN,FW,nl Feyenoord,28,1991,1.1,0,0,0,0,0,0,1,0.0,1,0,0,0,1,1,0,0,Matches
71d5ca31,Tamás Kádár,hu HUN,DF,ua Dynamo Kyiv,29,1990,4.0,5,4,2,3,0,2,3,66.7,1,4,4,0,2,7,16,0,Matches
d2800f47,İrfan Kahveci,tr TUR,MF,tr Başakşehir,24,1995,8.6,9,4,3,6,0,2,10,20.0,8,5,1,4,6,15,3,0,Matches
ec531cdc,Kerem Kalafat,tr TUR,DF,tr Beşiktaş,18,2001,0.8,3,3,2,1,0,2,3,66.7,1,1,0,1,2,5,2,0,Matches
d4931a5a,Nikola Kalinić,hr CRO,FW,it Roma,31,1988,1.2,0,0,0,0,0,0,1,0.0,1,0,0,0,0,0,0,0,Matches
15b287da,Daichi Kamada,jp JPN,MF,de Eint Frankfurt,22,1996,8.2,12,7,1,7,4,6,17,35.3,11,5,2,3,2,14,3,0,Matches
4da9191b,Glen Kamara,fi FIN,MF,sct Rangers,23,1995,7.2,4,4,4,0,0,3,10,30.0,7,5,2,3,11,15,9,0,Matches
e6aaca37,Florian Kamberi,ch SUI,FW,sct Rangers,24,1995,1.5,2,1,0,1,1,0,1,0.0,1,0,0,0,0,2,5,0,Matches
768b28d0,Ruslan Kambolov,ru RUS,MF,ru Krasnodar,29,1990,1.6,8,4,3,5,0,2,9,22.2,7,0,0,0,5,13,8,0,Matches
1caa93a5,Thomas Kaminski,be BEL,GK,be Gent,26,1992,8.0,0,0,0,0,0,0,0,,0,1,0,1,0,0,4,1,Matches
16886ee5,Joeri de Kamps,nl NED,MF,sk Slovan Bratislava,27,1992,4.6,15,6,9,6,0,10,26,38.5,16,5,0,5,12,27,6,0,Matches
1bd5735a,Oleksandr Karavayev,ua UKR,"FW,MF",ua Dynamo Kyiv,27,1992,2.1,2,1,1,1,0,0,0,,0,2,0,2,1,3,1,0,Matches
94b3ccdb,Erce Kardeşler,tr TUR,GK,tr Trabzonspor,25,1994,3.0,0,0,0,0,0,0,0,,0,0,0,0,1,1,0,0,Matches
32e7ce92,Loris Karius,de GER,GK,tr Beşiktaş,26,1993,5.0,1,1,1,0,0,1,1,100.0,0,0,0,0,0,1,2,1,Matches
5a48195c,Vadim Karpov,ru RUS,DF,ru CSKA Moscow,17,2002,4.8,15,9,10,4,1,11,17,64.7,6,5,2,3,5,20,16,1,Matches
9f84febe,Rick Karsdorp,nl NED,DF,nl Feyenoord,24,1995,2.9,4,4,1,3,0,1,2,50.0,1,1,1,0,2,6,5,0,Matches
35bd124a,Nikola Katić,hr CRO,DF,sct Rangers,22,1996,2.0,4,3,2,2,0,4,7,57.1,3,2,2,0,1,5,2,0,Matches
6e269dd3,Mikkel Kaufmann,dk DEN,FW,dk FC Copenhagen,18,2001,2.3,3,2,1,1,1,1,7,14.3,6,6,0,6,1,4,2,0,Matches
4fc7c059,Erdogan Kaya,tr TUR,DF,tr Beşiktaş,18,2001,1.0,1,0,1,0,0,1,1,100.0,0,0,0,0,2,3,4,0,Matches
8fb2cd60,Ákos Kecskés,hu HUN,DF,ch Lugano,23,1996,2.0,2,1,1,0,1,0,0,,0,1,1,0,1,3,10,0,Matches
dc52c72f,Tomasz Kędziora,pl POL,DF,ua Dynamo Kyiv,25,1994,5.7,4,3,1,3,0,0,2,0.0,2,9,4,5,3,7,4,0,Matches
5eebbfdf,Kenedy,br BRA,MF,es Getafe,23,1996,4.2,3,3,0,3,0,0,5,0.0,5,5,0,5,3,6,2,0,Matches
316de854,Ryan Kent,eng ENG,"FW,MF",sct Rangers,22,1996,7.1,10,7,3,6,1,2,9,22.2,7,5,0,5,4,14,1,0,Matches
4383b0da,Claudiu Keșerü,ro ROU,FW,bg Ludogorets,32,1986,5.0,1,0,0,0,1,1,3,33.3,2,2,1,1,1,2,4,0,Matches
14e8fe86,Ihor Kharatin,ua UKR,MF,hu Ferencváros,24,1995,5.9,8,5,4,2,2,4,6,66.7,2,5,4,1,10,18,14,0,Matches
2677a1de,Wahbi Khazri,tn TUN,"FW,MF",fr Saint-Étienne,28,1991,2.7,5,5,1,4,0,1,1,100.0,0,2,1,1,2,7,0,0,Matches
350e71a0,Sergei Khizhnichenko,kz KAZ,FW,kz Astana FK,28,1991,3.4,4,2,0,2,2,1,4,25.0,3,4,1,3,2,6,3,0,Matches
862fa9fb,Davit Khocholava,ge GEO,DF,ua Shakhtar,26,1993,2.0,1,1,1,0,0,0,3,0.0,3,2,2,0,2,3,7,0,Matches
b956af7d,Isaac Kiese Thelin,se SWE,FW,se Malmö,27,1992,2.0,0,0,0,0,0,0,0,,0,0,0,0,1,1,6,0,Matches
d0f72bf1,Max Kilman,eng ENG,DF,eng Wolves,22,1997,4.0,5,4,4,1,0,3,4,75.0,1,5,3,2,9,14,10,0,Matches
d790907f,Andy King,wls WAL,FW,sct Rangers,30,1988,0.0,1,0,1,0,0,0,0,,0,0,0,0,0,1,1,0,Matches
a489c26e,Mehdi Kirch,fr FRA,DF,lu F91 Dudelange,29,1990,1.7,5,4,5,0,0,3,7,42.9,4,2,1,1,5,10,1,0,Matches
0fb5e2ad,Ryan Klapp,lu LUX,"FW,MF",lu F91 Dudelange,26,1993,1.4,2,1,1,0,1,1,2,50.0,1,1,0,1,0,2,3,0,Matches
aeda1f69,Felix Klaus,de GER,"FW,DF",de Wolfsburg,26,1992,1.4,2,1,1,0,1,0,5,0.0,5,2,1,1,1,3,2,0,Matches
f5ae006d,Klauss,br BRA,FW,at LASK,22,1997,5.1,4,1,0,2,2,2,8,25.0,6,2,1,1,2,6,3,0,Matches
98b94ef4,Filip Kljajić,rs SRB,GK,rs Partizan,28,1990,0.2,0,0,0,0,0,0,0,,0,0,0,0,0,0,0,0,Matches
4c3a6744,Justin Kluivert,nl NED,"FW,MF",it Roma,20,1999,6.0,6,4,1,5,0,1,6,16.7,5,4,1,3,4,10,1,0,Matches
6bd5cd5d,Robin Knoche,de GER,DF,de Wolfsburg,27,1992,7.9,11,6,8,3,0,8,17,47.1,9,9,6,3,6,17,24,0,Matches
ec48abb1,Jonas Knudsen,dk DEN,DF,se Malmö,26,1992,1.5,2,0,1,1,0,1,1,100.0,0,0,0,0,2,4,5,0,Matches
f42e9f3f,Alexander Kofler,at AUT,GK,at Wolfsberger AC,32,1986,6.0,0,0,0,0,0,0,0,,0,1,0,1,0,0,1,0,Matches
0fbecd11,Dominik Kohr,de GER,MF,de Eint Frankfurt,25,1994,2.5,8,6,4,2,2,4,14,28.6,10,8,1,7,8,16,4,0,Matches
6747869d,Sekou Koita,ml MLI,"MF,FW",at RB Salzburg,19,1999,1.2,1,1,0,1,0,0,2,0.0,2,2,0,2,0,1,1,0,Matches
9fc2531b,Koka,eg EGY,"MF,FW",gr Olympiacos,26,1993,0.3,0,0,0,0,0,0,0,,0,1,0,1,0,0,0,0,Matches
9bf914b4,Orkun Kökçü,tr TUR,MF,nl Feyenoord,18,2000,4.3,10,5,2,6,2,4,9,44.4,5,3,0,3,1,11,1,0,Matches
eda40760,Aleksandar Kolarov,rs SRB,DF,it Roma,33,1985,6.6,5,4,2,3,0,0,4,0.0,4,4,1,3,5,10,7,0,Matches
3935e52e,Sead Kolašinac,ba BIH,DF,eng Arsenal,26,1993,0.9,6,3,5,1,0,2,2,100.0,0,1,0,1,0,6,2,0,Matches
ab096c6f,Timothée Kolodziejczak,fr FRA,DF,fr Saint-Étienne,27,1991,6.0,6,4,3,3,0,4,6,66.7,2,6,0,6,8,14,16,0,Matches
d9a5d930,Yevhen Konoplyanka,ua UKR,"FW,MF",ua Shakhtar,29,1989,0.4,2,2,0,2,0,2,4,50.0,2,0,0,0,0,2,0,1,Matches
60fd5334,Anders Konradsen,no NOR,MF,no Rosenborg,29,1990,1.4,0,0,0,0,0,0,1,0.0,1,1,0,1,3,3,2,0,Matches
a26fb8aa,Teun Koopmeiners,nl NED,"MF,DF",nl AZ Alkmaar,21,1998,8.0,13,8,6,5,2,6,15,40.0,9,10,4,6,16,29,14,1,Matches
1f3afdcb,Odilon Kossonou,ci CIV,"DF,MF",be Club Brugge,18,2001,2.0,1,1,1,0,0,0,2,0.0,2,6,2,4,2,3,4,0,Matches
b1cd37e6,Filip Kostić,rs SRB,"DF,MF",de Eint Frankfurt,26,1992,9.9,23,16,12,6,5,8,28,28.6,20,14,2,12,3,26,3,0,Matches
4d1666ff,Jules Koundé,fr FRA,DF,es Sevilla,20,1998,9.0,7,7,3,4,0,4,5,80.0,1,6,5,1,7,14,19,0,Matches
9d60028d,Viktor Kovalenko,ua UKR,MF,ua Shakhtar,23,1996,2.1,4,3,1,2,1,2,3,66.7,1,1,0,1,2,6,1,0,Matches
2cbb3202,Kyrylo Kovalets,ua UKR,MF,ua FC Oleksandriya,26,1993,4.7,8,5,4,3,1,2,9,22.2,7,8,0,8,2,10,1,0,Matches
496aeede,Christoph Kramer,de GER,MF,de M'Gladbach,28,1991,3.5,6,3,1,4,1,0,8,0.0,8,6,0,6,3,9,2,0,Matches
b8798a46,Stanislav Kritsyuk,ru RUS,GK,ru Krasnodar,28,1990,3.0,0,0,0,0,0,0,0,,0,0,0,0,0,0,3,0,Matches
292a652a,Serhiy Kryvtsov,ua UKR,DF,ua Shakhtar,28,1991,6.0,4,2,3,1,0,2,4,50.0,2,7,5,2,7,11,16,0,Matches
cba16a46,Yuya Kubo,jp JPN,FW,be Gent,25,1993,0.0,0,0,0,0,0,0,0,,0,0,0,0,0,0,0,0,Matches
ccc66d00,Konstantin Kuchayev,ru RUS,FW,ru CSKA Moscow,21,1998,3.9,6,3,2,3,1,3,7,42.9,4,8,0,8,2,8,2,0,Matches
83534f30,Sven Kums,be BEL,MF,be Gent,31,1988,7.9,13,8,6,6,1,7,18,38.9,11,9,2,7,9,22,12,0,Matches
c758cdaf,Giorgi Kvilitaia,ge GEO,FW,be Gent,25,1993,0.8,2,2,0,2,0,1,2,50.0,1,1,0,1,0,2,1,0,Matches
9dbb75ca,Alexandre Lacazette,fr FRA,FW,eng Arsenal,28,1991,4.3,5,3,1,1,3,0,4,0.0,4,5,1,4,1,6,4,0,Matches
ebca82e8,Konstantinos Laifis,cy CYP,DF,be Standard Liège,26,1993,6.0,12,5,7,5,0,5,8,62.5,3,10,6,4,19,31,35,0,Matches
4aea5077,Stefan Lainer,at AUT,DF,de M'Gladbach,26,1992,6.0,8,6,2,5,1,4,11,36.4,7,8,1,7,7,15,8,0,Matches
8267f8d4,Ethan Laird,eng ENG,DF,eng Manchester Utd,18,2001,1.3,2,2,1,0,1,2,3,66.7,1,2,0,2,1,3,2,0,Matches
8474cb83,Eric Larsson,se SWE,DF,se Malmö,28,1991,4.7,10,5,6,4,0,9,14,64.3,5,3,1,2,5,15,5,0,Matches
32e73151,Sam Larsson,se SWE,FW,nl Feyenoord,26,1993,4.7,9,5,2,6,1,3,11,27.3,8,6,0,6,9,18,1,0,Matches
50e73475,Dimitri Lavalée,be BEL,DF,be Standard Liège,22,1997,1.0,1,1,1,0,0,1,2,50.0,1,1,1,0,3,4,7,0,Matches
4b2ad4b1,Numa Lavanchy,ch SUI,"DF,FW",ch Lugano,25,1993,4.0,10,6,5,4,1,5,6,83.3,1,3,0,3,10,20,7,0,Matches
9c0a65df,Corenthyn Lavie,fr FRA,"FW,MF",lu F91 Dudelange,24,1995,2.1,3,1,0,2,1,0,3,0.0,3,1,0,1,2,5,1,0,Matches
02caf6e0,Manuel Lazzari,it ITA,DF,it Lazio,25,1993,6.0,4,3,0,2,2,1,5,20.0,4,2,1,1,3,7,10,0,Matches
7cf431a5,James Lea Siliki,cm CMR,"MF,DF",fr Rennes,23,1996,2.0,2,0,2,0,0,1,3,33.3,2,1,1,0,2,4,3,0,Matches
7dc7187e,Ramon Leeuwin,sr SUR,DF,nl AZ Alkmaar,31,1987,1.7,1,0,1,0,0,0,0,,0,1,1,0,3,4,5,0,Matches
e3fabb0a,Wu Lei,cn CHN,"FW,MF",es Espanyol,27,1991,4.5,5,4,2,1,2,1,6,16.7,5,4,0,4,1,6,2,0,Matches
c4987edc,Diogo Leite,pt POR,DF,pt Porto,20,1999,0.1,0,0,0,0,0,0,0,,0,0,0,0,0,0,2,0,Matches
614f69aa,Mario Leitgeb,at AUT,MF,at Wolfsberger AC,31,1988,5.0,13,8,4,6,3,7,16,43.8,9,3,1,2,8,21,10,0,Matches
4c78b5ed,Lucas Leiva,br BRA,MF,it Lazio,32,1987,2.6,11,9,4,7,0,3,3,100.0,0,5,1,4,6,17,4,1,Matches
2628fd2b,Bernd Leno,de GER,GK,eng Arsenal,27,1992,2.3,0,0,0,0,0,0,0,,0,0,0,0,0,0,0,0,Matches
6f1721f0,Jeremain Lens,nl NED,"FW,MF",tr Beşiktaş,31,1987,2.4,4,2,1,0,3,0,0,,0,2,0,2,0,4,0,0,Matches
d82c6542,Thibaut Lesquoy,be BEL,"DF,MF",lu F91 Dudelange,24,1995,4.3,10,6,7,2,1,5,8,62.5,3,5,1,4,6,16,11,0,Matches
ac290817,Maxime Lestienne,be BEL,FW,be Standard Liège,27,1992,2.0,3,2,2,0,1,1,2,50.0,1,1,0,1,0,3,1,0,Matches
b12d5243,Dylan Levitt,wls WAL,MF,eng Manchester Utd,18,2000,1.0,1,0,1,0,0,1,1,100.0,0,0,0,0,1,2,0,0,Matches
0c09c984,Oscar Lewicki,se SWE,"MF,DF",se Malmö,27,1992,4.4,6,4,2,2,2,2,4,50.0,2,9,4,5,2,8,3,0,Matches
c54ea7f0,Michael Liendl,at AUT,MF,at Wolfsberger AC,33,1985,6.0,9,4,3,4,2,1,4,25.0,3,7,3,4,6,15,2,0,Matches
ccee698e,Anthony Limbombe,be BEL,FW,be Standard Liège,25,1994,0.9,0,0,0,0,0,0,0,,0,1,0,1,1,1,0,0,Matches
f5deef4c,Victor Lindelöf,se SWE,DF,eng Manchester Utd,25,1994,3.6,1,1,0,0,1,1,1,100.0,0,3,2,1,0,1,9,0,Matches
810e3c74,Jesse Lingard,eng ENG,"MF,FW",eng Manchester Utd,26,1992,4.7,8,5,2,4,2,2,5,40.0,3,4,0,4,1,9,1,0,Matches
2648e18f,Adem Ljajić,rs SRB,MF,tr Beşiktaş,27,1991,3.5,2,2,0,2,0,1,3,33.3,2,1,0,1,1,3,1,0,Matches
0b380363,Marin Ljubičić,hr CRO,MF,sk Slovan Bratislava,31,1988,1.8,4,3,1,2,1,2,4,50.0,2,1,0,1,3,7,2,0,Matches
91538ba3,Yuriy Logvinenko,kz KAZ,"DF,MF",kz Astana FK,31,1988,4.3,8,6,7,0,1,3,7,42.9,4,1,1,0,13,21,9,1,Matches
7c2965bb,Rony Lopes,pt POR,"MF,FW",es Sevilla,23,1995,4.5,6,5,2,2,2,2,8,25.0,6,6,1,5,2,8,0,0,Matches
f03f284b,David López,es ESP,"MF,DF",es Espanyol,29,1989,2.3,6,6,3,1,2,2,4,50.0,2,2,2,0,4,10,6,0,Matches
73683fa9,Diego López,es ESP,GK,es Espanyol,37,1981,5.0,0,0,0,0,0,0,0,,0,0,0,0,0,0,2,0,Matches
ffad706e,Javi López,es ESP,"DF,MF",es Espanyol,33,1986,3.0,9,3,3,4,2,2,9,22.2,7,4,3,1,14,23,4,0,Matches
a685f013,Lluis López,es ESP,DF,es Espanyol,22,1997,4.0,3,2,1,2,0,0,1,0.0,1,1,1,0,8,11,7,0,Matches
20b9f052,Pau López,es ESP,GK,it Roma,24,1994,7.3,0,0,0,0,0,0,0,,0,0,0,0,0,0,10,0,Matches
fc4cf6a7,Jordan Lotomba,ch SUI,"DF,MF",ch Young Boys,20,1998,2.2,4,4,3,1,0,2,4,50.0,2,1,0,1,2,6,4,0,Matches
bcfc4473,Mamadou Loum,sn SEN,MF,pt Porto,22,1996,0.8,2,0,1,1,0,0,2,0.0,2,0,0,0,1,3,0,0,Matches
c27ae377,Maximiliano Lovera,ar ARG,"FW,DF",gr Olympiacos,20,1999,0.3,2,0,1,1,0,0,0,,0,1,0,1,0,2,1,0,Matches
0176f037,Gergő Lovrencsics,hu HUN,DF,hu Ferencváros,30,1988,4.3,9,4,5,2,2,9,15,60.0,6,6,0,6,6,15,26,0,Matches
966eea58,Sandi Lovrić,si SVN,MF,ch Lugano,21,1998,3.8,4,3,4,0,0,1,7,14.3,6,0,0,0,4,8,4,0,Matches
ea610f00,Pol Lozano,es ESP,MF,es Espanyol,19,1999,4.3,11,7,5,4,2,3,11,27.3,8,4,1,3,5,16,1,0,Matches
a0e9a73d,Valeriy Luchkevych,ua UKR,"FW,MF",ua FC Oleksandriya,23,1996,5.5,12,5,2,8,2,6,13,46.2,7,8,2,6,4,16,7,0,Matches
881cd6be,Florentino Luís,pt POR,MF,pt Benfica,19,1999,1.0,10,5,3,7,0,3,6,50.0,3,0,0,0,5,15,0,1,Matches
b0edd538,Miguel Luís,pt POR,"MF,DF",pt Sporting CP,20,1999,2.7,3,2,2,1,0,1,4,25.0,3,3,2,1,4,7,5,0,Matches
520c318f,Zé Luís,cv CPV,FW,pt Porto,28,1991,3.0,5,3,0,5,0,0,2,0.0,2,6,1,5,2,7,2,0,Matches
c0e27d1a,David Luiz,br BRA,DF,eng Arsenal,32,1987,4.7,4,3,1,2,1,0,2,0.0,2,5,5,0,5,9,13,2,Matches
5eae500a,Romelu Lukaku,be BEL,FW,it Inter,26,1993,4.9,1,0,0,0,1,0,0,,0,1,0,1,0,1,3,0,Matches
f5eedf74,Jody Lukoki,cd COD,"FW,MF",bg Ludogorets,26,1992,5.0,7,4,7,0,0,2,7,28.6,5,6,1,5,4,11,6,0,Matches
7fd58fe3,Senad Lulić,ba BIH,DF,it Lazio,33,1986,1.8,2,1,1,0,1,2,4,50.0,2,0,0,0,2,4,5,0,Matches
76ecfb22,Marius Lundemo,no NOR,MF,no Rosenborg,25,1994,4.8,10,8,5,4,1,5,9,55.6,4,7,2,5,8,18,9,0,Matches
a63a995f,Fabian Lustenberger,ch SUI,MF,ch Young Boys,31,1988,4.2,10,8,5,5,0,4,10,40.0,6,7,2,5,6,16,15,0,Matches
54c9ed15,Mikael Lustig,se SWE,DF,be Gent,32,1986,7.0,11,3,6,3,2,9,14,64.3,5,6,6,0,6,17,20,0,Matches
01464072,Aleksandar Lutovac,rs SRB,DF,rs Partizan,22,1997,1.0,3,2,1,2,0,3,4,75.0,1,0,0,0,1,4,2,0,Matches
b0c12a65,Davidson da Luz Pereira,br BRA,"FW,MF",pt Vitória,28,1991,5.1,12,8,6,5,1,3,18,16.7,15,5,1,4,2,14,0,0,Matches
6ec1ddf1,Paul-Jose M'Poku,cd COD,MF,be Standard Liège,27,1992,4.2,5,3,1,3,1,3,6,50.0,3,1,0,1,5,10,3,0,Matches
d4133fa1,Yann M'Vila,fr FRA,"MF,DF",fr Saint-Étienne,29,1990,4.9,5,4,3,2,0,3,9,33.3,6,3,0,3,8,13,6,0,Matches
7be09c86,Mahir Madatov,az AZE,FW,az Qarabağ Ağdam,22,1997,2.6,1,1,0,1,0,0,1,0.0,1,0,0,0,2,3,1,0,Matches
13a78e01,Ivan Maewski,by BLR,MF,kz Astana FK,31,1988,6.0,13,10,11,1,1,5,10,50.0,5,4,1,3,11,24,7,0,Matches
526541e5,Hörður Magnússon,is ISL,DF,ru CSKA Moscow,26,1993,5.9,11,4,7,4,0,6,7,85.7,1,10,7,3,12,23,14,1,Matches
d8931174,Harry Maguire,eng ENG,DF,eng Manchester Utd,26,1993,9.1,9,4,7,2,0,2,7,28.6,5,6,5,1,14,23,27,0,Matches
e3a5814e,Ainsley Maitland-Niles,eng ENG,"MF,FW",eng Arsenal,21,1997,3.2,8,2,6,2,0,6,11,54.5,5,4,0,4,5,13,4,2,Matches
a274dccb,Andreas Makris,cy CYP,FW,cy APOEL,23,1995,0.1,0,0,0,0,0,0,0,,0,0,0,0,1,1,1,0,Matches
00b28772,Nemanja Maksimović,rs SRB,"MF,DF",es Getafe,24,1995,5.7,8,2,3,2,3,3,8,37.5,5,7,2,5,13,21,11,0,Matches
6b6c793c,Tyrell Malacia,nl NED,DF,nl Feyenoord,19,1999,2.9,10,7,6,3,1,6,9,66.7,3,6,1,5,3,13,11,0,Matches
864163f3,Donyell Malen,nl NED,"FW,MF",nl PSV Eindhoven,20,1999,3.4,1,0,0,0,1,0,1,0.0,1,1,0,1,0,1,4,0,Matches
f3722c97,Yunus Mallı,tr TUR,"MF,FW",de Wolfsburg,27,1992,0.6,1,1,0,1,0,1,1,100.0,0,2,1,1,0,1,0,0,Matches
1b81794d,Felix Mambimbi,ch SUI,"MF,FW",ch Young Boys,18,2001,0.2,0,0,0,0,0,0,0,,0,1,0,1,0,0,0,0,Matches
e27fdbca,Wilson Manafá,pt POR,DF,pt Porto,25,1994,3.4,5,1,5,0,0,3,8,37.5,5,5,0,5,3,8,6,0,Matches
5aa53281,Gianluca Mancini,it ITA,"DF,MF",it Roma,23,1996,6.6,12,6,8,4,0,4,11,36.4,7,4,2,2,16,28,20,1,Matches
db74c6d3,Cristian Manea,ro ROU,DF,ro CFR Cluj,21,1997,2.0,6,1,3,3,0,2,2,100.0,0,2,2,0,4,10,6,0,Matches
e54a9890,Faitout Maouassa,fr FRA,DF,fr Rennes,21,1998,2.8,2,0,1,0,1,1,2,50.0,1,4,3,1,3,5,9,0,Matches
a4e428bf,Rúnar Már Sigurjónsson,is ISL,MF,kz Astana FK,29,1990,3.9,6,3,4,2,0,0,4,0.0,4,3,1,2,3,9,7,0,Matches
7a20d90a,Iván Marcano,es ESP,DF,pt Porto,32,1987,8.0,7,4,5,1,1,2,8,25.0,6,6,0,6,16,23,15,0,Matches
9d971f13,Marcelinho,bg BUL,"MF,FW",bg Ludogorets,34,1984,6.3,4,2,1,2,1,2,6,33.3,4,5,1,4,5,9,6,0,Matches
22a239c1,Yannick Marchand,ch SUI,MF,ch Basel,19,2000,0.4,1,1,0,1,0,0,3,0.0,3,1,0,1,0,1,1,0,Matches
853b7c48,Agustín Marchesín,ar ARG,GK,pt Porto,31,1988,8.0,0,0,0,0,0,0,1,0.0,1,0,0,0,1,1,3,0,Matches
05a84d52,Moussa Marega,ml MLI,"FW,MF",pt Porto,28,1991,6.7,5,3,0,4,1,1,5,20.0,4,2,0,2,1,6,5,0,Matches
8bbf17da,Mijat Marić,ch SUI,DF,ch Lugano,35,1984,4.3,1,1,1,0,0,1,3,33.3,2,3,2,1,8,9,18,0,Matches
723ba189,Lazar Marković,rs SRB,FW,rs Partizan,25,1994,0.5,0,0,0,0,0,0,1,0.0,1,0,0,0,0,0,0,0,Matches
9139bb12,Marlos,ua UKR,FW,ua Shakhtar,31,1988,4.0,4,1,1,2,1,1,6,16.7,5,2,0,2,1,5,0,0,Matches
0e0102eb,Omar Marmoush,eg EGY,"FW,MF",de Wolfsburg,20,1999,0.3,1,1,0,1,0,0,1,0.0,1,0,0,0,0,1,0,0,Matches
44b49036,Sulayman Marreh,gm GAM,MF,be Gent,23,1996,0.0,0,0,0,0,0,0,0,,0,0,0,0,0,0,0,0,Matches
f352799f,Nick Marsman,nl NED,GK,nl Feyenoord,28,1990,2.0,0,0,0,0,0,0,0,,0,0,0,0,0,0,0,1,Matches
8b788c01,Anthony Martial,fr FRA,FW,eng Manchester Utd,23,1995,5.4,1,1,0,0,1,0,4,0.0,4,0,0,0,0,1,2,0,Matches
468fdbad,Jonas Martin,fr FRA,MF,fr Rennes,29,1990,1.8,5,5,2,3,0,4,7,57.1,3,1,1,0,3,8,1,0,Matches
48a5a5d6,Martinelli,br BRA,FW,eng Arsenal,18,2001,4.7,13,7,5,4,4,2,16,12.5,14,4,0,4,1,14,2,0,Matches
7956236f,Emiliano Martínez,ar ARG,GK,eng Arsenal,26,1992,6.0,0,0,0,0,0,0,0,,0,0,0,0,1,1,3,0,Matches
f7036e1c,Lautaro Martínez,ar ARG,FW,it Inter,21,1997,3.9,4,1,1,2,1,2,4,50.0,2,5,0,5,1,5,0,0,Matches
bac46a10,Lisandro Martínez,ar ARG,"DF,MF",nl Ajax,21,1998,2.0,3,2,2,1,0,1,4,25.0,3,2,2,0,3,6,10,0,Matches
0e96a5e1,Christopher Martins,lu LUX,"MF,FW",ch Young Boys,22,1997,1.2,3,2,1,1,1,1,3,33.3,2,4,3,1,4,7,1,0,Matches
675b0427,Alyaksandr Martynovich,by BLR,DF,ru Krasnodar,31,1987,6.0,9,6,8,0,1,6,8,75.0,2,10,7,3,9,18,27,1,Matches
9d689a5b,Giorgos Masouras,gr GRE,FW,gr Olympiacos,25,1994,2.2,7,4,4,2,1,2,11,18.2,9,0,0,0,0,7,4,0,Matches
55abe554,Clinton Mata,ao ANG,DF,be Club Brugge,26,1992,1.7,5,2,4,1,0,3,5,60.0,2,2,0,2,6,11,2,0,Matches
02319ad7,Jaime Mata,es ESP,FW,es Getafe,30,1988,5.6,2,2,2,0,0,1,8,12.5,7,6,3,3,1,3,7,0,Matches
29733c72,Juan Mata,es ESP,"MF,FW",eng Manchester Utd,31,1988,8.5,4,2,3,0,1,1,8,12.5,7,3,0,3,2,6,1,0,Matches
ef3909cd,Matheus,br BRA,GK,pt Braga,27,1992,4.0,1,0,1,0,0,1,1,100.0,0,0,0,0,0,1,3,0,Matches
5b887c7a,Jérémy Mathieu,fr FRA,DF,pt Sporting CP,35,1983,2.8,7,7,5,2,0,3,3,100.0,0,3,3,0,5,12,16,1,Matches
eb7822d7,Nemanja Matić,rs SRB,MF,eng Manchester Utd,30,1988,4.6,7,4,0,7,0,3,8,37.5,5,3,1,2,6,13,7,0,Matches
26a796c1,Uroš Matić,mk MKD,MF,cy APOEL,29,1990,8.0,11,6,5,5,1,6,17,35.3,11,16,0,16,10,21,1,0,Matches
1adcf39e,Mykola Matviyenko,ua UKR,DF,ua Shakhtar,23,1996,6.0,5,5,3,1,1,4,12,33.3,8,6,3,3,9,14,24,1,Matches
00963611,Konstantinos Mavropanos,gr GRE,DF,eng Arsenal,21,1997,1.0,1,0,1,0,0,1,1,100.0,0,1,1,0,4,5,3,1,Matches
3318286e,Luís Maximiano,pt POR,GK,pt Sporting CP,20,1999,3.9,0,0,0,0,0,0,0,,0,0,0,0,0,0,2,0,Matches
005ca692,Maycon,br BRA,MF,ua Shakhtar,22,1997,0.3,1,0,0,0,1,1,2,50.0,1,0,0,0,0,1,0,0,Matches
493924a7,Kevin Mbabu,ch SUI,"DF,MF",de Wolfsburg,24,1995,3.5,13,8,7,3,3,6,7,85.7,1,5,0,5,5,18,6,0,Matches
e76cb9cc,Chancel Mbemba,cd COD,DF,pt Porto,24,1994,3.6,9,5,8,1,0,7,8,87.5,1,7,4,3,7,16,13,0,Matches
f3a97d02,Allan McGregor,sct SCO,GK,sct Rangers,37,1982,10.0,1,1,1,0,0,0,0,,0,0,0,0,0,1,4,1,Matches
6800f515,Callum McGregor,sct SCO,MF,sct Celtic,26,1993,7.0,4,2,1,3,0,1,8,12.5,7,7,3,4,9,13,3,0,Matches
d93c2511,Scott McTominay,sct SCO,MF,eng Manchester Utd,22,1996,4.7,9,5,6,3,0,2,9,22.2,7,6,3,3,11,20,5,0,Matches
0a6dbbf7,Brandon Mechele,be BEL,DF,be Club Brugge,26,1993,2.0,6,5,5,1,0,4,5,80.0,1,11,4,7,6,12,14,1,Matches
754bc99d,Jurij Medvedev,cz CZE,DF,sk Slovan Bratislava,23,1996,5.0,8,2,5,2,1,5,12,41.7,7,6,2,4,1,9,19,0,Matches
e66e4ddc,Maksim Medvedev,az AZE,DF,az Qarabağ Ağdam,29,1989,6.0,10,6,5,5,0,6,13,46.2,7,3,1,2,4,14,17,2,Matches
b500b384,Admir Mehmedi,ch SUI,"FW,MF",de Wolfsburg,28,1991,4.7,12,4,2,5,5,5,9,55.6,4,5,0,5,5,17,3,0,Matches
379652be,Óscar Melendo,es ESP,"FW,MF",es Espanyol,21,1997,4.5,3,1,0,3,0,1,7,14.3,6,1,0,1,1,4,2,0,Matches
70c52749,Birger Meling,no NOR,DF,no Rosenborg,24,1994,6.0,17,8,11,6,0,7,14,50.0,7,5,1,4,6,23,12,0,Matches
0af4b238,José Mena Rodríguez,es ESP,"FW,MF",es Sevilla,21,1998,0.5,1,1,0,1,0,1,2,50.0,1,0,0,0,0,1,1,0,Matches
85c25f57,Pedro Mendes,pt POR,FW,pt Sporting CP,19,1999,1.8,0,0,0,0,0,0,0,,0,0,0,0,0,0,3,0,Matches
33887998,Edouard Mendy,sn SEN,GK,fr Rennes,27,1992,3.0,1,1,1,0,0,0,0,,0,0,0,0,0,1,1,1,Matches
984b3198,Laurent Mendy,sn SEN,FW,lu F91 Dudelange,20,1998,1.5,2,1,0,1,1,0,0,,0,1,0,1,0,2,0,0,Matches
91748070,Teden Mengi,eng ENG,DF,eng Manchester Utd,17,2002,0.1,1,1,1,0,0,1,1,100.0,0,0,0,0,1,2,0,0,Matches
63c3659d,Giorgos Merkis,cy CYP,DF,cy APOEL,35,1984,7.0,5,2,3,2,0,1,2,50.0,1,10,6,4,11,16,40,0,Matches
4d425e6e,Míchel,es ESP,MF,az Qarabağ Ağdam,33,1985,5.6,21,12,10,10,1,9,21,42.9,12,5,1,4,3,24,4,0,Matches
5ad141cb,Peter Michorl,at AUT,MF,at LASK,24,1995,10.0,12,7,5,4,3,7,31,22.6,24,11,0,11,9,21,4,0,Matches
7b57c56a,Fredrik Midtsjø,no NOR,MF,nl AZ Alkmaar,25,1993,6.7,12,7,6,3,3,6,14,42.9,8,9,3,6,14,26,2,0,Matches
d436eb94,Simon Mignolet,be BEL,GK,be Club Brugge,31,1988,2.0,0,0,0,0,0,0,0,,0,0,0,0,0,0,0,0,Matches
3904e745,Dragan Mihajlović,ch SUI,"DF,MF",cy APOEL,27,1991,8.0,14,9,8,5,1,10,18,55.6,8,5,0,5,8,22,16,0,Matches
903b3b77,Nemanja Miletić,rs SRB,DF,rs Partizan,28,1991,5.0,5,2,3,2,0,3,7,42.9,4,1,0,1,10,15,12,0,Matches
4e6dbac4,Sergej Milinković-Savić,rs SRB,MF,it Lazio,24,1995,3.4,10,6,6,4,0,1,5,20.0,4,2,0,2,5,15,6,0,Matches
9fa26bc2,Vanja Milinković-Savić,rs SRB,GK,be Standard Liège,22,1997,3.0,1,1,1,0,0,1,1,100.0,0,0,0,0,0,1,0,0,Matches
30223b33,Antonio Mirante,it ITA,GK,it Roma,36,1983,1.7,0,0,0,0,0,0,0,,0,0,0,0,0,0,2,0,Matches
eada676e,Denys Miroshnichenko,ua UKR,DF,ua FC Oleksandriya,24,1994,6.0,14,6,8,5,1,5,12,41.7,7,2,0,2,11,25,9,0,Matches
c6ac6579,Kostas Mitroglou,gr GRE,"FW,MF",nl PSV Eindhoven,31,1988,0.2,0,0,0,0,0,0,0,,0,1,0,1,0,0,0,0,Matches
a8741470,Matej Mitrović,hr CRO,DF,be Club Brugge,25,1993,0.3,0,0,0,0,0,0,1,0.0,1,1,1,0,1,1,2,0,Matches
dd0daf32,Henrikh Mkhitaryan,am ARM,"MF,FW",it Roma,30,1989,3.3,7,6,1,3,3,0,12,0.0,12,2,0,2,3,10,1,0,Matches
740a0e28,Milad Mohammadi,ir IRN,DF,be Gent,25,1993,3.0,10,2,8,1,1,2,4,50.0,2,4,2,2,5,15,9,0,Matches
5bfb7572,Aleksandr Mokin,kz KAZ,GK,kz Astana FK,38,1981,0.7,0,0,0,0,0,0,0,,0,0,0,0,0,0,0,0,Matches
43f71e77,Jorge Molina,es ESP,FW,es Getafe,37,1982,2.3,1,1,1,0,0,1,3,33.3,2,2,0,2,0,1,1,0,Matches
cda49f68,Guillermo Molins,se SWE,FW,se Malmö,30,1988,1.7,3,2,0,1,2,2,3,66.7,1,2,0,2,0,3,1,0,Matches
c43e5e7e,Júnior Moraes,ua UKR,FW,ua Shakhtar,32,1987,5.9,6,3,2,2,2,2,9,22.2,7,4,0,4,1,7,4,0,Matches
e97150c0,Jérémy Morel,mg MAD,DF,fr Rennes,35,1984,3.0,2,1,1,1,0,0,2,0.0,2,3,2,1,1,3,6,0,Matches
ef88f778,Alfredo Morelos,co COL,FW,sct Rangers,23,1996,8.8,11,8,2,6,3,3,13,23.1,10,3,1,2,1,12,3,0,Matches
b675e328,Lewis Morgan,sct SCO,FW,sct Celtic,22,1996,1.7,2,2,1,0,1,1,1,100.0,0,1,0,1,1,3,0,0,Matches
8558593d,Charles Morren,be BEL,MF,lu F91 Dudelange,27,1992,5.3,15,11,11,4,0,6,29,20.7,23,5,1,4,17,32,6,0,Matches
e726e11e,Victor Moses,ng NGA,DF,it Inter,28,1990,2.4,3,1,2,1,0,2,5,40.0,3,2,0,2,5,8,4,0,Matches
94d260aa,Cosmin Moți,ro ROU,DF,bg Ludogorets,34,1984,1.5,0,0,0,0,0,0,0,,0,3,3,0,1,1,3,0,Matches
5f26e0c5,Harold Moukoudi,cm CMR,DF,fr Saint-Étienne,21,1997,2.1,4,2,3,1,0,3,5,60.0,2,3,0,3,4,8,4,0,Matches
28a65a2c,Jessy Moulin,fr FRA,GK,fr Saint-Étienne,33,1986,2.0,0,0,0,0,0,0,0,,0,0,0,0,0,0,2,0,Matches
f5a00fa4,João Moutinho,pt POR,MF,eng Wolves,32,1986,9.7,21,12,7,13,1,7,23,30.4,16,10,2,8,9,30,6,0,Matches
176674ab,Ndombe Mubele,cd COD,FW,kz Astana FK,25,1994,0.1,0,0,0,0,0,0,0,,0,0,0,0,0,0,0,0,Matches
fe85a764,Robert Mudražija,hr CRO,MF,dk FC Copenhagen,22,1997,1.4,7,3,6,0,1,3,4,75.0,1,0,0,0,2,9,3,0,Matches
bb19da7c,Roman Murtazayev,kz KAZ,FW,kz Astana FK,25,1993,2.7,2,1,0,2,0,0,8,0.0,8,5,1,4,1,3,1,0,Matches
3f2d59fe,Shkodran Mustafi,de GER,DF,eng Arsenal,27,1992,7.0,9,6,5,4,0,3,6,50.0,3,5,4,1,12,21,29,0,Matches
f2eaebe9,Serikzhan Muzhikov,kz KAZ,"FW,MF",kz Astana FK,30,1989,1.2,0,0,0,0,0,0,1,0.0,1,2,2,0,0,0,0,0,Matches
1d5cab82,Enock Mwepu,zm ZAM,MF,at RB Salzburg,21,1998,1.8,6,2,5,1,0,2,6,33.3,4,3,1,2,1,7,2,0,Matches
30d4a2e5,Vitaliy Mykolenko,ua UKR,DF,ua Dynamo Kyiv,20,1999,6.0,8,4,4,3,1,3,6,50.0,3,5,0,5,12,20,8,0,Matches
ff497879,Rahil Məmmədov,az AZE,DF,az Qarabağ Ağdam,23,1995,1.0,3,1,3,0,0,2,3,66.7,1,1,1,0,5,8,4,0,Matches
441197b8,Obite N'Dicka,fr FRA,DF,de Eint Frankfurt,19,1999,4.5,4,4,2,0,2,2,3,66.7,1,7,2,5,7,11,16,1,Matches
4574720b,Dame N'Doye,sn SEN,FW,dk FC Copenhagen,34,1985,3.0,3,2,0,1,2,0,1,0.0,1,2,0,2,0,3,3,0,Matches
76c131da,Georges-Kévin N'Koudou,cm CMR,"MF,FW",tr Beşiktaş,24,1995,1.4,1,0,0,0,1,1,1,100.0,0,0,0,0,1,2,0,0,Matches
79019bf4,Kirill Nababkin,ru RUS,DF,ru CSKA Moscow,32,1986,0.1,0,0,0,0,0,0,1,0.0,1,0,0,0,0,0,0,0,Matches
be60b6f4,Shoya Nakajima,jp JPN,MF,pt Porto,24,1994,1.9,1,1,0,1,0,0,2,0.0,2,3,0,3,0,1,1,0,Matches
a2609621,Naldo,br BRA,DF,es Espanyol,30,1988,3.9,6,5,5,1,0,3,8,37.5,5,4,2,2,3,9,13,0,Matches
ad597bf7,Adi Nalic,ba BIH,FW,se Malmö,21,1997,1.6,0,0,0,0,0,0,1,0.0,1,1,0,1,0,0,1,0,Matches
1a672e2d,Younes Namli,dk DEN,"MF,FW",ru Krasnodar,25,1994,1.8,4,2,2,1,1,2,7,28.6,5,1,0,1,0,4,2,1,Matches
977ffc24,Luciano Narsingh,nl NED,"FW,MF",nl Feyenoord,28,1990,1.0,1,0,0,0,1,0,2,0.0,2,1,0,1,0,1,0,0,Matches
1b7ddc55,Omar Natami,it ITA,"FW,MF",lu F91 Dudelange,20,1998,0.1,0,0,0,0,0,0,0,,0,0,0,0,1,1,0,0,Matches
c44a1d58,Bibras Natkho,il ISR,MF,rs Partizan,31,1988,4.6,5,1,1,3,1,2,8,25.0,6,2,1,1,4,9,2,0,Matches
3f10bd22,Jesús Navas,es ESP,DF,es Sevilla,33,1985,5.6,4,2,4,0,0,2,7,28.6,5,1,0,1,8,12,12,0,Matches
fc4ab056,Umut Nayir,tr TUR,FW,tr Beşiktaş,26,1993,5.0,1,1,0,0,1,0,5,0.0,5,3,1,2,1,2,5,0,Matches
244a31b9,Anton Nedyalkov,bg BUL,DF,bg Ludogorets,26,1993,8.0,10,7,10,0,0,4,7,57.1,3,4,1,3,22,32,36,0,Matches
c5bdb6e3,Reiss Nelson,eng ENG,FW,eng Arsenal,19,1999,1.9,2,2,0,1,1,0,0,,0,0,0,0,1,3,0,0,Matches
e53b5534,Victor Nelsson,dk DEN,DF,dk FC Copenhagen,20,1998,10.3,9,5,8,1,0,6,9,66.7,3,11,8,3,11,20,61,1,Matches
953597a1,Luís Neto,pt POR,DF,pt Sporting CP,31,1988,3.7,7,4,5,2,0,3,4,75.0,1,5,4,1,8,15,18,0,Matches
7ba2eaa9,Pedro Neto,pt POR,"FW,MF",eng Wolves,19,2000,3.7,1,0,0,1,0,0,4,0.0,4,3,0,3,3,4,0,0,Matches
36a59ba4,Florian Neuhaus,de GER,MF,de M'Gladbach,22,1997,4.2,4,4,0,3,1,3,8,37.5,5,3,1,2,3,7,3,1,Matches
44bfb6c5,Rúben Neves,pt POR,MF,eng Wolves,22,1997,8.6,11,5,2,8,1,3,10,30.0,7,11,2,9,18,29,4,0,Matches
fc1cf07a,Michael Ngadeu-Ngadjui,cm CMR,DF,be Gent,28,1990,6.8,8,8,5,3,0,3,6,50.0,3,4,3,1,11,19,43,1,Matches
0193a8bf,Moumi Ngamaleu,cm CMR,"MF,FW",ch Young Boys,25,1994,3.6,6,4,2,3,1,3,9,33.3,6,6,0,6,7,13,2,0,Matches
36a79857,Tokmac Nguen,no NOR,"FW,MF",hu Ferencváros,25,1993,5.9,3,2,0,1,2,1,7,14.3,6,1,0,1,3,6,1,0,Matches
2054d037,M'Baye Niang,sn SEN,"FW,MF",fr Rennes,24,1994,4.2,3,1,3,0,0,1,1,100.0,0,2,0,2,0,3,2,0,Matches
06e5b0e4,Lasse Nielsen,dk DEN,DF,se Malmö,31,1988,6.2,10,5,8,2,0,4,9,44.4,5,4,1,3,11,21,31,0,Matches
3acadb7f,Đorđe Nikolić,rs SRB,GK,ch Basel,22,1997,4.0,0,0,0,0,0,0,0,,0,0,0,0,0,0,1,0,Matches
0534149c,Takuma Nishimura,jp JPN,FW,ru CSKA Moscow,22,1996,0.6,0,0,0,0,0,0,0,,0,0,0,0,0,0,0,0,Matches
0cc5f4a5,Lukas Nmecha,de GER,"FW,MF",de Wolfsburg,20,1998,1.3,1,0,0,1,0,0,0,,0,1,0,1,0,1,0,0,Matches
b2d0ec1b,Nolito,es ESP,"FW,MF",es Sevilla,32,1986,0.8,4,1,0,3,1,2,2,100.0,0,2,0,2,0,4,0,0,Matches
0bd57693,Nono,es ESP,MF,sk Slovan Bratislava,26,1993,0.8,0,0,0,0,0,0,2,0.0,2,2,1,1,1,1,0,1,Matches
7b9a9e25,Arnaud Nordin,fr FRA,"FW,MF",fr Saint-Étienne,21,1998,4.2,4,3,0,2,2,2,4,50.0,2,1,0,1,1,5,0,0,Matches
282faa70,João Novais,pt POR,MF,pt Braga,26,1993,2.7,2,1,0,2,0,1,6,16.7,5,3,1,2,3,5,2,0,Matches
e0f613ad,Filip Novák,cz CZE,DF,tr Trabzonspor,29,1990,3.0,8,3,5,2,1,6,9,66.7,3,9,3,6,4,12,3,0,Matches
1b192c1f,Michael Novak,at AUT,DF,at Wolfsberger AC,28,1990,6.0,17,13,8,9,0,14,32,43.8,18,9,2,7,9,26,21,0,Matches
12e6d21a,Jean-Pierre Nsame,cm CMR,FW,ch Young Boys,26,1993,5.3,2,2,1,1,0,1,5,20.0,4,2,1,1,2,4,14,0,Matches
6554bb97,Olivier Ntcham,cm CMR,MF,sct Celtic,23,1996,3.2,5,3,2,2,1,4,6,66.7,2,4,0,4,2,7,1,0,Matches
f30a4ab1,Anthony Nwakaeme,ng NGA,"MF,FW",tr Trabzonspor,30,1989,2.7,1,0,1,0,0,1,2,50.0,1,2,0,2,0,1,2,0,Matches
6043997c,Gerzino Nyamsi,fr FRA,DF,fr Rennes,22,1997,2.0,2,2,2,0,0,1,1,100.0,0,0,0,0,3,5,7,0,Matches
97572117,Allan Nyom,cm CMR,"DF,MF",es Getafe,31,1988,8.0,7,4,3,4,0,1,4,25.0,3,4,0,4,8,15,19,0,Matches
83ce5ef1,Linus Obexer,ch SUI,DF,ch Lugano,22,1997,2.9,9,7,4,5,0,5,7,71.4,2,4,1,3,1,10,11,0,Matches
424d5f72,John Obi Mikel,ng NGA,MF,tr Trabzonspor,32,1987,2.0,9,6,5,4,0,2,2,100.0,0,0,0,0,1,10,4,0,Matches
15eb04ec,Ivan Oblyakov,ru RUS,"MF,FW",ru CSKA Moscow,21,1998,5.3,11,8,4,5,2,6,16,37.5,10,5,1,4,4,15,3,0,Matches
a08b974a,Lucas Ocampos,ar ARG,FW,es Sevilla,25,1994,6.2,4,1,2,1,1,3,14,21.4,11,7,0,7,1,5,3,0,Matches
518918ad,Vadis Odjidja-Ofoe,be BEL,MF,be Gent,30,1989,8.0,6,6,5,1,0,1,14,7.1,13,10,2,8,8,14,7,0,Matches
7b9a86e6,Sheyi Ojo,eng ENG,"FW,MF",sct Rangers,22,1997,3.0,4,4,3,0,1,2,3,66.7,1,2,0,2,2,6,0,0,Matches
ca607d59,Noah Okafor,ch SUI,MF,at RB Salzburg,19,2000,0.3,1,1,1,0,0,0,1,0.0,1,0,0,0,0,1,0,0,Matches
ca607d59,Noah Okafor,ch SUI,"FW,MF",ch Basel,19,2000,1.9,5,5,1,3,1,1,2,50.0,1,1,0,1,0,5,0,0,Matches
d125f22f,David Okereke,ng NGA,FW,be Club Brugge,21,1997,1.0,1,1,0,1,0,0,1,0.0,1,2,0,2,0,1,0,0,Matches
63b9cc6d,Masaya Okugawa,jp JPN,MF,at RB Salzburg,23,1996,0.5,2,1,0,0,2,0,0,,0,0,0,0,0,2,0,0,Matches
947e036f,Sérgio Oliveira,pt POR,MF,pt Porto,27,1992,2.2,5,2,0,4,1,0,5,0.0,5,4,0,4,3,8,0,0,Matches
2b53f7a5,Cauly Oliveira Souza,br BRA,MF,bg Ludogorets,23,1995,2.0,0,0,0,0,0,0,3,0.0,3,1,0,1,3,3,2,0,Matches
41c12f75,Mathías Olivera,uy URU,DF,es Getafe,21,1997,5.0,19,13,8,8,3,5,10,50.0,5,12,1,11,6,25,8,0,Matches
fa73ccc7,Kristoffer Olsson,se SWE,MF,ru Krasnodar,24,1995,4.1,12,7,3,8,1,4,15,26.7,11,2,0,2,3,15,1,1,Matches
c631f952,Jonas Omlin,ch SUI,GK,ch Basel,25,1994,7.0,0,0,0,0,0,0,0,,0,0,0,0,0,0,2,1,Matches
3060f38c,Billel Omrani,dz ALG,"FW,MF",ro CFR Cluj,26,1993,7.2,9,5,4,3,2,4,12,33.3,8,3,0,3,5,14,16,0,Matches
e9c0c1b2,André Onana,cm CMR,GK,nl Ajax,23,1996,1.0,0,0,0,0,0,0,0,,0,0,0,0,0,0,0,0,Matches
17310a6c,Ogenyi Onazi,ng NGA,MF,tr Trabzonspor,26,1992,0.6,2,2,2,0,0,0,2,0.0,2,2,0,2,0,2,0,0,Matches
e81f0356,Jérôme Onguéné,cm CMR,DF,at RB Salzburg,21,1997,2.0,8,5,7,1,0,6,8,75.0,2,2,2,0,5,13,8,1,Matches
6f4cf369,Bojan Ostojić,rs SRB,DF,rs Partizan,35,1984,6.0,4,1,2,2,0,1,5,20.0,4,7,3,4,8,12,11,0,Matches
6956ff08,Owen Otasowie,us USA,MF,eng Wolves,18,2001,0.2,0,0,0,0,0,0,0,,0,1,1,0,0,0,0,0,Matches
28b1f3ce,Otávio,pt POR,MF,pt Porto,24,1995,6.5,17,9,6,9,2,8,20,40.0,12,15,0,15,4,21,3,0,Matches
1cbe4984,Paulo Otávio,br BRA,DF,de Wolfsburg,24,1994,3.4,15,8,5,7,3,4,8,50.0,4,10,1,9,9,24,5,0,Matches
9e49c320,Obbi Oulare,be BEL,FW,be Standard Liège,23,1996,0.5,2,2,0,1,1,0,0,,0,0,0,0,1,3,1,1,Matches
36d9dabe,Thomas Ouwejan,nl NED,FW,nl AZ Alkmaar,22,1996,0.2,0,0,0,0,0,0,1,0.0,1,0,0,0,0,0,0,0,Matches
31faf295,Bryan Oviedo,cr CRC,"DF,MF",dk FC Copenhagen,29,1990,2.7,7,3,4,2,1,2,3,66.7,1,1,0,1,3,10,10,0,Matches
e2781082,Elisha Owusu,gh GHA,MF,be Gent,21,1997,7.7,16,10,11,5,0,7,15,46.7,8,11,1,10,22,38,8,0,Matches
31114001,Berkay Özcan,tr TUR,MF,tr Başakşehir,21,1998,2.6,4,3,2,2,0,2,3,66.7,1,3,1,2,3,7,2,0,Matches
16380240,Mesut Özil,de GER,"MF,FW",eng Arsenal,30,1988,1.7,2,1,1,1,0,0,0,,0,0,0,0,0,2,0,0,Matches
d8c679be,Oğuzhan Özyakup,tr TUR,MF,tr Beşiktaş,26,1992,3.6,7,3,3,4,0,2,8,25.0,6,4,1,3,0,7,3,1,Matches
962e54cb,Gonçalo Paciência,pt POR,FW,de Eint Frankfurt,24,1994,6.0,4,3,1,1,2,3,10,30.0,7,7,0,7,2,6,3,0,Matches
cf1c23d8,Daniele Padelli,it ITA,GK,it Inter,33,1985,2.0,0,0,0,0,0,0,0,,0,0,0,0,0,0,0,0,Matches
e82adcab,Exequiel Palacios,ar ARG,MF,de Leverkusen,20,1998,1.6,6,5,2,4,0,4,8,50.0,4,4,0,4,1,7,0,0,Matches
19f8e480,Sergi Palencia,es ESP,DF,fr Saint-Étienne,23,1996,1.0,5,4,3,2,0,1,3,33.3,2,1,0,1,1,6,3,0,Matches
a78ff07f,João Palhinha,pt POR,MF,pt Braga,24,1995,6.4,15,9,8,5,2,8,17,47.1,9,16,3,13,9,24,13,0,Matches
213cd822,Yuriy Pankiv,ua UKR,GK,ua FC Oleksandriya,34,1984,6.0,0,0,0,0,0,0,1,0.0,1,0,0,0,0,0,2,1,Matches
7e219e84,Avraam Papadopoulos,gr GRE,MF,gr Olympiacos,34,1984,0.0,0,0,0,0,0,0,0,,0,1,1,0,0,0,0,0,Matches
da617483,Sotirios Papagiannopoulos,se SWE,DF,dk FC Copenhagen,28,1990,5.1,1,0,1,0,0,1,1,100.0,0,6,5,1,6,7,20,0,Matches
b682dcf6,Sokratis Papastathopoulos,gr GRE,DF,eng Arsenal,31,1988,3.9,3,3,3,0,0,1,2,50.0,1,2,2,0,2,5,11,1,Matches
ce5a24b9,Abdülkadir Parmak,tr TUR,MF,tr Trabzonspor,24,1994,4.1,8,4,3,5,0,2,6,33.3,4,3,0,3,1,9,5,0,Matches
ed5886d2,Marco Parolo,it ITA,MF,it Lazio,34,1985,5.0,10,7,6,3,1,5,15,33.3,10,8,2,6,6,16,16,0,Matches
485eaf31,Pavlo Pashayev,az AZE,DF,ua FC Oleksandriya,31,1988,6.0,5,5,3,1,1,3,6,50.0,3,3,2,1,15,20,10,0,Matches
881ef58c,Javier Pastore,ar ARG,MF,it Roma,30,1989,3.1,5,4,3,1,1,2,6,33.3,4,3,0,3,1,6,1,0,Matches
f7223718,Patric,es ESP,DF,it Lazio,26,1993,0.1,0,0,0,0,0,0,0,,0,1,1,0,0,0,0,0,Matches
79b0d6a0,Rui Patrício,pt POR,GK,eng Wolves,31,1988,10.0,0,0,0,0,0,0,0,,0,0,0,0,1,1,0,1,Matches
00672021,Alan Patrick,br BRA,MF,ua Shakhtar,28,1991,5.4,6,4,0,5,1,3,10,30.0,7,4,0,4,7,13,2,0,Matches
230f0471,Nathan Patterson,sct SCO,DF,sct Rangers,17,2001,0.2,0,0,0,0,0,0,0,,0,0,0,0,0,0,0,0,Matches
a62c16d0,Paulinho,pt POR,FW,pt Braga,26,1992,6.7,5,2,3,1,1,1,6,16.7,5,5,0,5,2,7,8,0,Matches
53070b63,Paulinho,br BRA,MF,de Leverkusen,19,2000,0.3,1,1,1,0,0,1,1,100.0,0,0,0,0,1,2,0,0,Matches
60db2f9b,Alexandru Păun,ro ROU,"MF,FW",ro CFR Cluj,24,1995,3.9,5,4,2,3,0,2,7,28.6,5,2,0,2,3,8,2,0,Matches
f0e3b343,Andrija Pavlović,rs SRB,FW,cy APOEL,25,1993,5.3,4,2,1,1,2,1,1,100.0,0,3,1,2,0,4,4,0,Matches
e98d18ca,Lazar Pavlović,rs SRB,MF,rs Partizan,17,2001,0.4,0,0,0,0,0,0,1,0.0,1,1,0,1,0,0,0,0,Matches
25146df0,Strahinja Pavlović,rs SRB,DF,rs Partizan,18,2001,6.0,5,4,3,2,0,2,6,33.3,4,3,2,1,11,16,16,0,Matches
fbafd1b0,Pedrão,br BRA,DF,pt Vitória,26,1992,3.0,5,2,1,4,0,3,4,75.0,1,1,0,1,5,10,12,0,Matches
112521d1,Pedrosa,es ESP,"DF,MF",es Espanyol,21,1998,3.8,12,6,7,4,1,5,9,55.6,4,7,1,6,2,14,7,2,Matches
b684a484,Jordan Pefok,us USA,FW,fr Rennes,23,1996,2.2,2,1,0,2,0,0,0,,0,2,0,2,0,2,0,0,Matches
4a5a45c7,Lorenzo Pellegrini,it ITA,MF,it Roma,23,1996,2.6,6,3,1,3,2,0,4,0.0,4,0,0,0,0,6,1,0,Matches
6b915aa1,Carlos de Pena,uy URU,MF,ua Dynamo Kyiv,27,1992,1.8,5,3,2,3,0,1,4,25.0,3,1,0,1,4,9,2,0,Matches
c906ce0f,Pepe,pt POR,DF,pt Porto,36,1983,6.0,6,3,6,0,0,3,5,60.0,2,4,0,4,7,13,22,0,Matches
57e3f0c7,Nicolas Pépé,ci CIV,"FW,DF",eng Arsenal,24,1995,3.3,7,4,2,3,2,2,4,50.0,2,1,0,1,0,7,1,0,Matches
b7de5bad,Victor Perea,es ESP,DF,es Espanyol,19,2000,1.8,5,4,3,1,1,4,6,66.7,2,2,0,2,1,6,1,0,Matches
4515f00d,André Pereira,pt POR,"FW,MF",pt Vitória,24,1995,2.2,2,1,0,2,0,0,3,0.0,3,2,0,2,1,3,0,0,Matches
6639e500,Andreas Pereira,br BRA,"FW,MF",eng Manchester Utd,23,1996,2.6,9,4,2,6,1,6,10,60.0,4,0,0,0,2,11,0,0,Matches
8fd9996f,Danilo Pereira,pt POR,MF,pt Porto,27,1991,6.0,8,5,3,4,1,3,6,50.0,3,4,1,3,6,14,6,0,Matches
aefd0c5b,João Pereira,pt POR,DF,tr Trabzonspor,35,1984,2.0,0,0,0,0,0,0,2,0.0,2,1,1,0,1,1,1,0,Matches
7ec7738e,Gastón Pereiro,uy URU,"MF,FW",nl PSV Eindhoven,24,1995,0.7,1,1,1,0,0,0,1,0.0,1,0,0,0,0,1,0,0,Matches
852351df,Bruno Peres,br BRA,DF,it Roma,29,1990,1.0,1,1,1,0,0,1,4,25.0,3,1,0,1,1,2,3,0,Matches
a8f21b9f,Carles Pérez,es ESP,FW,it Roma,21,1998,2.3,4,3,2,0,2,3,9,33.3,6,1,1,0,2,6,2,0,Matches
a40d5a0c,Diego Perotti,ar ARG,"FW,MF",it Roma,31,1988,2.1,4,3,2,2,0,0,3,0.0,3,3,1,2,1,5,0,0,Matches
6b200d45,Loïc Perrin,fr FRA,DF,fr Saint-Étienne,33,1985,4.0,6,3,4,2,0,2,5,40.0,3,3,2,1,7,13,20,0,Matches
01ba3996,Taylor Perry,eng ENG,MF,eng Wolves,18,2001,0.2,0,0,0,0,0,0,0,,0,0,0,0,1,1,0,0,Matches
447837d1,Yuriy Pertsukh,kz KAZ,"MF,FW",kz Astana FK,23,1996,3.6,6,3,4,1,1,5,11,45.5,6,1,0,1,0,6,1,1,Matches
c89e8aae,Pavao Pervan,at AUT,GK,de Wolfsburg,31,1987,5.0,0,0,0,0,0,0,0,,0,0,0,0,2,2,4,0,Matches
839ef2b8,Andrei Peteleu,ro ROU,DF,ro CFR Cluj,26,1992,2.6,5,3,3,1,1,4,7,57.1,3,3,1,2,3,8,3,0,Matches
90f3beec,Raoul Petretta,it ITA,"DF,FW",ch Basel,22,1997,9.1,17,8,11,5,1,6,17,35.3,11,16,3,13,19,36,20,0,Matches
17145c90,Sergei Petrov,ru RUS,DF,ru Krasnodar,28,1991,6.0,11,8,7,4,0,6,8,75.0,2,3,2,1,5,16,16,0,Matches
94130fc4,Luiz Phellype,br BRA,FW,pt Sporting CP,25,1993,2.7,3,3,1,0,2,1,3,33.3,2,3,1,2,0,3,5,0,Matches
48e89655,Pablo Piatti,ar ARG,"MF,FW",es Espanyol,30,1989,1.0,2,2,1,1,0,0,2,0.0,2,0,0,0,0,2,0,0,Matches
10f1cd17,Pipa,es ESP,DF,es Espanyol,21,1998,2.2,5,2,1,3,1,3,4,75.0,1,2,0,2,4,9,2,0,Matches
96094cbc,Pizzi,pt POR,"FW,MF",pt Benfica,29,1989,1.9,2,2,1,0,1,0,3,0.0,3,5,0,5,1,3,0,0,Matches
4760b2f2,Ihor Plastun,ua UKR,DF,be Gent,28,1990,7.9,8,7,7,1,0,3,8,37.5,5,9,8,1,17,25,40,0,Matches
54bcdeb0,Gonzalo Plata,ec ECU,FW,pt Sporting CP,18,2000,0.7,1,1,0,1,0,0,3,0.0,3,0,0,0,0,1,0,0,Matches
bc6bd723,Alassane Pléa,fr FRA,FW,de M'Gladbach,26,1993,2.5,3,2,1,2,0,0,4,0.0,4,4,0,4,0,3,0,0,Matches
7fcc71d8,Daniel Podence,pt POR,FW,eng Wolves,23,1995,2.0,5,3,0,4,1,2,3,66.7,1,1,0,1,3,8,0,0,Matches
6b08d120,Emanuel Pogatetz,at AUT,DF,at LASK,36,1983,0.0,0,0,0,0,0,0,0,,0,0,0,0,0,0,0,0,Matches
867239d3,Paul Pogba,fr FRA,MF,eng Manchester Utd,26,1993,2.6,6,4,3,2,1,2,4,50.0,2,2,1,1,4,10,1,0,Matches
854a2041,Denis-Will Poha,fr FRA,MF,pt Vitória,22,1997,5.2,6,3,3,3,0,1,5,20.0,4,2,1,1,4,10,0,0,Matches
f294b8cc,Mario Pokar,de GER,MF,lu F91 Dudelange,29,1990,2.0,5,5,3,2,0,3,7,42.9,4,2,1,1,3,8,1,0,Matches
d1d418f8,Matt Polster,us USA,DF,sct Rangers,26,1993,0.1,0,0,0,0,0,0,1,0.0,1,0,0,0,0,0,0,0,Matches
6bd05d38,Ilya Pomazun,ru RUS,GK,ru CSKA Moscow,22,1996,1.0,0,0,0,0,0,0,0,,0,0,0,0,0,0,0,0,Matches
b1579026,Carlos Ponck,cv CPV,DF,tr Başakşehir,24,1995,7.0,3,3,2,1,0,2,4,50.0,2,13,10,3,9,12,40,0,Matches
2a6cd437,Marin Pongračić,hr CRO,DF,de Wolfsburg,21,1997,1.0,2,2,2,0,0,1,2,50.0,1,1,1,0,2,4,1,0,Matches
67f0703d,Denys Popov,ua UKR,DF,ua Dynamo Kyiv,20,1999,3.0,8,5,6,2,0,1,3,33.3,2,1,0,1,11,19,14,0,Matches
8e010ff4,Francisco Portillo,es ESP,MF,es Getafe,29,1990,4.4,7,4,1,4,2,3,11,27.3,8,1,0,1,1,8,0,0,Matches
cda08080,Yevgeny Postnikov,kz KAZ,DF,kz Astana FK,33,1986,5.1,16,10,11,5,0,10,19,52.6,9,5,5,0,13,29,21,2,Matches
8023bcab,Marvin Potzmann,at AUT,MF,at LASK,25,1993,5.6,21,13,12,6,3,13,31,41.9,18,18,2,16,8,29,4,0,Matches
3c16d927,Alejandro Pozo Pozo,es ESP,DF,es Sevilla,20,1999,6.0,6,5,4,2,0,3,11,27.3,8,4,0,4,4,10,2,0,Matches
113fb4ea,Andrés Prieto,es ESP,GK,es Espanyol,25,1993,3.0,0,0,0,0,0,0,1,0.0,1,0,0,0,0,0,2,0,Matches
b182a240,Quincy Promes,nl NED,FW,nl Ajax,27,1992,0.5,0,0,0,0,0,0,1,0.0,1,1,0,1,0,0,0,0,Matches
38e78902,Evgen Protasov,ua UKR,FW,ua FC Oleksandriya,22,1997,0.1,0,0,0,0,0,0,0,,0,0,0,0,0,0,0,0,Matches
c8a88acd,Silvio Proto,be BEL,GK,it Lazio,36,1983,2.0,0,0,0,0,0,0,0,,0,0,0,0,0,0,0,0,Matches
32c016f8,Afimico Pululu,fr FRA,"FW,MF",ch Basel,20,1999,2.7,7,2,4,2,1,1,5,20.0,4,3,0,3,1,8,2,0,Matches
34c3b935,Andriy Pyatov,ua UKR,GK,ua Shakhtar,35,1984,6.0,0,0,0,0,0,0,1,0.0,1,0,0,0,0,0,1,2,Matches
3e975352,Dani Quintana,es ESP,"MF,FW",az Qarabağ Ağdam,32,1987,3.0,8,6,2,5,1,5,7,71.4,2,1,0,1,0,8,1,0,Matches
146f71c9,Ibrahim Rabiu,ng NGA,MF,sk Slovan Bratislava,28,1991,4.9,9,5,3,6,0,1,7,14.3,6,5,1,4,9,18,4,0,Matches
791af558,Raffael,br BRA,"MF,FW",de M'Gladbach,34,1985,0.7,4,3,3,0,1,1,1,100.0,0,1,0,1,2,6,0,0,Matches
49e9d799,Marko Raguž,at AUT,FW,at LASK,21,1998,5.4,6,2,0,5,1,0,5,0.0,5,3,1,2,1,7,4,0,Matches
e150254d,Erdal Rakip,mk MKD,MF,se Malmö,23,1996,1.2,2,2,1,0,1,1,4,25.0,3,0,0,0,0,2,1,0,Matches
7483d9f9,André Ramalho,br BRA,DF,at RB Salzburg,27,1992,1.0,3,0,0,3,0,2,4,50.0,2,1,0,1,4,7,1,0,Matches
cc9256ef,Largie Ramazani,be BEL,MF,eng Manchester Utd,18,2001,0.1,0,0,0,0,0,0,0,,0,1,0,1,0,0,0,0,Matches
37faa4cb,Eric Ramires,br BRA,MF,ch Basel,18,2000,0.4,0,0,0,0,0,0,1,0.0,1,1,0,1,0,0,0,0,Matches
8a1d7b51,Cristian Ramírez,ec ECU,DF,ru Krasnodar,24,1994,5.8,10,3,6,2,2,6,8,75.0,2,4,1,3,12,22,12,1,Matches
1a9db1c5,Christian Ramsebner,at AUT,DF,at LASK,30,1989,1.0,2,1,0,2,0,2,4,50.0,2,0,0,0,0,2,4,0,Matches
06a10001,Reinhold Ranftl,at AUT,"MF,DF",at LASK,27,1992,9.9,19,11,10,8,1,13,44,29.5,31,19,0,19,16,35,5,2,Matches
539230cf,Andrea Ranocchia,it ITA,DF,it Inter,31,1988,2.0,2,0,1,1,0,1,3,33.3,2,4,2,2,2,4,8,0,Matches
1dbfae2d,Lazar Ranđelović,rs SRB,"FW,MF",gr Olympiacos,21,1997,1.3,2,1,1,1,0,0,0,,0,0,0,0,0,2,3,0,Matches
3423f250,Raphinha,br BRA,MF,fr Rennes,22,1996,3.0,5,3,1,2,2,2,8,25.0,6,6,0,6,5,10,2,0,Matches
a1d5bd30,Marcus Rashford,eng ENG,FW,eng Manchester Utd,21,1997,4.6,2,2,1,1,0,1,5,20.0,4,8,1,7,1,3,0,0,Matches
40ef7347,Rafael Ratão,br BRA,"MF,FW",sk Slovan Bratislava,23,1995,1.2,3,2,1,2,0,1,4,25.0,3,0,0,0,1,4,3,0,Matches
276cce2e,Pedro Rebocho,pt POR,DF,tr Beşiktaş,24,1995,4.8,4,3,3,1,0,2,2,100.0,0,4,1,3,4,8,12,0,Matches
da6cb94b,Tore Reginiussen,no NOR,DF,no Rosenborg,33,1986,4.0,8,5,4,3,1,4,8,50.0,4,3,2,1,13,21,20,1,Matches
3353737a,Sergio Reguilón,es ESP,DF,es Sevilla,22,1996,5.0,9,7,4,4,1,5,6,83.3,1,6,2,4,12,21,10,0,Matches
4b3c863f,Francisco Reis Ferreira,pt POR,DF,pt Benfica,22,1997,2.0,3,1,2,1,0,0,4,0.0,4,2,2,0,2,5,7,0,Matches
c45a34e7,Dominik Reiter,at AUT,"MF,DF",at LASK,21,1998,1.3,2,0,1,1,0,1,4,25.0,3,7,0,7,4,6,3,0,Matches
3c70fb81,René Renner,at AUT,"MF,DF",at LASK,25,1993,4.6,17,10,5,12,0,6,13,46.2,7,5,0,5,6,23,12,0,Matches
1ae836b1,Elvis Rexhbeçaj,de GER,MF,de Wolfsburg,21,1997,1.0,3,2,0,2,1,1,4,25.0,3,1,0,1,2,5,3,0,Matches
82e3586c,Moha Rharsalla,ma MAR,FW,sk Slovan Bratislava,25,1993,4.8,2,2,1,0,1,2,4,50.0,2,4,1,3,2,4,3,0,Matches
22db7a5e,Renan Ribeiro,br BRA,GK,pt Sporting CP,29,1990,4.4,0,0,0,0,0,0,0,,0,0,0,0,0,0,3,0,Matches
54f5ce34,Federico Ricca,uy URU,"DF,MF",be Club Brugge,24,1994,1.0,2,1,2,0,0,0,0,,0,0,0,0,4,6,4,0,Matches
572498c7,Søren Rieks,dk DEN,"DF,MF",se Malmö,32,1987,6.9,6,4,3,1,2,4,9,44.4,5,8,3,5,6,12,7,0,Matches
7e56d3db,Stefan Ristovski,mk MKD,DF,pt Sporting CP,27,1992,2.3,10,3,6,4,0,4,5,80.0,1,3,1,2,1,11,7,0,Matches
733e7ad8,Mats Rits,be BEL,MF,be Club Brugge,26,1993,1.9,3,2,2,1,0,1,3,33.3,2,5,1,4,2,5,3,0,Matches
00ddb7f7,Marcel Ritzmaier,at AUT,MF,at Wolfsberger AC,26,1993,4.9,13,6,5,8,0,8,17,47.1,9,13,1,12,6,19,5,0,Matches
87d8b5a3,Blas Riveros,py PAR,DF,ch Basel,21,1998,5.3,14,10,9,4,1,5,13,38.5,8,3,0,3,2,16,3,0,Matches
dbf3e08b,Nemanja Rnić,rs SRB,DF,at Wolfsberger AC,34,1984,4.8,9,7,7,2,0,5,11,45.5,6,10,4,6,10,19,21,0,Matches
654600fd,Scott Robertson,sct SCO,MF,sct Celtic,18,2001,1.0,0,0,0,0,0,0,1,0.0,1,2,0,2,1,1,0,0,Matches
f034613c,Robinho,br BRA,"FW,MF",tr Başakşehir,35,1984,1.3,2,0,2,0,0,1,4,25.0,3,1,0,1,1,3,0,0,Matches
8ee95cc6,Lucas Robinho,br BRA,"FW,MF",ru CSKA Moscow,20,1999,0.4,1,1,0,0,1,0,0,,0,1,0,1,0,1,0,0,Matches
da27e268,Marc Roca,es ESP,"MF,FW",es Espanyol,22,1996,2.2,3,1,1,2,0,3,8,37.5,5,2,0,2,3,6,4,0,Matches
c738a5ec,Rochinha,pt POR,"MF,FW",pt Vitória,24,1995,2.5,4,3,3,0,1,1,2,50.0,1,0,0,0,1,5,0,0,Matches
37f827ec,Enzo Roco,cl CHI,DF,tr Beşiktaş,26,1992,3.2,2,1,1,1,0,2,2,100.0,0,0,0,0,4,6,16,0,Matches
e12b0b5b,Sebastian Rode,de GER,MF,de Eint Frankfurt,28,1990,7.2,24,15,8,11,5,11,29,37.9,18,10,1,9,11,35,5,1,Matches
3814b753,Gerson Rodrigues,lu LUX,FW,ua Dynamo Kyiv,24,1995,1.6,0,0,0,0,0,0,0,,0,0,0,0,0,0,1,0,Matches
20df3aaf,Pedro Rodrigues,pt POR,MF,pt Vitória,22,1997,2.2,5,2,2,2,1,3,10,30.0,7,1,0,1,2,7,0,0,Matches
8cfc2f69,Ángel Rodríguez,es ESP,FW,es Getafe,32,1987,4.9,10,7,1,7,2,2,5,40.0,3,2,0,2,1,11,4,0,Matches
ebca86ca,Francisco Rodríguez Araya,ch SUI,"FW,MF",ch Lugano,23,1995,0.1,0,0,0,0,0,0,0,,0,0,0,0,0,0,0,0,Matches
505d9778,Genaro Rodríguez Serrano,es ESP,DF,es Sevilla,21,1998,1.0,1,1,1,0,0,0,2,0.0,2,1,1,0,3,4,1,0,Matches
27ff9bdb,Tom Rogić,au AUS,MF,sct Celtic,26,1992,1.3,3,1,2,1,0,1,4,25.0,3,0,0,0,0,3,1,1,Matches
e0991c04,Marcos Rojo,ar ARG,DF,eng Manchester Utd,29,1990,3.9,1,1,0,1,0,1,5,20.0,4,4,1,3,5,6,16,0,Matches
e28205f4,Jaime Romero,es ESP,"MF,FW",az Qarabağ Ağdam,29,1990,2.1,3,0,1,1,1,2,6,33.3,4,1,0,1,1,4,1,0,Matches
1e26e376,Sergio Romero,ar ARG,GK,eng Manchester Utd,32,1987,9.3,0,0,0,0,0,0,0,,0,0,0,0,0,0,3,1,Matches
fe6c830a,Mario Rondón,ve VEN,"FW,MF",ro CFR Cluj,33,1986,1.2,0,0,0,0,0,0,1,0.0,1,0,0,0,0,0,3,0,Matches
1a6b7ea4,Pablo Rosario,nl NED,MF,nl PSV Eindhoven,22,1997,4.8,10,7,3,7,0,6,15,40.0,9,12,5,7,9,19,8,0,Matches
5faa73aa,Markus Rosenberg,se SWE,FW,se Malmö,36,1982,5.2,2,1,1,1,0,0,1,0.0,1,6,0,6,1,3,3,0,Matches
9b6d9b53,Valentin Rosier,fr FRA,DF,pt Sporting CP,22,1996,5.0,10,8,8,2,0,6,9,66.7,3,2,1,1,11,21,16,0,Matches
ccbf1b54,Dorin Rotariu,ro ROU,"MF,FW",kz Astana FK,24,1995,5.7,8,6,3,1,4,1,7,14.3,6,4,2,2,2,10,3,0,Matches
13203c45,Jérôme Roussillon,fr FRA,"DF,MF",de Wolfsburg,26,1993,4.6,1,0,0,1,0,0,2,0.0,2,2,1,1,5,6,9,0,Matches
da8b19e2,John Ruddy,eng ENG,GK,eng Wolves,32,1986,1.0,0,0,0,0,0,0,0,,0,0,0,0,0,0,0,0,Matches
cac76a72,Stéphane Ruffier,fr FRA,GK,fr Saint-Étienne,32,1986,4.0,0,0,0,0,0,0,0,,0,0,0,0,0,0,3,0,Matches
911680d8,Robbin Ruiter,nl NED,GK,nl PSV Eindhoven,32,1987,1.0,0,0,0,0,0,0,0,,0,0,0,0,0,0,0,0,Matches
6cbf8d0d,Abel Ruiz,es ESP,FW,pt Braga,19,2000,1.1,1,0,0,0,1,0,0,,0,2,0,2,2,3,0,0,Matches
b3dc6eca,Víctor Ruiz,es ESP,DF,tr Beşiktaş,30,1989,0.8,0,0,0,0,0,0,0,,0,0,0,0,1,1,2,0,Matches
e12d7851,Antonio Rukavina,rs SRB,DF,kz Astana FK,35,1984,5.5,3,2,1,2,0,2,4,50.0,2,6,3,3,2,5,23,1,Matches
a70b8345,Frederik Rønnow,dk DEN,GK,de Eint Frankfurt,26,1992,5.0,0,0,0,0,0,0,0,,0,0,0,0,0,0,0,0,Matches
1a1033a1,João Victor Santos Sá,br BRA,"FW,MF",de Wolfsburg,25,1994,4.4,10,10,3,5,2,3,12,25.0,9,10,0,10,4,14,0,0,Matches
903b6e8b,José Sá,pt POR,GK,gr Olympiacos,26,1993,3.3,0,0,0,0,0,0,0,,0,0,0,0,0,0,2,0,Matches
fd834d1d,Tiago Sá,pt POR,GK,pt Braga,24,1995,1.0,0,0,0,0,0,0,0,,0,0,0,0,0,0,0,0,Matches
ea7a8366,Jonathan Sabbatini,uy URU,MF,ch Lugano,31,1988,3.0,7,7,4,3,0,2,5,40.0,3,3,1,2,9,16,8,0,Matches
9993817f,Thomas Sabitzer,at AUT,"FW,DF",at LASK,18,2000,0.3,0,0,0,0,0,0,0,,0,0,0,0,1,1,0,0,Matches
6388e356,Falaye Sacko,ml MLI,DF,pt Vitória,24,1995,2.7,0,0,0,0,0,0,1,0.0,1,1,0,1,1,1,5,0,Matches
7c9fa389,Michal Sadílek,cz CZE,DF,nl PSV Eindhoven,20,1999,4.1,6,5,3,2,1,4,6,66.7,2,5,3,2,4,10,14,0,Matches
686cbe7d,Umar Sadiq,ng NGA,FW,rs Partizan,22,1997,5.8,9,5,0,4,5,3,9,33.3,6,3,0,3,0,9,0,0,Matches
d49f80d7,Rashad Sadygov,az AZE,DF,az Qarabağ Ağdam,37,1982,4.0,3,1,1,2,0,1,3,33.3,2,5,2,3,1,4,19,1,Matches
5c6ba09a,Behrang Safari,se SWE,DF,se Malmö,34,1985,6.5,7,4,6,0,1,6,9,66.7,3,2,1,1,10,17,7,0,Matches
d97b252e,Matvei Safonov,ru RUS,GK,ru Krasnodar,20,1999,3.0,0,0,0,0,0,0,0,,0,0,0,0,0,0,1,0,Matches
595ccab1,Məhəmmədəliyev Şahruddin Maqomedoviç,az AZE,GK,az Qarabağ Ağdam,25,1994,1.0,0,0,0,0,0,0,0,,0,0,0,0,0,0,0,0,Matches
9fbbcf39,Romain Saïss,ma MAR,"DF,MF",eng Wolves,29,1990,7.2,7,4,6,1,0,3,9,33.3,6,7,4,3,17,24,24,0,Matches
bc7dc64d,Bukayo Saka,eng ENG,"FW,DF",eng Arsenal,17,2001,6.0,7,5,3,2,2,1,4,25.0,3,5,0,5,5,12,5,0,Matches
972aeb2a,William Saliba,fr FRA,DF,fr Saint-Étienne,18,2001,2.0,2,0,0,0,2,1,1,100.0,0,2,0,2,4,6,1,0,Matches
74733221,Romain Salin,fr FRA,GK,fr Rennes,35,1984,2.0,0,0,0,0,0,0,0,,0,0,0,0,0,0,1,0,Matches
5af687a1,Andreas Samaris,gr GRE,FW,pt Benfica,30,1989,0.0,0,0,0,0,0,0,0,,0,0,0,0,0,0,0,0,Matches
2c0f8e9e,Alexis Sánchez,cl CHI,FW,it Inter,30,1988,2.7,2,1,1,1,0,1,7,14.3,6,2,0,2,4,6,0,0,Matches
ad4d0985,Víctor Sánchez,es ESP,MF,es Espanyol,31,1987,2.7,15,6,5,10,0,7,16,43.8,9,3,0,3,4,19,4,0,Matches
215918bf,Edvard Sandvik Tagseth,no NOR,"MF,DF",no Rosenborg,18,2001,0.6,0,0,0,0,0,0,1,0.0,1,1,0,1,0,0,1,0,Matches
88c89891,Davide Santon,it ITA,DF,it Roma,28,1991,3.5,5,4,3,2,0,4,5,80.0,1,4,0,4,8,13,9,0,Matches
3cb6f224,Michael Santos,uy URU,FW,dk FC Copenhagen,26,1993,7.0,8,3,1,4,3,2,11,18.2,9,6,1,5,1,9,7,0,Matches
7a412c2d,Pablo Santos,br BRA,DF,pt Braga,27,1992,4.0,3,1,1,2,0,1,2,50.0,1,0,0,0,12,15,29,0,Matches
a2da58b1,Yusuf Sari,tr TUR,MF,tr Trabzonspor,20,1998,1.0,3,2,3,0,0,3,3,100.0,0,1,0,1,1,4,0,0,Matches
c492c9f0,Zvonimir Šarlija,hr CRO,DF,ru CSKA Moscow,22,1996,1.0,1,1,0,0,1,1,3,33.3,2,0,0,0,2,3,2,0,Matches
a881d44a,Franklin Sasere,ng NGA,FW,ch Lugano,22,1997,0.2,0,0,0,0,0,0,0,,0,0,0,0,0,0,0,0,Matches
b1062a37,Vujadin Savić,rs SRB,DF,cy APOEL,29,1990,6.0,4,4,4,0,0,2,5,40.0,3,9,6,3,4,8,26,0,Matches
146b19d9,Aleksandar Šćekić,me MNE,MF,rs Partizan,27,1991,3.3,13,7,6,6,1,9,17,52.9,8,5,0,5,4,17,4,0,Matches
0827221a,Didar Schalmukan,kz KAZ,MF,kz Astana FK,23,1996,1.0,1,0,1,0,0,1,4,25.0,3,1,0,1,0,1,1,0,Matches
6fe5c35b,Alexander Schlager,at AUT,GK,at LASK,23,1996,10.0,1,0,1,0,0,1,2,50.0,1,0,0,0,0,1,3,2,Matches
8f056768,Xaver Schlager,at AUT,MF,de Wolfsburg,21,1997,3.9,12,10,2,8,2,4,15,26.7,11,5,0,5,1,13,0,0,Matches
220ace7e,Romano Schmid,at AUT,MF,at Wolfsberger AC,19,2000,5.8,13,8,4,7,2,10,27,37.0,17,6,1,5,4,17,2,0,Matches
f74f680d,Alexander Schmidt,at AUT,FW,at Wolfsberger AC,21,1998,0.5,2,1,0,1,1,0,1,0.0,1,0,0,0,0,2,1,0,Matches
f11a5b76,Lukas Schmitz,de GER,DF,at Wolfsberger AC,30,1988,6.0,10,5,6,3,1,7,13,53.8,6,9,3,6,9,19,23,0,Matches
f4021366,Tom Schnell,lu LUX,DF,lu F91 Dudelange,33,1985,5.5,7,2,6,1,0,3,9,33.3,6,9,5,4,8,15,20,0,Matches
301b1e4c,Lukas Schöfl,at AUT,MF,at Wolfsberger AC,18,2001,0.2,0,0,0,0,0,0,1,0.0,1,0,0,0,1,1,0,0,Matches
746fec7d,Siebe Schrijvers,be BEL,MF,be Club Brugge,23,1996,0.2,0,0,0,0,0,0,0,,0,0,0,0,0,0,0,0,Matches
e613313c,Perr Schuurs,nl NED,DF,nl Ajax,19,1999,1.3,2,1,2,0,0,1,1,100.0,0,1,0,1,0,2,4,0,Matches
824bd41a,Daniel Schwaab,de GER,DF,nl PSV Eindhoven,30,1988,3.0,7,5,6,1,0,6,6,100.0,0,8,5,3,4,11,13,0,Matches
5906ab00,Erdem Seçgin,tr TUR,MF,tr Beşiktaş,19,2000,1.1,0,0,0,0,0,0,0,,0,2,0,2,4,4,1,0,Matches
a45eac1f,Haris Seferović,ch SUI,FW,pt Benfica,27,1992,1.0,1,0,0,1,0,1,1,100.0,0,1,0,1,0,1,1,0,Matches
c904f3d5,Rúben Semedo,pt POR,DF,gr Olympiacos,25,1994,1.3,3,0,2,1,0,3,4,75.0,1,0,0,0,3,6,1,0,Matches
35141f4c,Marcos Senesi,ar ARG,DF,nl Feyenoord,22,1997,3.3,7,4,5,2,0,3,7,42.9,4,3,1,2,8,15,15,0,Matches
b70bde8f,Stefano Sensi,it ITA,MF,it Inter,23,1995,0.1,0,0,0,0,0,0,0,,0,0,0,0,0,0,0,0,Matches
7a2cf111,Nuno Sequeira,pt POR,"DF,MF",pt Braga,28,1990,7.0,19,14,8,10,1,5,16,31.3,11,7,1,6,14,33,10,0,Matches
52e101a8,Artem Shabanov,ua UKR,DF,ua Dynamo Kyiv,27,1992,5.0,8,7,6,2,0,3,6,50.0,3,6,6,0,8,16,25,0,Matches
17e3e467,Mykola Shaparenko,ua UKR,MF,ua Dynamo Kyiv,20,1998,0.2,1,1,1,0,0,0,0,,0,0,0,0,1,2,0,0,Matches
4d8cf390,Dmytro Shastal,ua UKR,FW,ua FC Oleksandriya,23,1995,1.6,6,4,1,3,2,2,5,40.0,3,4,0,4,1,7,2,0,Matches
9c94165b,Luke Shaw,eng ENG,DF,eng Manchester Utd,24,1995,4.0,7,1,3,3,1,4,5,80.0,1,5,1,4,4,11,6,0,Matches
ab6928f2,Georgi Shchennikov,ru RUS,FW,ru CSKA Moscow,28,1991,0.1,0,0,0,0,0,0,0,,0,0,0,0,0,0,0,0,Matches
a81ed730,Volodymyr Shepelyev,ua UKR,MF,ua Dynamo Kyiv,22,1997,5.7,11,5,6,4,1,4,8,50.0,4,1,1,0,4,15,3,0,Matches
54771b10,Dmitriy Shomko,kz KAZ,DF,kz Astana FK,29,1990,6.0,13,7,10,2,1,6,9,66.7,3,7,4,3,6,19,13,0,Matches
92ffb8f9,Vincent Sierro,ch SUI,MF,ch Young Boys,23,1995,0.8,2,2,1,0,1,0,1,0.0,1,0,0,0,0,2,1,0,Matches
3d2320f7,Dávid Sigér,hu HUN,MF,hu Ferencváros,28,1990,4.6,6,3,2,2,2,2,3,66.7,1,5,2,3,5,11,6,0,Matches
cea0df32,Mikalay Signevich,by BLR,FW,hu Ferencváros,27,1992,0.7,1,0,1,0,0,0,2,0.0,2,0,0,0,1,2,1,0,Matches
f209b81e,Arnór Sigurðsson,is ISL,"FW,MF",ru CSKA Moscow,20,1999,3.7,1,0,0,0,1,1,1,100.0,0,1,0,1,0,1,0,0,Matches
b6cd4243,Ragnar Sigurðsson,is ISL,DF,dk FC Copenhagen,33,1986,1.9,1,0,1,0,0,1,1,100.0,0,5,4,1,1,2,6,0,Matches
3effaa34,André Silva,pt POR,FW,de Eint Frankfurt,23,1995,7.3,1,1,0,0,1,0,4,0.0,4,2,0,2,1,2,4,0,Matches
e7aa9d7c,Fábio Silva,pt POR,"FW,MF",pt Porto,17,2002,0.4,0,0,0,0,0,0,0,,0,0,0,0,0,0,0,0,Matches
4914ed4a,Gabriel Silva,br BRA,"DF,FW",fr Saint-Étienne,28,1991,1.4,2,1,1,0,1,0,0,,0,0,0,0,0,2,3,0,Matches
1c98558c,João Miguel Macedo Silva,pt POR,GK,pt Vitória,24,1995,4.0,0,0,0,0,0,0,0,,0,0,0,0,0,0,6,1,Matches
70cf63ca,Rafa Silva,pt POR,MF,pt Benfica,26,1993,1.1,1,0,0,1,0,1,4,25.0,3,1,0,1,1,2,1,0,Matches
b3aed40d,Raul Silva,br BRA,DF,pt Braga,29,1989,1.6,5,1,0,5,0,5,5,100.0,0,0,0,0,1,6,4,0,Matches
c90b2e8f,Jozo Šimunović,hr CRO,DF,sct Celtic,24,1994,1.1,2,2,2,0,0,0,1,0.0,1,1,1,0,5,7,6,1,Matches
c32e457e,Luka Šimunović,hr CRO,"DF,MF",kz Astana FK,22,1997,2.5,5,4,5,0,0,3,6,50.0,3,4,1,3,4,9,14,1,Matches
96ddfa79,Danel Sinani,lu LUX,"FW,MF",lu F91 Dudelange,22,1997,5.0,8,3,1,5,2,2,6,33.3,4,4,0,4,3,11,0,1,Matches
273c483b,Scott Sinclair,eng ENG,FW,sct Celtic,30,1989,1.0,0,0,0,0,0,0,0,,0,1,0,1,0,0,0,0,Matches
8e16dd48,Luis Sinisterra,co COL,FW,nl Feyenoord,20,1999,5.4,4,4,3,1,0,3,9,33.3,6,3,1,2,2,6,8,0,Matches
73000a79,Daley Sinkgraven,nl NED,DF,de Leverkusen,24,1995,3.7,11,6,4,6,1,6,9,66.7,3,4,3,1,9,20,1,0,Matches
e4538d74,Artem Sitalo,ua UKR,FW,ua FC Oleksandriya,29,1989,2.9,2,1,0,1,1,0,0,,0,1,0,1,1,3,6,0,Matches
eaf645bf,Dmitri Skopintsev,ru RUS,DF,ru Krasnodar,22,1997,0.2,0,0,0,0,0,0,0,,0,0,0,0,0,0,0,0,Matches
30f5ffa9,Milan Škriniar,sk SVK,DF,it Inter,24,1995,0.1,0,0,0,0,0,0,0,,0,0,0,0,0,0,1,0,Matches
defb905a,Martin Škrtel,sk SVK,DF,tr Başakşehir,34,1984,7.7,10,7,9,1,0,6,13,46.2,7,9,8,1,12,22,36,0,Matches
389f24bf,Michal Škvarka,sk SVK,MF,hu Ferencváros,26,1992,1.3,2,0,0,2,0,1,1,100.0,0,2,0,2,0,2,2,0,Matches
023efc8b,Simeon Slavchev,bg BUL,MF,az Qarabağ Ağdam,25,1993,0.3,0,0,0,0,0,0,0,,0,0,0,0,0,0,1,0,Matches
b6964eb6,Chris Smalling,eng ENG,DF,it Roma,29,1989,5.0,5,3,2,3,0,2,3,66.7,1,7,5,2,11,16,18,1,Matches
17695062,Emile Smith Rowe,eng ENG,"FW,MF",eng Arsenal,19,2000,2.6,6,1,2,2,2,1,7,14.3,6,1,1,0,1,7,3,0,Matches
062fc2e6,Rafa Soares,pt POR,DF,pt Vitória,24,1995,1.0,0,0,0,0,0,0,0,,0,0,0,0,3,3,4,0,Matches
4d982baf,Tiquinho Soares,br BRA,FW,pt Porto,28,1991,3.8,1,0,0,1,0,1,2,50.0,1,2,0,2,3,4,2,0,Matches
9bd3b683,Fran Sol,es ESP,FW,ua Dynamo Kyiv,27,1992,0.1,0,0,0,0,0,0,0,,0,0,0,0,0,0,0,0,Matches
97810d55,Michael Sollbauer,at AUT,DF,at Wolfsberger AC,29,1990,6.0,13,10,10,3,0,8,12,66.7,4,5,4,1,4,17,28,0,Matches
886f9aac,Manor Solomon,il ISR,"FW,MF",ua Shakhtar,20,1999,0.7,1,1,0,1,0,1,2,50.0,1,1,0,1,1,2,0,0,Matches
420c18a1,Yann Sommer,ch SUI,GK,de M'Gladbach,30,1988,6.0,0,0,0,0,0,0,0,,0,0,0,0,0,0,2,1,Matches
8f8c6934,David Soria,es ESP,GK,es Getafe,26,1993,4.0,0,0,0,0,0,0,0,,0,0,0,0,0,0,3,0,Matches
1eecc0c6,José Sosa,ar ARG,MF,tr Trabzonspor,34,1985,2.3,5,3,1,4,0,3,7,42.9,4,1,0,1,7,12,1,1,Matches
258aff54,Pieros Sotiriou,cy CYP,FW,dk FC Copenhagen,26,1993,6.0,11,6,5,5,1,2,8,25.0,6,1,0,1,3,14,3,0,Matches
57ae16f4,Seydouba Soumah,gn GUI,"MF,FW",rs Partizan,28,1991,4.3,6,4,2,3,1,3,7,42.9,4,5,1,4,3,9,0,0,Matches
e4738e91,Dyego Sousa,pt POR,FW,pt Benfica,29,1989,0.9,0,0,0,0,0,0,0,,0,0,0,0,0,0,1,0,Matches
be4e7e47,Lucas Souza,br BRA,MF,cy APOEL,29,1990,5.5,18,10,9,6,3,6,20,30.0,14,10,4,6,12,30,6,0,Matches
4c6facae,Djibril Sow,ch SUI,MF,de Eint Frankfurt,22,1997,8.5,29,16,9,17,3,10,21,47.6,11,6,0,6,14,43,4,1,Matches
02ce2030,Uroš Spajić,rs SRB,DF,ru Krasnodar,26,1993,6.0,4,3,3,1,0,0,3,0.0,3,7,6,1,9,13,28,2,Matches
59fd245c,Marvin Spielmann,ch SUI,"MF,FW",ch Young Boys,23,1996,0.6,0,0,0,0,0,0,1,0.0,1,1,0,1,0,0,0,0,Matches
3626daea,Leonardo Spinazzola,it ITA,DF,it Roma,26,1993,6.8,11,7,8,3,0,6,13,46.2,7,10,1,9,9,20,17,0,Matches
878f0921,Andraž Šporar,si SVN,FW,pt Sporting CP,25,1994,2.0,0,0,0,0,0,0,2,0.0,2,0,0,0,0,0,0,0,Matches
878f0921,Andraž Šporar,si SVN,FW,sk Slovan Bratislava,25,1994,6.0,1,0,0,0,1,0,1,0.0,1,4,0,4,2,3,5,0,Matches
352ca5eb,Sven Sprangler,at AUT,MF,at Wolfsberger AC,24,1995,1.0,3,2,1,2,0,1,3,33.3,2,1,0,1,2,5,4,0,Matches
1fffae99,Jens Stage,dk DEN,MF,dk FC Copenhagen,22,1996,8.6,18,9,7,10,1,4,16,25.0,12,8,0,8,7,25,13,0,Matches
2a5fab54,Adrian Stanilewicz,pl POL,MF,de Leverkusen,19,2000,0.0,0,0,0,0,0,0,0,,0,0,0,0,0,0,0,0,Matches
27d902c8,Cican Stankovic,at AUT,GK,at RB Salzburg,26,1992,2.0,0,0,0,0,0,0,0,,0,0,0,0,0,0,2,0,Matches
dd669209,Renato Steffen,ch SUI,"MF,DF",de Wolfsburg,27,1991,5.6,10,4,4,5,1,5,15,33.3,10,7,1,6,8,18,6,0,Matches
58797f45,Joshua Steiger,at AUT,FW,at Wolfsberger AC,18,2001,0.0,0,0,0,0,0,0,0,,0,0,0,0,0,0,0,0,Matches
8f7e6783,Calvin Stengs,nl NED,"FW,MF",nl AZ Alkmaar,20,1998,7.8,4,1,2,2,0,2,10,20.0,8,4,0,4,3,7,3,0,Matches
ee3519f5,Taras Stepanenko,ua UKR,MF,ua Shakhtar,29,1989,5.0,10,5,4,6,0,5,12,41.7,7,3,0,3,7,17,18,2,Matches
0d115860,Tymur Stetskov,ua UKR,FW,ua FC Oleksandriya,21,1998,0.1,0,0,0,0,0,0,0,,0,0,0,0,0,0,0,0,Matches
50f823d3,Filip Stevanovic,rs SRB,"FW,MF",rs Partizan,16,2002,0.5,0,0,0,0,0,0,1,0.0,1,2,0,2,0,0,0,0,Matches
36f19a65,Greg Stewart,sct SCO,"FW,MF",sct Rangers,29,1990,0.6,0,0,0,0,0,0,0,,0,1,0,1,0,0,0,0,Matches
7cd6badb,Lars Stindl,de GER,"MF,FW",de M'Gladbach,30,1988,2.1,5,2,3,2,0,1,4,25.0,3,1,0,1,2,7,2,0,Matches
6b85f966,Valentin Stocker,ch SUI,FW,ch Basel,30,1989,9.1,24,15,9,8,7,8,27,29.6,19,9,1,8,6,30,9,0,Matches
c089980e,Vladimir Stojković,rs SRB,GK,rs Partizan,36,1983,5.8,0,0,0,0,0,0,0,,0,1,0,1,0,0,4,1,Matches
d2a802b8,Dominik Stolz,de GER,"MF,FW",lu F91 Dudelange,29,1990,4.6,6,2,2,2,2,2,4,50.0,2,3,1,2,4,10,4,0,Matches
4fe7e935,Dmitry Stotsky,ru RUS,FW,ru Krasnodar,29,1989,1.7,2,2,0,1,1,0,4,0.0,4,2,0,2,2,4,3,0,Matches
339fe0e8,Thomas Strakosha,al ALB,GK,it Lazio,24,1995,4.0,0,0,0,0,0,0,0,,0,0,0,0,0,0,1,1,Matches
17780d2b,Tobias Strobl,de GER,DF,de M'Gladbach,29,1990,1.0,1,0,1,0,0,0,0,,0,3,3,0,1,2,7,0,Matches
1b7ec703,Daniel Sturridge,eng ENG,"FW,MF",tr Trabzonspor,29,1989,1.4,1,0,0,1,0,0,0,,0,0,0,0,0,1,0,0,Matches
ba5004e1,Damián Suárez,uy URU,DF,es Getafe,31,1988,4.0,5,4,3,2,0,3,10,30.0,7,2,0,2,5,10,3,0,Matches
580bcd18,Yukinari Sugawara,jp JPN,"DF,FW",nl AZ Alkmaar,19,2000,3.5,2,1,1,1,0,0,2,0.0,2,3,1,2,2,4,3,0,Matches
aacdfe88,Artem Sukhotskyi,ua UKR,"DF,MF",sk Slovan Bratislava,26,1992,1.1,3,3,1,1,1,1,1,100.0,0,5,0,5,4,7,3,0,Matches
d94653be,Magomed-Shapi Suleymanov,ru RUS,"FW,MF",ru Krasnodar,19,1999,5.3,6,3,3,3,0,1,10,10.0,9,6,1,5,0,6,4,0,Matches
25736bcf,Fulvio Sulmoni,ch SUI,DF,ch Lugano,33,1986,1.0,0,0,0,0,0,0,0,,0,5,5,0,1,1,4,0,Matches
2d49b833,Mateo Sušić,ba BIH,DF,ro CFR Cluj,28,1990,3.1,10,5,6,2,2,4,9,44.4,5,2,2,0,4,14,16,0,Matches
4e219ad2,Suso,es ESP,FW,es Sevilla,25,1993,5.1,2,0,1,0,1,2,8,25.0,6,2,1,1,1,3,1,0,Matches
deb20131,Jonas Svensson,no NOR,DF,nl AZ Alkmaar,26,1993,5.8,9,8,6,3,0,5,10,50.0,5,4,1,3,3,12,5,0,Matches
cc89c822,Jakub Świerczok,pl POL,FW,bg Ludogorets,26,1992,1.5,0,0,0,0,0,0,1,0.0,1,0,0,0,0,0,1,0,Matches
c71e97ba,Serhiy Sydorchuk,ua UKR,MF,ua Dynamo Kyiv,28,1991,4.7,7,5,4,3,0,5,10,50.0,5,2,0,2,7,14,4,0,Matches
934e1968,Dominik Szoboszlai,hu HUN,MF,at RB Salzburg,18,2000,1.7,0,0,0,0,0,0,2,0.0,2,1,0,1,0,0,2,0,Matches
e61d33f1,Alexander Søderlund,no NOR,FW,no Rosenborg,31,1987,4.4,4,2,0,4,0,0,2,0.0,2,6,0,6,3,7,2,0,Matches
68635c10,Frederik Sørensen,dk DEN,DF,ch Young Boys,27,1992,6.0,18,12,15,3,0,10,15,66.7,5,6,5,1,7,25,28,1,Matches
e92cd3f7,Alexander Sørloth,no NOR,"FW,MF",tr Trabzonspor,23,1995,2.9,3,3,1,1,1,2,4,50.0,2,1,0,1,0,3,5,0,Matches
f15f8b2b,Musa Al-Taamari,jo JOR,"FW,MF",cy APOEL,22,1997,5.7,6,4,1,2,3,0,7,0.0,7,2,1,1,2,8,1,0,Matches
47dc80f5,Adel Taarabt,ma MAR,MF,pt Benfica,30,1989,2.0,5,3,2,3,0,2,8,25.0,6,2,0,2,3,8,0,0,Matches
2475dcc6,Dušan Tadić,rs SRB,"FW,MF",nl Ajax,30,1988,2.0,0,0,0,0,0,0,1,0.0,1,1,0,1,0,0,1,0,Matches
f0661424,Nicolás Tagliafico,ar ARG,DF,nl Ajax,26,1992,1.0,1,1,0,1,0,1,2,50.0,1,1,0,1,1,2,7,0,Matches
bd142efb,Jonathan Tah,de GER,DF,de Leverkusen,23,1996,3.2,7,5,3,4,0,2,2,100.0,0,4,3,1,5,12,11,0,Matches
7272a72a,Taison,br BRA,"FW,MF",ua Shakhtar,31,1988,5.8,3,2,1,2,0,0,6,0.0,6,2,0,2,1,4,2,0,Matches
a0f9b535,Flavien Tait,fr FRA,"MF,FW",fr Rennes,26,1993,3.5,7,4,4,1,2,5,11,45.5,6,3,0,3,4,11,0,0,Matches
34269bdf,Renato Tapia,pe PER,MF,nl Feyenoord,24,1995,3.2,8,5,4,4,0,3,11,27.3,8,4,0,4,5,13,7,0,Matches
a73c8f95,Edmond Tapsoba,bf BFA,DF,pt Vitória,20,1999,5.0,13,9,11,2,0,7,9,77.8,2,7,5,2,9,22,23,2,Matches
a73c8f95,Edmond Tapsoba,bf BFA,DF,de Leverkusen,20,1999,4.7,8,4,6,2,0,4,8,50.0,4,7,4,3,13,21,21,0,Matches
4d0eb7d2,Percy Tau,za RSA,"MF,FW",be Club Brugge,25,1994,1.3,2,2,1,1,0,1,5,20.0,4,1,0,1,2,4,1,0,Matches
0dce3356,Tomás Tavares,pt POR,DF,pt Benfica,18,2001,2.0,8,3,4,4,0,6,13,46.2,7,1,1,0,6,14,3,0,Matches
be765073,James Tavernier,eng ENG,DF,sct Rangers,27,1991,9.8,14,10,6,5,3,6,16,37.5,10,13,6,7,5,19,31,0,Matches
30d75bfb,Greg Taylor,sct SCO,DF,sct Celtic,21,1997,2.0,8,5,5,2,1,4,4,100.0,0,4,0,4,1,9,4,0,Matches
f4d8ce5a,Mavis Tchibota,cg CGO,"FW,MF",bg Ludogorets,23,1996,1.7,3,2,0,3,0,1,1,100.0,0,2,0,2,4,7,1,0,Matches
dbbf4a56,Joao Teixeira,pt POR,FW,ua FC Oleksandriya,23,1996,0.1,0,0,0,0,0,0,0,,0,0,0,0,0,0,0,0,Matches
bfe272bd,Mahmut Tekdemir,tr TUR,MF,tr Başakşehir,31,1988,5.0,8,6,3,4,1,2,10,20.0,8,7,2,5,8,16,2,0,Matches
e73c9bb2,Alex Telles,br BRA,DF,pt Porto,26,1992,8.0,18,11,9,8,1,10,18,55.6,8,7,3,4,12,30,12,0,Matches
efc33b33,Georgi Terziev,bg BUL,DF,bg Ludogorets,27,1992,5.0,3,2,2,1,0,1,1,100.0,0,8,5,3,8,11,23,0,Matches
7120a04d,Tetê,br BRA,"MF,FW",ua Shakhtar,19,2000,1.4,1,1,0,1,0,1,6,16.7,5,2,0,2,1,2,0,0,Matches
a2560346,Samuel Tetteh,gh GHA,FW,at LASK,23,1996,2.2,2,0,0,2,0,1,3,33.3,2,2,1,1,0,2,0,0,Matches
95efdac2,Ryan Thomas,nz NZL,MF,nl PSV Eindhoven,24,1994,0.9,5,2,1,4,0,2,5,40.0,3,0,0,0,4,9,1,0,Matches
e2bf2abc,Nicolaj Thomsen,dk DEN,MF,dk FC Copenhagen,26,1993,2.0,1,0,0,0,1,1,1,100.0,0,2,1,1,0,1,1,0,Matches
6f8cd6d0,Marcus Thuram,fr FRA,FW,de M'Gladbach,21,1997,5.8,6,2,2,2,2,1,4,25.0,3,4,0,4,1,7,3,0,Matches
fce2302c,Kieran Tierney,sct SCO,"DF,MF",eng Arsenal,22,1997,4.0,7,6,4,1,2,4,5,80.0,1,6,0,6,4,11,6,0,Matches
174651c8,David Timor,es ESP,MF,es Getafe,29,1989,3.9,6,3,2,4,0,3,8,37.5,5,2,1,1,3,9,9,0,Matches
45954ec7,Marcel Tisserand,cd COD,DF,de Wolfsburg,26,1993,6.8,9,6,7,2,0,3,7,42.9,4,8,4,4,22,31,18,0,Matches
c9bdb329,Dorukhan Toköz,tr TUR,MF,tr Beşiktaş,23,1996,1.9,5,3,1,4,0,3,5,60.0,2,0,0,0,1,6,2,0,Matches
b6580563,Žarko Tomašević,me MNE,DF,kz Astana FK,29,1990,1.2,0,0,0,0,0,0,0,,0,2,1,1,0,0,4,0,Matches
ead960f2,Marin Tomasov,hr CRO,"FW,MF",kz Astana FK,31,1987,2.0,5,4,1,3,1,3,7,42.9,4,4,1,3,1,6,2,0,Matches
ade993b9,Jens Toornstra,nl NED,MF,nl Feyenoord,30,1989,4.8,6,2,2,3,1,4,19,21.1,15,5,0,5,1,7,9,0,Matches
f93c876b,Mehmet Topal,tr TUR,"MF,DF",tr Başakşehir,33,1986,5.6,6,3,2,4,0,3,7,42.9,4,6,6,0,5,11,20,0,Matches
52611641,Lucas Torreira,uy URU,MF,eng Arsenal,23,1996,3.9,5,4,3,2,0,1,4,25.0,3,6,3,3,5,10,3,0,Matches
58a9a4d9,Óliver Torres,es ESP,MF,es Sevilla,24,1994,3.7,6,3,0,4,2,0,3,0.0,3,2,0,2,2,8,0,0,Matches
314a0ea4,Zoran Tošić,rs SRB,"FW,MF",rs Partizan,32,1987,4.5,8,7,4,3,1,4,18,22.2,14,4,0,4,4,12,1,0,Matches
c8c60119,Almamy Touré,ml MLI,DF,de Eint Frankfurt,23,1996,4.0,9,8,5,3,1,2,9,22.2,7,4,0,4,6,15,4,0,Matches
9a28eba4,Adama Traoré,es ESP,"FW,MF",eng Wolves,23,1996,6.9,8,7,2,5,1,4,5,80.0,1,3,1,2,1,9,4,0,Matches
a4b1028a,Hamari Traoré,ml MLI,DF,fr Rennes,27,1992,4.0,10,6,8,0,2,6,8,75.0,2,2,0,2,1,11,17,0,Matches
883f251e,Lacina Traoré,ci CIV,FW,ro CFR Cluj,29,1990,5.4,1,0,0,0,1,0,1,0.0,1,6,3,3,0,1,7,0,Matches
ce17b5eb,Kevin Trapp,de GER,GK,de Eint Frankfurt,29,1990,5.0,0,0,0,0,0,0,0,,0,0,0,0,1,1,0,0,Matches
e4b72e34,Miguel Trauco,pe PER,DF,fr Saint-Étienne,26,1992,1.0,2,0,0,1,1,0,1,0.0,1,0,0,0,0,2,1,0,Matches
9d21da85,Gernot Trauner,at AUT,DF,at LASK,27,1992,9.0,21,13,15,6,0,10,24,41.7,14,17,3,14,19,40,33,0,Matches
e410ade0,Maksym Tretyakov,ua UKR,"FW,MF",ua FC Oleksandriya,23,1996,4.9,8,4,4,2,2,6,17,35.3,11,2,0,2,4,12,1,0,Matches
77e39b04,Francisco Trincão,pt POR,"MF,FW",pt Braga,19,1999,3.4,6,4,2,2,2,3,7,42.9,4,6,0,6,3,9,7,0,Matches
438ae11e,Anders Trondsen,no NOR,"MF,DF",no Rosenborg,24,1995,3.9,8,7,4,2,2,4,10,40.0,6,2,2,0,8,16,2,0,Matches
f315ca93,Kostas Tsimikas,gr GRE,DF,gr Olympiacos,23,1996,4.3,17,11,9,7,1,9,17,52.9,8,2,2,0,10,27,9,0,Matches
69986380,Heorhii Tsitaishvili,ge GEO,MF,ua Dynamo Kyiv,18,2000,0.3,0,0,0,0,0,0,0,,0,0,0,0,0,0,0,0,Matches
f7e87032,Viktor Tsyhankov,ua UKR,"FW,MF",ua Dynamo Kyiv,21,1997,6.0,9,6,4,4,1,1,3,33.3,2,3,0,3,3,12,2,0,Matches
2baec6ce,Axel Tuanzebe,eng ENG,DF,eng Manchester Utd,21,1997,3.0,2,1,0,2,0,1,1,100.0,0,3,1,2,2,4,7,0,Matches
017ab4d4,Arda Turan,tr TUR,"FW,MF",tr Başakşehir,32,1987,0.8,5,2,2,2,1,1,6,16.7,5,1,0,1,2,7,1,0,Matches
3fa66cb2,Hüseyin Türkmen,tr TUR,DF,tr Trabzonspor,21,1998,1.0,3,3,3,0,0,2,4,50.0,2,1,1,0,1,4,3,0,Matches
126568a4,Mikael Tørset Johnsen,no NOR,MF,no Rosenborg,19,2000,0.2,0,0,0,0,0,0,0,,0,0,0,0,0,0,0,0,Matches
48f984b4,Uğur Uçar,tr TUR,FW,tr Başakşehir,32,1987,0.0,0,0,0,0,0,0,0,,0,0,0,0,0,0,0,0,Matches
1a799243,Andreas Ulmer,at AUT,DF,at RB Salzburg,33,1985,2.0,10,7,6,3,1,2,4,50.0,2,4,0,4,4,14,1,0,Matches
1880614f,Cengiz Ünder,tr TUR,FW,it Roma,22,1997,1.1,0,0,0,0,0,0,0,,0,0,0,0,1,1,0,0,Matches
4b1793b0,Lars Unnerstall,de GER,GK,nl PSV Eindhoven,29,1990,2.0,0,0,0,0,0,0,0,,0,0,0,0,0,0,0,0,Matches
b997c3de,Mateus Uribe,co COL,MF,pt Porto,28,1991,6.5,14,8,6,5,3,6,15,40.0,9,11,1,10,11,25,5,0,Matches
418befe0,Slobodan Urošević,rs SRB,DF,rs Partizan,25,1994,6.0,12,7,6,5,1,5,9,55.6,4,5,1,4,10,22,8,0,Matches
9ddb85e8,Daniil Utkin,ru RUS,"MF,FW",ru Krasnodar,19,1999,1.4,3,2,2,1,0,2,7,28.6,5,0,0,0,0,3,2,0,Matches
2f7af524,Necip Uysal,tr TUR,DF,tr Beşiktaş,28,1991,4.7,13,10,4,8,1,4,7,57.1,3,7,3,4,12,25,18,0,Matches
40ca6712,Fıratcan Üzüm,tr TUR,MF,tr Trabzonspor,20,1999,2.1,4,4,3,0,1,0,2,0.0,2,3,0,3,1,5,1,0,Matches
7b456af7,Tomáš Vaclík,cz CZE,GK,es Sevilla,30,1989,2.0,0,0,0,0,0,0,0,,0,0,0,0,0,0,1,0,Matches
7a4cea18,Mathieu Valbuena,fr FRA,"FW,MF",gr Olympiacos,34,1984,3.9,2,0,2,0,0,0,7,0.0,7,1,0,1,1,3,2,0,Matches
0e21fc3c,Borja Valero,es ESP,MF,it Inter,34,1985,2.0,1,0,1,0,0,1,1,100.0,0,2,1,1,3,4,4,0,Matches
9778d8dd,Albert Vallci,at AUT,DF,at RB Salzburg,24,1995,1.0,2,1,1,1,0,2,5,40.0,3,1,0,1,1,3,0,0,Matches
482e9289,Gustav Valsvik,no NOR,DF,no Rosenborg,26,1993,2.0,1,0,1,0,0,1,6,16.7,5,4,3,1,5,6,9,0,Matches
392a7aea,Hans Vanaken,be BEL,"FW,MF",be Club Brugge,26,1992,2.0,2,0,0,2,0,1,7,14.3,6,4,1,3,2,4,2,0,Matches
afbf187b,Zinho Vanheusden,be BEL,DF,be Standard Liège,20,1999,4.1,5,1,2,3,0,0,0,,0,9,6,3,12,17,20,1,Matches
2bea06e0,Bruno Varela,pt POR,GK,nl Ajax,24,1994,1.0,0,0,0,0,0,0,0,,0,0,0,0,0,0,2,1,Matches
5c961282,Guillermo Varela,uy URU,DF,dk FC Copenhagen,26,1993,9.2,17,13,12,4,1,11,21,52.4,10,9,3,6,8,25,19,0,Matches
7586ae9b,Roland Varga,hu HUN,"FW,MF",hu Ferencváros,29,1990,0.9,1,1,0,1,0,0,0,,0,0,0,0,1,2,2,0,Matches
ce82f116,Matías Vargas,ar ARG,"FW,MF",es Espanyol,22,1997,5.1,3,1,0,3,0,1,10,10.0,9,3,0,3,2,5,0,0,Matches
08990838,Denis Vavro,sk SVK,DF,it Lazio,23,1996,5.7,13,7,7,6,0,9,15,60.0,6,8,6,2,9,22,32,1,Matches
467bae22,Franco Vázquez,ar ARG,"MF,FW",es Sevilla,30,1989,4.2,12,11,5,5,2,4,7,57.1,3,5,0,5,3,15,2,0,Matches
44ac04e9,Matías Vecino,uy URU,MF,it Inter,27,1991,1.0,1,1,0,0,1,1,4,25.0,3,1,0,1,0,1,2,0,Matches
173eb3cd,Bálint Vécsei,hu HUN,MF,ch Lugano,26,1993,3.3,4,3,3,1,0,1,5,20.0,4,2,2,0,1,5,2,0,Matches
0adc7748,Frederico Venâncio,pt POR,DF,pt Vitória,26,1993,3.0,7,3,6,1,0,5,6,83.3,1,2,2,0,5,12,17,0,Matches
2ebc1b44,Benjamin Verbič,si SVN,FW,ua Dynamo Kyiv,25,1993,4.8,6,4,2,3,1,2,9,22.2,7,4,0,4,6,12,1,0,Matches
4a56052c,Jordan Veretout,fr FRA,MF,it Roma,26,1993,6.2,4,1,2,2,0,2,19,10.5,17,2,0,2,6,10,5,0,Matches
22a94b80,Kenneth Vermeer,nl NED,GK,nl Feyenoord,33,1986,4.0,0,0,0,0,0,0,0,,0,0,0,0,0,0,0,0,Matches
c5ea2dab,Bruno Viana,br BRA,DF,pt Braga,24,1995,8.0,7,2,3,4,0,3,8,37.5,5,3,1,2,12,19,29,1,Matches
d19ecb20,Diogo Viana,pt POR,DF,pt Braga,29,1990,0.4,0,0,0,0,0,0,0,,0,1,0,1,1,1,0,0,Matches
731302dc,William Vick,dk DEN,MF,dk FC Copenhagen,16,2003,0.1,0,0,0,0,0,0,0,,0,0,0,0,0,0,0,0,Matches
3f359b33,Domagoj Vida,hr CRO,DF,tr Beşiktaş,30,1989,5.0,4,2,3,1,0,2,2,100.0,0,6,6,0,13,17,17,0,Matches
e38f1636,Nick Viergever,nl NED,DF,nl PSV Eindhoven,29,1989,6.0,5,3,2,3,0,1,4,25.0,3,9,8,1,5,10,17,0,Matches
2513a588,Luciano Vietto,ar ARG,"FW,MF",pt Sporting CP,25,1993,6.5,6,4,4,2,0,3,10,30.0,7,4,0,4,3,9,2,0,Matches
bad38a94,Dídac Vilà,es ESP,"DF,MF",es Espanyol,30,1989,4.7,9,4,5,3,1,5,9,55.6,4,2,0,2,9,18,8,1,Matches
c7069d87,Tonny Vilhena,nl NED,MF,ru Krasnodar,24,1995,6.0,13,6,4,9,0,6,16,37.5,10,4,0,4,9,22,10,0,Matches
bdc74a8f,Gonzalo Villar,es ESP,MF,it Roma,21,1998,0.2,1,1,1,0,0,0,1,0.0,1,0,0,0,0,1,0,0,Matches
b937e490,Rúben Vinagre,pt POR,"DF,MF",eng Wolves,20,1999,6.5,12,6,7,4,1,5,12,41.7,7,7,0,7,14,26,21,0,Matches
8b529245,Carlos Vinícius,br BRA,FW,pt Benfica,24,1995,0.4,1,1,0,1,0,1,1,100.0,0,0,0,0,0,1,0,0,Matches
1395682c,Paulo Vinícius,br BRA,DF,ro CFR Cluj,34,1984,2.0,2,1,2,0,0,2,2,100.0,0,2,2,0,1,3,13,0,Matches
da1185fc,Edin Višća,ba BIH,"FW,MF",tr Başakşehir,29,1990,10.3,3,2,0,1,2,2,14,14.3,12,8,1,7,8,11,4,0,Matches
366f6f12,Ron Vlaar,nl NED,DF,nl AZ Alkmaar,34,1985,3.0,3,3,2,1,0,2,2,100.0,0,6,5,1,1,4,6,1,Matches
03df04ff,Odisseas Vlachodimos,gr GRE,GK,pt Benfica,25,1994,2.0,0,0,0,0,0,0,0,,0,0,0,0,0,0,0,0,Matches
aa8e289e,Nikola Vlašić,hr CRO,MF,ru CSKA Moscow,21,1997,5.9,5,4,1,3,1,2,8,25.0,6,2,0,2,1,6,0,0,Matches
be2706c0,Mërgim Vojvoda,xk KVX,DF,be Standard Liège,24,1995,3.0,6,2,4,2,0,3,5,60.0,2,3,1,2,5,11,9,0,Matches
64f69877,Kevin Volland,de GER,"FW,MF",de Leverkusen,27,1992,2.9,3,2,2,1,0,1,4,25.0,3,3,0,3,0,3,0,0,Matches
c24544c7,Ruud Vormer,nl NED,MF,be Club Brugge,31,1988,0.5,1,1,1,0,0,0,1,0.0,1,2,2,0,1,2,0,0,Matches
244a1281,Praxitelis Vouros,gr GRE,DF,cy APOEL,24,1995,4.9,13,8,10,2,1,4,7,57.1,3,4,1,3,13,26,22,0,Matches
d0d8dd44,Stefan de Vrij,nl NED,DF,it Inter,27,1992,4.0,7,4,6,1,0,6,6,100.0,0,2,2,0,7,14,6,0,Matches
eee84d49,Igor Vujačić,me MNE,DF,rs Partizan,24,1994,0.0,0,0,0,0,0,0,0,,0,0,0,0,0,0,1,0,Matches
d61b3354,Wallace,br BRA,DF,pt Braga,24,1994,1.8,1,0,1,0,0,1,4,25.0,3,0,0,0,2,3,5,0,Matches
9e525177,Aaron Wan-Bissaka,eng ENG,DF,eng Manchester Utd,21,1997,4.9,15,11,10,4,1,3,6,50.0,3,7,2,5,10,25,9,0,Matches
fb054320,Wanderson,bg BUL,"FW,MF",bg Ludogorets,31,1988,7.4,9,6,6,3,0,4,8,50.0,4,2,0,2,2,11,5,0,Matches
5da33b33,Wanderson,br BRA,"FW,MF",ru Krasnodar,24,1994,3.0,5,4,4,1,0,1,3,33.3,2,3,0,3,1,6,0,0,Matches
110338ae,Boy Waterman,nl NED,GK,cy APOEL,35,1984,1.0,0,0,0,0,0,0,0,,0,0,0,0,0,0,2,1,Matches
c4e87b8b,Wout Weghorst,nl NED,FW,de Wolfsburg,26,1992,8.4,7,5,1,4,2,2,4,50.0,2,4,2,2,2,9,6,0,Matches
346d51d9,Julian Weigl,de GER,MF,pt Benfica,23,1995,1.0,2,1,1,1,0,1,5,20.0,4,0,0,0,1,3,1,0,Matches
30c220c3,Mitchell Weiser,de GER,"DF,MF",de Leverkusen,25,1994,1.5,5,2,4,1,0,2,3,66.7,1,2,0,2,2,7,2,0,Matches
379dc075,Shon Weissman,il ISR,FW,at Wolfsberger AC,23,1996,5.8,6,2,1,3,2,0,4,0.0,4,2,0,2,2,8,0,0,Matches
33b11df6,Wendel,br BRA,MF,pt Sporting CP,21,1997,5.5,7,4,4,2,1,4,10,40.0,6,6,0,6,1,8,1,0,Matches
f9acca3a,Wendell,br BRA,"MF,DF",de Leverkusen,26,1993,1.3,0,0,0,0,0,0,2,0.0,2,3,1,2,5,5,0,0,Matches
b69261a0,Oscar Wendt,se SWE,DF,de M'Gladbach,33,1985,3.8,2,1,2,0,0,1,5,20.0,4,5,0,5,3,5,5,0,Matches
70cb75ae,Christopher Wernitznig,at AUT,MF,at Wolfsberger AC,29,1990,1.1,4,3,1,3,0,3,8,37.5,5,0,0,0,2,6,1,0,Matches
a51a79a2,Christos Wheeler,cy CYP,DF,cy APOEL,22,1997,0.1,0,0,0,0,0,0,0,,0,1,1,0,1,1,0,0,Matches
f68b64fc,Silvan Widmer,ch SUI,DF,ch Basel,26,1993,10.0,17,8,11,5,1,9,17,52.9,8,9,3,6,12,29,32,0,Matches
bdc8912c,Philipp Wiesinger,at AUT,DF,at LASK,25,1994,8.8,28,17,18,8,2,14,35,40.0,21,8,0,8,34,62,25,0,Matches
83300259,Owen Wijndal,nl NED,DF,nl AZ Alkmaar,19,1999,8.0,20,12,12,8,0,11,18,61.1,7,6,0,6,11,31,16,0,Matches
d4d0a9ad,William,br BRA,"MF,DF",de Wolfsburg,24,1995,3.5,16,10,7,7,2,8,23,34.8,15,6,1,5,6,22,5,0,Matches
5e74d6c8,Brandon Williams,eng ENG,DF,eng Manchester Utd,18,2000,8.1,17,12,12,4,1,9,15,60.0,6,10,2,8,10,27,14,0,Matches
a3b03921,Joe Willock,eng ENG,MF,eng Arsenal,19,1999,6.2,18,10,9,7,2,7,17,41.2,10,6,2,4,6,24,2,1,Matches
2077ae86,Jonas Wind,dk DEN,"FW,MF",dk FC Copenhagen,20,1999,2.3,1,1,0,1,0,0,0,,0,1,1,0,1,2,3,0,Matches
e7fcf289,Florian Wirtz,de GER,MF,de Leverkusen,16,2003,0.7,0,0,0,0,0,0,2,0.0,2,0,0,0,1,1,0,0,Matches
48a2b92a,Dani de Wit,nl NED,MF,nl AZ Alkmaar,21,1998,7.2,15,11,6,6,3,6,16,37.5,10,7,0,7,9,24,6,0,Matches
4b803b3c,Maximilian Wöber,at AUT,DF,at RB Salzburg,21,1998,1.0,3,1,2,1,0,1,1,100.0,0,4,1,3,1,4,10,0,Matches
dbe16ade,Ricky van Wolfswinkel,nl NED,"FW,MF",ch Basel,30,1989,0.5,0,0,0,0,0,0,0,,0,1,0,1,0,0,0,0,Matches
1055fa53,Markus Wostry,at AUT,DF,at LASK,27,1992,1.0,5,2,4,1,0,4,6,66.7,2,2,0,2,4,9,4,0,Matches
2d7d4acc,Stijn Wuytens,be BEL,DF,nl AZ Alkmaar,29,1989,5.1,7,2,7,0,0,5,9,55.6,4,3,2,1,6,13,12,0,Matches
e61b8aee,Granit Xhaka,ch SUI,"MF,DF",eng Arsenal,26,1992,4.3,9,6,7,2,0,4,8,50.0,4,4,1,3,2,11,12,0,Matches
ead14875,Taulant Xhaka,al ALB,MF,ch Basel,28,1991,9.3,21,14,10,9,2,11,20,55.0,9,3,1,2,6,27,6,0,Matches
7f5a2470,Güven Yalçın,tr TUR,"FW,MF",tr Beşiktaş,20,1999,3.2,3,2,0,3,0,0,1,0.0,1,1,1,0,0,3,0,0,Matches
cb641b9d,Roman Yaremchuk,ua UKR,FW,be Gent,23,1995,5.3,0,0,0,0,0,0,0,,0,1,1,0,0,0,2,0,Matches
7e763ddc,Kartal Yılmaz,tr TUR,MF,tr Beşiktaş,18,2000,1.1,2,2,1,1,0,1,2,50.0,1,1,0,1,4,6,3,0,Matches
be927d03,Ashley Young,eng ENG,DF,eng Manchester Utd,34,1985,1.9,2,2,1,0,1,1,1,100.0,0,2,0,2,6,8,2,0,Matches
be927d03,Ashley Young,eng ENG,DF,it Inter,34,1985,3.8,2,2,0,2,0,1,1,100.0,0,3,1,2,3,5,9,0,Matches
e2f9bb5f,Zaydou Youssouf,fr FRA,MF,fr Saint-Étienne,20,1999,5.2,11,9,5,6,0,2,5,40.0,3,4,0,4,3,14,2,0,Matches
bd3e08b6,Utku Yuvakuran,tr TUR,GK,tr Beşiktaş,21,1997,1.0,0,0,0,0,0,0,0,,0,0,0,0,0,0,0,0,Matches
40e236a8,Maksym Zaderaka,ua UKR,"FW,MF",ua FC Oleksandriya,24,1994,0.3,1,0,1,0,0,1,1,100.0,0,1,0,1,0,1,0,0,Matches
384d58d9,Denis Zakaria,ch SUI,"MF,DF",de M'Gladbach,22,1996,6.0,18,14,8,8,2,12,19,63.2,7,9,2,7,11,29,5,0,Matches
9907b1c8,Nicolò Zaniolo,it ITA,"FW,MF",it Roma,20,1999,5.6,10,3,1,9,0,3,12,25.0,9,6,0,6,2,12,0,0,Matches
0d2b0b84,Andriy Zaporozhan,ua UKR,MF,ua FC Oleksandriya,36,1983,1.5,0,0,0,0,0,0,6,0.0,6,1,0,1,4,4,2,0,Matches
bbddc31f,Saša Zdjelar,rs SRB,MF,rs Partizan,24,1995,6.0,11,7,5,4,2,6,13,46.2,7,5,1,4,7,18,4,0,Matches
f15b778f,Zeca,gr GRE,MF,dk FC Copenhagen,30,1988,10.3,45,30,18,21,6,19,36,52.8,17,24,5,19,24,69,11,1,Matches
2bab583c,Cedric Zesiger,ch SUI,DF,ch Young Boys,21,1998,5.0,8,8,5,3,0,1,6,16.7,5,8,5,3,4,12,24,0,Matches
34a88e3e,Edon Zhegrova,xk KVX,FW,ch Basel,20,1999,1.5,5,4,0,3,2,0,4,0.0,4,2,0,2,2,7,2,0,Matches
6622454d,Hakim Ziyech,ma MAR,"MF,FW",nl Ajax,26,1993,1.0,1,1,1,0,0,0,2,0.0,2,0,0,0,2,3,1,0,Matches
cc1a0c57,Jeroen Zoet,nl NED,GK,nl PSV Eindhoven,28,1991,3.0,0,0,0,0,0,0,0,,0,0,0,0,0,0,0,0,Matches
4a1abff3,Abdellah Zoubir,fr FRA,"MF,FW",az Qarabağ Ağdam,27,1991,6.0,7,5,4,2,1,4,12,33.3,8,3,0,3,1,8,0,0,Matches
adfbe1f5,Oleksandr Zubkov,ua UKR,"FW,MF",hu Ferencváros,22,1996,5.2,9,6,4,3,2,7,17,41.2,10,3,0,3,4,13,4,0,Matches
9c824717,Luca Zuffi,ch SUI,MF,ch Basel,29,1990,4.4,1,0,0,0,1,0,3,0.0,3,0,0,0,0,1,6,0,Matches
30263816,Arild Østbø,no NOR,GK,no Rosenborg,28,1991,1.0,0,0,0,0,0,0,0,,0,0,0,0,0,0,0,0,Matches
0ac893aa,Damjan Đoković,hr CRO,MF,ro CFR Cluj,29,1990,7.4,6,4,2,4,0,2,13,15.4,11,4,1,3,4,10,11,1,Matches
