id,Player,Nation,Pos,Squad,Age,Born,90s,Tkl,TklW,Def 3rd,Mid 3rd,Att 3rd,Tkl.1,Att,Tkl%,Lost,Blocks,Sh,Pass,Int,Tkl+Int,Clr,Err,Matches
4cd41883,Paxten Aaronson,us USA,MF,Eint Frankfurt,19-234,2003,0.5,1,1,0,1,0,0,1,0.0,1,1,0,1,0,1,0,0,Matches
22919e97,Sargis Adamyan,am ARM,"FW,MF",Köln,29-329,1993,7.1,13,6,4,3,6,6,15,40.0,9,12,0,12,3,16,5,0,Matches
501055d8,Karim Adeyemi,de GER,"FW,MF",Dortmund,21-089,2002,10.5,12,8,4,5,3,6,22,27.3,16,12,0,12,6,18,1,0,Matches
dcfb17f4,Amine Adli,fr FRA,"FW,MF",Leverkusen,22-342,2000,11.9,13,10,3,4,6,4,12,33.3,8,24,2,22,5,18,6,0,Matches
cb6d81b3,Felix Agu,de GER,"DF,FW",Werder Bremen,23-202,1999,0.5,1,0,0,1,0,0,0,,0,1,1,0,0,1,0,0,Matches
a6c58494,Naouirou Ahamada,fr FRA,MF,Stuttgart,21-019,2002,15.5,17,11,7,7,3,8,20,40.0,12,16,5,11,8,25,7,0,Matches
462475ed,Ludovic Ajorque,fr FRA,"FW,MF",Mainz 05,29-051,1994,10.1,4,4,1,2,1,0,5,0.0,5,8,2,6,1,5,5,0,Matches
6ec6fde0,Kevin Akpoguma,ng NGA,DF,Hoffenheim,27-363,1995,18.2,69,40,41,25,3,28,38,73.7,10,42,14,28,20,89,53,1,Matches
834d0be5,Lucas Alario,ar ARG,"FW,MF",Eint Frankfurt,30-191,1992,3.7,3,2,1,0,2,0,1,0.0,1,0,0,0,2,5,13,0,Matches
00f518d8,Faride Alidou,de GER,"DF,MF",Eint Frankfurt,21-273,2001,1.7,7,4,3,4,0,3,8,37.5,5,2,0,2,1,8,2,0,Matches
8ce30c57,Éder Álvarez Balanta,co COL,"MF,FW",Schalke 04,30-048,1993,2.6,5,4,2,3,0,2,6,33.3,4,0,0,0,3,8,4,0,Matches
cd682b6b,Lukáš Ambros,cz CZE,MF,Wolfsburg,18-316,2004,0.2,1,0,1,0,0,1,4,25.0,3,1,0,1,0,1,2,1,Matches
555d5edd,Nadiem Amiri,de GER,"MF,FW",Leverkusen,26-172,1996,8.9,11,3,3,6,2,6,14,42.9,8,9,0,9,5,16,10,1,Matches
e0b113a7,Robert Andrich,de GER,MF,Leverkusen,28-207,1994,23.7,53,33,26,23,4,22,36,61.1,14,25,9,16,33,86,47,2,Matches
30941e96,Angeliño,es ESP,DF,Hoffenheim,26-103,1997,23.9,30,18,15,12,3,16,26,61.5,10,27,6,21,20,50,54,0,Matches
5e66fa06,Waldemar Anton,de GER,DF,Stuttgart,26-271,1996,26.8,42,24,23,17,2,23,44,52.3,21,38,15,23,33,75,105,2,Matches
0a3f6cde,Christopher Antwi-Adjei,gh GHA,"FW,MF",Bochum,29-069,1994,16.5,16,11,4,5,7,5,19,26.3,14,10,0,10,3,19,10,0,Matches
56413b1f,Charles Aránguiz,cl CHI,MF,Leverkusen,34-000,1989,5.5,17,7,7,10,0,12,20,60.0,8,4,0,4,7,24,4,0,Matches
86e119e0,Maximilian Arnold,de GER,MF,Wolfsburg,28-325,1994,24.8,48,23,17,24,7,22,44,50.0,22,29,10,19,21,69,55,0,Matches
13ddc856,Takuma Asano,jp JPN,"FW,MF",Bochum,28-158,1994,14.1,9,5,2,2,5,3,7,42.9,4,13,1,12,8,17,3,0,Matches
35f67a30,Fisnik Asllani,xk KVX,FW,Hoffenheim,20-252,2002,1.9,0,0,0,0,0,0,4,0.0,4,2,0,2,3,3,3,0,Matches
fe46e261,Mehmet Aydin,de GER,"DF,FW",Schalke 04,21-067,2002,6.0,24,17,13,9,2,11,23,47.8,12,11,0,11,10,34,14,0,Matches
ce81d82d,Ayman Azhil,ma MAR,MF,Leverkusen,22-007,2001,0.0,0,0,0,0,0,0,0,,0,0,0,0,0,0,0,0,Matches
10549b49,Sardar Azmoun,ir IRN,"FW,MF",Leverkusen,28-106,1995,7.4,5,3,1,3,1,1,7,14.3,6,3,0,3,1,6,7,0,Matches
f582d5c1,Sanoussy Ba,de GER,DF,RB Leipzig,19-102,2004,0.0,0,0,0,0,0,0,0,,0,0,0,0,0,0,0,0,Matches
a8567629,Mitchel Bakker,nl NED,"DF,MF",Leverkusen,22-301,2000,13.2,12,7,6,6,0,3,8,37.5,5,14,2,12,11,23,15,2,Matches
442b56fa,Ridle Baku,de GER,DF,Wolfsburg,25-009,1998,23.2,39,17,23,13,3,24,46,52.2,22,39,6,33,18,57,45,0,Matches
a2a85828,Aymen Barkok,ma MAR,MF,Mainz 05,24-331,1998,4.6,14,7,9,3,2,3,6,50.0,3,5,0,5,3,17,7,0,Matches
00242b75,Leandro Barreiro Martins,lu LUX,MF,Mainz 05,23-104,2000,19.3,43,27,14,20,9,15,34,44.1,19,30,11,19,34,77,28,0,Matches
e61bdd69,Gil Bastião Dias,pt POR,FW,Stuttgart,26-201,1996,4.4,8,6,3,4,1,3,12,25.0,9,7,0,7,2,10,3,0,Matches
44a20f0c,Maximilian Bauer,de GER,DF,Augsburg,23-067,2000,16.7,24,13,17,7,0,15,28,53.6,13,22,8,14,22,46,66,0,Matches
47064058,Oliver Baumann,de GER,GK,Hoffenheim,32-319,1990,28.0,0,0,0,0,0,0,0,,0,0,0,0,0,0,12,1,Matches
bd7d2e6d,Timo Baumgartl,de GER,DF,Union Berlin,27-044,1996,5.7,9,5,5,2,2,4,17,23.5,13,11,3,8,1,10,14,0,Matches
69374ff5,Julian Baumgartlinger,at AUT,MF,Augsburg,35-105,1988,5.7,14,3,5,5,4,6,19,31.6,13,4,2,2,4,18,15,0,Matches
437f2b00,Christoph Baumgartner,at AUT,"MF,FW",Hoffenheim,23-259,1999,23.9,32,17,10,16,6,8,43,18.6,35,52,5,47,14,46,16,1,Matches
fbbc8e15,Noah Joel Sarenren Bazee,ng NGA,"MF,FW",Augsburg,26-239,1996,0.2,0,0,0,0,0,0,1,0.0,1,1,0,1,0,0,0,0,Matches
a53b661f,Ihlas Bebou,tg TOG,FW,Hoffenheim,28-359,1994,9.9,9,9,1,5,3,4,7,57.1,3,8,1,7,5,14,5,0,Matches
8eb55dbb,Sheraldo Becker,sr SUR,FW,Union Berlin,28-067,1995,22.6,12,4,1,6,5,2,10,20.0,8,8,1,7,2,14,4,1,Matches
30ae134d,Kevin Behrens,de GER,FW,Union Berlin,32-073,1991,13.0,11,7,4,4,3,4,16,25.0,12,15,3,12,4,15,20,0,Matches
857a5abe,Stefan Bell,de GER,DF,Mainz 05,31-236,1991,20.7,34,21,26,8,0,18,33,54.5,15,29,12,17,38,72,101,0,Matches
bee0bab1,Karim Bellarabi,de GER,FW,Leverkusen,33-009,1990,0.9,2,0,1,1,0,2,2,100.0,0,0,0,0,0,2,0,0,Matches
57d88cf9,Jude Bellingham,eng ENG,MF,Dortmund,19-292,2003,26.1,68,37,26,29,13,33,47,70.2,14,46,3,43,32,100,25,0,Matches
378825c7,Ramy Bensebaini,dz ALG,DF,M'Gladbach,28-001,1995,23.8,34,21,21,10,3,26,37,70.3,11,39,12,27,32,66,91,1,Matches
eb6e14be,Mergim Berisha,de GER,FW,Augsburg,24-341,1998,17.5,11,6,4,3,4,4,13,30.8,9,14,1,13,0,11,19,0,Matches
7aac47fe,Ermin Bičakčić,ba BIH,DF,Hoffenheim,33-083,1990,1.9,3,0,2,1,0,1,4,25.0,3,2,1,1,4,7,5,0,Matches
07d3bfec,Tom Bischof,de GER,"MF,FW",Hoffenheim,17-293,2005,3.2,13,9,6,3,4,6,9,66.7,3,5,1,4,0,13,1,0,Matches
dc62fbee,Leonardo Bittencourt,de GER,"MF,DF",Werder Bremen,29-119,1993,13.3,31,18,7,17,7,12,28,42.9,16,10,0,10,9,40,9,0,Matches
663e080e,Janis Blaswich,de GER,GK,RB Leipzig,31-350,1991,21.0,0,0,0,0,0,0,0,,0,0,0,0,0,0,6,0,Matches
691bef82,Daley Blind,nl NED,"DF,MF",Bayern Munich,33-039,1990,1.5,2,0,2,0,0,0,1,0.0,1,4,2,2,2,4,6,0,Matches
f4ec4fd0,Kevin-Prince Boateng,gh GHA,MF,Hertha BSC,36-042,1987,4.0,7,5,4,2,1,2,8,25.0,6,8,3,5,2,9,4,0,Matches
635f2732,Jean-Paul Boëtius,nl NED,MF,Hertha BSC,29-026,1994,9.5,24,14,15,7,2,6,18,33.3,12,18,1,17,11,35,8,0,Matches
36578017,Yvandro Borges Sanches,lu LUX,"FW,MF",M'Gladbach,18-328,2004,0.3,2,2,0,2,0,2,2,100.0,0,0,0,0,0,2,0,0,Matches
01834aa0,Sebastiaan Bornauw,be BEL,DF,Wolfsburg,24-026,1999,15.9,20,14,11,7,2,10,16,62.5,6,18,9,9,23,43,66,0,Matches
c68da769,Rafael Borré,co COL,"MF,FW",Eint Frankfurt,27-214,1995,9.9,21,14,4,10,7,3,12,25.0,9,10,2,8,2,23,6,0,Matches
a167537f,Julian Brandt,de GER,"MF,FW",Dortmund,26-350,1996,21.6,22,16,5,11,6,9,32,28.1,23,16,0,16,15,37,7,1,Matches
d28339cb,Fabian Bredlow,de GER,GK,Stuttgart,28-046,1995,9.0,1,1,1,0,0,1,1,100.0,0,0,0,0,0,1,3,1,Matches
d4a2533d,Josip Brekalo,hr CRO,"MF,FW",Wolfsburg,24-298,1998,3.0,2,1,2,0,0,0,4,0.0,4,0,0,0,2,4,2,0,Matches
e27da244,John Brooks,us USA,DF,Hoffenheim,30-079,1993,9.0,9,6,3,6,0,7,10,70.0,3,9,5,4,8,17,57,0,Matches
bbd79358,Moritz Broschinski,de GER,"FW,MF",Bochum,22-206,2000,1.3,0,0,0,0,0,0,4,0.0,4,0,0,0,0,0,4,0,Matches
f0a37d36,Cédric Brunner,ch SUI,DF,Schalke 04,29-059,1994,22.4,32,22,22,8,2,26,39,66.7,13,23,7,16,36,68,68,0,Matches
4e204552,Jacob Bruun Larsen,dk DEN,FW,Hoffenheim,24-210,1998,3.3,3,2,0,0,3,2,2,100.0,0,2,0,2,1,4,0,0,Matches
45e95f21,Lee Buchanan,eng ENG,"DF,FW",Werder Bremen,22-041,2001,4.0,10,7,2,8,0,6,8,75.0,2,4,0,4,8,18,12,0,Matches
ab5b7dc1,Marius Bülter,de GER,"FW,MF",Schalke 04,30-019,1993,24.3,19,10,8,6,5,11,27,40.7,16,29,1,28,10,29,17,0,Matches
05e2d5ea,Delano Burgzorg,nl NED,"FW,MF",Mainz 05,24-161,1998,2.4,3,3,1,1,1,2,3,66.7,1,2,0,2,0,3,1,0,Matches
05f99a4a,Jonathan Burkardt,de GER,"MF,FW",Mainz 05,22-280,2000,5.9,3,1,0,1,2,1,4,25.0,3,6,1,5,1,4,1,0,Matches
f631c17f,Oliver Burke,sct SCO,"FW,MF",Werder Bremen,26-010,1997,3.0,1,0,0,0,1,0,0,,0,2,0,2,0,1,0,0,Matches
b4705807,Aurélio Buta,pt POR,DF,Eint Frankfurt,26-066,1997,9.0,22,13,11,10,1,9,14,64.3,5,11,1,10,6,28,17,0,Matches
10745192,Jamie Bynoe-Gittens,eng ENG,"FW,MF",Dortmund,18-252,2004,5.9,8,4,2,5,1,2,7,28.6,5,1,0,1,1,9,2,0,Matches
0118c54c,Anthony Caci,fr FRA,DF,Mainz 05,25-290,1997,18.8,44,23,26,14,4,20,29,69.0,9,19,4,15,46,90,31,0,Matches
d1db4b83,Kerim Calhanoglu,de GER,DF,Schalke 04,20-234,2002,0.7,2,1,2,0,0,2,2,100.0,0,1,0,1,0,2,3,0,Matches
d1273f09,Daniel Caligiuri,it ITA,"DF,MF",Augsburg,35-092,1988,3.2,8,5,5,3,0,4,5,80.0,1,3,2,1,3,11,2,0,Matches
a65ce836,Emre Can,de GER,"MF,DF",Dortmund,29-095,1994,15.1,49,22,22,22,5,18,34,52.9,16,10,2,8,18,67,28,1,Matches
bd6351cd,João Cancelo,pt POR,"DF,FW",Bayern Munich,28-325,1994,6.0,15,11,6,7,2,6,14,42.9,8,6,1,5,8,23,12,0,Matches
5e080f73,Irvin Cardona,fr FRA,"MF,FW",Augsburg,25-252,1997,2.1,1,1,1,0,0,1,4,25.0,3,3,0,3,2,3,5,0,Matches
db401046,Koen Casteels,be BEL,GK,Wolfsburg,30-296,1992,28.0,0,0,0,0,0,0,0,,0,0,0,0,1,1,8,1,Matches
ae7058f9,Julian Chabot,de GER,DF,Köln,25-064,1998,14.0,30,21,17,10,3,16,27,59.3,11,19,12,7,28,58,81,0,Matches
b3b7f5a6,Timothy Chandler,us USA,DF,Eint Frankfurt,33-019,1990,0.9,2,2,2,0,0,2,2,100.0,0,1,0,1,0,2,3,0,Matches
48780156,Fabio Chiarodia,it ITA,DF,Werder Bremen,17-316,2005,0.7,0,0,0,0,0,0,0,,0,1,0,1,2,2,4,0,Matches
af104654,Oliver Christensen,dk DEN,GK,Hertha BSC,24-026,1999,28.0,1,0,1,0,0,0,1,0.0,1,0,0,0,0,1,19,2,Matches
c6608135,Darko Churlinov,mk MKD,FW,Stuttgart,22-280,2000,0.3,3,2,2,1,0,2,3,66.7,1,1,0,1,0,3,0,0,Matches
6e17c802,Tolga Ciğerci,tr TUR,MF,Hertha BSC,31-025,1992,7.0,15,12,6,8,1,9,15,60.0,6,6,2,4,7,22,5,0,Matches
dd5bbe0d,David Čolina,hr CRO,"DF,MF",Augsburg,22-272,2000,1.0,2,0,1,1,0,1,1,100.0,0,5,0,5,3,5,2,0,Matches
042e8a49,Kingsley Coman,fr FRA,"FW,MF",Bayern Munich,26-308,1996,11.7,10,7,3,5,2,6,14,42.9,8,17,1,16,1,11,5,0,Matches
5ddb8f9f,Danny da Costa,de GER,DF,Mainz 05,29-278,1993,10.9,14,13,3,7,4,6,12,50.0,6,20,3,17,9,23,21,0,Matches
9dff291c,Soumaïla Coulibaly,fr FRA,DF,Dortmund,19-185,2003,0.5,0,0,0,0,0,0,0,,0,0,0,0,0,0,0,1,Matches
05ba9d7c,Tanguy Coulibaly,fr FRA,FW,Stuttgart,22-058,2001,2.7,12,9,9,1,2,5,9,55.6,4,8,0,8,3,15,0,0,Matches
8f325097,Nicolas Cozza,fr FRA,DF,Wolfsburg,24-099,1999,0.2,0,0,0,0,0,0,0,,0,0,0,0,0,0,0,0,Matches
eac044ad,Moanes Dabbur,il ISR,FW,Hoffenheim,30-338,1992,7.3,8,5,2,5,1,3,6,50.0,3,4,0,4,3,11,0,0,Matches
dee3013b,Finn Dahmen,de GER,GK,Mainz 05,25-021,1998,6.0,0,0,0,0,0,0,0,,0,0,0,0,0,0,0,0,Matches
db4ed67b,Mahmoud Dahoud,de GER,MF,Dortmund,27-106,1996,3.7,11,9,3,4,4,7,7,100.0,0,6,2,4,7,18,3,0,Matches
d3d77413,Muhammed Damar,de GER,MF,Hoffenheim,19-008,2004,1.8,6,3,1,2,3,1,2,50.0,1,3,0,3,0,6,0,0,Matches
41bff4fa,Márton Dárdai,de GER,DF,Hertha BSC,21-064,2002,7.5,13,7,8,5,0,6,12,50.0,6,9,6,3,8,21,33,1,Matches
3eb0f2df,Vladimír Darida,cz CZE,MF,Hertha BSC,32-252,1990,0.3,1,1,0,1,0,0,0,,0,1,0,1,0,1,0,0,Matches
d781d855,Alphonso Davies,ca CAN,DF,Bayern Munich,22-166,2000,22.6,45,28,25,13,7,18,39,46.2,21,28,4,24,24,69,24,4,Matches
fe641c1a,Thomas Delaney,dk DEN,MF,Hoffenheim,31-226,1991,3.3,6,3,3,2,1,3,8,37.5,5,5,0,5,1,7,4,0,Matches
54b4dc4e,Kerem Demirbay,de GER,MF,Leverkusen,29-288,1993,14.2,29,15,13,13,3,15,28,53.6,13,20,4,16,13,42,7,0,Matches
ed79b7d3,Ermedin Demirović,ba BIH,"FW,MF",Augsburg,25-023,1998,20.6,28,13,8,11,9,9,18,50.0,9,27,4,23,14,42,29,0,Matches
7bf9400b,Sepp van den Berg,nl NED,DF,Schalke 04,21-118,2001,3.6,2,1,1,1,0,0,0,,0,4,2,2,8,10,19,1,Matches
aeed5c06,Moussa Diaby,fr FRA,"FW,MF",Leverkusen,23-284,1999,24.7,12,7,3,8,1,7,14,50.0,7,6,0,6,4,16,3,0,Matches
fc62f087,Abdou Diallo,sn SEN,"DF,MF",RB Leipzig,26-348,1996,4.9,6,5,5,1,0,1,3,33.3,2,4,3,1,7,13,19,0,Matches
d82a310a,Justin Diehl,de GER,"MF,FW",Köln,18-141,2004,0.2,0,0,0,0,0,0,0,,0,0,0,0,0,0,0,0,Matches
8779ddf8,Florian Dietz,de GER,FW,Köln,24-257,1998,4.4,2,1,0,2,0,1,4,25.0,3,4,1,3,0,2,2,0,Matches
95bb6ddc,Junior Dina Ebimbe,fr FRA,"DF,MF",Eint Frankfurt,22-147,2000,9.4,26,16,13,13,0,14,25,56.0,11,12,4,8,8,34,12,0,Matches
4ccd8957,Eren Dinkçi,de GER,"FW,MF",Werder Bremen,21-125,2001,2.1,4,4,2,0,2,1,4,25.0,3,2,0,2,0,4,1,0,Matches
d01bbb6f,Ritsu Doan,jp JPN,"FW,MF",Freiburg,24-305,1998,22.6,54,25,17,27,10,24,50,48.0,26,35,1,34,11,65,12,0,Matches
f67c9d29,Danilho Doekhi,nl NED,DF,Union Berlin,24-291,1998,18.6,28,18,16,12,0,12,20,60.0,8,23,10,13,22,50,73,0,Matches
cc83b74d,Kasper Dolberg,dk DEN,"FW,MF",Hoffenheim,25-193,1997,3.9,7,5,1,4,2,4,6,66.7,2,6,2,4,0,7,2,0,Matches
7f73bdf4,Niklas Dorsch,de GER,MF,Augsburg,25-092,1998,2.1,12,6,4,8,0,4,7,57.1,3,4,1,3,1,13,2,0,Matches
9a2e3a23,Dion Drena Beljo,hr CRO,FW,Augsburg,21-047,2002,7.9,6,5,2,2,2,2,10,20.0,8,10,1,9,1,7,6,0,Matches
809940aa,Dominick Drexler,de GER,"MF,FW",Schalke 04,32-326,1990,12.6,20,15,10,8,2,6,18,33.3,12,15,1,14,4,24,11,0,Matches
638a4d71,Marvin Ducksch,de GER,FW,Werder Bremen,29-041,1994,26.0,7,3,1,4,2,2,13,15.4,11,8,0,8,6,13,36,1,Matches
79ca3e23,Ondrej Duda,sk SVK,MF,Köln,28-133,1994,7.7,9,8,2,5,2,4,11,36.4,7,7,1,6,2,11,3,0,Matches
beb882a8,Maximilian Eggestein,de GER,MF,Freiburg,26-130,1996,23.3,43,24,16,21,6,16,32,50.0,16,33,7,26,29,72,23,0,Matches
2f7fec15,Lilian Egloff,de GER,"MF,FW",Stuttgart,20-240,2002,2.7,12,10,4,5,3,4,6,66.7,2,2,0,2,1,13,1,0,Matches
76b2817e,Kingsley Ehizibue,nl NED,DF,Köln,27-327,1995,0.7,0,0,0,0,0,0,0,,0,1,0,1,2,2,1,0,Matches
e7f3e8a7,Chidera Ejuke,ng NGA,"FW,MF",Hertha BSC,25-105,1998,8.8,4,3,1,3,0,1,4,25.0,3,3,0,3,2,6,0,0,Matches
48035304,Nico Elvedi,ch SUI,DF,M'Gladbach,26-199,1996,25.5,43,22,30,11,2,26,32,81.3,6,24,11,13,30,73,131,3,Matches
c149016b,Wataru Endo,jp JPN,MF,Stuttgart,30-067,1993,26.5,58,33,26,25,7,31,70,44.3,39,38,6,32,25,83,54,0,Matches
554bcc91,Arne Engels,be BEL,MF,Augsburg,19-221,2003,11.7,18,7,8,9,1,8,13,61.5,5,11,3,8,12,30,7,0,Matches
1e43fad8,Ralf Fährmann,de GER,GK,Schalke 04,34-202,1988,10.4,1,0,1,0,0,1,1,100.0,0,0,0,0,0,1,7,2,Matches
677da306,Ohis Felix Uduokhai,de GER,DF,Augsburg,25-220,1997,11.7,25,17,12,10,3,13,23,56.5,10,20,10,10,21,46,46,1,Matches
3bb625ac,Edimilson Fernandes,ch SUI,DF,Mainz 05,27-002,1996,21.7,28,20,21,4,3,13,23,56.5,10,35,15,20,44,72,65,2,Matches
79f7302a,Kilian Fischer,de GER,DF,Wolfsburg,22-187,2000,5.1,8,5,3,3,2,5,9,55.6,4,5,0,5,5,13,14,0,Matches
a92ab7be,Mark Flekken,nl NED,GK,Freiburg,29-308,1993,28.0,0,0,0,0,0,0,1,0.0,1,0,0,0,0,0,7,3,Matches
9642c929,Florian Flick,de GER,MF,Schalke 04,22-351,2000,5.7,12,3,7,5,0,4,14,28.6,10,9,3,6,4,16,18,0,Matches
9a2e0ccc,Emil Forsberg,se SWE,"MF,FW",RB Leipzig,31-176,1991,13.9,14,11,1,6,7,6,18,33.3,12,21,1,20,3,17,6,0,Matches
76fa965f,Philipp Förster,de GER,MF,Bochum,28-072,1995,11.9,25,17,10,11,4,8,32,25.0,24,20,0,20,4,29,4,0,Matches
a9142dc3,Timothy Fosu-Mensah,nl NED,DF,Leverkusen,25-105,1998,2.0,7,5,3,3,1,4,4,100.0,0,2,0,2,0,7,1,0,Matches
626fab5f,Raphael Framberger,de GER,"DF,FW",Augsburg,27-223,1995,2.0,10,6,6,4,0,3,5,60.0,2,2,1,1,2,12,5,0,Matches
697dc00a,Bartol Franjić,hr CRO,MF,Wolfsburg,23-093,2000,2.5,4,2,2,2,0,0,2,0.0,2,4,1,3,5,9,4,0,Matches
458e3479,Oscar Fraulo,dk DEN,MF,M'Gladbach,19-132,2003,0.0,0,0,0,0,0,0,0,,0,0,0,0,0,0,0,0,Matches
33182cb8,Michael Frey,ch SUI,FW,Schalke 04,28-272,1994,8.3,11,5,2,6,3,3,12,25.0,9,5,0,5,1,12,1,0,Matches
f86ad3f5,Marco Friedl,at AUT,DF,Werder Bremen,25-032,1998,22.8,46,33,29,17,0,29,51,56.9,22,36,13,23,51,97,95,1,Matches
b77f44a4,Marvin Friedrich,de GER,DF,M'Gladbach,27-125,1995,10.7,13,9,10,2,1,8,10,80.0,2,9,4,5,11,24,40,0,Matches
74f2e748,Jeremie Frimpong,nl NED,"DF,MF",Leverkusen,22-128,2000,24.1,46,23,20,23,3,18,36,50.0,18,20,2,18,13,59,35,0,Matches
0cf778df,Chris Führich,de GER,"FW,MF",Stuttgart,25-098,1998,18.5,33,13,14,14,5,22,40,55.0,18,28,2,26,7,40,11,0,Matches
4b96c347,Angelo Fulgini,fr FRA,MF,Mainz 05,26-240,1996,5.8,6,5,2,3,1,5,12,41.7,7,5,0,5,5,11,7,0,Matches
4f16405e,Niclas Füllkrug,de GER,FW,Werder Bremen,30-067,1993,25.5,9,4,0,6,3,3,12,25.0,9,12,4,8,1,10,24,0,Matches
f27680d9,Cristian Gamboa,cr CRC,DF,Bochum,33-175,1989,14.3,37,20,26,10,1,17,25,68.0,8,17,6,11,14,51,31,1,Matches
6c731625,Silvère Ganvoula M'Boussy,cg CGO,"FW,MF",Bochum,26-299,1996,2.6,2,2,0,1,1,0,0,,0,0,0,0,0,2,3,0,Matches
37f606f0,Dennis Geiger,de GER,MF,Hoffenheim,24-311,1998,18.6,40,22,15,24,1,20,33,60.6,13,22,3,19,17,57,13,1,Matches
62ab9184,Yannick Gerhardt,de GER,MF,Wolfsburg,29-035,1994,17.9,26,14,8,10,8,10,24,41.7,14,23,3,20,6,32,23,0,Matches
7242b495,Niko Gießelmann,de GER,DF,Union Berlin,31-203,1991,14.4,21,11,9,9,3,13,31,41.9,18,17,5,12,9,30,28,0,Matches
17376543,Rafał Gikiewicz,pl POL,GK,Augsburg,35-173,1987,23.0,2,2,2,0,0,2,3,66.7,1,0,0,0,0,2,15,5,Matches
f521b80a,Matthias Ginter,de GER,DF,Freiburg,29-088,1994,28.0,38,17,24,12,2,23,36,63.9,13,30,18,12,33,71,122,3,Matches
88e357ef,Serge Gnabry,de GER,"FW,MF",Bayern Munich,27-277,1995,16.9,25,17,7,10,8,10,26,38.5,16,21,1,20,9,34,5,1,Matches
83b9c48f,Jacek Góralski,pl POL,MF,Bochum,30-208,1992,1.6,6,3,3,3,0,4,6,66.7,2,4,0,4,3,9,5,0,Matches
cc86b9a3,Leon Goretzka,de GER,MF,Bayern Munich,28-070,1995,16.6,37,22,19,12,6,23,41,56.1,18,36,3,33,25,62,28,0,Matches
9efa1d25,Mario Götze,de GER,MF,Eint Frankfurt,30-318,1992,24.4,35,20,12,16,7,9,35,25.7,26,19,0,19,13,48,7,0,Matches
1025db8e,Jeffrey Gouweleeuw,nl NED,DF,Augsburg,31-281,1991,26.1,41,26,18,17,6,23,45,51.1,22,37,23,14,47,88,119,2,Matches
b8e740fb,Ryan Gravenberch,nl NED,MF,Bayern Munich,20-336,2002,3.9,10,6,1,8,1,5,10,50.0,5,4,1,3,5,15,5,0,Matches
8e235926,Michael Gregoritsch,at AUT,FW,Freiburg,28-364,1994,20.8,19,12,6,9,4,3,20,15.0,17,20,3,17,5,24,10,0,Matches
f9dfb7ae,Leo Greiml,at AUT,DF,Schalke 04,21-288,2001,3.5,5,2,1,3,1,5,11,45.5,6,7,3,4,2,7,15,0,Matches
54e4866f,Vincenzo Grifo,it ITA,"FW,MF",Freiburg,30-010,1993,21.3,22,13,5,9,8,9,25,36.0,16,10,1,9,13,35,15,0,Matches
37998008,Lennart Grill,de GER,GK,Union Berlin,24-082,1999,5.0,0,0,0,0,0,0,1,0.0,1,0,0,0,0,0,1,1,Matches
14a7af33,Christian Groß,de GER,MF,Werder Bremen,34-068,1989,17.6,46,20,14,30,2,24,50,48.0,26,18,5,13,21,67,35,1,Matches
ae9b998d,Brajan Gruda,de GER,MF,Mainz 05,18-321,2004,0.0,0,0,0,0,0,0,0,,0,0,0,0,0,0,0,0,Matches
1fc4f3d1,Ilia Gruev,bg BUL,MF,Werder Bremen,22-346,2000,15.0,39,24,14,22,3,17,28,60.7,11,20,5,15,19,58,17,1,Matches
f2dd9a21,Carlos Gruezo,ec ECU,MF,Augsburg,27-363,1995,10.7,21,12,12,9,0,9,16,56.3,7,13,4,9,10,31,15,0,Matches
048a1cbc,Raphaël Guerreiro,pt POR,"DF,MF",Dortmund,29-116,1993,21.4,30,15,12,12,6,18,31,58.1,13,16,1,15,30,60,17,0,Matches
e6c43eec,Josuha Guilavogui,fr FRA,"MF,DF",Wolfsburg,32-210,1990,8.1,13,9,3,9,1,4,15,26.7,11,16,10,6,12,25,30,0,Matches
923f4dda,Sehrou Guirassy,gn GUI,FW,Stuttgart,27-036,1996,12.7,2,1,1,1,0,1,1,100.0,0,6,1,5,0,2,10,0,Matches
bcb2ccd8,Péter Gulácsi,hu HUN,GK,RB Leipzig,32-346,1990,6.0,0,0,0,0,0,0,0,,0,0,0,0,0,0,2,0,Matches
25ab9c9c,Manuel Gulde,de GER,DF,Freiburg,32-064,1991,5.0,9,6,7,2,0,1,1,100.0,0,5,1,4,12,21,19,0,Matches
1df0c0b9,Robert Gumny,pl POL,DF,Augsburg,24-317,1998,20.9,32,22,13,15,4,10,24,41.7,14,19,7,12,22,54,56,1,Matches
8593f88c,Christian Günter,de GER,"DF,MF",Freiburg,30-048,1993,26.6,27,19,17,8,2,11,39,28.2,28,16,4,12,14,41,31,0,Matches
5ad50391,Joško Gvardiol,hr CRO,DF,RB Leipzig,21-084,2002,21.3,21,15,14,7,0,8,19,42.1,11,33,16,17,31,52,73,1,Matches
70dcf94d,Janik Haberer,de GER,MF,Union Berlin,29-015,1994,19.6,24,14,6,15,3,14,40,35.0,26,31,2,29,12,36,21,0,Matches
a5ec3ede,Alexander Hack,de GER,DF,Mainz 05,29-221,1993,12.5,29,17,20,9,0,18,32,56.3,14,16,5,11,24,53,45,1,Matches
cd82452e,André Hahn,de GER,"FW,MF",Augsburg,32-247,1990,4.3,9,5,4,4,1,8,12,66.7,4,9,2,7,4,13,14,0,Matches
92432bc6,Amadou Haidara,ml MLI,MF,RB Leipzig,25-076,1998,12.4,20,10,11,9,0,9,28,32.1,19,23,4,19,21,41,14,0,Matches
ba115a40,Sébastien Haller,ci CIV,FW,Dortmund,28-299,1994,8.4,1,1,0,0,1,0,2,0.0,2,5,0,5,0,1,7,0,Matches
8ff2354e,Marcel Halstenberg,de GER,DF,RB Leipzig,31-202,1991,14.3,32,18,17,10,5,18,32,56.3,14,21,1,20,15,47,22,0,Matches
2e77d607,Andreas Hanche-Olsen,no NOR,DF,Mainz 05,26-090,1997,11.6,26,17,19,4,3,17,29,58.6,12,10,5,5,25,51,51,2,Matches
f24ea523,Genki Haraguchi,jp JPN,MF,Stuttgart,31-343,1991,7.7,15,7,6,7,2,3,13,23.1,10,13,2,11,8,23,5,0,Matches
f24ea523,Genki Haraguchi,jp JPN,MF,Union Berlin,31-343,1991,5.5,12,8,1,10,1,3,9,33.3,6,7,1,6,3,15,9,0,Matches
9ab16552,Makoto Hasebe,jp JPN,DF,Eint Frankfurt,39-089,1984,10.8,14,8,12,2,0,5,17,29.4,12,17,7,10,11,25,34,0,Matches
50871bcc,Thorgan Hazard,be BEL,"FW,DF",Dortmund,30-019,1993,5.2,17,6,5,11,1,12,17,70.6,5,6,0,6,5,22,5,0,Matches
c2009df3,Jonas Hector,de GER,DF,Köln,32-325,1990,25.4,80,44,45,27,8,47,82,57.3,35,54,6,48,34,114,57,0,Matches
699fb8db,Dominique Heintz,de GER,DF,Bochum,29-245,1993,6.4,7,5,4,3,0,3,10,30.0,7,10,6,4,10,17,32,0,Matches
0a89e877,Benjamin Henrichs,de GER,"DF,MF",RB Leipzig,26-053,1997,20.9,66,41,35,29,2,39,58,67.2,19,45,4,41,29,95,40,0,Matches
c3ee18ef,Lucas Hernández,fr FRA,DF,Bayern Munich,27-062,1996,5.3,6,4,3,3,0,5,6,83.3,1,2,1,1,5,11,7,0,Matches
dfb6490a,Patrick Herrmann,de GER,"FW,MF",M'Gladbach,32-064,1991,1.7,6,2,4,1,1,2,4,50.0,2,2,0,2,2,8,0,0,Matches
0c7a48f8,Piero Hincapié,ec ECU,DF,Leverkusen,21-098,2002,22.4,42,28,23,16,3,19,31,61.3,12,34,17,17,25,67,68,1,Matches
5521f419,Adam Hložek,cz CZE,"FW,MF",Leverkusen,20-266,2002,12.2,8,3,4,3,1,2,6,33.3,4,8,2,6,5,13,9,0,Matches
5d8e331f,Nicolas Höfler,de GER,MF,Freiburg,33-039,1990,26.4,56,30,22,31,3,23,51,45.1,28,38,12,26,45,101,38,0,Matches
2903a856,Jonas Hofmann,de GER,"FW,MF",M'Gladbach,30-277,1992,23.8,22,12,14,7,1,10,42,23.8,32,32,2,30,15,37,20,0,Matches
877bc844,Philipp Hofmann,de GER,FW,Bochum,30-018,1993,24.1,16,10,0,12,4,5,10,50.0,5,17,7,10,6,22,33,0,Matches
ca618d23,Lucas Höler,de GER,"FW,MF",Freiburg,28-281,1994,10.9,13,9,3,6,4,4,13,30.8,9,16,4,12,8,21,16,0,Matches
2979c05a,Gerrit Holtmann,ph PHI,FW,Bochum,28-023,1995,9.8,13,7,6,6,1,11,17,64.7,6,14,1,13,2,15,2,0,Matches
2b83fa49,Jannes Horn,de GER,"DF,FW",Bochum,26-070,1997,0.7,2,1,1,1,0,1,1,100.0,0,1,0,1,3,5,2,0,Matches
ad3389d5,Lukáš Hrádecký,fi FIN,GK,Leverkusen,33-144,1989,27.0,0,0,0,0,0,0,0,,0,0,0,0,0,0,3,1,Matches
94302c52,Timo Hübers,de GER,DF,Köln,26-271,1996,22.4,39,24,32,7,0,22,42,52.4,20,23,10,13,46,85,127,0,Matches
15f3ec41,Callum Hudson-Odoi,eng ENG,"FW,MF",Leverkusen,22-161,2000,6.7,5,3,4,0,1,1,1,100.0,0,0,0,0,2,7,4,0,Matches
05d548d8,Mats Hummels,de GER,DF,Dortmund,34-122,1988,17.1,50,27,30,19,1,27,44,61.4,17,23,13,10,26,76,82,1,Matches
b116c6e3,Denis Huseinbasic,de GER,"MF,FW",Köln,21-288,2001,7.8,22,9,7,11,4,10,23,43.5,13,16,2,14,4,26,5,0,Matches
054849d2,Iago,br BRA,"DF,MF",Augsburg,26-025,1997,17.4,33,15,20,9,4,11,29,37.9,18,18,5,13,16,49,52,0,Matches
f5c4fd91,Arijon Ibrahimović,de GER,MF,Bayern Munich,17-127,2005,0.2,1,1,1,0,0,0,0,,0,0,0,0,0,1,0,0,Matches
271b8617,Marcus Ingvartsen,dk DEN,"FW,MF",Mainz 05,27-103,1996,12.1,3,1,0,1,2,1,9,11.1,8,8,1,7,2,5,9,0,Matches
97d545ae,Ko Itakura,jp JPN,DF,M'Gladbach,26-080,1997,17.6,15,9,9,4,2,7,18,38.9,11,34,21,13,22,37,77,0,Matches
204dded0,Hiroki Ito,jp JPN,DF,Stuttgart,23-340,1999,23.5,32,24,18,12,2,16,31,51.6,15,36,15,21,31,63,84,0,Matches
8bf58a80,Andreas Ivan,ro ROU,MF,Schalke 04,28-097,1995,0.5,0,0,0,0,0,0,1,0.0,1,0,0,0,0,0,1,0,Matches
34b0387f,Lee Jae-sung,kr KOR,MF,Mainz 05,30-250,1992,17.1,31,14,7,19,5,12,29,41.4,17,27,5,22,12,43,14,0,Matches
a93b6f4e,Paul Jaeckel,de GER,DF,Union Berlin,24-269,1998,11.6,23,18,11,11,1,16,31,51.6,15,10,5,5,16,39,39,1,Matches
a8ee54ad,Kristijan Jakić,hr CRO,"DF,MF",Eint Frankfurt,25-338,1997,16.2,33,21,19,12,2,22,41,53.7,19,32,10,22,14,47,49,1,Matches
fa4cabd1,Jan Jakob Olschowsky,de GER,GK,M'Gladbach,21-150,2001,2.0,0,0,0,0,0,0,1,0.0,1,0,0,0,0,0,1,0,Matches
689c9cf4,Saidy Janko,gm GAM,DF,Bochum,27-177,1995,9.0,18,11,12,4,2,9,15,60.0,6,16,4,12,10,28,22,1,Matches
34b54da7,Tony Jantschke,de GER,"DF,MF",M'Gladbach,33-010,1990,1.0,2,1,1,1,0,1,1,100.0,0,4,2,2,0,2,5,0,Matches
3eeb80e0,Fredrik Jensen,fi FIN,"FW,MF",Augsburg,25-220,1997,10.3,15,10,8,3,4,5,10,50.0,5,12,5,7,4,19,12,0,Matches
ee644761,Moritz Jenz,de GER,DF,Schalke 04,23-352,1999,9.0,13,10,7,5,1,4,6,66.7,2,15,9,6,7,20,46,1,Matches
f36c432f,Stevan Jovetić,me MNE,"FW,MF",Hertha BSC,33-166,1989,6.9,2,1,1,1,0,1,4,25.0,3,2,1,1,0,2,6,0,Matches
de838f86,Anthony Jung,de GER,"DF,FW",Werder Bremen,31-165,1991,24.4,41,25,16,18,7,28,46,60.9,18,27,5,22,21,62,46,0,Matches
0a084b35,Josip Juranović,hr CRO,DF,Union Berlin,27-244,1995,7.0,5,4,2,2,1,4,13,30.8,9,8,2,6,4,9,12,1,Matches
2d61d13a,Ozan Kabak,tr TUR,DF,Hoffenheim,23-023,2000,21.9,42,29,22,17,3,12,21,57.1,9,25,15,10,42,84,66,0,Matches
79c90e45,Pavel Kadeřábek,cz CZE,DF,Hoffenheim,30-357,1992,16.7,23,17,10,9,4,12,19,63.2,7,10,2,8,11,34,35,1,Matches
94c18565,Florian Kainz,at AUT,"MF,FW",Köln,30-175,1992,21.2,19,9,6,11,2,7,18,38.9,11,24,5,19,25,44,27,1,Matches
15f24fe7,Sasa Kalajdzic,at AUT,FW,Stuttgart,25-284,1997,2.6,3,2,0,1,2,1,3,33.3,2,1,0,1,0,3,0,0,Matches
15b287da,Daichi Kamada,jp JPN,"MF,FW",Eint Frankfurt,26-255,1996,19.7,38,22,7,28,3,22,42,52.4,20,23,2,21,14,52,13,1,Matches
202b3b68,Jakub Kamiński,pl POL,"FW,MF",Wolfsburg,20-316,2002,17.7,27,18,9,10,8,12,24,50.0,12,23,0,23,4,31,8,0,Matches
463503e2,Marcin Kamiński,pl POL,DF,Schalke 04,31-092,1992,2.0,1,1,1,0,0,0,1,0.0,1,3,3,0,5,6,13,0,Matches
b825a650,Kevin Kampl,si SVN,MF,RB Leipzig,32-190,1990,12.4,17,10,4,12,1,4,22,18.2,18,22,7,15,17,34,8,0,Matches
b4c816a9,Wilfried Kanga,ci CIV,FW,Hertha BSC,25-055,1998,15.3,5,4,2,1,2,2,3,66.7,1,14,3,11,2,7,12,0,Matches
8f0f2230,Kenan Karaman,tr TUR,FW,Schalke 04,29-043,1994,6.0,8,6,1,4,3,2,5,40.0,3,5,0,5,2,10,7,0,Matches
5762be5c,Atakan Karazor,de GER,MF,Stuttgart,26-186,1996,16.9,46,27,15,25,6,24,41,58.5,17,32,9,23,25,71,38,0,Matches
778ccc44,Thomas Kastanaras,gr GRE,"FW,DF",Stuttgart,20-098,2003,0.8,0,0,0,0,0,0,0,,0,1,0,1,0,0,0,0,Matches
de4cac2d,Silas Katompa,cd COD,"FW,DF",Stuttgart,24-193,1998,17.8,22,16,4,12,6,6,18,33.3,12,12,2,10,7,29,1,0,Matches
d2c580ce,Yannik Keitel,de GER,MF,Freiburg,23-061,2000,5.0,8,5,2,5,1,2,2,100.0,0,3,0,3,9,17,4,0,Matches
815c314f,Marc-Oliver Kempf,de GER,DF,Hertha BSC,28-079,1995,26.3,38,23,23,14,1,16,21,76.2,5,41,32,9,44,82,122,0,Matches
099e666f,Jonjoe Kenny,eng ENG,DF,Hertha BSC,26-033,1997,19.9,38,28,20,15,3,19,34,55.9,15,26,6,20,36,74,52,0,Matches
59e4b92e,Rani Khedira,de GER,MF,Union Berlin,29-080,1994,26.0,51,27,16,28,7,21,41,51.2,20,27,8,19,35,86,28,0,Matches
610aa1e9,Luca Kilian,de GER,DF,Köln,23-228,1999,12.2,22,16,14,7,1,12,21,57.1,9,16,8,8,10,32,48,0,Matches
49296448,Joshua Kimmich,de GER,MF,Bayern Munich,28-068,1995,25.6,66,39,18,40,8,35,65,53.8,30,23,2,21,39,105,31,0,Matches
ca8033cb,Lukas Klostermann,de GER,DF,RB Leipzig,26-318,1996,5.5,12,6,5,7,0,6,10,60.0,4,2,1,1,4,16,12,0,Matches
19a967ab,Ansgar Knauff,de GER,DF,Eint Frankfurt,21-097,2002,12.6,29,20,16,11,2,12,28,42.9,16,18,1,17,13,42,22,0,Matches
6bd5cd5d,Robin Knoche,de GER,DF,Union Berlin,30-330,1992,26.9,41,28,27,10,4,22,42,52.4,20,31,15,16,28,69,118,0,Matches
cd59b9df,Gregor Kobel,ch SUI,GK,Dortmund,25-132,1997,21.0,0,0,0,0,0,0,1,0.0,1,0,0,0,0,0,5,2,Matches
0fbecd11,Dominik Kohr,de GER,MF,Mainz 05,29-076,1994,20.8,46,25,15,26,5,21,50,42.0,29,34,7,27,30,76,20,0,Matches
c0b3669f,Randal Kolo Muani,fr FRA,FW,Eint Frankfurt,24-133,1998,24.8,13,9,3,3,7,1,7,14.3,6,17,1,16,2,15,8,0,Matches
ab096c6f,Timothée Kolodziejczak,fr FRA,DF,Schalke 04,31-198,1991,0.3,0,0,0,0,0,0,1,0.0,1,0,0,0,1,1,1,0,Matches
86574238,Kouadio Koné,fr FRA,MF,M'Gladbach,21-335,2001,25.3,67,36,35,28,4,23,41,56.1,18,34,7,27,25,92,17,0,Matches
1f3afdcb,Odilon Kossonou,ci CIV,DF,Leverkusen,22-103,2001,14.9,17,12,9,7,1,7,15,46.7,8,19,7,12,18,35,49,1,Matches
b1cd37e6,Filip Kostić,rs SRB,"DF,MF",Eint Frankfurt,30-167,1992,0.8,2,0,1,1,0,0,0,,0,0,0,0,1,3,0,0,Matches
dc366c36,Tomáš Koubek,cz CZE,GK,Augsburg,30-234,1992,5.0,0,0,0,0,0,0,0,,0,0,0,0,0,0,3,0,Matches
f1e855eb,Soichiro Kozuki,jp JPN,"FW,MF",Schalke 04,22-116,2000,4.2,6,4,3,3,0,4,6,66.7,2,5,0,5,3,9,3,0,Matches
e717705a,Alex Král,cz CZE,MF,Schalke 04,24-333,1998,20.2,30,20,10,18,2,15,31,48.4,16,28,4,24,14,44,42,0,Matches
603cb947,Andrej Kramarić,hr CRO,"MF,FW",Hoffenheim,31-302,1991,20.7,5,2,2,1,2,1,9,11.1,8,11,1,10,5,10,11,0,Matches
496aeede,Christoph Kramer,de GER,MF,M'Gladbach,32-057,1991,23.7,39,28,20,14,5,20,50,40.0,30,32,1,31,17,56,40,0,Matches
9f77012e,Tom Krauß,de GER,MF,Schalke 04,21-299,2001,24.6,101,59,38,53,10,44,89,49.4,45,34,5,29,32,133,28,0,Matches
f9446dcd,Max Kruse,de GER,"MF,FW",Wolfsburg,35-029,1988,3.0,1,1,0,1,0,0,1,0.0,1,2,1,1,0,1,1,0,Matches
2a29eb9b,Lukas Kübler,de GER,DF,Freiburg,30-230,1992,14.5,32,22,20,8,4,16,24,66.7,8,20,8,12,24,56,34,0,Matches
9ceb7642,Pierre Kunde,cm CMR,MF,Bochum,27-265,1995,3.6,12,6,3,8,1,6,14,42.9,8,6,1,5,4,16,7,0,Matches
f1bc3876,Alou Kuol,au AUS,FW,Stuttgart,22-202,2000,0.1,0,0,0,0,0,0,0,,0,0,0,0,0,0,0,0,Matches
2770726a,Daniel Kyereh,gh GHA,"MF,FW",Freiburg,27-040,1996,6.2,6,4,2,4,0,3,6,50.0,3,4,0,4,2,8,6,0,Matches
277c49ed,Maxence Lacroix,fr FRA,DF,Wolfsburg,23-011,2000,16.6,21,13,14,7,0,8,16,50.0,8,19,8,11,24,45,79,0,Matches
22798128,Aïssa Laïdouni,tn TUN,MF,Union Berlin,26-125,1996,6.0,10,4,4,6,0,3,11,27.3,8,16,3,13,6,16,3,0,Matches
c1b7847c,Konrad Laimer,at AUT,MF,RB Leipzig,25-325,1997,11.5,37,18,14,18,5,20,35,57.1,15,21,2,19,13,50,6,0,Matches
4aea5077,Stefan Lainer,at AUT,DF,M'Gladbach,30-233,1992,4.0,6,3,1,4,1,3,9,33.3,6,1,0,1,6,12,16,1,Matches
591477c9,Vassilis Lambropoulos,gr GRE,DF,Bochum,33-017,1990,6.9,10,8,7,3,0,6,9,66.7,3,5,3,2,12,22,40,0,Matches
72984eee,Jordan Larsson,se SWE,"FW,MF",Schalke 04,25-301,1997,5.1,8,5,1,7,0,2,9,22.2,7,9,0,9,4,12,3,0,Matches
33b554b7,Danny Latza,de GER,MF,Schalke 04,33-131,1989,6.3,13,10,7,5,1,4,10,40.0,6,12,0,12,2,15,10,0,Matches
c4987edc,Diogo Leite,pt POR,DF,Union Berlin,24-084,1999,20.5,27,15,16,11,0,16,28,57.1,12,19,12,7,23,50,78,0,Matches
7e12a98d,Maxim Leitsch,de GER,DF,Mainz 05,24-334,1998,7.4,9,7,6,3,0,4,5,80.0,1,7,4,3,18,27,26,1,Matches
792ffa71,Tim Lemperle,de GER,"FW,MF",Köln,21-071,2002,1.3,6,4,3,1,2,3,5,60.0,2,2,0,2,1,7,4,0,Matches
bbd86530,Christopher Lenz,de GER,DF,Eint Frankfurt,28-207,1994,9.4,19,15,9,6,4,11,24,45.8,13,12,1,11,15,34,23,0,Matches
13fe7b69,Jamie Leweling,de GER,FW,Union Berlin,22-050,2001,2.4,4,3,2,2,0,3,4,75.0,1,2,0,2,1,5,0,0,Matches
302527b2,Philipp Lienhart,at AUT,DF,Freiburg,26-280,1996,24.0,27,17,18,9,0,12,20,60.0,8,23,12,11,31,58,83,0,Matches
d6e53a3a,Matthijs de Ligt,nl NED,DF,Bayern Munich,23-248,1999,20.8,22,16,11,10,1,10,16,62.5,6,26,17,9,20,42,70,0,Matches
37dc1a48,Jesper Lindstrøm,dk DEN,"MF,FW",Eint Frankfurt,23-047,2000,17.0,23,10,13,6,4,6,20,30.0,14,21,2,19,7,30,9,0,Matches
c455a2b2,Dejan Ljubicic,at AUT,MF,Köln,25-191,1997,14.5,19,12,5,11,3,10,28,35.7,18,19,0,19,7,26,6,0,Matches
07c7eb0c,Anthony Losilla,fr FRA,MF,Bochum,37-038,1986,24.3,60,41,27,27,6,28,52,53.8,24,29,9,20,28,88,57,0,Matches
0c61c77c,Dodi Lukebakio,be BEL,"FW,MF",Hertha BSC,25-205,1997,22.1,17,11,6,8,3,6,20,30.0,14,21,5,16,8,25,13,0,Matches
8a6ab963,Andrey Lunyov,ru RUS,GK,Leverkusen,31-155,1991,1.0,0,0,0,0,0,0,0,,0,0,0,0,0,0,0,0,Matches
ab700320,Arne Maier,de GER,MF,Augsburg,24-099,1999,17.4,25,18,12,10,3,8,13,61.5,5,16,0,16,12,37,14,0,Matches
e5d85da8,Linton Maina,de GER,"FW,MF",Köln,23-298,1999,19.7,14,10,3,10,1,7,29,24.1,22,14,0,14,5,19,7,0,Matches
864163f3,Donyell Malen,nl NED,FW,Dortmund,24-088,1999,13.9,10,5,2,3,5,4,7,57.1,3,11,0,11,4,14,6,0,Matches
c691bfe2,Sadio Mané,sn SEN,"FW,MF",Bayern Munich,31-007,1992,13.2,10,4,3,2,5,1,9,11.1,8,14,2,12,0,10,2,0,Matches
706a60e1,Myziane Maolida,fr FRA,"FW,MF",Hertha BSC,24-062,1999,1.1,1,1,1,0,0,1,2,50.0,1,0,0,0,0,1,1,0,Matches
0e0102eb,Omar Marmoush,eg EGY,FW,Wolfsburg,24-069,1999,15.3,15,10,8,2,5,4,14,28.6,10,18,1,17,7,22,3,0,Matches
92a16062,Eric Martel,de GER,MF,Köln,20-353,2002,18.0,52,33,23,23,6,25,52,48.1,27,21,5,16,24,76,44,0,Matches
2f3e911a,Aarón Martín,es ESP,DF,Mainz 05,25-360,1997,16.8,32,22,19,9,4,16,25,64.0,9,14,1,13,13,45,24,0,Matches
a396fb61,Erhan Mašović,rs SRB,"DF,MF",Bochum,24-146,1998,18.5,42,27,23,19,0,23,42,54.8,19,25,11,14,19,61,61,0,Matches
ab3f1bdf,Henning Matriciani,de GER,DF,Schalke 04,23-034,2000,16.4,36,18,25,8,3,20,50,40.0,30,18,9,9,18,54,46,1,Matches
00963611,Konstantinos Mavropanos,gr GRE,DF,Stuttgart,25-127,1997,23.2,48,26,31,14,3,27,37,73.0,10,36,18,18,60,108,91,0,Matches
826e8b63,Philipp Max,de GER,DF,Eint Frankfurt,29-199,1993,7.2,11,8,4,6,1,4,15,26.7,11,10,2,8,2,13,9,0,Matches
0e6bc38c,Eric Maxim Choupo-Moting,cm CMR,FW,Bayern Munich,34-025,1989,12.1,10,7,2,6,2,1,2,50.0,1,8,0,8,0,10,5,0,Matches
ebb32f3a,Keke Maximilian Topp,de GER,FW,Schalke 04,19-023,2004,0.2,0,0,0,0,0,0,0,,0,0,0,0,1,1,0,0,Matches
b74277a0,Noussair Mazraoui,ma MAR,DF,Bayern Munich,25-154,1997,6.3,17,12,3,6,8,8,14,57.1,6,5,1,4,6,23,14,0,Matches
46750e9c,Nathanael Mbuku,fr FRA,"MF,FW",Augsburg,21-032,2002,0.4,1,0,0,1,0,0,0,,0,0,0,0,0,1,0,0,Matches
e162b013,Thomas Meunier,be BEL,DF,Dortmund,31-217,1991,6.5,16,7,8,5,3,10,17,58.8,7,7,2,5,9,25,16,0,Matches
b56dd813,Alexander Meyer,de GER,GK,Dortmund,32-004,1991,7.0,0,0,0,0,0,0,1,0.0,1,0,0,0,0,0,1,0,Matches
1e274a0a,Sven Michel,de GER,FW,Union Berlin,32-276,1990,4.8,8,5,1,5,2,4,6,66.7,2,5,1,4,0,8,4,0,Matches
f76022e7,Enzo Millot,fr FRA,MF,Stuttgart,20-274,2002,7.2,17,12,7,7,3,9,13,69.2,4,17,2,15,10,27,7,0,Matches
88d4144a,Maximilian Mittelstädt,de GER,DF,Hertha BSC,26-030,1997,7.1,32,15,24,6,2,13,26,50.0,13,10,1,9,20,52,24,0,Matches
34e4343c,Anthony Modeste,fr FRA,FW,Dortmund,35-003,1988,8.9,4,4,2,0,2,2,5,40.0,3,6,0,6,2,6,21,0,Matches
9ec9c8b6,Tobias Mohr,de GER,"DF,MF",Schalke 04,27-236,1995,8.8,7,4,3,4,0,2,7,28.6,5,13,5,8,8,15,19,0,Matches
29ddfb9c,Clinton Mola,eng ENG,DF,Stuttgart,22-033,2001,0.2,3,1,2,1,0,1,1,100.0,0,1,1,0,1,4,2,0,Matches
7e82a78f,Florent Mollet,fr FRA,MF,Schalke 04,31-149,1991,4.6,4,1,0,4,0,2,7,28.6,5,7,1,6,1,5,1,0,Matches
6ce43701,Youssoufa Moukoko,de GER,FW,Dortmund,18-148,2004,11.4,13,7,3,6,4,3,6,50.0,3,7,0,7,2,15,1,0,Matches
cbac6ec9,Florian Müller,de GER,GK,Stuttgart,25-155,1997,19.0,0,0,0,0,0,0,0,,0,0,0,0,0,0,7,4,Matches
3c6089ab,Thomas Müller,de GER,"FW,MF",Bayern Munich,33-216,1989,14.4,15,9,4,7,4,4,10,40.0,6,11,2,9,3,18,10,0,Matches
2c0558b8,Jamal Musiala,de GER,"MF,FW",Bayern Munich,20-050,2003,19.9,30,20,8,15,7,11,28,39.3,17,21,1,20,15,45,3,0,Matches
9ff8ec4a,Suliman Mustapha,at AUT,"FW,MF",Mainz 05,21-328,2001,0.8,2,2,0,2,0,0,0,,0,4,0,4,0,2,0,0,Matches
441197b8,Obite N'Dicka,fr FRA,DF,Eint Frankfurt,23-240,1999,25.9,21,15,9,8,4,15,28,53.6,13,39,15,24,30,51,135,0,Matches
e110ea4b,Nathan N'Goumou,fr FRA,FW,M'Gladbach,23-034,2000,4.7,9,4,4,4,1,5,10,50.0,5,6,0,6,1,10,3,0,Matches
61590953,Stanley N'Soki,fr FRA,DF,Hoffenheim,24-008,1999,12.6,20,11,13,6,1,10,19,52.6,9,19,4,15,23,43,33,0,Matches
30261ba1,Nikolas Nartey,dk DEN,"DF,MF",Stuttgart,23-054,2000,4.3,9,4,6,2,1,4,8,50.0,4,8,0,8,3,12,11,0,Matches
e79269bd,Luca Netz,de GER,DF,M'Gladbach,19-337,2003,4.6,16,7,12,2,2,12,19,63.2,7,3,1,2,3,19,21,0,Matches
8778c910,Manuel Neuer,de GER,GK,Bayern Munich,37-021,1986,12.0,0,0,0,0,0,0,0,,0,0,0,0,0,0,4,1,Matches
36a59ba4,Florian Neuhaus,de GER,MF,M'Gladbach,26-032,1997,11.3,13,6,6,3,4,5,17,29.4,12,19,3,16,7,20,5,0,Matches
bc249af8,Jessic Ngankam,de GER,"FW,MF",Hertha BSC,22-271,2000,6.6,12,7,5,4,3,4,7,57.1,3,6,1,5,0,12,1,0,Matches
d6862409,Florian Niederlechner,de GER,"FW,MF",Augsburg,32-175,1990,10.1,10,5,5,4,1,4,7,57.1,3,16,2,14,1,11,9,0,Matches
d6862409,Florian Niederlechner,de GER,FW,Hertha BSC,32-175,1990,5.7,6,5,1,2,3,2,5,40.0,3,7,0,7,1,7,8,0,Matches
a45241d5,Justin Njinmah,de GER,FW,Dortmund,22-153,2000,0.2,0,0,0,0,0,0,0,,0,0,0,0,0,0,0,0,Matches
7c56da38,Christopher Nkunku,fr FRA,"FW,MF",RB Leipzig,25-154,1997,15.9,4,3,0,1,3,1,5,20.0,4,7,3,4,7,11,8,0,Matches
091c86e2,Felix Nmecha,de GER,MF,Wolfsburg,22-189,2000,14.9,28,16,6,15,7,12,20,60.0,8,19,7,12,18,46,25,0,Matches
0cc5f4a5,Lukas Nmecha,de GER,FW,Wolfsburg,24-124,1998,10.0,5,3,0,2,3,3,3,100.0,0,5,1,4,3,8,4,0,Matches
5458f670,Hugo Novoa,es ESP,"DF,FW",RB Leipzig,20-106,2003,2.0,8,2,1,3,4,4,7,57.1,3,4,0,4,1,9,0,0,Matches
bdedffac,Ørjan Nyland,no NOR,GK,RB Leipzig,32-219,1990,1.0,0,0,0,0,0,0,0,,0,0,0,0,0,0,0,0,Matches
57ec75bf,Tim Oermann,de GER,DF,Bochum,19-193,2003,2.2,2,1,2,0,0,1,1,100.0,0,3,2,1,1,3,8,1,Matches
dd2e62da,Finn Ole Becker,de GER,MF,Hoffenheim,22-313,2000,3.5,6,2,1,5,0,1,3,33.3,2,4,0,4,3,9,3,0,Matches
86adbcc7,Mathias Olesen,lu LUX,MF,Köln,22-027,2001,5.0,10,5,4,4,2,5,7,71.4,2,6,1,5,2,12,3,0,Matches
ae44e8e2,Dani Olmo,es ESP,"MF,FW",RB Leipzig,24-345,1998,10.1,13,8,1,9,3,6,10,60.0,4,10,0,10,6,19,3,0,Matches
c631f952,Jonas Omlin,ch SUI,GK,M'Gladbach,29-097,1994,10.3,1,1,1,0,0,1,2,50.0,1,1,0,1,0,1,5,0,Matches
f26834c7,Karim Onisiwo,at AUT,"FW,MF",Mainz 05,31-031,1992,22.2,15,9,2,7,6,3,13,23.1,10,15,0,15,2,17,6,0,Matches
20030c06,Willi Orban,hu HUN,DF,RB Leipzig,30-165,1992,26.8,40,28,25,15,0,22,37,59.5,15,34,22,12,34,74,113,1,Matches
86c75897,Ivan Ordets,ua UKR,DF,Bochum,30-283,1992,21.2,27,16,20,6,1,15,26,57.7,11,26,12,14,40,67,99,0,Matches
0a16eb36,Jordi Osei-Tutu,eng ENG,"DF,FW",Bochum,24-197,1998,8.1,21,16,11,5,5,10,20,50.0,10,12,5,7,10,31,7,0,Matches
9662c9ec,Patrick Osterhage,de GER,MF,Bochum,23-075,2000,9.6,18,15,7,9,2,11,15,73.3,4,14,4,10,10,28,21,0,Matches
1cbe4984,Paulo Otávio,br BRA,DF,Wolfsburg,28-145,1994,22.7,72,46,46,17,9,44,66,66.7,22,42,6,36,31,103,70,1,Matches
36d9dabe,Thomas Ouwejan,nl NED,DF,Schalke 04,26-199,1996,9.4,19,8,13,5,1,6,10,60.0,4,17,4,13,13,32,25,0,Matches
8b6e0db2,Reece Oxford,eng ENG,DF,Augsburg,24-122,1998,1.0,1,1,1,0,0,0,0,,0,4,3,1,1,2,5,0,Matches
15413fa5,Salih Özcan,tr TUR,MF,Dortmund,25-096,1998,16.5,30,17,9,16,5,16,39,41.0,23,22,2,20,25,55,18,1,Matches
66385c46,Levin Öztunalı,de GER,MF,Union Berlin,27-033,1996,0.1,0,0,0,0,0,0,1,0.0,1,0,0,0,0,0,0,0,Matches
e82adcab,Exequiel Palacios,ar ARG,MF,Leverkusen,24-194,1998,15.0,49,29,18,27,4,24,42,57.1,18,21,2,19,29,78,24,0,Matches
5dc15574,Miloš Pantović,rs SRB,MF,Union Berlin,26-284,1996,2.2,4,2,4,0,0,3,4,75.0,1,2,0,2,0,4,4,0,Matches
13d23b29,Antonios Papadopoulos,de GER,DF,Dortmund,23-219,1999,0.1,0,0,0,0,0,0,0,,0,0,0,0,1,1,0,0,Matches
5c50fdbc,Kevin Paredes,us USA,"FW,MF",Wolfsburg,19-345,2003,5.0,11,8,4,3,4,8,11,72.7,3,6,0,6,6,17,5,0,Matches
1866b0f1,Marco Pašalić,hr CRO,MF,Dortmund,22-215,2000,0.1,0,0,0,0,0,0,0,,0,0,0,0,0,0,0,0,Matches
5c899683,Felix Passlack,de GER,DF,Dortmund,24-323,1998,0.5,1,0,0,1,0,0,0,,0,0,0,0,0,1,0,0,Matches
53070b63,Paulinho,br BRA,FW,Leverkusen,22-276,2000,0.9,0,0,0,0,0,0,0,,0,1,0,1,0,0,2,0,Matches
45a03961,Benjamin Pavard,fr FRA,DF,Bayern Munich,27-020,1996,22.0,59,35,32,19,8,30,38,78.9,8,29,14,15,38,97,68,0,Matches
0a1cb833,Jiří Pavlenka,cz CZE,GK,Werder Bremen,31-003,1992,26.3,1,0,1,0,0,1,5,20.0,4,0,0,0,3,4,18,1,Matches
5154b2ba,Kristian Pedersen,dk DEN,DF,Köln,28-256,1994,3.0,5,4,4,1,0,0,2,0.0,2,3,0,3,5,10,17,0,Matches
582a5247,Mads Pedersen,dk DEN,"DF,MF",Augsburg,26-228,1996,15.1,38,19,27,9,2,17,25,68.0,8,24,7,17,18,56,33,1,Matches
b684a484,Jordan Pefok,us USA,FW,Union Berlin,26-356,1996,13.2,14,7,3,3,8,2,15,13.3,13,17,5,12,4,18,14,0,Matches
c18d22f5,Peter Pekarík,sk SVK,DF,Hertha BSC,36-169,1986,1.0,3,3,3,0,0,3,4,75.0,1,6,2,4,1,4,3,0,Matches
3b61c9ec,Luca Pellegrini,it ITA,DF,Eint Frankfurt,24-041,1999,6.2,13,8,10,3,0,8,8,100.0,0,8,2,6,7,20,11,1,Matches
a2b1ed42,Ricardo Pepi,us USA,FW,Augsburg,20-098,2003,1.1,1,1,1,0,0,1,1,100.0,0,1,0,1,0,1,1,0,Matches
ff3d391c,Juan Perea,co COL,FW,Stuttgart,23-053,2000,4.4,5,4,0,2,3,2,4,50.0,2,2,1,1,1,6,3,0,Matches
f93e6e94,Nils Petersen,de GER,FW,Freiburg,34-132,1988,2.5,6,4,0,3,3,2,5,40.0,3,11,2,9,1,7,6,0,Matches
f503ef6e,Lukas Petkov,de GER,"MF,FW",Augsburg,22-167,2000,1.6,5,1,4,1,0,2,3,66.7,1,4,1,3,1,6,0,0,Matches
83e1f40e,Luca Pfeiffer,de GER,FW,Stuttgart,26-240,1996,7.6,1,1,1,0,0,0,1,0.0,1,4,0,4,1,2,5,0,Matches
061e8e23,Maximilian Philipp,de GER,FW,Wolfsburg,29-047,1994,1.3,2,1,1,1,0,1,1,100.0,0,1,0,1,0,2,0,0,Matches
061e8e23,Maximilian Philipp,de GER,"FW,MF",Werder Bremen,29-047,1994,2.3,3,2,2,0,1,0,3,0.0,3,4,1,3,3,6,1,0,Matches
526ea7cc,Amos Pieper,de GER,DF,Werder Bremen,25-090,1998,20.8,43,26,22,19,2,22,36,61.1,14,21,11,10,27,70,87,1,Matches
f7aa75bd,Marvin Plattenhardt,de GER,DF,Hertha BSC,31-081,1992,22.3,35,25,20,12,3,24,38,63.2,14,21,7,14,11,46,64,0,Matches
bc6bd723,Alassane Pléa,fr FRA,FW,M'Gladbach,30-038,1993,17.3,15,7,5,7,3,7,21,33.3,14,21,2,19,10,25,14,0,Matches
ea003d07,Joel Pohjanpalo,fi FIN,"FW,MF",Leverkusen,28-216,1994,0.0,0,0,0,0,0,0,0,,0,0,0,0,0,0,0,0,Matches
3745e8bd,Sebastian Polter,de GER,"FW,MF",Schalke 04,32-016,1991,5.2,4,3,0,4,0,1,3,33.3,2,3,0,3,0,4,6,0,Matches
7f609bfc,Stefan Posch,at AUT,DF,Hoffenheim,25-338,1997,0.2,0,0,0,0,0,0,0,,0,0,0,0,0,0,0,0,Matches
d2416c2e,Yussuf Poulsen,dk DEN,FW,RB Leipzig,28-306,1994,3.9,4,3,1,2,1,0,3,0.0,3,3,1,2,0,4,5,0,Matches
924f9191,Grischa Prömel,de GER,MF,Hoffenheim,28-098,1995,11.9,23,18,12,9,2,7,18,38.9,11,16,3,13,5,28,17,0,Matches
c68b1b13,Tymoteusz Puchacz,pl POL,DF,Union Berlin,24-084,1999,0.6,1,0,1,0,0,0,0,,0,0,0,0,0,1,1,0,Matches
3c200e05,Joshua Quarshie,de GER,MF,Hoffenheim,18-265,2004,0.0,0,0,0,0,0,0,0,,0,0,0,0,0,0,0,0,Matches
b90c4a43,Diant Ramaj,de GER,GK,Eint Frankfurt,21-210,2001,1.0,0,0,0,0,0,0,0,,0,0,0,0,0,0,1,0,Matches
c8b3a472,Nicolai Rapp,de GER,"MF,DF",Werder Bremen,26-125,1996,0.8,3,1,3,0,0,0,3,0.0,3,0,0,0,0,3,1,0,Matches
7d450ed3,David Raum,de GER,"DF,MF",RB Leipzig,24-360,1998,17.7,38,24,22,12,4,16,28,57.1,12,21,5,16,16,54,23,1,Matches
cc971106,Rocco Reitz,de GER,MF,M'Gladbach,20-323,2002,0.0,0,0,0,0,0,0,0,,0,0,0,0,0,0,0,0,Matches
36a3ff67,Marco Reus,de GER,"MF,FW",Dortmund,33-321,1989,13.3,26,15,11,13,2,7,22,31.8,15,10,4,6,5,31,8,0,Matches
1ae836b1,Elvis Rexhbeçaj,de GER,MF,Augsburg,25-167,1997,23.0,40,24,13,19,8,21,48,43.8,27,32,10,22,16,56,34,0,Matches
7fa4e703,Gio Reyna,us USA,"FW,MF",Dortmund,20-155,2002,6.0,11,5,2,5,4,4,9,44.4,5,7,2,5,3,14,4,0,Matches
f972644c,Marco Richter,de GER,"FW,MF",Hertha BSC,25-144,1997,16.1,37,18,15,15,7,19,41,46.3,22,25,1,24,20,57,20,0,Matches
9f941969,Manuel Riemann,de GER,GK,Bochum,34-220,1988,28.0,2,1,2,0,0,2,2,100.0,0,1,0,1,5,7,17,5,Matches
e12b0b5b,Sebastian Rode,de GER,MF,Eint Frankfurt,32-188,1990,12.6,32,20,5,24,3,11,35,31.4,24,13,1,12,13,45,10,0,Matches
ea42c03f,Agustín Rogel,uy URU,DF,Hertha BSC,25-182,1997,12.3,17,9,12,5,0,10,14,71.4,4,11,4,7,11,28,43,0,Matches
1f2c7b55,Merlin Röhl,de GER,MF,Freiburg,20-286,2002,0.1,0,0,0,0,0,0,0,,0,0,0,0,0,0,1,0,Matches
90c1f9a4,Tom Rothe,de GER,DF,Dortmund,18-170,2004,0.3,1,1,0,1,0,1,1,100.0,0,0,0,0,1,2,2,0,Matches
13203c45,Jérôme Roussillon,fr FRA,"MF,DF",Wolfsburg,30-101,1993,0.2,0,0,0,0,0,0,0,,0,0,0,0,0,0,0,0,Matches
13203c45,Jérôme Roussillon,fr FRA,DF,Union Berlin,30-101,1993,4.9,6,2,3,2,1,4,5,80.0,1,4,2,2,1,7,14,0,Matches
80f36c88,Sebastian Rudy,de GER,MF,Hoffenheim,33-048,1990,6.3,21,11,7,14,0,10,22,45.5,12,18,2,16,6,27,12,0,Matches
c64c01fc,Georginio Rutter,fr FRA,FW,Hoffenheim,20-362,2002,11.2,7,4,1,4,2,1,3,33.3,2,10,2,8,5,12,6,0,Matches
009a4f60,Julian Ryerson,no NOR,DF,Union Berlin,25-151,1997,11.5,28,17,17,10,1,15,25,60.0,10,15,3,12,12,40,19,0,Matches
009a4f60,Julian Ryerson,no NOR,DF,Dortmund,25-151,1997,10.3,17,7,11,4,2,12,21,57.1,9,7,1,6,6,23,21,0,Matches
a70b8345,Frederik Rønnow,dk DEN,GK,Union Berlin,30-256,1992,23.0,0,0,0,0,0,0,4,0.0,4,0,0,0,0,0,8,0,Matches
e280527c,Marcel Sabitzer,at AUT,MF,Bayern Munich,29-031,1994,7.0,27,14,11,10,6,10,17,58.8,7,3,0,3,10,37,9,0,Matches
e1830c52,Dikeni Salifou,tg TOG,MF,Werder Bremen,19-313,2003,0.0,0,0,0,0,0,0,0,,0,0,0,0,0,0,0,0,Matches
bf075f6b,Roland Sallai,hu HUN,"MF,FW",Freiburg,25-330,1997,8.3,6,6,1,3,2,2,8,25.0,6,6,1,5,2,8,5,0,Matches
08593525,Diadie Samassékou,ml MLI,"MF,FW",Hoffenheim,27-096,1996,0.4,1,0,0,1,0,0,1,0.0,1,0,0,0,0,1,0,0,Matches
2b114be3,Leroy Sané,de GER,"MF,FW",Bayern Munich,27-096,1996,19.2,31,24,8,16,7,14,28,50.0,14,11,1,10,3,34,1,2,Matches
6a52a6c6,Sidi Sané,de GER,FW,Schalke 04,19-361,2003,0.3,1,1,1,0,0,1,1,100.0,0,0,0,0,0,1,0,0,Matches
236f02cd,Joe Scally,us USA,DF,M'Gladbach,20-107,2002,23.8,30,19,24,5,1,23,30,76.7,7,16,6,10,8,38,59,0,Matches
52afb588,Kevin Schade,de GER,"FW,MF",Freiburg,21-141,2001,2.0,6,4,3,2,1,3,5,60.0,2,0,0,0,0,6,2,0,Matches
049751d7,András Schäfer,hu HUN,MF,Union Berlin,24-004,1999,8.4,20,8,7,12,1,6,13,46.2,7,11,2,9,4,24,11,0,Matches
93cba339,Derry Scherhant,de GER,FW,Hertha BSC,20-158,2002,2.1,4,3,2,2,0,2,3,66.7,1,1,0,1,0,4,3,0,Matches
5d4f7d61,Patrik Schick,cz CZE,FW,Leverkusen,27-083,1996,10.5,0,0,0,0,0,0,1,0.0,1,4,1,3,1,1,7,0,Matches
bd527260,Kingsley Schindler,gh GHA,"DF,MF",Köln,29-279,1993,10.1,20,12,12,7,1,15,23,65.2,8,12,2,10,12,32,21,0,Matches
8f056768,Xaver Schlager,at AUT,MF,RB Leipzig,25-201,1997,16.3,40,23,13,25,2,20,43,46.5,23,19,2,17,16,56,23,0,Matches
f6bdc830,Keven Schlotterbeck,de GER,DF,Freiburg,25-354,1997,0.2,0,0,0,0,0,0,0,,0,1,1,0,2,2,2,0,Matches
f6bdc830,Keven Schlotterbeck,de GER,DF,Bochum,25-354,1997,6.6,15,7,11,4,0,8,9,88.9,1,11,5,6,13,28,37,0,Matches
34e12499,Nico Schlotterbeck,de GER,DF,Dortmund,23-137,1999,24.7,57,33,34,22,1,36,52,69.2,16,38,21,17,31,88,71,1,Matches
088ca1bd,Jonathan Schmid,fr FRA,DF,Freiburg,32-299,1990,0.4,0,0,0,0,0,0,0,,0,1,0,1,0,0,0,1,Matches
220ace7e,Romano Schmid,at AUT,MF,Werder Bremen,23-080,2000,13.2,23,14,5,12,6,10,19,52.6,9,18,3,15,7,30,10,0,Matches
7d31f1cb,Kenneth Schmidt,de GER,DF,Freiburg,20-318,2002,0.7,1,0,0,1,0,0,0,,0,0,0,0,0,1,1,0,Matches
b9ae8560,Niklas Schmidt,de GER,MF,Werder Bremen,25-047,1998,10.9,23,10,11,10,2,11,25,44.0,14,9,0,9,4,27,9,0,Matches
ad00b1a8,Benno Schmitz,de GER,DF,Köln,28-151,1994,22.7,57,38,26,26,5,37,67,55.2,30,30,4,26,22,79,48,0,Matches
87436846,Marvin Schwäbe,de GER,GK,Köln,27-357,1995,28.0,1,0,1,0,0,1,1,100.0,0,0,0,0,2,3,5,2,Matches
0d55d942,Alexander Schwolow,de GER,GK,Schalke 04,30-319,1992,17.6,0,0,0,0,0,0,0,,0,0,0,0,1,1,6,2,Matches
8872ed17,Paul Seguin,de GER,MF,Union Berlin,28-019,1995,7.4,16,7,9,3,4,7,17,41.2,10,6,0,6,6,22,7,0,Matches
1238a3f9,Davie Selke,de GER,FW,Hertha BSC,28-087,1995,3.1,2,1,1,1,0,0,1,0.0,1,3,1,2,1,3,5,0,Matches
1238a3f9,Davie Selke,de GER,FW,Köln,28-087,1995,6.2,0,0,0,0,0,0,2,0.0,2,2,0,2,0,0,7,0,Matches
b3325a30,Suat Serdar,de GER,MF,Hertha BSC,26-006,1997,20.0,48,21,12,29,7,18,37,48.6,19,48,12,36,26,74,23,0,Matches
313254a3,Kiliann Sildillia,fr FRA,"DF,MF",Freiburg,20-336,2002,21.2,33,20,10,19,4,18,26,69.2,8,24,9,15,21,54,44,1,Matches
3effaa34,André Silva,pt POR,FW,RB Leipzig,27-162,1995,18.1,11,5,2,5,4,3,7,42.9,4,11,1,10,3,14,3,0,Matches
fcb27134,Mohamed Simakan,fr FRA,DF,RB Leipzig,22-349,2000,11.4,13,11,8,3,2,8,14,57.1,6,14,2,12,10,23,40,0,Matches
7ec723b7,Eduardo Simões,pt POR,DF,Hoffenheim,21-046,2002,1.0,5,3,3,2,0,1,3,33.3,2,3,2,1,0,5,3,0,Matches
73000a79,Daley Sinkgraven,nl NED,"DF,MF",Leverkusen,27-287,1995,3.8,10,7,7,3,0,7,9,77.8,2,8,4,4,5,15,7,0,Matches
0d8a37c2,Tobias Sippel,de GER,GK,M'Gladbach,35-026,1988,5.7,0,0,0,0,0,0,0,,0,0,0,0,0,0,1,1,Matches
c6cf860f,Hugo Siquet,be BEL,DF,Freiburg,20-282,2002,0.2,2,2,2,0,0,2,2,100.0,0,1,0,1,0,2,0,0,Matches
65857fdf,Tim Skarke,de GER,"DF,MF",Union Berlin,26-222,1996,0.6,1,1,0,0,1,0,0,,0,1,0,1,0,1,0,0,Matches
65857fdf,Tim Skarke,de GER,"FW,MF",Schalke 04,26-222,1996,3.9,9,5,2,6,1,4,7,57.1,3,5,0,5,0,9,3,0,Matches
c2211709,Ellyes Skhiri,tn TUN,MF,Köln,27-342,1995,25.7,72,40,26,39,7,24,58,41.4,34,42,10,32,46,118,42,0,Matches
ff98492b,Robert Skov,dk DEN,DF,Hoffenheim,26-332,1996,13.7,17,9,11,5,1,7,22,31.8,15,20,6,14,8,25,18,1,Matches
c967f6b8,Hrvoje Smolčić,hr CRO,DF,Eint Frankfurt,22-243,2000,5.2,8,7,6,2,0,5,10,50.0,5,11,4,7,6,14,38,0,Matches
c05f2f8c,Danilo Soares,br BRA,DF,Bochum,31-170,1991,17.2,59,40,32,20,7,35,58,60.3,23,25,4,21,23,82,47,1,Matches
4f627629,Nikola Soldo,hr CRO,DF,Köln,22-082,2001,6.6,15,9,8,7,0,7,11,63.6,4,7,6,1,7,22,28,0,Matches
420c18a1,Yann Sommer,ch SUI,GK,Bayern Munich,34-121,1988,13.0,0,0,0,0,0,0,0,,0,0,0,0,1,1,5,0,Matches
420c18a1,Yann Sommer,ch SUI,GK,M'Gladbach,34-121,1988,10.0,1,0,1,0,0,1,1,100.0,0,0,0,0,0,1,8,0,Matches
af0d79a9,Borna Sosa,hr CRO,DF,Stuttgart,25-086,1998,17.0,21,15,14,6,1,17,26,65.4,9,13,3,10,15,36,32,0,Matches
4c6facae,Djibril Sow,ch SUI,MF,Eint Frankfurt,26-070,1997,24.7,37,21,11,24,2,18,37,48.6,19,20,4,16,28,65,21,0,Matches
0f59a7bf,Anton Stach,de GER,MF,Mainz 05,24-153,1998,19.4,25,19,10,13,2,14,33,42.4,19,25,2,23,33,58,24,0,Matches
861e0116,Kostas Stafylidis,gr GRE,"DF,MF",Bochum,29-136,1993,10.6,27,16,13,8,6,10,23,43.5,13,20,8,12,17,44,28,1,Matches
1fffae99,Jens Stage,dk DEN,MF,Werder Bremen,26-160,1996,15.6,27,13,10,16,1,6,29,20.7,23,30,9,21,14,41,23,0,Matches
7ed08d5c,Josip Stanišić,hr CRO,DF,Bayern Munich,23-015,2000,5.2,19,11,14,2,3,12,17,70.6,5,6,0,6,6,25,9,1,Matches
aad48be9,Niklas Stark,de GER,DF,Werder Bremen,28-003,1995,17.3,44,29,23,18,3,20,30,66.7,10,13,6,7,30,74,81,0,Matches
99f7e9aa,Pascal Stenzel,de GER,DF,Stuttgart,27-028,1996,3.6,12,8,8,4,0,5,9,55.6,4,8,2,6,5,17,6,0,Matches
3b1ed320,Angelo Stiller,de GER,MF,Hoffenheim,22-013,2001,7.4,26,12,9,13,4,8,12,66.7,4,12,2,10,10,36,11,0,Matches
7cd6badb,Lars Stindl,de GER,"FW,MF",M'Gladbach,34-234,1988,16.1,20,10,4,14,2,10,24,41.7,14,19,3,16,11,31,17,0,Matches
e5649a78,Kevin Stöger,at AUT,MF,Bochum,29-233,1993,24.3,71,35,31,29,11,27,78,34.6,51,23,4,19,23,94,18,0,Matches
e33c06cf,Niklas Süle,de GER,DF,Dortmund,27-226,1995,17.8,18,12,14,2,2,8,15,53.3,7,22,13,9,12,30,39,0,Matches
e18098de,Ivan Šunjić,hr CRO,MF,Hertha BSC,26-190,1996,11.0,38,20,16,21,1,16,24,66.7,8,17,5,12,13,51,19,1,Matches
92d83c27,Mattias Svanberg,se SWE,"MF,FW",Wolfsburg,24-102,1999,16.8,17,10,6,10,1,7,26,26.9,19,20,4,16,18,35,21,1,Matches
934e1968,Dominik Szoboszlai,hu HUN,"MF,FW",RB Leipzig,22-174,2000,23.0,37,24,9,16,12,13,34,38.2,21,30,2,28,16,53,25,0,Matches
e92cd3f7,Alexander Sørloth,no NOR,FW,RB Leipzig,27-133,1995,0.1,0,0,0,0,0,0,0,,0,0,0,0,0,0,0,0,Matches
bd142efb,Jonathan Tah,de GER,DF,Leverkusen,27-065,1996,21.7,20,10,16,4,0,11,17,64.7,6,23,13,10,31,51,97,0,Matches
a73c8f95,Edmond Tapsoba,bf BFA,DF,Leverkusen,24-074,1999,26.9,46,27,30,12,4,26,37,70.3,11,34,16,18,33,79,90,1,Matches
27270af4,Niklas Tauer,de GER,"DF,MF",Mainz 05,22-059,2001,1.0,2,1,2,0,0,1,3,33.3,2,2,1,1,2,4,4,0,Matches
829aa60c,Mathys Tel,fr FRA,FW,Bayern Munich,17-355,2005,3.9,1,1,0,1,0,1,1,100.0,0,5,1,4,0,1,1,0,Matches
0b45a8d7,Semir Telalovic,de GER,"MF,FW",M'Gladbach,23-115,1999,0.1,0,0,0,0,0,0,0,,0,0,0,0,0,0,0,0,Matches
863ff1ee,Simon Terodde,de GER,FW,Schalke 04,35-046,1988,16.8,15,8,4,7,4,3,12,25.0,9,6,2,4,6,21,7,0,Matches
ff5ea0bf,Malick Thiaw,de GER,DF,Schalke 04,21-252,2001,3.0,3,1,2,1,0,1,2,50.0,1,4,3,1,9,12,24,1,Matches
fd53759d,Jan Thielmann,de GER,FW,Köln,20-326,2002,6.8,8,7,3,4,1,2,8,25.0,6,9,2,7,5,13,5,0,Matches
d1b49282,Morten Thorsby,no NOR,MF,Union Berlin,26-347,1996,8.0,19,9,7,10,2,11,18,61.1,7,9,4,5,2,21,18,0,Matches
6f8cd6d0,Marcus Thuram,fr FRA,FW,M'Gladbach,25-254,1997,25.2,13,6,3,5,5,6,12,50.0,6,19,3,16,6,19,21,0,Matches
6b8887c2,Steffen Tigges,de GER,FW,Köln,24-260,1998,15.5,9,5,1,6,2,4,12,33.3,8,12,2,10,7,16,15,0,Matches
e547d3cf,Umut Tohumcu,de GER,MF,Hoffenheim,18-249,2004,2.7,10,5,4,5,1,3,8,37.5,5,4,0,4,1,11,7,0,Matches
b492126a,Tiago Tomás,pt POR,"FW,MF",Stuttgart,20-305,2002,11.5,8,4,2,3,3,6,9,66.7,3,8,2,6,1,9,4,0,Matches
c8c60119,Almamy Touré,ml MLI,DF,Eint Frankfurt,26-354,1996,1.8,5,4,2,3,0,3,5,60.0,2,5,2,3,5,10,2,0,Matches
71ec39ef,Lucas Tousart,fr FRA,MF,Hertha BSC,25-353,1997,26.7,62,31,29,24,9,19,44,43.2,25,29,1,28,39,101,59,1,Matches
ce17b5eb,Kevin Trapp,de GER,GK,Eint Frankfurt,32-283,1990,27.0,1,1,1,0,0,0,2,0.0,2,2,0,2,0,1,9,0,Matches
056d2d95,Christopher Trimmel,at AUT,DF,Union Berlin,36-052,1987,17.3,28,15,15,11,2,18,27,66.7,9,13,1,12,23,51,42,0,Matches
35d64857,Tuta,br BRA,DF,Eint Frankfurt,23-287,1999,25.2,38,24,18,14,6,22,40,55.0,18,37,11,26,39,77,104,1,Matches
7d3e7da6,Sven Ulreich,de GER,GK,Bayern Munich,34-257,1988,3.0,1,1,1,0,0,1,1,100.0,0,0,0,0,0,1,0,1,Matches
cd61c7af,Lauren Ulrich,de GER,MF,Stuttgart,18-076,2005,0.1,1,1,0,0,1,0,0,,0,0,0,0,0,1,0,0,Matches
d248cd8f,Dayot Upamecano,fr FRA,DF,Bayern Munich,24-172,1998,24.0,61,34,40,21,0,26,42,61.9,16,24,6,18,25,86,67,4,Matches
af842091,Filip Uremović,hr CRO,DF,Hertha BSC,26-065,1997,17.1,31,18,22,8,1,13,20,65.0,7,15,10,5,30,61,73,2,Matches
d75f3980,Jere Uronen,fi FIN,DF,Schalke 04,28-278,1994,5.0,7,5,4,3,0,3,6,50.0,3,4,2,2,4,11,8,0,Matches
a3ddb1b9,Mark Uth,de GER,"MF,FW",Köln,31-236,1991,0.5,0,0,0,0,0,0,0,,0,0,0,0,0,0,0,0,Matches
fb377d11,Josha Vagnoman,de GER,"DF,MF",Stuttgart,22-127,2000,10.7,15,9,6,7,2,9,15,60.0,6,13,2,11,7,22,24,1,Matches
6ecbddf6,Ruben Vargas,ch SUI,"MF,FW",Augsburg,24-255,1998,9.7,12,5,5,5,2,4,10,40.0,6,6,2,4,5,17,14,1,Matches
fc8fcbd1,Renato Veiga,pt POR,DF,Augsburg,19-262,2003,3.9,4,3,1,1,2,3,3,100.0,0,10,5,5,4,8,17,1,Matches
a5ae8f8e,Miloš Veljković,rs SRB,DF,Werder Bremen,27-203,1995,19.9,24,14,14,10,0,14,24,58.3,10,25,14,11,29,53,87,0,Matches
8fe2a392,Mickey van de Ven,nl NED,DF,Wolfsburg,21-363,2001,28.0,38,25,21,16,1,25,35,71.4,10,37,22,15,21,59,95,2,Matches
5360a956,Gabriel Vidovic,hr CRO,FW,Bayern Munich,19-137,2003,0.2,0,0,0,0,0,0,0,,0,0,0,0,0,0,0,0,Matches
1d8e9add,Kevin Vogt,de GER,DF,Hoffenheim,31-206,1991,18.7,15,10,10,5,0,9,21,42.9,12,18,11,7,26,41,65,0,Matches
f86cd5df,Aster Vranckx,be BEL,MF,Wolfsburg,20-195,2002,0.1,0,0,0,0,0,0,0,,0,0,0,0,0,0,1,0,Matches
e3d3fbeb,Robert Wagner,de GER,MF,Freiburg,19-277,2003,0.3,0,0,0,0,0,0,0,,0,2,0,2,0,0,2,0,Matches
e5a35ae9,Luca Waldschmidt,de GER,"FW,MF",Wolfsburg,26-333,1996,4.5,5,2,2,1,2,2,8,25.0,6,1,0,1,3,8,3,0,Matches
cb64672e,Paul Wanner,de GER,MF,Bayern Munich,17-115,2005,0.3,3,1,1,2,0,1,1,100.0,0,0,0,0,0,3,1,0,Matches
346d51d9,Julian Weigl,de GER,MF,M'Gladbach,27-221,1995,15.0,33,13,16,16,1,19,32,59.4,13,15,2,13,13,46,25,0,Matches
231c67ff,Nelson Weiper,de GER,"FW,MF",Mainz 05,18-031,2005,0.4,2,0,0,0,2,1,1,100.0,0,1,0,1,0,2,1,0,Matches
30c220c3,Mitchell Weiser,de GER,"DF,FW",Werder Bremen,28-361,1994,23.4,59,38,29,23,7,30,58,51.7,28,43,6,37,25,84,30,1,Matches
dd676a97,Noah Weißhaupt,de GER,"MF,FW",Freiburg,21-209,2001,1.9,7,2,2,4,1,2,5,40.0,3,2,0,2,2,9,5,0,Matches
1c86aa16,Marcel Wenig,de GER,MF,Eint Frankfurt,18-348,2004,0.0,0,0,0,0,0,0,0,,0,0,0,0,0,0,0,0,Matches
49fe9070,Timo Werner,de GER,"FW,MF",RB Leipzig,27-042,1996,17.1,6,3,3,2,1,3,10,30.0,7,11,0,11,6,12,5,0,Matches
f68b64fc,Silvan Widmer,ch SUI,DF,Mainz 05,30-043,1993,17.0,23,15,14,8,1,17,31,54.8,14,20,6,14,31,54,25,0,Matches
cb11b429,Patrick Wimmer,at AUT,"FW,MF",Wolfsburg,21-322,2001,13.7,31,19,14,8,9,11,30,36.7,19,21,2,19,13,44,12,0,Matches
2077ae86,Jonas Wind,dk DEN,FW,Wolfsburg,24-069,1999,9.3,8,1,1,4,3,2,7,28.6,5,10,4,6,1,9,8,0,Matches
a1257b5e,Frederik Winther,dk DEN,DF,Augsburg,22-103,2001,1.0,2,2,1,1,0,0,2,0.0,2,1,1,0,0,2,7,0,Matches
e7fcf289,Florian Wirtz,de GER,"FW,MF",Leverkusen,19-349,2003,8.0,15,9,7,7,1,7,12,58.3,5,10,1,9,1,16,6,0,Matches
be42a291,Hannes Wolf,at AUT,FW,M'Gladbach,24-001,1999,4.1,10,7,4,5,1,4,10,40.0,6,3,0,3,2,12,7,0,Matches
fa661778,Marius Wolf,de GER,DF,Dortmund,27-325,1995,13.7,20,14,8,9,3,13,25,52.0,12,34,9,25,17,37,22,1,Matches
6190474d,Jeong Woo-yeong,kr KOR,"MF,FW",Freiburg,23-209,1999,6.9,7,3,4,2,1,2,5,40.0,3,7,1,6,1,8,7,0,Matches
ea0893d6,Kelvin Yeboah,it ITA,"FW,MF",Augsburg,22-346,2000,2.8,3,3,1,2,0,1,4,25.0,3,4,0,4,1,4,2,0,Matches
caffaf5a,Maya Yoshida,jp JPN,DF,Schalke 04,34-236,1988,26.9,31,20,18,13,0,16,27,59.3,11,37,27,10,45,76,126,1,Matches
a4effc55,Dan-Axel Zagadou,fr FRA,DF,Stuttgart,23-318,1999,9.3,10,6,8,2,0,4,11,36.4,7,15,12,3,11,21,55,1,Matches
fc3697dd,Rodrigo Zalazar,uy URU,"MF,FW",Schalke 04,23-248,1999,11.2,12,7,5,6,1,7,19,36.8,12,12,1,11,5,17,10,0,Matches
65bf7e2b,Aaron Zehnter,de GER,DF,Augsburg,18-168,2004,0.0,0,0,0,0,0,0,1,0.0,1,0,0,0,1,1,0,0,Matches
5c4bf6ba,Robin Zentner,de GER,GK,Mainz 05,28-171,1994,22.0,0,0,0,0,0,0,4,0.0,4,0,0,0,0,0,13,1,Matches
9b688ae1,Michael Zetterer,de GER,GK,Werder Bremen,27-279,1995,1.7,0,0,0,0,0,0,0,,0,0,0,0,0,0,1,0,Matches
29f7cfd9,Simon Zoller,de GER,FW,Bochum,31-295,1991,14.3,8,2,2,6,0,3,9,33.3,6,13,1,12,6,14,20,0,Matches
