id,Player,Nation,Pos,Squad,Age,Born,90s,Tkl,TklW,Def 3rd,Mid 3rd,Att 3rd,Tkl.1,Att,Tkl%,Lost,Blocks,Sh,Pass,Int,Tkl+Int,Clr,Err,Matches
4cd41883,Paxten Aaronson,us USA,"MF,FW",Eint Frankfurt,19-242,2003,0.7,3,3,1,2,0,1,2,50.0,1,1,0,1,0,3,0,0,Matches
22919e97,Sargis Adamyan,am ARM,"FW,MF",Köln,29-337,1993,7.1,13,6,4,3,6,6,15,40.0,9,12,0,12,3,16,5,0,Matches
501055d8,Karim Adeyemi,de GER,"FW,MF",Dortmund,21-097,2002,11.5,13,9,5,5,3,6,23,26.1,17,13,0,13,6,19,1,0,Matches
dcfb17f4,Amine Adli,fr FRA,"FW,MF",Leverkusen,22-350,2000,12.9,13,10,3,4,6,4,14,28.6,10,26,2,24,6,19,6,0,Matches
cb6d81b3,Felix Agu,de GER,"DF,FW",Werder Bremen,23-210,1999,0.5,1,0,0,1,0,0,0,,0,1,1,0,0,1,0,0,Matches
a6c58494,Naouirou Ahamada,fr FRA,MF,Stuttgart,21-027,2002,15.5,17,11,7,7,3,8,20,40.0,12,16,5,11,8,25,7,0,Matches
462475ed,Ludovic Ajorque,fr FRA,"FW,MF",Mainz 05,29-059,1994,11.0,4,4,1,2,1,0,6,0.0,6,8,2,6,1,5,6,0,Matches
6ec6fde0,Kevin Akpoguma,ng NGA,DF,Hoffenheim,28-006,1995,18.9,71,41,42,26,3,29,41,70.7,12,43,14,29,22,93,54,1,Matches
834d0be5,Lucas Alario,ar ARG,"FW,MF",Eint Frankfurt,30-199,1992,3.7,3,2,1,0,2,0,1,0.0,1,0,0,0,2,5,13,0,Matches
00f518d8,Faride Alidou,de GER,"DF,MF",Eint Frankfurt,21-281,2001,1.7,8,5,3,4,1,3,8,37.5,5,3,0,3,1,9,2,0,Matches
8ce30c57,Éder Álvarez Balanta,co COL,"MF,FW",Schalke 04,30-056,1993,2.6,5,4,2,3,0,2,6,33.3,4,0,0,0,3,8,4,0,Matches
cd682b6b,Lukáš Ambros,cz CZE,MF,Wolfsburg,18-324,2004,0.2,1,0,1,0,0,1,4,25.0,3,1,0,1,0,1,2,1,Matches
555d5edd,Nadiem Amiri,de GER,"MF,FW",Leverkusen,26-180,1996,9.1,12,4,4,6,2,7,16,43.8,9,9,0,9,5,17,10,1,Matches
e0b113a7,Robert Andrich,de GER,MF,Leverkusen,28-215,1994,24.7,56,35,28,24,4,24,41,58.5,17,26,9,17,38,94,50,2,Matches
30941e96,Angeliño,es ESP,DF,Hoffenheim,26-111,1997,24.8,34,21,17,14,3,20,30,66.7,10,28,6,22,21,55,55,0,Matches
5e66fa06,Waldemar Anton,de GER,DF,Stuttgart,26-279,1996,27.8,44,25,25,17,2,24,45,53.3,21,39,15,24,33,77,108,2,Matches
0a3f6cde,Christopher Antwi-Adjei,gh GHA,"FW,MF",Bochum,29-077,1994,17.2,17,11,5,5,7,6,20,30.0,14,10,0,10,3,20,10,0,Matches
56413b1f,Charles Aránguiz,cl CHI,MF,Leverkusen,34-008,1989,5.5,17,7,7,10,0,12,20,60.0,8,4,0,4,7,24,4,0,Matches
86e119e0,Maximilian Arnold,de GER,MF,Wolfsburg,28-333,1994,25.8,51,25,19,25,7,23,46,50.0,23,31,11,20,22,73,59,0,Matches
13ddc856,Takuma Asano,jp JPN,"FW,MF",Bochum,28-166,1994,14.6,10,6,2,3,5,4,10,40.0,6,13,1,12,8,18,3,0,Matches
35f67a30,Fisnik Asllani,xk KVX,FW,Hoffenheim,20-260,2002,1.9,0,0,0,0,0,0,4,0.0,4,2,0,2,3,3,3,0,Matches
fe46e261,Mehmet Aydin,de GER,"DF,FW",Schalke 04,21-075,2002,6.3,25,18,14,9,2,11,24,45.8,13,11,0,11,10,35,15,0,Matches
ce81d82d,Ayman Azhil,ma MAR,MF,Leverkusen,22-015,2001,0.0,0,0,0,0,0,0,0,,0,0,0,0,0,0,0,0,Matches
10549b49,Sardar Azmoun,ir IRN,"FW,MF",Leverkusen,28-114,1995,7.6,5,3,1,3,1,1,7,14.3,6,3,0,3,2,7,7,0,Matches
f582d5c1,Sanoussy Ba,de GER,DF,RB Leipzig,19-110,2004,0.0,0,0,0,0,0,0,0,,0,0,0,0,0,0,0,0,Matches
a8567629,Mitchel Bakker,nl NED,"DF,MF",Leverkusen,22-309,2000,14.2,14,8,7,7,0,4,11,36.4,7,16,2,14,13,27,16,2,Matches
442b56fa,Ridle Baku,de GER,DF,Wolfsburg,25-017,1998,24.2,40,18,24,13,3,25,48,52.1,23,40,6,34,19,59,48,0,Matches
a2a85828,Aymen Barkok,ma MAR,MF,Mainz 05,24-339,1998,4.7,15,7,9,3,3,3,6,50.0,3,5,0,5,3,18,7,0,Matches
00242b75,Leandro Barreiro Martins,lu LUX,MF,Mainz 05,23-112,2000,20.3,50,30,18,21,11,17,37,45.9,20,31,11,20,36,86,30,1,Matches
e61bdd69,Gil Bastião Dias,pt POR,FW,Stuttgart,26-209,1996,4.4,8,6,3,4,1,3,12,25.0,9,7,0,7,2,10,3,0,Matches
44a20f0c,Maximilian Bauer,de GER,DF,Augsburg,23-075,2000,17.7,26,14,18,8,0,15,29,51.7,14,22,8,14,23,49,71,0,Matches
47064058,Oliver Baumann,de GER,GK,Hoffenheim,32-327,1990,29.0,0,0,0,0,0,0,0,,0,0,0,0,0,0,13,1,Matches
bd7d2e6d,Timo Baumgartl,de GER,DF,Union Berlin,27-052,1996,5.7,9,5,5,2,2,4,17,23.5,13,11,3,8,1,10,14,0,Matches
69374ff5,Julian Baumgartlinger,at AUT,MF,Augsburg,35-113,1988,5.9,14,3,5,5,4,6,19,31.6,13,4,2,2,4,18,15,0,Matches
437f2b00,Christoph Baumgartner,at AUT,"MF,FW",Hoffenheim,23-267,1999,24.7,34,18,12,16,6,9,44,20.5,35,52,5,47,14,48,17,1,Matches
fbbc8e15,Noah Joel Sarenren Bazee,ng NGA,"MF,FW",Augsburg,26-247,1996,0.2,0,0,0,0,0,0,1,0.0,1,1,0,1,0,0,0,0,Matches
a53b661f,Ihlas Bebou,tg TOG,FW,Hoffenheim,29-002,1994,10.9,9,9,1,5,3,4,8,50.0,4,8,1,7,5,14,6,0,Matches
8eb55dbb,Sheraldo Becker,sr SUR,FW,Union Berlin,28-075,1995,23.4,12,4,1,6,5,2,10,20.0,8,9,1,8,2,14,5,1,Matches
30ae134d,Kevin Behrens,de GER,FW,Union Berlin,32-081,1991,13.7,11,7,4,4,3,4,16,25.0,12,15,3,12,4,15,21,0,Matches
857a5abe,Stefan Bell,de GER,DF,Mainz 05,31-244,1991,21.7,36,22,28,8,0,18,35,51.4,17,33,13,20,40,76,107,0,Matches
bee0bab1,Karim Bellarabi,de GER,"FW,MF",Leverkusen,33-017,1990,0.9,2,0,1,1,0,2,3,66.7,1,0,0,0,0,2,0,0,Matches
57d88cf9,Jude Bellingham,eng ENG,MF,Dortmund,19-300,2003,26.9,71,38,26,31,14,33,48,68.8,15,48,3,45,33,104,26,0,Matches
378825c7,Ramy Bensebaini,dz ALG,DF,M'Gladbach,28-009,1995,24.6,34,21,21,10,3,26,37,70.3,11,40,13,27,32,66,92,1,Matches
eb6e14be,Mergim Berisha,de GER,FW,Augsburg,24-349,1998,17.5,11,6,4,3,4,4,13,30.8,9,14,1,13,0,11,19,0,Matches
7aac47fe,Ermin Bičakčić,ba BIH,DF,Hoffenheim,33-091,1990,1.9,3,0,2,1,0,1,4,25.0,3,2,1,1,4,7,5,0,Matches
07d3bfec,Tom Bischof,de GER,"MF,FW",Hoffenheim,17-301,2005,3.4,13,9,6,3,4,6,9,66.7,3,5,1,4,1,14,1,0,Matches
dc62fbee,Leonardo Bittencourt,de GER,"MF,DF",Werder Bremen,29-127,1993,14.0,32,18,8,17,7,12,31,38.7,19,10,0,10,9,41,11,0,Matches
663e080e,Janis Blaswich,de GER,GK,RB Leipzig,31-358,1991,22.0,0,0,0,0,0,0,0,,0,0,0,0,0,0,6,0,Matches
691bef82,Daley Blind,nl NED,"DF,MF",Bayern Munich,33-047,1990,1.5,2,0,2,0,0,0,1,0.0,1,4,2,2,2,4,6,0,Matches
f4ec4fd0,Kevin-Prince Boateng,gh GHA,MF,Hertha BSC,36-050,1987,4.5,7,5,4,2,1,2,8,25.0,6,8,3,5,2,9,4,0,Matches
635f2732,Jean-Paul Boëtius,nl NED,MF,Hertha BSC,29-034,1994,9.5,24,14,15,7,2,6,18,33.3,12,18,1,17,11,35,8,0,Matches
36578017,Yvandro Borges Sanches,lu LUX,"FW,MF",M'Gladbach,18-336,2004,0.3,2,2,0,2,0,2,2,100.0,0,0,0,0,0,2,0,0,Matches
01834aa0,Sebastiaan Bornauw,be BEL,DF,Wolfsburg,24-034,1999,16.4,21,12,12,7,2,10,15,66.7,5,18,9,9,24,45,68,0,Matches
c68da769,Rafael Borré,co COL,"MF,FW",Eint Frankfurt,27-222,1995,10.4,22,14,4,11,7,3,12,25.0,9,10,2,8,2,24,6,0,Matches
a167537f,Julian Brandt,de GER,"MF,FW",Dortmund,26-358,1996,22.4,23,17,5,11,7,9,33,27.3,24,19,0,19,15,38,7,1,Matches
d28339cb,Fabian Bredlow,de GER,GK,Stuttgart,28-054,1995,10.0,1,1,1,0,0,1,1,100.0,0,0,0,0,0,1,4,1,Matches
d4a2533d,Josip Brekalo,hr CRO,"MF,FW",Wolfsburg,24-306,1998,3.0,2,1,2,0,0,0,4,0.0,4,0,0,0,2,4,2,0,Matches
e27da244,John Brooks,us USA,DF,Hoffenheim,30-087,1993,10.0,12,8,6,6,0,9,13,69.2,4,10,5,5,8,20,62,0,Matches
bbd79358,Moritz Broschinski,de GER,"FW,MF",Bochum,22-214,2000,1.8,0,0,0,0,0,0,4,0.0,4,1,0,1,0,0,4,0,Matches
f0a37d36,Cédric Brunner,ch SUI,DF,Schalke 04,29-067,1994,22.4,32,22,22,8,2,26,39,66.7,13,23,7,16,36,68,68,0,Matches
4e204552,Jacob Bruun Larsen,dk DEN,FW,Hoffenheim,24-218,1998,3.3,3,2,0,0,3,2,2,100.0,0,2,0,2,1,4,0,0,Matches
45e95f21,Lee Buchanan,eng ENG,"DF,FW",Werder Bremen,22-049,2001,4.1,12,9,2,9,1,6,8,75.0,2,4,0,4,8,20,12,0,Matches
ab5b7dc1,Marius Bülter,de GER,"FW,MF",Schalke 04,30-027,1993,25.2,21,11,8,6,7,11,27,40.7,16,30,1,29,10,31,19,0,Matches
05e2d5ea,Delano Burgzorg,nl NED,"FW,MF",Mainz 05,24-169,1998,2.4,3,3,1,1,1,2,3,66.7,1,2,0,2,0,3,1,0,Matches
05f99a4a,Jonathan Burkardt,de GER,"MF,FW",Mainz 05,22-288,2000,5.9,3,1,0,1,2,1,4,25.0,3,6,1,5,1,4,1,0,Matches
f631c17f,Oliver Burke,sct SCO,"FW,MF",Werder Bremen,26-018,1997,3.0,1,0,0,0,1,0,0,,0,2,0,2,0,1,0,0,Matches
b4705807,Aurélio Buta,pt POR,DF,Eint Frankfurt,26-074,1997,10.0,25,15,13,11,1,12,20,60.0,8,12,1,11,7,32,22,0,Matches
10745192,Jamie Bynoe-Gittens,eng ENG,"FW,MF",Dortmund,18-260,2004,5.9,8,4,2,5,1,2,7,28.6,5,1,0,1,1,9,2,0,Matches
0118c54c,Anthony Caci,fr FRA,DF,Mainz 05,25-298,1997,19.3,44,23,26,14,4,20,30,66.7,10,20,4,16,47,91,32,0,Matches
d1db4b83,Kerim Calhanoglu,de GER,DF,Schalke 04,20-242,2002,0.7,2,1,2,0,0,2,2,100.0,0,1,0,1,0,2,3,0,Matches
d1273f09,Daniel Caligiuri,it ITA,"DF,MF",Augsburg,35-100,1988,3.2,8,5,5,3,0,4,5,80.0,1,3,2,1,3,11,2,0,Matches
a65ce836,Emre Can,de GER,"MF,DF",Dortmund,29-103,1994,16.1,51,23,23,23,5,20,36,55.6,16,10,2,8,21,72,29,1,Matches
bd6351cd,João Cancelo,pt POR,"DF,FW",Bayern Munich,28-333,1994,7.0,18,12,8,8,2,6,14,42.9,8,8,1,7,8,26,12,0,Matches
5e080f73,Irvin Cardona,fr FRA,"FW,MF",Augsburg,25-260,1997,2.6,1,1,1,0,0,1,4,25.0,3,3,0,3,2,3,5,0,Matches
db401046,Koen Casteels,be BEL,GK,Wolfsburg,30-304,1992,29.0,0,0,0,0,0,0,0,,0,0,0,0,1,1,9,1,Matches
ae7058f9,Julian Chabot,de GER,DF,Köln,25-072,1998,15.0,30,21,17,10,3,16,27,59.3,11,22,13,9,31,61,86,0,Matches
b3b7f5a6,Timothy Chandler,us USA,DF,Eint Frankfurt,33-027,1990,0.9,2,2,2,0,0,2,2,100.0,0,1,0,1,0,2,3,0,Matches
48780156,Fabio Chiarodia,it ITA,DF,Werder Bremen,17-324,2005,0.7,0,0,0,0,0,0,0,,0,1,0,1,2,2,4,0,Matches
af104654,Oliver Christensen,dk DEN,GK,Hertha BSC,24-034,1999,29.0,1,0,1,0,0,0,2,0.0,2,0,0,0,0,1,21,2,Matches
c6608135,Darko Churlinov,mk MKD,FW,Stuttgart,22-288,2000,0.3,3,2,2,1,0,2,3,66.7,1,1,0,1,0,3,0,0,Matches
6e17c802,Tolga Ciğerci,tr TUR,MF,Hertha BSC,31-033,1992,7.5,16,13,6,9,1,10,16,62.5,6,6,2,4,8,24,5,0,Matches
dd5bbe0d,David Čolina,hr CRO,"DF,FW",Augsburg,22-280,2000,1.2,3,1,1,1,1,2,2,100.0,0,6,0,6,3,6,2,0,Matches
042e8a49,Kingsley Coman,fr FRA,"FW,MF",Bayern Munich,26-316,1996,11.7,10,7,3,5,2,6,14,42.9,8,17,1,16,1,11,5,0,Matches
5ddb8f9f,Danny da Costa,de GER,DF,Mainz 05,29-286,1993,10.9,14,13,3,7,4,6,12,50.0,6,20,3,17,9,23,21,0,Matches
9dff291c,Soumaïla Coulibaly,fr FRA,DF,Dortmund,19-193,2003,0.5,0,0,0,0,0,0,0,,0,0,0,0,0,0,0,1,Matches
05ba9d7c,Tanguy Coulibaly,fr FRA,"FW,DF",Stuttgart,22-066,2001,3.2,12,9,9,1,2,5,12,41.7,7,8,0,8,3,15,0,0,Matches
8f325097,Nicolas Cozza,fr FRA,DF,Wolfsburg,24-107,1999,0.3,1,1,1,0,0,1,1,100.0,0,0,0,0,0,1,0,0,Matches
eac044ad,Moanes Dabbur,il ISR,"FW,MF",Hoffenheim,30-346,1992,7.8,8,5,2,5,1,3,7,42.9,4,4,0,4,3,11,0,0,Matches
dee3013b,Finn Dahmen,de GER,GK,Mainz 05,25-029,1998,6.0,0,0,0,0,0,0,0,,0,0,0,0,0,0,0,0,Matches
db4ed67b,Mahmoud Dahoud,de GER,MF,Dortmund,27-114,1996,3.7,11,9,3,4,4,7,7,100.0,0,6,2,4,7,18,3,0,Matches
d3d77413,Muhammed Damar,de GER,MF,Hoffenheim,19-016,2004,1.8,6,3,1,2,3,1,2,50.0,1,3,0,3,0,6,0,0,Matches
41bff4fa,Márton Dárdai,de GER,DF,Hertha BSC,21-072,2002,8.0,13,7,8,5,0,6,12,50.0,6,10,7,3,9,22,37,1,Matches
3eb0f2df,Vladimír Darida,cz CZE,MF,Hertha BSC,32-260,1990,0.3,1,1,0,1,0,0,0,,0,1,0,1,0,1,0,0,Matches
d781d855,Alphonso Davies,ca CAN,DF,Bayern Munich,22-174,2000,22.7,45,28,25,13,7,18,39,46.2,21,28,4,24,24,69,24,4,Matches
fe641c1a,Thomas Delaney,dk DEN,MF,Hoffenheim,31-234,1991,3.3,6,3,3,2,1,3,8,37.5,5,5,0,5,1,7,4,0,Matches
54b4dc4e,Kerem Demirbay,de GER,MF,Leverkusen,29-296,1993,15.2,31,15,14,14,3,17,32,53.1,15,24,6,18,14,45,7,0,Matches
ed79b7d3,Ermedin Demirović,ba BIH,"FW,MF",Augsburg,25-031,1998,21.4,28,13,8,11,9,9,18,50.0,9,27,4,23,14,42,30,0,Matches
7bf9400b,Sepp van den Berg,nl NED,DF,Schalke 04,21-126,2001,3.6,2,1,1,1,0,0,0,,0,4,2,2,8,10,19,1,Matches
aeed5c06,Moussa Diaby,fr FRA,"FW,MF",Leverkusen,23-292,1999,25.4,13,7,3,8,2,7,14,50.0,7,6,0,6,4,17,3,0,Matches
fc62f087,Abdou Diallo,sn SEN,"DF,MF",RB Leipzig,26-356,1996,4.9,6,5,5,1,0,1,3,33.3,2,4,3,1,7,13,19,0,Matches
d82a310a,Justin Diehl,de GER,"MF,FW",Köln,18-149,2004,0.2,0,0,0,0,0,0,0,,0,0,0,0,0,0,0,0,Matches
8779ddf8,Florian Dietz,de GER,FW,Köln,24-265,1998,4.4,2,1,0,2,0,1,4,25.0,3,4,1,3,0,2,2,0,Matches
95bb6ddc,Junior Dina Ebimbe,fr FRA,"DF,MF",Eint Frankfurt,22-155,2000,10.3,28,18,14,14,0,14,29,48.3,15,16,4,12,8,36,13,0,Matches
4ccd8957,Eren Dinkçi,de GER,"FW,MF",Werder Bremen,21-133,2001,2.4,5,5,2,1,2,2,6,33.3,4,2,0,2,0,5,1,0,Matches
d01bbb6f,Ritsu Doan,jp JPN,"FW,MF",Freiburg,24-313,1998,23.4,56,25,19,27,10,24,50,48.0,26,36,1,35,11,67,12,0,Matches
f67c9d29,Danilho Doekhi,nl NED,DF,Union Berlin,24-299,1998,19.6,30,20,18,12,0,12,22,54.5,10,24,10,14,22,52,77,0,Matches
cc83b74d,Kasper Dolberg,dk DEN,"FW,MF",Hoffenheim,25-201,1997,4.0,7,5,1,4,2,4,6,66.7,2,6,2,4,0,7,2,0,Matches
7f73bdf4,Niklas Dorsch,de GER,MF,Augsburg,25-100,1998,2.1,12,6,4,8,0,4,7,57.1,3,4,1,3,1,13,2,0,Matches
9a2e3a23,Dion Drena Beljo,hr CRO,FW,Augsburg,21-055,2002,8.4,6,5,2,2,2,2,10,20.0,8,11,1,10,1,7,6,0,Matches
809940aa,Dominick Drexler,de GER,"MF,FW",Schalke 04,32-334,1990,13.1,21,15,10,9,2,7,19,36.8,12,15,1,14,5,26,11,0,Matches
638a4d71,Marvin Ducksch,de GER,FW,Werder Bremen,29-049,1994,27.0,8,3,2,4,2,3,15,20.0,12,8,0,8,7,15,36,1,Matches
79ca3e23,Ondrej Duda,sk SVK,MF,Köln,28-141,1994,7.7,9,8,2,5,2,4,11,36.4,7,7,1,6,2,11,3,0,Matches
beb882a8,Maximilian Eggestein,de GER,MF,Freiburg,26-138,1996,23.3,43,24,16,21,6,16,32,50.0,16,33,7,26,29,72,23,0,Matches
2f7fec15,Lilian Egloff,de GER,"MF,FW",Stuttgart,20-248,2002,2.7,12,10,4,5,3,4,6,66.7,2,2,0,2,1,13,1,0,Matches
76b2817e,Kingsley Ehizibue,nl NED,DF,Köln,27-335,1995,0.7,0,0,0,0,0,0,0,,0,1,0,1,2,2,1,0,Matches
e7f3e8a7,Chidera Ejuke,ng NGA,"FW,MF",Hertha BSC,25-113,1998,8.9,4,3,1,3,0,1,5,20.0,4,3,0,3,2,6,0,0,Matches
48035304,Nico Elvedi,ch SUI,DF,M'Gladbach,26-207,1996,26.5,43,22,30,11,2,26,32,81.3,6,24,11,13,31,74,135,3,Matches
c149016b,Wataru Endo,jp JPN,MF,Stuttgart,30-075,1993,27.5,63,36,28,28,7,33,74,44.6,41,38,6,32,25,88,57,0,Matches
554bcc91,Arne Engels,be BEL,MF,Augsburg,19-229,2003,12.7,19,8,8,10,1,8,15,53.3,7,11,3,8,14,33,7,1,Matches
1e43fad8,Ralf Fährmann,de GER,GK,Schalke 04,34-210,1988,10.4,1,0,1,0,0,1,1,100.0,0,0,0,0,0,1,7,2,Matches
677da306,Ohis Felix Uduokhai,de GER,DF,Augsburg,25-228,1997,12.7,28,19,13,12,3,14,26,53.8,12,21,11,10,23,51,48,1,Matches
3bb625ac,Edimilson Fernandes,ch SUI,DF,Mainz 05,27-010,1996,22.6,29,21,22,4,3,13,26,50.0,13,35,15,20,46,75,73,2,Matches
79f7302a,Kilian Fischer,de GER,DF,Wolfsburg,22-195,2000,5.1,8,5,3,3,2,5,9,55.6,4,5,0,5,5,13,14,0,Matches
a92ab7be,Mark Flekken,nl NED,GK,Freiburg,29-316,1993,29.0,0,0,0,0,0,0,1,0.0,1,0,0,0,0,0,7,3,Matches
9642c929,Florian Flick,de GER,MF,Schalke 04,22-359,2000,5.7,12,3,7,5,0,4,14,28.6,10,9,3,6,4,16,18,0,Matches
9a2e0ccc,Emil Forsberg,se SWE,"MF,FW",RB Leipzig,31-184,1991,14.0,14,11,1,6,7,6,18,33.3,12,21,1,20,3,17,6,0,Matches
76fa965f,Philipp Förster,de GER,MF,Bochum,28-080,1995,11.9,25,17,10,11,4,8,32,25.0,24,20,0,20,4,29,4,0,Matches
a9142dc3,Timothy Fosu-Mensah,nl NED,DF,Leverkusen,25-113,1998,2.1,7,5,3,3,1,4,4,100.0,0,2,0,2,0,7,1,0,Matches
626fab5f,Raphael Framberger,de GER,"DF,FW",Augsburg,27-231,1995,2.0,10,6,6,4,0,3,5,60.0,2,2,1,1,2,12,5,0,Matches
697dc00a,Bartol Franjić,hr CRO,MF,Wolfsburg,23-101,2000,2.5,4,2,2,2,0,0,2,0.0,2,4,1,3,5,9,4,0,Matches
458e3479,Oscar Fraulo,dk DEN,MF,M'Gladbach,19-140,2003,0.0,0,0,0,0,0,0,0,,0,0,0,0,0,0,0,0,Matches
33182cb8,Michael Frey,ch SUI,FW,Schalke 04,28-280,1994,8.8,11,5,2,6,3,3,12,25.0,9,5,0,5,1,12,1,0,Matches
f86ad3f5,Marco Friedl,at AUT,DF,Werder Bremen,25-040,1998,23.8,48,34,30,18,0,31,55,56.4,24,38,13,25,54,102,101,1,Matches
b77f44a4,Marvin Friedrich,de GER,DF,M'Gladbach,27-133,1995,10.8,13,9,10,2,1,8,10,80.0,2,9,4,5,11,24,40,0,Matches
74f2e748,Jeremie Frimpong,nl NED,"DF,MF",Leverkusen,22-136,2000,25.1,46,23,20,23,3,18,36,50.0,18,21,2,19,13,59,37,0,Matches
0cf778df,Chris Führich,de GER,"FW,MF",Stuttgart,25-106,1998,19.0,33,13,14,14,5,22,41,53.7,19,28,2,26,7,40,12,0,Matches
4b96c347,Angelo Fulgini,fr FRA,MF,Mainz 05,26-248,1996,5.8,6,5,2,3,1,5,12,41.7,7,5,0,5,5,11,7,0,Matches
4f16405e,Niclas Füllkrug,de GER,FW,Werder Bremen,30-075,1993,25.5,9,4,0,6,3,3,12,25.0,9,12,4,8,1,10,24,0,Matches
f27680d9,Cristian Gamboa,cr CRC,DF,Bochum,33-183,1989,15.1,38,21,26,11,1,18,26,69.2,8,17,6,11,15,53,33,1,Matches
6c731625,Silvère Ganvoula M'Boussy,cg CGO,"FW,MF",Bochum,26-307,1996,2.6,2,2,0,1,1,0,0,,0,0,0,0,0,2,3,0,Matches
277be51d,Dario Gebuhr,de GER,DF,Eint Frankfurt,19-354,2003,0.2,0,0,0,0,0,0,1,0.0,1,0,0,0,0,0,0,0,Matches
37f606f0,Dennis Geiger,de GER,MF,Hoffenheim,24-319,1998,19.4,41,22,15,25,1,21,34,61.8,13,25,3,22,18,59,13,1,Matches
62ab9184,Yannick Gerhardt,de GER,MF,Wolfsburg,29-043,1994,18.1,27,14,8,11,8,11,25,44.0,14,24,4,20,6,33,23,0,Matches
7242b495,Niko Gießelmann,de GER,DF,Union Berlin,31-211,1991,14.4,21,11,9,9,3,13,31,41.9,18,17,5,12,9,30,28,0,Matches
17376543,Rafał Gikiewicz,pl POL,GK,Augsburg,35-181,1987,23.0,2,2,2,0,0,2,3,66.7,1,0,0,0,0,2,15,5,Matches
f521b80a,Matthias Ginter,de GER,DF,Freiburg,29-096,1994,29.0,38,17,24,12,2,23,36,63.9,13,31,18,13,35,73,126,3,Matches
88e357ef,Serge Gnabry,de GER,"FW,MF",Bayern Munich,27-285,1995,17.0,28,17,9,11,8,11,27,40.7,16,21,1,20,9,37,5,1,Matches
83b9c48f,Jacek Góralski,pl POL,MF,Bochum,30-216,1992,1.6,6,3,3,3,0,4,6,66.7,2,4,0,4,3,9,5,0,Matches
cc86b9a3,Leon Goretzka,de GER,MF,Bayern Munich,28-078,1995,17.6,38,22,19,13,6,24,43,55.8,19,37,3,34,28,66,29,0,Matches
9efa1d25,Mario Götze,de GER,MF,Eint Frankfurt,30-326,1992,25.4,37,21,13,17,7,11,39,28.2,28,21,0,21,13,50,7,0,Matches
1025db8e,Jeffrey Gouweleeuw,nl NED,DF,Augsburg,31-289,1991,26.1,41,26,18,17,6,23,45,51.1,22,37,23,14,47,88,119,2,Matches
b8e740fb,Ryan Gravenberch,nl NED,MF,Bayern Munich,20-344,2002,4.0,10,6,1,8,1,5,10,50.0,5,4,1,3,5,15,5,0,Matches
8e235926,Michael Gregoritsch,at AUT,FW,Freiburg,29-007,1994,21.6,19,12,6,9,4,3,21,14.3,18,21,3,18,5,24,10,0,Matches
f9dfb7ae,Leo Greiml,at AUT,DF,Schalke 04,21-296,2001,4.0,10,5,4,5,1,5,12,41.7,7,7,3,4,3,13,16,0,Matches
54e4866f,Vincenzo Grifo,it ITA,"FW,MF",Freiburg,30-018,1993,22.2,24,14,5,11,8,10,26,38.5,16,11,1,10,14,38,16,0,Matches
37998008,Lennart Grill,de GER,GK,Union Berlin,24-090,1999,5.0,0,0,0,0,0,0,1,0.0,1,0,0,0,0,0,1,1,Matches
14a7af33,Christian Groß,de GER,MF,Werder Bremen,34-076,1989,18.6,50,23,17,31,2,27,56,48.2,29,18,5,13,22,72,35,1,Matches
ae9b998d,Brajan Gruda,de GER,MF,Mainz 05,18-329,2004,0.0,0,0,0,0,0,0,0,,0,0,0,0,0,0,0,0,Matches
1fc4f3d1,Ilia Gruev,bg BUL,MF,Werder Bremen,22-354,2000,15.0,39,24,14,22,3,17,28,60.7,11,20,5,15,20,59,17,1,Matches
f2dd9a21,Carlos Gruezo,ec ECU,MF,Augsburg,28-006,1995,10.7,21,12,12,9,0,9,16,56.3,7,13,4,9,10,31,15,0,Matches
048a1cbc,Raphaël Guerreiro,pt POR,"DF,MF",Dortmund,29-124,1993,22.2,32,16,13,13,6,19,32,59.4,13,17,1,16,32,64,18,0,Matches
e6c43eec,Josuha Guilavogui,fr FRA,"MF,DF",Wolfsburg,32-218,1990,8.6,14,9,3,10,1,4,15,26.7,11,18,12,6,13,27,35,0,Matches
923f4dda,Sehrou Guirassy,gn GUI,FW,Stuttgart,27-044,1996,13.7,3,1,1,2,0,1,1,100.0,0,7,2,5,0,3,11,0,Matches
bcb2ccd8,Péter Gulácsi,hu HUN,GK,RB Leipzig,32-354,1990,6.0,0,0,0,0,0,0,0,,0,0,0,0,0,0,2,0,Matches
25ab9c9c,Manuel Gulde,de GER,DF,Freiburg,32-072,1991,5.0,9,6,7,2,0,1,1,100.0,0,5,1,4,12,21,19,0,Matches
1df0c0b9,Robert Gumny,pl POL,DF,Augsburg,24-325,1998,21.0,33,23,13,15,5,10,24,41.7,14,19,7,12,22,55,57,1,Matches
8593f88c,Christian Günter,de GER,"DF,MF",Freiburg,30-056,1993,27.6,28,20,17,9,2,12,40,30.0,28,17,4,13,14,42,35,0,Matches
5ad50391,Joško Gvardiol,hr CRO,DF,RB Leipzig,21-092,2002,22.3,22,16,14,8,0,9,20,45.0,11,34,17,17,31,53,73,1,Matches
70dcf94d,Janik Haberer,de GER,MF,Union Berlin,29-023,1994,20.5,25,14,7,15,3,15,41,36.6,26,31,2,29,12,37,22,0,Matches
a5ec3ede,Alexander Hack,de GER,DF,Mainz 05,29-229,1993,12.6,30,18,21,9,0,19,33,57.6,14,18,5,13,24,54,45,1,Matches
cd82452e,André Hahn,de GER,"FW,MF",Augsburg,32-255,1990,4.3,9,5,4,4,1,8,12,66.7,4,9,2,7,4,13,14,0,Matches
92432bc6,Amadou Haidara,ml MLI,MF,RB Leipzig,25-084,1998,13.3,21,10,12,9,0,10,29,34.5,19,23,4,19,21,42,14,0,Matches
ba115a40,Sébastien Haller,ci CIV,FW,Dortmund,28-307,1994,9.3,1,1,0,0,1,0,2,0.0,2,5,0,5,0,1,7,0,Matches
8ff2354e,Marcel Halstenberg,de GER,DF,RB Leipzig,31-210,1991,14.9,33,18,17,11,5,18,32,56.3,14,22,1,21,18,51,22,0,Matches
2e77d607,Andreas Hanche-Olsen,no NOR,DF,Mainz 05,26-098,1997,12.6,27,17,20,4,3,18,31,58.1,13,10,5,5,26,53,53,2,Matches
f24ea523,Genki Haraguchi,jp JPN,MF,Stuttgart,31-351,1991,7.7,15,7,6,7,2,3,13,23.1,10,13,2,11,8,23,5,0,Matches
f24ea523,Genki Haraguchi,jp JPN,MF,Union Berlin,31-351,1991,5.5,12,8,1,10,1,3,9,33.3,6,7,1,6,3,15,9,0,Matches
9ab16552,Makoto Hasebe,jp JPN,DF,Eint Frankfurt,39-097,1984,11.6,14,8,12,2,0,5,18,27.8,13,17,7,10,14,28,39,0,Matches
50871bcc,Thorgan Hazard,be BEL,"FW,DF",Dortmund,30-027,1993,5.2,17,6,5,11,1,12,17,70.6,5,6,0,6,5,22,5,0,Matches
c2009df3,Jonas Hector,de GER,DF,Köln,32-333,1990,26.4,84,46,49,27,8,50,86,58.1,36,55,6,49,34,118,60,0,Matches
699fb8db,Dominique Heintz,de GER,DF,Bochum,29-253,1993,6.4,7,5,4,3,0,3,10,30.0,7,10,6,4,10,17,32,0,Matches
0a89e877,Benjamin Henrichs,de GER,"DF,MF",RB Leipzig,26-061,1997,21.9,69,43,38,29,2,41,61,67.2,20,46,4,42,30,99,40,0,Matches
c3ee18ef,Lucas Hernández,fr FRA,DF,Bayern Munich,27-070,1996,5.3,6,4,3,3,0,5,6,83.3,1,2,1,1,5,11,7,0,Matches
dfb6490a,Patrick Herrmann,de GER,"FW,MF",M'Gladbach,32-072,1991,1.7,6,2,4,1,1,2,4,50.0,2,2,0,2,2,8,0,0,Matches
0c7a48f8,Piero Hincapié,ec ECU,DF,Leverkusen,21-106,2002,23.3,43,28,23,17,3,20,33,60.6,13,38,18,20,28,71,73,1,Matches
5521f419,Adam Hložek,cz CZE,"FW,MF",Leverkusen,20-274,2002,13.0,8,3,4,3,1,2,8,25.0,6,9,2,7,6,14,9,0,Matches
5d8e331f,Nicolas Höfler,de GER,MF,Freiburg,33-047,1990,27.3,58,30,23,32,3,24,52,46.2,28,39,13,26,47,105,40,0,Matches
2903a856,Jonas Hofmann,de GER,"FW,MF",M'Gladbach,30-285,1992,24.8,22,12,14,7,1,10,43,23.3,33,32,2,30,15,37,21,0,Matches
877bc844,Philipp Hofmann,de GER,FW,Bochum,30-026,1993,24.6,16,10,0,12,4,5,10,50.0,5,18,8,10,6,22,34,0,Matches
ca618d23,Lucas Höler,de GER,"FW,MF",Freiburg,28-289,1994,11.7,14,10,3,6,5,4,13,30.8,9,18,5,13,8,22,16,0,Matches
2979c05a,Gerrit Holtmann,ph PHI,"FW,MF",Bochum,28-031,1995,10.1,14,7,6,7,1,12,20,60.0,8,15,1,14,2,16,3,0,Matches
2b83fa49,Jannes Horn,de GER,"DF,FW",Bochum,26-078,1997,0.7,2,1,1,1,0,1,1,100.0,0,1,0,1,3,5,2,0,Matches
ad3389d5,Lukáš Hrádecký,fi FIN,GK,Leverkusen,33-152,1989,28.0,0,0,0,0,0,0,0,,0,0,0,0,0,0,3,1,Matches
94302c52,Timo Hübers,de GER,DF,Köln,26-279,1996,23.4,39,24,32,7,0,22,44,50.0,22,23,10,13,48,87,131,0,Matches
15f3ec41,Callum Hudson-Odoi,eng ENG,"FW,MF",Leverkusen,22-169,2000,6.7,5,3,4,0,1,1,1,100.0,0,0,0,0,2,7,4,0,Matches
05d548d8,Mats Hummels,de GER,DF,Dortmund,34-130,1988,18.1,52,28,31,20,1,29,47,61.7,18,26,14,12,28,80,84,1,Matches
b116c6e3,Denis Huseinbasic,de GER,"MF,FW",Köln,21-296,2001,7.9,22,9,7,11,4,10,24,41.7,14,16,2,14,4,26,5,0,Matches
054849d2,Iago,br BRA,"DF,MF",Augsburg,26-033,1997,17.8,34,16,20,10,4,11,29,37.9,18,18,5,13,17,51,53,0,Matches
f5c4fd91,Arijon Ibrahimović,de GER,MF,Bayern Munich,17-135,2005,0.2,1,1,1,0,0,0,0,,0,0,0,0,0,1,0,0,Matches
271b8617,Marcus Ingvartsen,dk DEN,"FW,MF",Mainz 05,27-111,1996,12.3,3,1,0,1,2,1,9,11.1,8,8,1,7,2,5,9,0,Matches
97d545ae,Ko Itakura,jp JPN,DF,M'Gladbach,26-088,1997,18.6,19,13,12,5,2,9,22,40.9,13,36,23,13,22,41,80,0,Matches
204dded0,Hiroki Ito,jp JPN,DF,Stuttgart,23-348,1999,24.5,34,26,20,12,2,16,31,51.6,15,36,15,21,34,68,88,0,Matches
8bf58a80,Andreas Ivan,ro ROU,MF,Schalke 04,28-105,1995,0.5,0,0,0,0,0,0,1,0.0,1,0,0,0,0,0,1,0,Matches
34b0387f,Lee Jae-sung,kr KOR,MF,Mainz 05,30-258,1992,18.0,31,14,7,19,5,12,29,41.4,17,28,5,23,13,44,15,0,Matches
a93b6f4e,Paul Jaeckel,de GER,DF,Union Berlin,24-277,1998,11.6,23,18,11,11,1,16,31,51.6,15,10,5,5,16,39,39,1,Matches
a8ee54ad,Kristijan Jakić,hr CRO,"DF,MF",Eint Frankfurt,25-346,1997,16.2,33,21,19,12,2,22,41,53.7,19,32,10,22,14,47,49,1,Matches
fa4cabd1,Jan Jakob Olschowsky,de GER,GK,M'Gladbach,21-158,2001,2.0,0,0,0,0,0,0,1,0.0,1,0,0,0,0,0,1,0,Matches
689c9cf4,Saidy Janko,gm GAM,DF,Bochum,27-185,1995,9.0,18,11,12,4,2,9,15,60.0,6,16,4,12,10,28,22,1,Matches
34b54da7,Tony Jantschke,de GER,"DF,MF",M'Gladbach,33-018,1990,1.0,2,1,1,1,0,1,1,100.0,0,4,2,2,0,2,5,0,Matches
3eeb80e0,Fredrik Jensen,fi FIN,"FW,MF",Augsburg,25-228,1997,10.3,15,10,8,3,4,5,10,50.0,5,12,5,7,4,19,12,0,Matches
ee644761,Moritz Jenz,de GER,DF,Schalke 04,23-360,1999,9.5,13,10,7,5,1,4,6,66.7,2,15,9,6,7,20,48,1,Matches
f36c432f,Stevan Jovetić,me MNE,"FW,MF",Hertha BSC,33-174,1989,6.9,2,1,1,1,0,1,4,25.0,3,2,1,1,0,2,6,0,Matches
de838f86,Anthony Jung,de GER,"DF,FW",Werder Bremen,31-173,1991,25.2,43,26,17,19,7,30,53,56.6,23,27,5,22,21,64,47,0,Matches
0a084b35,Josip Juranović,hr CRO,DF,Union Berlin,27-252,1995,8.0,7,6,4,2,1,6,15,40.0,9,8,2,6,4,11,14,1,Matches
2d61d13a,Ozan Kabak,tr TUR,DF,Hoffenheim,23-031,2000,21.9,42,29,22,17,3,12,21,57.1,9,25,15,10,42,84,66,0,Matches
79c90e45,Pavel Kadeřábek,cz CZE,DF,Hoffenheim,31-000,1992,17.7,25,19,10,9,6,14,21,66.7,7,12,2,10,13,38,36,1,Matches
94c18565,Florian Kainz,at AUT,"MF,FW",Köln,30-183,1992,22.0,19,9,6,11,2,7,19,36.8,12,24,5,19,26,45,27,1,Matches
15f24fe7,Sasa Kalajdzic,at AUT,FW,Stuttgart,25-292,1997,2.6,3,2,0,1,2,1,3,33.3,2,1,0,1,0,3,0,0,Matches
15b287da,Daichi Kamada,jp JPN,"MF,FW",Eint Frankfurt,26-263,1996,20.2,41,24,8,30,3,24,44,54.5,20,26,2,24,14,55,13,1,Matches
202b3b68,Jakub Kamiński,pl POL,"FW,MF",Wolfsburg,20-324,2002,18.6,27,18,9,10,8,12,26,46.2,14,26,0,26,5,32,8,0,Matches
463503e2,Marcin Kamiński,pl POL,DF,Schalke 04,31-100,1992,3.0,2,1,2,0,0,1,2,50.0,1,4,4,0,6,8,16,0,Matches
b825a650,Kevin Kampl,si SVN,MF,RB Leipzig,32-198,1990,12.9,17,10,4,12,1,4,23,17.4,19,22,7,15,17,34,8,0,Matches
b4c816a9,Wilfried Kanga,ci CIV,FW,Hertha BSC,25-063,1998,15.3,5,4,2,1,2,2,3,66.7,1,14,3,11,2,7,12,0,Matches
8f0f2230,Kenan Karaman,tr TUR,FW,Schalke 04,29-051,1994,7.0,8,6,1,4,3,2,8,25.0,6,7,1,6,2,10,8,0,Matches
5762be5c,Atakan Karazor,de GER,MF,Stuttgart,26-194,1996,17.9,47,28,16,25,6,24,42,57.1,18,34,10,24,28,75,39,0,Matches
778ccc44,Thomas Kastanaras,gr GRE,"FW,DF",Stuttgart,20-106,2003,0.8,0,0,0,0,0,0,0,,0,1,0,1,0,0,0,0,Matches
de4cac2d,Silas Katompa,cd COD,"FW,DF",Stuttgart,24-201,1998,18.3,24,16,4,14,6,6,18,33.3,12,12,2,10,7,31,1,0,Matches
d2c580ce,Yannik Keitel,de GER,MF,Freiburg,23-069,2000,6.0,10,6,3,6,1,3,3,100.0,0,4,1,3,10,20,7,0,Matches
815c314f,Marc-Oliver Kempf,de GER,DF,Hertha BSC,28-087,1995,27.3,38,23,23,14,1,16,22,72.7,6,41,32,9,46,84,124,0,Matches
099e666f,Jonjoe Kenny,eng ENG,DF,Hertha BSC,26-041,1997,19.9,38,28,20,15,3,19,34,55.9,15,26,6,20,36,74,52,0,Matches
59e4b92e,Rani Khedira,de GER,MF,Union Berlin,29-088,1994,27.0,54,30,18,29,7,23,44,52.3,21,28,8,20,38,92,29,0,Matches
610aa1e9,Luca Kilian,de GER,DF,Köln,23-236,1999,12.2,22,16,14,7,1,12,21,57.1,9,16,8,8,10,32,48,0,Matches
49296448,Joshua Kimmich,de GER,MF,Bayern Munich,28-076,1995,26.4,68,40,18,42,8,37,67,55.2,30,27,5,22,39,107,31,1,Matches
ca8033cb,Lukas Klostermann,de GER,DF,RB Leipzig,26-326,1996,6.3,13,7,6,7,0,7,11,63.6,4,2,1,1,5,18,13,0,Matches
19a967ab,Ansgar Knauff,de GER,DF,Eint Frankfurt,21-105,2002,13.1,34,23,20,11,3,14,30,46.7,16,18,1,17,14,48,24,0,Matches
6bd5cd5d,Robin Knoche,de GER,DF,Union Berlin,30-338,1992,27.9,42,28,28,10,4,22,42,52.4,20,32,16,16,29,71,120,0,Matches
cd59b9df,Gregor Kobel,ch SUI,GK,Dortmund,25-140,1997,22.0,0,0,0,0,0,0,1,0.0,1,0,0,0,0,0,6,2,Matches
0fbecd11,Dominik Kohr,de GER,MF,Mainz 05,29-084,1994,21.5,48,26,16,27,5,22,52,42.3,30,36,7,29,31,79,20,0,Matches
c0b3669f,Randal Kolo Muani,fr FRA,FW,Eint Frankfurt,24-141,1998,25.5,14,10,3,3,8,1,8,12.5,7,17,1,16,3,17,10,0,Matches
ab096c6f,Timothée Kolodziejczak,fr FRA,DF,Schalke 04,31-206,1991,0.3,0,0,0,0,0,0,1,0.0,1,0,0,0,1,1,1,0,Matches
86574238,Kouadio Koné,fr FRA,MF,M'Gladbach,21-343,2001,26.3,69,37,36,29,4,23,41,56.1,18,37,9,28,26,95,17,0,Matches
1f3afdcb,Odilon Kossonou,ci CIV,DF,Leverkusen,22-111,2001,15.9,19,13,10,7,2,8,16,50.0,8,22,9,13,22,41,52,1,Matches
b1cd37e6,Filip Kostić,rs SRB,"DF,MF",Eint Frankfurt,30-175,1992,0.8,2,0,1,1,0,0,0,,0,0,0,0,1,3,0,0,Matches
dc366c36,Tomáš Koubek,cz CZE,GK,Augsburg,30-242,1992,6.0,0,0,0,0,0,0,0,,0,0,0,0,0,0,3,0,Matches
f1e855eb,Soichiro Kozuki,jp JPN,"FW,MF",Schalke 04,22-124,2000,4.2,6,4,3,3,0,4,6,66.7,2,5,0,5,3,9,3,0,Matches
e717705a,Alex Král,cz CZE,MF,Schalke 04,24-341,1998,21.2,30,20,10,18,2,15,31,48.4,16,29,5,24,14,44,43,0,Matches
603cb947,Andrej Kramarić,hr CRO,"MF,FW",Hoffenheim,31-310,1991,21.7,5,2,2,1,2,1,9,11.1,8,11,1,10,5,10,11,0,Matches
496aeede,Christoph Kramer,de GER,MF,M'Gladbach,32-065,1991,23.7,39,28,20,14,5,20,50,40.0,30,32,1,31,17,56,40,0,Matches
9f77012e,Tom Krauß,de GER,MF,Schalke 04,21-307,2001,24.6,101,59,38,53,10,44,89,49.4,45,34,5,29,32,133,28,0,Matches
f9446dcd,Max Kruse,de GER,"MF,FW",Wolfsburg,35-037,1988,3.0,1,1,0,1,0,0,1,0.0,1,2,1,1,0,1,1,0,Matches
2a29eb9b,Lukas Kübler,de GER,DF,Freiburg,30-238,1992,15.5,34,23,21,9,4,17,25,68.0,8,21,9,12,24,58,39,0,Matches
9ceb7642,Pierre Kunde,cm CMR,"MF,FW",Bochum,27-273,1995,3.9,12,6,3,8,1,6,14,42.9,8,7,1,6,4,16,7,0,Matches
f1bc3876,Alou Kuol,au AUS,FW,Stuttgart,22-210,2000,0.1,0,0,0,0,0,0,0,,0,0,0,0,0,0,0,0,Matches
2770726a,Daniel Kyereh,gh GHA,"MF,FW",Freiburg,27-048,1996,6.2,6,4,2,4,0,3,6,50.0,3,4,0,4,2,8,6,0,Matches
277c49ed,Maxence Lacroix,fr FRA,DF,Wolfsburg,23-019,2000,17.6,22,13,15,7,0,8,16,50.0,8,21,10,11,26,48,84,0,Matches
22798128,Aïssa Laïdouni,tn TUN,MF,Union Berlin,26-133,1996,6.8,10,4,4,6,0,3,12,25.0,9,16,3,13,7,17,3,0,Matches
c1b7847c,Konrad Laimer,at AUT,MF,RB Leipzig,25-333,1997,11.8,38,19,15,18,5,20,35,57.1,15,21,2,19,14,52,6,0,Matches
4aea5077,Stefan Lainer,at AUT,DF,M'Gladbach,30-241,1992,4.2,6,3,1,4,1,3,10,30.0,7,2,0,2,6,12,16,1,Matches
591477c9,Vassilis Lambropoulos,gr GRE,DF,Bochum,33-025,1990,6.9,10,8,7,3,0,6,9,66.7,3,5,3,2,12,22,40,0,Matches
72984eee,Jordan Larsson,se SWE,"FW,MF",Schalke 04,25-309,1997,5.1,8,5,1,7,0,2,9,22.2,7,9,0,9,4,12,3,0,Matches
33b554b7,Danny Latza,de GER,MF,Schalke 04,33-139,1989,7.3,15,11,7,7,1,4,11,36.4,7,14,1,13,3,18,12,0,Matches
c4987edc,Diogo Leite,pt POR,DF,Union Berlin,24-092,1999,21.5,27,15,16,11,0,16,28,57.1,12,19,12,7,23,50,86,0,Matches
7e12a98d,Maxim Leitsch,de GER,DF,Mainz 05,24-342,1998,7.4,9,7,6,3,0,4,5,80.0,1,7,4,3,18,27,26,1,Matches
792ffa71,Tim Lemperle,de GER,"FW,MF",Köln,21-079,2002,1.3,6,4,3,1,2,3,5,60.0,2,2,0,2,1,7,4,0,Matches
bbd86530,Christopher Lenz,de GER,DF,Eint Frankfurt,28-215,1994,10.4,21,16,11,6,4,11,27,40.7,16,14,2,12,16,37,23,0,Matches
13fe7b69,Jamie Leweling,de GER,FW,Union Berlin,22-058,2001,2.4,4,3,2,2,0,3,4,75.0,1,2,0,2,1,5,0,0,Matches
302527b2,Philipp Lienhart,at AUT,DF,Freiburg,26-288,1996,25.0,28,17,19,9,0,13,23,56.5,10,23,12,11,33,61,86,0,Matches
d6e53a3a,Matthijs de Ligt,nl NED,DF,Bayern Munich,23-256,1999,21.8,25,18,13,11,1,13,20,65.0,7,27,17,10,20,45,72,0,Matches
37dc1a48,Jesper Lindstrøm,dk DEN,"MF,FW",Eint Frankfurt,23-055,2000,17.0,23,10,13,6,4,6,20,30.0,14,21,2,19,7,30,9,0,Matches
c455a2b2,Dejan Ljubicic,at AUT,"MF,FW",Köln,25-199,1997,15.2,19,12,5,11,3,10,31,32.3,21,19,0,19,8,27,7,0,Matches
07c7eb0c,Anthony Losilla,fr FRA,MF,Bochum,37-046,1986,25.3,65,44,27,29,9,31,58,53.4,27,29,9,20,30,95,57,0,Matches
0c61c77c,Dodi Lukebakio,be BEL,"FW,MF",Hertha BSC,25-213,1997,23.1,17,11,6,8,3,6,20,30.0,14,22,5,17,9,26,14,0,Matches
8a6ab963,Andrey Lunyov,ru RUS,GK,Leverkusen,31-163,1991,1.0,0,0,0,0,0,0,0,,0,0,0,0,0,0,0,0,Matches
ab700320,Arne Maier,de GER,MF,Augsburg,24-107,1999,18.4,26,19,12,11,3,8,13,61.5,5,19,0,19,13,39,15,0,Matches
e5d85da8,Linton Maina,de GER,"FW,MF",Köln,23-306,1999,20.5,15,11,3,10,2,7,30,23.3,23,15,0,15,5,20,8,0,Matches
864163f3,Donyell Malen,nl NED,FW,Dortmund,24-096,1999,14.9,11,5,3,3,5,4,7,57.1,3,11,0,11,4,15,6,0,Matches
c691bfe2,Sadio Mané,sn SEN,"FW,MF",Bayern Munich,31-015,1992,14.1,11,5,3,3,5,1,9,11.1,8,14,2,12,0,11,4,0,Matches
706a60e1,Myziane Maolida,fr FRA,"FW,MF",Hertha BSC,24-070,1999,1.1,1,1,1,0,0,1,2,50.0,1,0,0,0,0,1,1,0,Matches
0e0102eb,Omar Marmoush,eg EGY,FW,Wolfsburg,24-077,1999,15.5,15,10,8,2,5,4,14,28.6,10,19,1,18,7,22,4,0,Matches
92a16062,Eric Martel,de GER,MF,Köln,20-361,2002,19.0,55,35,25,24,6,25,53,47.2,28,23,6,17,26,81,45,0,Matches
2f3e911a,Aarón Martín,es ESP,DF,Mainz 05,26-003,1997,17.3,33,22,19,10,4,17,30,56.7,13,16,1,15,14,47,25,0,Matches
a396fb61,Erhan Mašović,rs SRB,"DF,MF",Bochum,24-154,1998,19.5,43,27,23,19,1,23,42,54.8,19,27,12,15,20,63,63,0,Matches
ab3f1bdf,Henning Matriciani,de GER,DF,Schalke 04,23-042,2000,17.1,36,18,25,8,3,20,51,39.2,31,19,9,10,19,55,46,1,Matches
00963611,Konstantinos Mavropanos,gr GRE,DF,Stuttgart,25-135,1997,23.2,48,26,31,14,3,27,37,73.0,10,36,18,18,60,108,91,0,Matches
826e8b63,Philipp Max,de GER,DF,Eint Frankfurt,29-207,1993,7.2,11,8,4,6,1,4,15,26.7,11,10,2,8,2,13,9,0,Matches
0e6bc38c,Eric Maxim Choupo-Moting,cm CMR,FW,Bayern Munich,34-033,1989,12.1,10,7,2,6,2,1,2,50.0,1,8,0,8,0,10,5,0,Matches
ebb32f3a,Keke Maximilian Topp,de GER,FW,Schalke 04,19-031,2004,0.2,0,0,0,0,0,0,0,,0,0,0,0,1,1,0,0,Matches
b74277a0,Noussair Mazraoui,ma MAR,"DF,FW",Bayern Munich,25-162,1997,7.3,19,14,4,6,9,9,16,56.3,7,5,1,4,7,26,15,0,Matches
46750e9c,Nathanael Mbuku,fr FRA,"MF,FW",Augsburg,21-040,2002,0.4,1,0,0,1,0,0,0,,0,0,0,0,0,1,0,0,Matches
e162b013,Thomas Meunier,be BEL,DF,Dortmund,31-225,1991,6.5,16,7,8,5,3,10,17,58.8,7,7,2,5,9,25,16,0,Matches
b56dd813,Alexander Meyer,de GER,GK,Dortmund,32-012,1991,7.0,0,0,0,0,0,0,1,0.0,1,0,0,0,0,0,1,0,Matches
1e274a0a,Sven Michel,de GER,FW,Union Berlin,32-284,1990,4.9,8,5,1,5,2,4,7,57.1,3,5,1,4,0,8,4,0,Matches
f76022e7,Enzo Millot,fr FRA,MF,Stuttgart,20-282,2002,7.7,17,12,7,7,3,9,14,64.3,5,17,2,15,10,27,7,0,Matches
88d4144a,Maximilian Mittelstädt,de GER,DF,Hertha BSC,26-038,1997,7.1,32,15,24,6,2,13,26,50.0,13,10,1,9,20,52,24,0,Matches
34e4343c,Anthony Modeste,fr FRA,FW,Dortmund,35-011,1988,8.9,4,4,2,0,2,2,5,40.0,3,6,0,6,2,6,21,0,Matches
9ec9c8b6,Tobias Mohr,de GER,"DF,MF",Schalke 04,27-244,1995,8.8,7,4,3,4,0,2,7,28.6,5,13,5,8,8,15,19,0,Matches
29ddfb9c,Clinton Mola,eng ENG,DF,Stuttgart,22-041,2001,0.2,3,1,2,1,0,1,1,100.0,0,1,1,0,1,4,2,0,Matches
7e82a78f,Florent Mollet,fr FRA,MF,Schalke 04,31-157,1991,4.6,4,1,0,4,0,2,7,28.6,5,7,1,6,1,5,1,0,Matches
6ce43701,Youssoufa Moukoko,de GER,FW,Dortmund,18-156,2004,11.5,13,7,3,6,4,3,6,50.0,3,7,0,7,2,15,1,0,Matches
cbac6ec9,Florian Müller,de GER,GK,Stuttgart,25-163,1997,19.0,0,0,0,0,0,0,0,,0,0,0,0,0,0,7,4,Matches
3c6089ab,Thomas Müller,de GER,"FW,MF",Bayern Munich,33-224,1989,15.2,15,9,4,7,4,4,11,36.4,7,11,2,9,3,18,10,0,Matches
2c0558b8,Jamal Musiala,de GER,"MF,FW",Bayern Munich,20-058,2003,20.8,30,20,8,15,7,11,28,39.3,17,23,1,22,15,45,3,0,Matches
9ff8ec4a,Suliman Mustapha,at AUT,"FW,MF",Mainz 05,21-336,2001,0.8,2,2,0,2,0,0,0,,0,4,0,4,0,2,0,0,Matches
441197b8,Obite N'Dicka,fr FRA,DF,Eint Frankfurt,23-248,1999,25.9,21,15,9,8,4,15,28,53.6,13,39,15,24,30,51,135,0,Matches
e110ea4b,Nathan N'Goumou,fr FRA,FW,M'Gladbach,23-042,2000,5.0,9,4,4,4,1,5,10,50.0,5,6,0,6,1,10,3,0,Matches
61590953,Stanley N'Soki,fr FRA,DF,Hoffenheim,24-016,1999,12.6,20,11,13,6,1,10,19,52.6,9,19,4,15,23,43,33,0,Matches
30261ba1,Nikolas Nartey,dk DEN,"DF,MF",Stuttgart,23-062,2000,4.3,9,4,6,2,1,4,8,50.0,4,8,0,8,3,12,11,0,Matches
e79269bd,Luca Netz,de GER,DF,M'Gladbach,19-345,2003,4.9,16,7,12,2,2,12,20,60.0,8,5,1,4,3,19,21,0,Matches
8778c910,Manuel Neuer,de GER,GK,Bayern Munich,37-029,1986,12.0,0,0,0,0,0,0,0,,0,0,0,0,0,0,4,1,Matches
36a59ba4,Florian Neuhaus,de GER,MF,M'Gladbach,26-040,1997,12.0,13,6,6,3,4,5,18,27.8,13,19,3,16,7,20,5,0,Matches
bc249af8,Jessic Ngankam,de GER,"FW,MF",Hertha BSC,22-279,2000,7.4,12,7,5,4,3,4,8,50.0,4,6,1,5,0,12,3,0,Matches
d6862409,Florian Niederlechner,de GER,"FW,MF",Augsburg,32-183,1990,10.1,10,5,5,4,1,4,7,57.1,3,16,2,14,1,11,9,0,Matches
d6862409,Florian Niederlechner,de GER,FW,Hertha BSC,32-183,1990,5.9,7,5,1,3,3,2,5,40.0,3,7,0,7,1,8,8,0,Matches
a45241d5,Justin Njinmah,de GER,FW,Dortmund,22-161,2000,0.2,0,0,0,0,0,0,0,,0,0,0,0,0,0,0,0,Matches
7c56da38,Christopher Nkunku,fr FRA,"FW,MF",RB Leipzig,25-162,1997,16.4,4,3,0,1,3,1,6,16.7,5,8,3,5,7,11,8,0,Matches
091c86e2,Felix Nmecha,de GER,MF,Wolfsburg,22-197,2000,15.9,33,19,6,20,7,12,21,57.1,9,21,9,12,18,51,27,0,Matches
0cc5f4a5,Lukas Nmecha,de GER,FW,Wolfsburg,24-132,1998,10.0,5,3,0,2,3,3,3,100.0,0,5,1,4,3,8,4,0,Matches
5458f670,Hugo Novoa,es ESP,"DF,FW",RB Leipzig,20-114,2003,2.0,8,2,1,3,4,4,7,57.1,3,4,0,4,1,9,0,0,Matches
bdedffac,Ørjan Nyland,no NOR,GK,RB Leipzig,32-227,1990,1.0,0,0,0,0,0,0,0,,0,0,0,0,0,0,0,0,Matches
57ec75bf,Tim Oermann,de GER,DF,Bochum,19-201,2003,2.2,2,1,2,0,0,1,1,100.0,0,3,2,1,1,3,8,1,Matches
dd2e62da,Finn Ole Becker,de GER,MF,Hoffenheim,22-321,2000,4.0,7,2,2,5,0,2,4,50.0,2,4,0,4,3,10,3,0,Matches
86adbcc7,Mathias Olesen,lu LUX,MF,Köln,22-035,2001,5.0,10,5,4,4,2,5,7,71.4,2,6,1,5,2,12,3,0,Matches
ae44e8e2,Dani Olmo,es ESP,"MF,FW",RB Leipzig,24-353,1998,11.1,13,8,1,9,3,6,10,60.0,4,10,0,10,6,19,3,0,Matches
c631f952,Jonas Omlin,ch SUI,GK,M'Gladbach,29-105,1994,11.3,1,1,1,0,0,1,3,33.3,2,1,0,1,0,1,5,1,Matches
f26834c7,Karim Onisiwo,at AUT,"FW,MF",Mainz 05,31-039,1992,23.2,15,9,2,7,6,3,17,17.6,14,15,0,15,2,17,6,0,Matches
20030c06,Willi Orban,hu HUN,DF,RB Leipzig,30-173,1992,27.8,42,28,26,16,0,23,38,60.5,15,35,22,13,34,76,115,1,Matches
86c75897,Ivan Ordets,ua UKR,DF,Bochum,30-291,1992,22.2,27,16,20,6,1,15,26,57.7,11,26,12,14,44,71,105,0,Matches
0a16eb36,Jordi Osei-Tutu,eng ENG,"DF,FW",Bochum,24-205,1998,8.3,23,18,13,5,5,12,23,52.2,11,12,5,7,10,33,8,0,Matches
9662c9ec,Patrick Osterhage,de GER,MF,Bochum,23-083,2000,10.1,18,15,7,9,2,11,16,68.8,5,14,4,10,10,28,21,0,Matches
1cbe4984,Paulo Otávio,br BRA,DF,Wolfsburg,28-153,1994,22.7,72,46,46,17,9,44,66,66.7,22,42,6,36,30,102,70,1,Matches
36d9dabe,Thomas Ouwejan,nl NED,DF,Schalke 04,26-207,1996,9.7,19,8,13,5,1,6,10,60.0,4,17,4,13,13,32,26,0,Matches
8b6e0db2,Reece Oxford,eng ENG,DF,Augsburg,24-130,1998,1.0,1,1,1,0,0,0,0,,0,4,3,1,1,2,5,0,Matches
15413fa5,Salih Özcan,tr TUR,MF,Dortmund,25-104,1998,16.6,30,17,9,16,5,16,39,41.0,23,22,2,20,25,55,18,1,Matches
66385c46,Levin Öztunalı,de GER,MF,Union Berlin,27-041,1996,0.1,0,0,0,0,0,0,1,0.0,1,0,0,0,0,0,0,0,Matches
e82adcab,Exequiel Palacios,ar ARG,MF,Leverkusen,24-202,1998,15.0,49,29,18,27,4,24,42,57.1,18,21,2,19,29,78,24,0,Matches
5dc15574,Miloš Pantović,rs SRB,MF,Union Berlin,26-292,1996,2.3,4,2,4,0,0,3,5,60.0,2,3,0,3,0,4,5,0,Matches
13d23b29,Antonios Papadopoulos,de GER,DF,Dortmund,23-227,1999,0.1,0,0,0,0,0,0,0,,0,0,0,0,1,1,0,0,Matches
5c50fdbc,Kevin Paredes,us USA,"FW,MF",Wolfsburg,19-353,2003,5.0,11,8,4,3,4,8,11,72.7,3,6,0,6,6,17,5,0,Matches
1866b0f1,Marco Pašalić,hr CRO,MF,Dortmund,22-223,2000,0.1,0,0,0,0,0,0,0,,0,0,0,0,0,0,0,0,Matches
5c899683,Felix Passlack,de GER,DF,Dortmund,24-331,1998,0.5,1,0,0,1,0,0,0,,0,0,0,0,0,1,0,0,Matches
53070b63,Paulinho,br BRA,FW,Leverkusen,22-284,2000,0.9,0,0,0,0,0,0,0,,0,1,0,1,0,0,2,0,Matches
45a03961,Benjamin Pavard,fr FRA,DF,Bayern Munich,27-028,1996,22.0,59,35,32,19,8,30,38,78.9,8,29,14,15,38,97,68,0,Matches
0a1cb833,Jiří Pavlenka,cz CZE,GK,Werder Bremen,31-011,1992,27.3,1,0,1,0,0,1,5,20.0,4,0,0,0,3,4,19,1,Matches
5154b2ba,Kristian Pedersen,dk DEN,DF,Köln,28-264,1994,3.0,5,4,4,1,0,0,2,0.0,2,3,0,3,5,10,17,0,Matches
582a5247,Mads Pedersen,dk DEN,"DF,MF",Augsburg,26-236,1996,15.9,40,20,28,10,2,18,26,69.2,8,25,7,18,18,58,33,1,Matches
b684a484,Jordan Pefok,us USA,FW,Union Berlin,26-364,1996,13.4,14,7,3,3,8,2,15,13.3,13,17,5,12,4,18,14,0,Matches
c18d22f5,Peter Pekarík,sk SVK,DF,Hertha BSC,36-177,1986,2.0,4,3,4,0,0,4,6,66.7,2,6,2,4,4,8,5,0,Matches
3b61c9ec,Luca Pellegrini,it ITA,DF,Eint Frankfurt,24-049,1999,6.2,13,8,10,3,0,8,8,100.0,0,8,2,6,7,20,11,1,Matches
a2b1ed42,Ricardo Pepi,us USA,FW,Augsburg,20-106,2003,1.1,1,1,1,0,0,1,1,100.0,0,1,0,1,0,1,1,0,Matches
ff3d391c,Juan Perea,co COL,FW,Stuttgart,23-061,2000,4.4,5,4,0,2,3,2,4,50.0,2,2,1,1,1,6,3,0,Matches
f93e6e94,Nils Petersen,de GER,FW,Freiburg,34-140,1988,2.7,6,4,0,3,3,2,5,40.0,3,11,2,9,1,7,6,0,Matches
f503ef6e,Lukas Petkov,de GER,"MF,FW",Augsburg,22-175,2000,1.6,5,1,4,1,0,2,3,66.7,1,4,1,3,1,6,0,0,Matches
83e1f40e,Luca Pfeiffer,de GER,FW,Stuttgart,26-248,1996,7.6,1,1,1,0,0,0,1,0.0,1,4,0,4,1,2,5,0,Matches
061e8e23,Maximilian Philipp,de GER,FW,Wolfsburg,29-055,1994,1.3,2,1,1,1,0,1,1,100.0,0,1,0,1,0,2,0,0,Matches
061e8e23,Maximilian Philipp,de GER,"FW,MF",Werder Bremen,29-055,1994,3.0,5,4,2,2,1,1,6,16.7,5,5,1,4,3,8,2,0,Matches
526ea7cc,Amos Pieper,de GER,DF,Werder Bremen,25-098,1998,20.9,44,27,23,19,2,22,38,57.9,16,21,11,10,27,71,88,1,Matches
f7aa75bd,Marvin Plattenhardt,de GER,DF,Hertha BSC,31-089,1992,23.3,38,28,21,14,3,26,40,65.0,14,21,7,14,12,50,66,0,Matches
bc6bd723,Alassane Pléa,fr FRA,FW,M'Gladbach,30-046,1993,17.5,15,7,5,7,3,7,21,33.3,14,21,2,19,10,25,14,0,Matches
ea003d07,Joel Pohjanpalo,fi FIN,"FW,MF",Leverkusen,28-224,1994,0.0,0,0,0,0,0,0,0,,0,0,0,0,0,0,0,0,Matches
3745e8bd,Sebastian Polter,de GER,"FW,MF",Schalke 04,32-024,1991,5.2,4,3,0,4,0,1,3,33.3,2,3,0,3,0,4,6,0,Matches
7f609bfc,Stefan Posch,at AUT,DF,Hoffenheim,25-346,1997,0.2,0,0,0,0,0,0,0,,0,0,0,0,0,0,0,0,Matches
d2416c2e,Yussuf Poulsen,dk DEN,FW,RB Leipzig,28-314,1994,3.9,4,3,1,2,1,0,3,0.0,3,3,1,2,0,4,5,0,Matches
924f9191,Grischa Prömel,de GER,MF,Hoffenheim,28-106,1995,11.9,23,18,12,9,2,7,18,38.9,11,16,3,13,5,28,17,0,Matches
c68b1b13,Tymoteusz Puchacz,pl POL,DF,Union Berlin,24-092,1999,0.6,1,0,1,0,0,0,0,,0,0,0,0,0,1,1,0,Matches
7ec723b7,Eduardo Quaresma,pt POR,DF,Hoffenheim,21-054,2002,1.0,5,3,3,2,0,1,3,33.3,2,3,2,1,0,5,3,0,Matches
3c200e05,Joshua Quarshie,de GER,MF,Hoffenheim,18-273,2004,0.0,0,0,0,0,0,0,0,,0,0,0,0,0,0,0,0,Matches
b90c4a43,Diant Ramaj,de GER,GK,Eint Frankfurt,21-218,2001,1.0,0,0,0,0,0,0,0,,0,0,0,0,0,0,1,0,Matches
c8b3a472,Nicolai Rapp,de GER,"MF,DF",Werder Bremen,26-133,1996,0.8,3,1,3,0,0,0,3,0.0,3,0,0,0,0,3,1,0,Matches
7d450ed3,David Raum,de GER,"DF,MF",RB Leipzig,25-003,1998,17.7,38,24,22,12,4,16,28,57.1,12,21,5,16,16,54,23,1,Matches
cc971106,Rocco Reitz,de GER,MF,M'Gladbach,20-331,2002,0.0,0,0,0,0,0,0,0,,0,0,0,0,0,0,0,0,Matches
36a3ff67,Marco Reus,de GER,"MF,FW",Dortmund,33-329,1989,13.6,26,15,11,13,2,7,22,31.8,15,11,4,7,6,32,8,0,Matches
1ae836b1,Elvis Rexhbeçaj,de GER,MF,Augsburg,25-175,1997,24.0,43,25,14,20,9,23,52,44.2,29,34,11,23,16,59,35,0,Matches
7fa4e703,Gio Reyna,us USA,"FW,MF",Dortmund,20-163,2002,6.0,11,5,2,5,4,4,9,44.4,5,7,2,5,3,14,4,0,Matches
f972644c,Marco Richter,de GER,"MF,FW",Hertha BSC,25-152,1997,16.9,37,18,15,15,7,19,43,44.2,24,25,1,24,22,59,20,0,Matches
9f941969,Manuel Riemann,de GER,GK,Bochum,34-228,1988,29.0,2,1,2,0,0,2,2,100.0,0,1,0,1,5,7,17,6,Matches
e12b0b5b,Sebastian Rode,de GER,MF,Eint Frankfurt,32-196,1990,13.1,33,21,5,25,3,12,38,31.6,26,16,2,14,14,47,10,0,Matches
ea42c03f,Agustín Rogel,uy URU,DF,Hertha BSC,25-190,1997,12.8,17,9,12,5,0,10,14,71.4,4,11,4,7,11,28,44,1,Matches
1f2c7b55,Merlin Röhl,de GER,"MF,FW",Freiburg,20-294,2002,0.3,0,0,0,0,0,0,0,,0,0,0,0,0,0,1,0,Matches
90c1f9a4,Tom Rothe,de GER,DF,Dortmund,18-178,2004,0.3,1,1,0,1,0,1,1,100.0,0,0,0,0,1,2,2,0,Matches
13203c45,Jérôme Roussillon,fr FRA,"MF,DF",Wolfsburg,30-109,1993,0.2,0,0,0,0,0,0,0,,0,0,0,0,0,0,0,0,Matches
13203c45,Jérôme Roussillon,fr FRA,DF,Union Berlin,30-109,1993,5.9,7,3,3,3,1,5,6,83.3,1,5,2,3,2,9,14,0,Matches
80f36c88,Sebastian Rudy,de GER,MF,Hoffenheim,33-056,1990,6.5,23,11,9,14,0,10,23,43.5,13,19,2,17,6,29,13,0,Matches
c64c01fc,Georginio Rutter,fr FRA,FW,Hoffenheim,21-005,2002,11.2,7,4,1,4,2,1,3,33.3,2,10,2,8,5,12,6,0,Matches
009a4f60,Julian Ryerson,no NOR,DF,Union Berlin,25-159,1997,11.5,28,17,17,10,1,15,25,60.0,10,15,3,12,12,40,19,0,Matches
009a4f60,Julian Ryerson,no NOR,DF,Dortmund,25-159,1997,11.3,21,10,13,6,2,14,26,53.8,12,8,2,6,7,28,23,0,Matches
a70b8345,Frederik Rønnow,dk DEN,GK,Union Berlin,30-264,1992,24.0,0,0,0,0,0,0,4,0.0,4,0,0,0,0,0,8,0,Matches
e280527c,Marcel Sabitzer,at AUT,MF,Bayern Munich,29-039,1994,7.0,27,14,11,10,6,10,17,58.8,7,3,0,3,10,37,9,0,Matches
e1830c52,Dikeni Salifou,tg TOG,MF,Werder Bremen,19-321,2003,0.0,0,0,0,0,0,0,0,,0,0,0,0,0,0,0,0,Matches
bf075f6b,Roland Sallai,hu HUN,"MF,FW",Freiburg,25-338,1997,8.3,6,6,1,3,2,2,8,25.0,6,6,1,5,2,8,5,0,Matches
08593525,Diadie Samassékou,ml MLI,"MF,FW",Hoffenheim,27-104,1996,0.4,1,0,0,1,0,0,1,0.0,1,0,0,0,0,1,0,0,Matches
2b114be3,Leroy Sané,de GER,"MF,FW",Bayern Munich,27-104,1996,19.3,31,24,8,16,7,14,29,48.3,15,11,1,10,3,34,1,2,Matches
6a52a6c6,Sidi Sané,de GER,FW,Schalke 04,20-004,2003,0.3,1,1,1,0,0,1,1,100.0,0,0,0,0,0,1,0,0,Matches
236f02cd,Joe Scally,us USA,DF,M'Gladbach,20-115,2002,24.5,31,20,25,5,1,24,31,77.4,7,17,6,11,8,39,61,0,Matches
52afb588,Kevin Schade,de GER,"FW,MF",Freiburg,21-149,2001,2.0,6,4,3,2,1,3,5,60.0,2,0,0,0,0,6,2,0,Matches
049751d7,András Schäfer,hu HUN,MF,Union Berlin,24-012,1999,8.4,20,8,7,12,1,6,13,46.2,7,11,2,9,4,24,11,0,Matches
93cba339,Derry Scherhant,de GER,"FW,MF",Hertha BSC,20-166,2002,2.6,6,5,2,3,1,3,5,60.0,2,2,0,2,0,6,4,0,Matches
5d4f7d61,Patrik Schick,cz CZE,FW,Leverkusen,27-091,1996,10.5,0,0,0,0,0,0,1,0.0,1,4,1,3,1,1,7,0,Matches
bd527260,Kingsley Schindler,gh GHA,"DF,MF",Köln,29-287,1993,10.3,20,12,12,7,1,15,23,65.2,8,12,2,10,12,32,21,0,Matches
8f056768,Xaver Schlager,at AUT,MF,RB Leipzig,25-209,1997,16.3,40,23,13,25,2,20,43,46.5,23,19,2,17,16,56,23,0,Matches
f6bdc830,Keven Schlotterbeck,de GER,DF,Freiburg,25-362,1997,0.2,0,0,0,0,0,0,0,,0,1,1,0,2,2,2,0,Matches
f6bdc830,Keven Schlotterbeck,de GER,DF,Bochum,25-362,1997,6.6,15,7,11,4,0,8,9,88.9,1,11,5,6,13,28,37,0,Matches
34e12499,Nico Schlotterbeck,de GER,DF,Dortmund,23-145,1999,25.0,59,34,34,24,1,37,53,69.8,16,38,21,17,32,91,71,1,Matches
088ca1bd,Jonathan Schmid,fr FRA,DF,Freiburg,32-307,1990,0.4,0,0,0,0,0,0,0,,0,1,0,1,0,0,0,1,Matches
220ace7e,Romano Schmid,at AUT,MF,Werder Bremen,23-088,2000,13.4,23,14,5,12,6,10,20,50.0,10,18,3,15,7,30,10,0,Matches
7d31f1cb,Kenneth Schmidt,de GER,DF,Freiburg,20-326,2002,0.7,1,0,0,1,0,0,0,,0,0,0,0,0,1,1,0,Matches
b9ae8560,Niklas Schmidt,de GER,MF,Werder Bremen,25-055,1998,10.9,23,10,11,10,2,11,25,44.0,14,9,0,9,4,27,9,0,Matches
ad00b1a8,Benno Schmitz,de GER,DF,Köln,28-159,1994,23.7,60,40,29,26,5,40,71,56.3,31,30,4,26,23,83,50,0,Matches
87436846,Marvin Schwäbe,de GER,GK,Köln,28-000,1995,29.0,1,0,1,0,0,1,1,100.0,0,0,0,0,2,3,5,2,Matches
0d55d942,Alexander Schwolow,de GER,GK,Schalke 04,30-327,1992,18.6,0,0,0,0,0,0,0,,0,0,0,0,1,1,6,2,Matches
8872ed17,Paul Seguin,de GER,MF,Union Berlin,28-027,1995,7.4,16,7,9,3,4,7,17,41.2,10,6,0,6,6,22,7,0,Matches
1238a3f9,Davie Selke,de GER,FW,Hertha BSC,28-095,1995,3.1,2,1,1,1,0,0,1,0.0,1,3,1,2,1,3,5,0,Matches
1238a3f9,Davie Selke,de GER,FW,Köln,28-095,1995,6.9,0,0,0,0,0,0,2,0.0,2,2,0,2,0,0,7,0,Matches
b3325a30,Suat Serdar,de GER,MF,Hertha BSC,26-014,1997,20.5,48,21,12,29,7,18,37,48.6,19,48,12,36,26,74,23,0,Matches
313254a3,Kiliann Sildillia,fr FRA,"DF,MF",Freiburg,20-344,2002,21.2,33,20,10,19,4,18,27,66.7,9,24,9,15,21,54,44,1,Matches
3effaa34,André Silva,pt POR,FW,RB Leipzig,27-170,1995,18.2,11,5,2,5,4,3,7,42.9,4,11,1,10,3,14,3,0,Matches
fcb27134,Mohamed Simakan,fr FRA,DF,RB Leipzig,22-357,2000,11.8,13,11,8,3,2,8,14,57.1,6,14,2,12,10,23,40,0,Matches
73000a79,Daley Sinkgraven,nl NED,"DF,MF",Leverkusen,27-295,1995,3.8,10,7,7,3,0,7,9,77.8,2,8,4,4,5,15,7,0,Matches
0d8a37c2,Tobias Sippel,de GER,GK,M'Gladbach,35-034,1988,5.7,0,0,0,0,0,0,0,,0,0,0,0,0,0,1,1,Matches
c6cf860f,Hugo Siquet,be BEL,DF,Freiburg,20-290,2002,0.2,2,2,2,0,0,2,2,100.0,0,1,0,1,0,2,0,0,Matches
65857fdf,Tim Skarke,de GER,"DF,MF",Union Berlin,26-230,1996,0.6,1,1,0,0,1,0,0,,0,1,0,1,0,1,0,0,Matches
65857fdf,Tim Skarke,de GER,"FW,MF",Schalke 04,26-230,1996,3.9,9,5,2,6,1,4,7,57.1,3,5,0,5,0,9,3,0,Matches
c2211709,Ellyes Skhiri,tn TUN,MF,Köln,27-350,1995,26.7,72,40,26,39,7,24,60,40.0,36,44,10,34,49,121,44,0,Matches
ff98492b,Robert Skov,dk DEN,DF,Hoffenheim,26-340,1996,13.9,17,9,11,5,1,7,22,31.8,15,21,7,14,8,25,19,1,Matches
c967f6b8,Hrvoje Smolčić,hr CRO,DF,Eint Frankfurt,22-251,2000,5.2,8,7,6,2,0,5,10,50.0,5,11,4,7,6,14,38,0,Matches
c05f2f8c,Danilo Soares,br BRA,DF,Bochum,31-178,1991,18.2,64,42,36,21,7,38,64,59.4,26,25,4,21,26,90,50,1,Matches
4f627629,Nikola Soldo,hr CRO,DF,Köln,22-090,2001,6.6,15,9,8,7,0,7,11,63.6,4,7,6,1,7,22,28,0,Matches
420c18a1,Yann Sommer,ch SUI,GK,Bayern Munich,34-129,1988,14.0,0,0,0,0,0,0,0,,0,0,0,0,1,1,5,1,Matches
420c18a1,Yann Sommer,ch SUI,GK,M'Gladbach,34-129,1988,10.0,1,0,1,0,0,1,1,100.0,0,0,0,0,0,1,8,0,Matches
af0d79a9,Borna Sosa,hr CRO,DF,Stuttgart,25-094,1998,17.7,22,16,14,7,1,18,28,64.3,10,16,4,12,15,37,32,0,Matches
4c6facae,Djibril Sow,ch SUI,MF,Eint Frankfurt,26-078,1997,25.7,38,22,12,24,2,19,39,48.7,20,21,4,17,28,66,21,0,Matches
0f59a7bf,Anton Stach,de GER,MF,Mainz 05,24-161,1998,19.7,25,19,10,13,2,14,33,42.4,19,26,2,24,35,60,24,0,Matches
861e0116,Kostas Stafylidis,gr GRE,"DF,MF",Bochum,29-144,1993,10.6,27,16,13,8,6,10,23,43.5,13,20,8,12,17,44,28,1,Matches
1fffae99,Jens Stage,dk DEN,MF,Werder Bremen,26-168,1996,16.6,27,13,10,16,1,6,29,20.7,23,31,10,21,14,41,26,0,Matches
7ed08d5c,Josip Stanišić,hr CRO,DF,Bayern Munich,23-023,2000,6.2,19,11,14,2,3,12,17,70.6,5,9,1,8,7,26,11,3,Matches
aad48be9,Niklas Stark,de GER,DF,Werder Bremen,28-011,1995,18.3,45,29,23,19,3,21,32,65.6,11,14,7,7,33,78,85,0,Matches
99f7e9aa,Pascal Stenzel,de GER,DF,Stuttgart,27-036,1996,3.6,12,8,8,4,0,5,9,55.6,4,8,2,6,5,17,6,0,Matches
3b1ed320,Angelo Stiller,de GER,MF,Hoffenheim,22-021,2001,7.4,26,12,9,13,4,8,12,66.7,4,12,2,10,10,36,11,0,Matches
7cd6badb,Lars Stindl,de GER,"FW,MF",M'Gladbach,34-242,1988,16.8,20,10,4,14,2,10,25,40.0,15,20,3,17,11,31,17,0,Matches
e5649a78,Kevin Stöger,at AUT,MF,Bochum,29-241,1993,25.3,73,36,32,29,12,28,80,35.0,52,23,4,19,23,96,19,1,Matches
e33c06cf,Niklas Süle,de GER,DF,Dortmund,27-234,1995,18.5,18,12,14,2,2,8,16,50.0,8,24,15,9,12,30,39,0,Matches
e18098de,Ivan Šunjić,hr CRO,MF,Hertha BSC,26-198,1996,11.0,38,20,16,21,1,16,24,66.7,8,17,5,12,13,51,19,1,Matches
92d83c27,Mattias Svanberg,se SWE,"MF,FW",Wolfsburg,24-110,1999,17.5,17,10,6,10,1,7,26,26.9,19,23,5,18,19,36,21,1,Matches
934e1968,Dominik Szoboszlai,hu HUN,"MF,FW",RB Leipzig,22-182,2000,23.9,39,24,10,17,12,14,35,40.0,21,31,2,29,16,55,25,0,Matches
e92cd3f7,Alexander Sørloth,no NOR,FW,RB Leipzig,27-141,1995,0.1,0,0,0,0,0,0,0,,0,0,0,0,0,0,0,0,Matches
bd142efb,Jonathan Tah,de GER,DF,Leverkusen,27-073,1996,22.7,20,10,16,4,0,11,17,64.7,6,27,17,10,36,56,102,0,Matches
a73c8f95,Edmond Tapsoba,bf BFA,DF,Leverkusen,24-082,1999,26.9,46,27,30,12,4,26,37,70.3,11,34,16,18,33,79,90,1,Matches
27270af4,Niklas Tauer,de GER,"DF,MF",Mainz 05,22-067,2001,1.0,2,1,2,0,0,1,3,33.3,2,2,1,1,2,4,4,0,Matches
829aa60c,Mathys Tel,fr FRA,FW,Bayern Munich,17-363,2005,4.1,2,2,0,1,1,1,1,100.0,0,5,1,4,0,2,1,0,Matches
0b45a8d7,Semir Telalovic,de GER,"MF,FW",M'Gladbach,23-123,1999,0.1,0,0,0,0,0,0,0,,0,0,0,0,0,0,0,0,Matches
863ff1ee,Simon Terodde,de GER,FW,Schalke 04,35-054,1988,17.8,15,8,4,7,4,3,13,23.1,10,6,2,4,6,21,7,0,Matches
ff5ea0bf,Malick Thiaw,de GER,DF,Schalke 04,21-260,2001,3.0,3,1,2,1,0,1,2,50.0,1,4,3,1,9,12,24,1,Matches
fd53759d,Jan Thielmann,de GER,FW,Köln,20-334,2002,7.1,8,7,3,4,1,2,9,22.2,7,11,2,9,5,13,5,0,Matches
d1b49282,Morten Thorsby,no NOR,MF,Union Berlin,26-355,1996,8.3,19,9,7,10,2,11,18,61.1,7,9,4,5,2,21,18,0,Matches
6f8cd6d0,Marcus Thuram,fr FRA,FW,M'Gladbach,25-262,1997,26.1,13,6,3,5,5,6,12,50.0,6,20,3,17,6,19,21,0,Matches
6b8887c2,Steffen Tigges,de GER,FW,Köln,24-268,1998,15.8,9,5,1,6,2,4,12,33.3,8,12,2,10,7,16,15,0,Matches
e547d3cf,Umut Tohumcu,de GER,MF,Hoffenheim,18-257,2004,2.7,10,5,4,5,1,3,8,37.5,5,4,0,4,1,11,7,0,Matches
b492126a,Tiago Tomás,pt POR,"FW,MF",Stuttgart,20-313,2002,11.7,8,4,2,3,3,6,9,66.7,3,8,2,6,1,9,4,0,Matches
c8c60119,Almamy Touré,ml MLI,DF,Eint Frankfurt,26-362,1996,1.8,5,4,2,3,0,3,5,60.0,2,5,2,3,5,10,2,0,Matches
71ec39ef,Lucas Tousart,fr FRA,MF,Hertha BSC,25-361,1997,27.7,63,32,29,25,9,20,46,43.5,26,31,2,29,40,103,61,1,Matches
ce17b5eb,Kevin Trapp,de GER,GK,Eint Frankfurt,32-291,1990,28.0,1,1,1,0,0,0,2,0.0,2,2,0,2,0,1,9,0,Matches
056d2d95,Christopher Trimmel,at AUT,DF,Union Berlin,36-060,1987,17.4,28,15,15,11,2,18,27,66.7,9,13,1,12,23,51,42,0,Matches
35d64857,Tuta,br BRA,DF,Eint Frankfurt,23-295,1999,26.2,44,30,22,16,6,27,46,58.7,19,39,11,28,44,88,110,2,Matches
7d3e7da6,Sven Ulreich,de GER,GK,Bayern Munich,34-265,1988,3.0,1,1,1,0,0,1,1,100.0,0,0,0,0,0,1,0,1,Matches
cd61c7af,Lauren Ulrich,de GER,MF,Stuttgart,18-084,2005,0.1,1,1,0,0,1,0,0,,0,0,0,0,0,1,0,0,Matches
d248cd8f,Dayot Upamecano,fr FRA,DF,Bayern Munich,24-180,1998,25.0,61,34,40,21,0,26,42,61.9,16,24,6,18,25,86,67,4,Matches
af842091,Filip Uremović,hr CRO,DF,Hertha BSC,26-073,1997,17.1,31,18,22,8,1,13,20,65.0,7,15,10,5,30,61,73,2,Matches
d75f3980,Jere Uronen,fi FIN,DF,Schalke 04,28-286,1994,5.6,9,6,5,4,0,4,7,57.1,3,4,2,2,5,14,8,0,Matches
a3ddb1b9,Mark Uth,de GER,"MF,FW",Köln,31-244,1991,0.5,0,0,0,0,0,0,0,,0,0,0,0,0,0,0,0,Matches
fb377d11,Josha Vagnoman,de GER,"DF,MF",Stuttgart,22-135,2000,11.7,19,10,9,8,2,13,21,61.9,8,15,2,13,7,26,25,1,Matches
6ecbddf6,Ruben Vargas,ch SUI,"MF,FW",Augsburg,24-263,1998,10.5,14,6,5,7,2,5,11,45.5,6,6,2,4,5,19,16,1,Matches
fc8fcbd1,Renato Veiga,pt POR,DF,Augsburg,19-270,2003,4.5,7,5,3,2,2,6,6,100.0,0,12,5,7,5,12,19,1,Matches
a5ae8f8e,Miloš Veljković,rs SRB,DF,Werder Bremen,27-211,1995,20.8,25,15,15,10,0,15,25,60.0,10,25,14,11,29,54,88,0,Matches
8fe2a392,Mickey van de Ven,nl NED,DF,Wolfsburg,22-006,2001,29.0,38,25,21,16,1,25,35,71.4,10,38,23,15,21,59,101,2,Matches
5360a956,Gabriel Vidovic,hr CRO,FW,Bayern Munich,19-145,2003,0.2,0,0,0,0,0,0,0,,0,0,0,0,0,0,0,0,Matches
1d8e9add,Kevin Vogt,de GER,DF,Hoffenheim,31-214,1991,19.7,15,10,10,5,0,9,22,40.9,13,18,11,7,26,41,67,0,Matches
f86cd5df,Aster Vranckx,be BEL,MF,Wolfsburg,20-203,2002,0.1,0,0,0,0,0,0,0,,0,0,0,0,0,0,1,0,Matches
e3d3fbeb,Robert Wagner,de GER,MF,Freiburg,19-285,2003,0.3,0,0,0,0,0,0,0,,0,2,0,2,0,0,2,0,Matches
e5a35ae9,Luca Waldschmidt,de GER,"FW,MF",Wolfsburg,26-341,1996,4.8,5,2,2,1,2,2,8,25.0,6,4,0,4,3,8,5,0,Matches
cb64672e,Paul Wanner,de GER,MF,Bayern Munich,17-123,2005,0.3,3,1,1,2,0,1,1,100.0,0,0,0,0,0,3,1,0,Matches
346d51d9,Julian Weigl,de GER,MF,M'Gladbach,27-229,1995,16.0,33,13,16,16,1,19,32,59.4,13,15,2,13,14,47,25,0,Matches
231c67ff,Nelson Weiper,de GER,"FW,MF",Mainz 05,18-039,2005,0.4,2,0,0,0,2,1,1,100.0,0,1,0,1,0,2,1,0,Matches
30c220c3,Mitchell Weiser,de GER,"DF,FW",Werder Bremen,29-004,1994,24.4,61,40,31,23,7,31,61,50.8,30,44,7,37,26,87,33,1,Matches
dd676a97,Noah Weißhaupt,de GER,"MF,FW",Freiburg,21-217,2001,2.1,7,2,2,4,1,2,5,40.0,3,2,0,2,2,9,5,0,Matches
1c86aa16,Marcel Wenig,de GER,MF,Eint Frankfurt,18-356,2004,0.0,0,0,0,0,0,0,0,,0,0,0,0,0,0,0,0,Matches
49fe9070,Timo Werner,de GER,"FW,MF",RB Leipzig,27-050,1996,18.0,7,3,3,2,2,3,10,30.0,7,11,0,11,7,14,5,0,Matches
f68b64fc,Silvan Widmer,ch SUI,DF,Mainz 05,30-051,1993,18.0,26,17,15,10,1,20,39,51.3,19,22,8,14,31,57,27,0,Matches
cb11b429,Patrick Wimmer,at AUT,"FW,MF",Wolfsburg,21-330,2001,14.2,33,21,16,8,9,12,31,38.7,19,22,2,20,13,46,13,0,Matches
2077ae86,Jonas Wind,dk DEN,FW,Wolfsburg,24-077,1999,10.3,10,3,1,5,4,3,8,37.5,5,10,4,6,1,11,8,0,Matches
a1257b5e,Frederik Winther,dk DEN,DF,Augsburg,22-111,2001,1.0,2,2,1,1,0,0,2,0.0,2,1,1,0,0,2,7,0,Matches
e7fcf289,Florian Wirtz,de GER,"FW,MF",Leverkusen,19-357,2003,8.0,15,9,7,7,1,7,12,58.3,5,10,1,9,1,16,6,0,Matches
be42a291,Hannes Wolf,at AUT,FW,M'Gladbach,24-009,1999,4.1,10,7,4,5,1,4,10,40.0,6,3,0,3,2,12,7,0,Matches
fa661778,Marius Wolf,de GER,DF,Dortmund,27-333,1995,13.9,20,14,8,9,3,13,25,52.0,12,34,9,25,17,37,22,1,Matches
6190474d,Jeong Woo-yeong,kr KOR,"MF,FW",Freiburg,23-217,1999,7.1,7,3,4,2,1,2,5,40.0,3,7,1,6,1,8,7,0,Matches
ea0893d6,Kelvin Yeboah,it ITA,"FW,MF",Augsburg,22-354,2000,2.8,3,3,1,2,0,1,4,25.0,3,4,0,4,1,4,2,0,Matches
caffaf5a,Maya Yoshida,jp JPN,DF,Schalke 04,34-244,1988,26.9,31,20,18,13,0,16,27,59.3,11,37,27,10,45,76,126,1,Matches
a4effc55,Dan-Axel Zagadou,fr FRA,DF,Stuttgart,23-326,1999,10.3,10,6,8,2,0,4,11,36.4,7,15,12,3,13,23,62,1,Matches
fc3697dd,Rodrigo Zalazar,uy URU,"MF,FW",Schalke 04,23-256,1999,11.4,13,7,5,7,1,7,19,36.8,12,12,1,11,6,19,10,0,Matches
65bf7e2b,Aaron Zehnter,de GER,DF,Augsburg,18-176,2004,0.0,0,0,0,0,0,0,1,0.0,1,0,0,0,1,1,0,0,Matches
5c4bf6ba,Robin Zentner,de GER,GK,Mainz 05,28-179,1994,23.0,0,0,0,0,0,0,4,0.0,4,0,0,0,0,0,13,1,Matches
9b688ae1,Michael Zetterer,de GER,GK,Werder Bremen,27-287,1995,1.7,0,0,0,0,0,0,0,,0,0,0,0,0,0,1,0,Matches
29f7cfd9,Simon Zoller,de GER,"FW,MF",Bochum,31-303,1991,15.0,10,4,2,7,1,4,12,33.3,8,13,1,12,6,16,21,0,Matches
