id,Player,Nation,Pos,Squad,Age,Born,90s,Tkl,TklW,Def 3rd,Mid 3rd,Att 3rd,Tkl.1,Att,Tkl%,Lost,Blocks,Sh,Pass,Int,Tkl+Int,Clr,Err,Matches
4cd41883,Paxten Aaronson,us USA,"MF,DF",Eint Frankfurt,19-256,2003,1.5,5,5,2,2,1,2,3,66.7,1,2,1,1,0,5,2,0,Matches
22919e97,Sargis Adamyan,am ARM,"FW,MF",Köln,29-351,1993,7.2,14,7,5,3,6,7,17,41.2,10,12,0,12,4,18,5,0,Matches
501055d8,Karim Adeyemi,de GER,"FW,MF",Dortmund,21-111,2002,13.2,14,10,5,5,4,6,27,22.2,21,15,1,14,6,20,2,0,Matches
dcfb17f4,Amine Adli,fr FRA,"FW,MF",Leverkusen,22-364,2000,14.2,16,10,3,6,7,5,16,31.3,11,27,2,25,6,22,6,0,Matches
cb6d81b3,Felix Agu,de GER,"DF,FW",Werder Bremen,23-224,1999,0.5,1,0,0,1,0,0,0,,0,1,1,0,0,1,0,0,Matches
a6c58494,Naouirou Ahamada,fr FRA,MF,Stuttgart,21-041,2002,15.5,17,11,7,7,3,8,20,40.0,12,16,5,11,8,25,7,0,Matches
462475ed,Ludovic Ajorque,fr FRA,"FW,MF",Mainz 05,29-073,1994,12.4,5,4,1,3,1,0,8,0.0,8,8,2,6,1,6,8,0,Matches
6ec6fde0,Kevin Akpoguma,ng NGA,DF,Hoffenheim,28-020,1995,19.9,73,43,44,26,3,31,44,70.5,13,44,15,29,24,97,59,1,Matches
834d0be5,Lucas Alario,ar ARG,"FW,MF",Eint Frankfurt,30-213,1992,3.7,3,2,1,0,2,0,1,0.0,1,0,0,0,2,5,13,0,Matches
00f518d8,Faride Alidou,de GER,"DF,MF",Eint Frankfurt,21-295,2001,2.0,8,5,3,4,1,3,9,33.3,6,3,0,3,1,9,3,0,Matches
8ce30c57,Éder Álvarez Balanta,co COL,"MF,FW",Schalke 04,30-070,1993,2.6,5,4,2,3,0,2,6,33.3,4,0,0,0,3,8,4,0,Matches
cd682b6b,Lukáš Ambros,cz CZE,MF,Wolfsburg,18-338,2004,0.2,1,0,1,0,0,1,4,25.0,3,1,0,1,0,1,2,1,Matches
555d5edd,Nadiem Amiri,de GER,"MF,FW",Leverkusen,26-194,1996,9.7,13,5,4,7,2,8,18,44.4,10,11,0,11,6,19,10,1,Matches
e0b113a7,Robert Andrich,de GER,MF,Leverkusen,28-229,1994,26.7,61,38,30,27,4,26,45,57.8,19,27,9,18,42,103,55,2,Matches
30941e96,Angeliño,es ESP,DF,Hoffenheim,26-125,1997,26.3,34,21,17,14,3,20,30,66.7,10,31,6,25,24,58,60,0,Matches
5e66fa06,Waldemar Anton,de GER,DF,Stuttgart,26-293,1996,29.6,47,26,25,19,3,25,47,53.2,22,40,15,25,35,82,116,2,Matches
0a3f6cde,Christopher Antwi-Adjei,gh GHA,"FW,MF",Bochum,29-091,1994,19.2,19,13,7,5,7,8,23,34.8,15,13,0,13,3,22,13,0,Matches
56413b1f,Charles Aránguiz,cl CHI,MF,Leverkusen,34-022,1989,5.5,17,7,7,10,0,12,20,60.0,8,4,0,4,7,24,4,0,Matches
86e119e0,Maximilian Arnold,de GER,MF,Wolfsburg,28-347,1994,27.8,54,25,21,26,7,24,48,50.0,24,31,11,20,23,77,60,0,Matches
13ddc856,Takuma Asano,jp JPN,"FW,MF",Bochum,28-180,1994,16.4,11,7,2,4,5,4,11,36.4,7,14,1,13,8,19,4,0,Matches
35f67a30,Fisnik Asllani,xk KVX,FW,Hoffenheim,20-274,2002,1.9,0,0,0,0,0,0,4,0.0,4,2,0,2,3,3,3,0,Matches
fe46e261,Mehmet Aydin,de GER,"DF,FW",Schalke 04,21-089,2002,6.3,25,18,14,9,2,11,24,45.8,13,11,0,11,10,35,15,0,Matches
ce81d82d,Ayman Azhil,ma MAR,MF,Leverkusen,22-029,2001,0.0,0,0,0,0,0,0,0,,0,0,0,0,0,0,0,0,Matches
10549b49,Sardar Azmoun,ir IRN,"FW,MF",Leverkusen,28-128,1995,8.1,5,3,1,3,1,1,7,14.3,6,3,0,3,2,7,7,0,Matches
f582d5c1,Sanoussy Ba,de GER,DF,RB Leipzig,19-124,2004,0.0,0,0,0,0,0,0,0,,0,0,0,0,0,0,0,0,Matches
a8567629,Mitchel Bakker,nl NED,"DF,MF",Leverkusen,22-323,2000,15.8,14,8,7,7,0,4,11,36.4,7,18,2,16,15,29,17,2,Matches
442b56fa,Ridle Baku,de GER,"DF,FW",Wolfsburg,25-031,1998,25.7,43,21,25,14,4,27,52,51.9,25,41,6,35,20,63,49,0,Matches
a2a85828,Aymen Barkok,ma MAR,MF,Mainz 05,24-353,1998,5.4,15,7,9,3,3,3,7,42.9,4,5,0,5,3,18,8,0,Matches
00242b75,Leandro Barreiro Martins,lu LUX,MF,Mainz 05,23-126,2000,21.8,55,35,18,24,13,19,43,44.2,24,33,12,21,37,92,33,1,Matches
e61bdd69,Gil Bastião Dias,pt POR,FW,Stuttgart,26-223,1996,4.4,8,6,3,4,1,3,12,25.0,9,7,0,7,2,10,3,0,Matches
44a20f0c,Maximilian Bauer,de GER,DF,Augsburg,23-089,2000,18.7,26,14,18,8,0,15,29,51.7,14,22,8,14,23,49,76,0,Matches
47064058,Oliver Baumann,de GER,GK,Hoffenheim,32-341,1990,31.0,0,0,0,0,0,0,0,,0,0,0,0,0,0,13,1,Matches
bd7d2e6d,Timo Baumgartl,de GER,DF,Union Berlin,27-066,1996,5.7,9,5,5,2,2,4,17,23.5,13,11,3,8,1,10,14,0,Matches
69374ff5,Julian Baumgartlinger,at AUT,MF,Augsburg,35-127,1988,6.2,15,4,5,6,4,6,19,31.6,13,4,2,2,4,19,15,0,Matches
437f2b00,Christoph Baumgartner,at AUT,"MF,FW",Hoffenheim,23-281,1999,26.2,34,18,12,16,6,9,49,18.4,40,55,5,50,15,49,17,1,Matches
fbbc8e15,Noah Joel Sarenren Bazee,ng NGA,"MF,FW",Augsburg,26-261,1996,0.2,0,0,0,0,0,0,1,0.0,1,1,0,1,0,0,0,0,Matches
a53b661f,Ihlas Bebou,tg TOG,"FW,DF",Hoffenheim,29-016,1994,12.8,16,13,7,6,3,9,13,69.2,4,9,2,7,7,23,11,0,Matches
8eb55dbb,Sheraldo Becker,sr SUR,FW,Union Berlin,28-089,1995,25.4,12,4,1,6,5,2,11,18.2,9,11,1,10,2,14,7,1,Matches
30ae134d,Kevin Behrens,de GER,FW,Union Berlin,32-095,1991,14.5,11,7,4,4,3,4,17,23.5,13,15,3,12,4,15,23,0,Matches
857a5abe,Stefan Bell,de GER,DF,Mainz 05,31-258,1991,23.7,39,24,29,9,1,21,42,50.0,21,35,13,22,44,83,117,0,Matches
bee0bab1,Karim Bellarabi,de GER,"FW,MF",Leverkusen,33-031,1990,0.9,2,0,1,1,0,2,3,66.7,1,0,0,0,0,2,0,0,Matches
57d88cf9,Jude Bellingham,eng ENG,MF,Dortmund,19-314,2003,28.9,74,40,26,34,14,34,50,68.0,16,50,4,46,34,108,27,0,Matches
378825c7,Ramy Bensebaini,dz ALG,DF,M'Gladbach,28-023,1995,25.6,34,21,21,10,3,26,37,70.3,11,40,13,27,33,67,93,1,Matches
eb6e14be,Mergim Berisha,de GER,FW,Augsburg,24-363,1998,17.6,11,6,4,3,4,4,13,30.8,9,14,1,13,0,11,19,0,Matches
7aac47fe,Ermin Bičakčić,ba BIH,DF,Hoffenheim,33-105,1990,2.3,5,2,4,1,0,2,5,40.0,3,3,2,1,5,10,8,0,Matches
07d3bfec,Tom Bischof,de GER,"MF,FW",Hoffenheim,17-315,2005,3.4,13,9,6,3,4,6,9,66.7,3,5,1,4,1,14,1,0,Matches
dc62fbee,Leonardo Bittencourt,de GER,"MF,DF",Werder Bremen,29-141,1993,15.8,45,25,14,23,8,20,49,40.8,29,13,0,13,10,55,14,0,Matches
663e080e,Janis Blaswich,de GER,GK,RB Leipzig,32-007,1991,24.0,0,0,0,0,0,0,0,,0,0,0,0,0,0,9,0,Matches
691bef82,Daley Blind,nl NED,"DF,MF",Bayern Munich,33-061,1990,1.5,2,0,2,0,0,0,1,0.0,1,4,2,2,2,4,6,0,Matches
f4ec4fd0,Kevin-Prince Boateng,gh GHA,MF,Hertha BSC,36-064,1987,4.5,7,5,4,2,1,2,8,25.0,6,8,3,5,2,9,4,0,Matches
635f2732,Jean-Paul Boëtius,nl NED,MF,Hertha BSC,29-048,1994,10.4,26,14,16,8,2,6,21,28.6,15,20,1,19,14,40,9,0,Matches
36578017,Yvandro Borges Sanches,lu LUX,"FW,MF",M'Gladbach,18-350,2004,0.3,2,2,0,2,0,2,2,100.0,0,0,0,0,0,2,0,0,Matches
01834aa0,Sebastiaan Bornauw,be BEL,DF,Wolfsburg,24-048,1999,18.4,24,14,14,8,2,12,17,70.6,5,24,11,13,26,50,73,1,Matches
c68da769,Rafael Borré,co COL,"MF,FW",Eint Frankfurt,27-236,1995,11.7,24,14,4,13,7,4,17,23.5,13,10,2,8,2,26,8,0,Matches
a167537f,Julian Brandt,de GER,"MF,FW",Dortmund,27-007,1996,24.2,23,17,5,11,7,9,34,26.5,25,20,0,20,15,38,7,1,Matches
d28339cb,Fabian Bredlow,de GER,GK,Stuttgart,28-068,1995,12.0,1,1,1,0,0,1,1,100.0,0,0,0,0,0,1,4,2,Matches
d4a2533d,Josip Brekalo,hr CRO,"MF,FW",Wolfsburg,24-320,1998,3.0,2,1,2,0,0,0,4,0.0,4,0,0,0,2,4,2,0,Matches
e27da244,John Brooks,us USA,DF,Hoffenheim,30-101,1993,12.0,14,9,8,6,0,10,15,66.7,5,12,7,5,9,23,76,0,Matches
bbd79358,Moritz Broschinski,de GER,"FW,MF",Bochum,22-228,2000,2.1,0,0,0,0,0,0,4,0.0,4,1,0,1,0,0,5,0,Matches
f0a37d36,Cédric Brunner,ch SUI,DF,Schalke 04,29-081,1994,23.2,33,22,22,9,2,27,40,67.5,13,23,7,16,38,71,70,0,Matches
4e204552,Jacob Bruun Larsen,dk DEN,FW,Hoffenheim,24-232,1998,3.3,3,2,0,0,3,2,2,100.0,0,2,0,2,1,4,0,0,Matches
45e95f21,Lee Buchanan,eng ENG,"DF,FW",Werder Bremen,22-063,2001,4.2,13,10,2,10,1,6,8,75.0,2,4,0,4,8,21,12,0,Matches
ab5b7dc1,Marius Bülter,de GER,"FW,MF",Schalke 04,30-041,1993,27.2,22,11,8,7,7,12,31,38.7,19,32,1,31,10,32,19,0,Matches
05e2d5ea,Delano Burgzorg,nl NED,"FW,MF",Mainz 05,24-183,1998,2.4,3,3,1,1,1,2,3,66.7,1,2,0,2,0,3,1,0,Matches
05f99a4a,Jonathan Burkardt,de GER,"MF,FW",Mainz 05,22-302,2000,5.9,3,1,0,1,2,1,4,25.0,3,6,1,5,1,4,1,0,Matches
f631c17f,Oliver Burke,sct SCO,"FW,MF",Werder Bremen,26-032,1997,3.0,1,0,0,0,1,0,0,,0,2,0,2,0,1,0,0,Matches
b4705807,Aurélio Buta,pt POR,DF,Eint Frankfurt,26-088,1997,11.9,28,17,13,13,2,13,23,56.5,10,15,1,14,9,37,28,0,Matches
10745192,Jamie Bynoe-Gittens,eng ENG,"FW,MF",Dortmund,18-274,2004,5.9,8,4,2,5,1,2,7,28.6,5,1,0,1,1,9,2,0,Matches
0118c54c,Anthony Caci,fr FRA,DF,Mainz 05,25-312,1997,20.4,47,24,28,15,4,22,33,66.7,11,23,4,19,53,100,33,0,Matches
d1db4b83,Kerim Calhanoglu,de GER,DF,Schalke 04,20-256,2002,0.7,2,1,2,0,0,2,2,100.0,0,1,0,1,0,2,3,0,Matches
d1273f09,Daniel Caligiuri,it ITA,"DF,MF",Augsburg,35-114,1988,3.2,8,5,5,3,0,4,5,80.0,1,3,2,1,3,11,2,0,Matches
a65ce836,Emre Can,de GER,MF,Dortmund,29-117,1994,18.1,52,24,24,23,5,20,38,52.6,18,12,3,9,22,74,33,1,Matches
bd6351cd,João Cancelo,pt POR,"DF,FW",Bayern Munich,28-347,1994,9.0,21,12,9,9,3,9,20,45.0,11,10,1,9,12,33,17,0,Matches
5e080f73,Irvin Cardona,fr FRA,"MF,FW",Augsburg,25-274,1997,3.0,1,1,1,0,0,1,5,20.0,4,3,0,3,2,3,7,0,Matches
db401046,Koen Casteels,be BEL,GK,Wolfsburg,30-318,1992,31.0,0,0,0,0,0,0,0,,0,0,0,0,1,1,9,1,Matches
ae7058f9,Julian Chabot,de GER,DF,Köln,25-086,1998,17.0,32,22,18,11,3,17,28,60.7,11,27,17,10,35,67,97,0,Matches
b3b7f5a6,Timothy Chandler,us USA,DF,Eint Frankfurt,33-041,1990,0.9,2,2,2,0,0,2,2,100.0,0,1,0,1,0,2,3,0,Matches
48780156,Fabio Chiarodia,it ITA,DF,Werder Bremen,17-338,2005,0.7,0,0,0,0,0,0,0,,0,1,0,1,2,2,4,0,Matches
af104654,Oliver Christensen,dk DEN,GK,Hertha BSC,24-048,1999,31.0,1,0,1,0,0,0,2,0.0,2,0,0,0,0,1,21,2,Matches
c6608135,Darko Churlinov,mk MKD,FW,Stuttgart,22-302,2000,0.3,3,2,2,1,0,2,3,66.7,1,1,0,1,0,3,0,0,Matches
6e17c802,Tolga Ciğerci,tr TUR,MF,Hertha BSC,31-047,1992,7.5,16,13,6,9,1,10,16,62.5,6,6,2,4,8,24,5,0,Matches
dd5bbe0d,David Čolina,hr CRO,"DF,FW",Augsburg,22-294,2000,1.2,3,1,1,1,1,2,2,100.0,0,6,0,6,3,6,2,0,Matches
042e8a49,Kingsley Coman,fr FRA,"FW,MF",Bayern Munich,26-330,1996,13.3,11,8,3,5,3,7,17,41.2,10,17,1,16,1,12,5,0,Matches
5ddb8f9f,Danny da Costa,de GER,DF,Mainz 05,29-300,1993,11.7,17,14,5,7,5,9,16,56.3,7,21,3,18,9,26,23,0,Matches
9dff291c,Soumaïla Coulibaly,fr FRA,DF,Dortmund,19-207,2003,0.5,0,0,0,0,0,0,0,,0,0,0,0,0,0,0,1,Matches
05ba9d7c,Tanguy Coulibaly,fr FRA,"FW,DF",Stuttgart,22-080,2001,3.4,12,9,9,1,2,5,12,41.7,7,9,0,9,3,15,0,0,Matches
8f325097,Nicolas Cozza,fr FRA,DF,Wolfsburg,24-121,1999,1.1,3,3,1,2,0,2,3,66.7,1,3,1,2,0,3,0,0,Matches
eac044ad,Moanes Dabbur,il ISR,"FW,MF",Hoffenheim,30-360,1992,9.4,9,6,3,5,1,3,8,37.5,5,6,0,6,4,13,0,0,Matches
dee3013b,Finn Dahmen,de GER,GK,Mainz 05,25-043,1998,6.0,0,0,0,0,0,0,0,,0,0,0,0,0,0,0,0,Matches
db4ed67b,Mahmoud Dahoud,de GER,MF,Dortmund,27-128,1996,3.7,11,9,3,4,4,7,7,100.0,0,6,2,4,7,18,3,0,Matches
d3d77413,Muhammed Damar,de GER,MF,Hoffenheim,19-030,2004,1.8,6,3,1,2,3,1,2,50.0,1,3,0,3,0,6,0,0,Matches
41bff4fa,Márton Dárdai,de GER,DF,Hertha BSC,21-086,2002,8.9,15,7,8,7,0,7,13,53.8,6,10,7,3,10,25,40,1,Matches
3eb0f2df,Vladimír Darida,cz CZE,MF,Hertha BSC,32-274,1990,0.3,1,1,0,1,0,0,0,,0,1,0,1,0,1,0,0,Matches
d781d855,Alphonso Davies,ca CAN,DF,Bayern Munich,22-188,2000,22.7,45,28,25,13,7,18,39,46.2,21,28,4,24,24,69,24,4,Matches
fe641c1a,Thomas Delaney,dk DEN,MF,Hoffenheim,31-248,1991,3.3,6,3,3,2,1,3,8,37.5,5,5,0,5,1,7,4,0,Matches
54b4dc4e,Kerem Demirbay,de GER,MF,Leverkusen,29-310,1993,15.2,31,15,14,14,3,17,32,53.1,15,24,6,18,14,45,7,0,Matches
ed79b7d3,Ermedin Demirović,ba BIH,"FW,MF",Augsburg,25-045,1998,23.4,29,13,8,12,9,9,19,47.4,10,30,4,26,14,43,32,0,Matches
7bf9400b,Sepp van den Berg,nl NED,DF,Schalke 04,21-140,2001,4.7,3,2,2,1,0,0,0,,0,5,3,2,8,11,29,2,Matches
aeed5c06,Moussa Diaby,fr FRA,"FW,MF",Leverkusen,23-306,1999,27.1,13,7,3,8,2,7,14,50.0,7,7,0,7,4,17,3,0,Matches
fc62f087,Abdou Diallo,sn SEN,"DF,MF",RB Leipzig,27-005,1996,5.3,6,5,5,1,0,1,3,33.3,2,6,4,2,8,14,21,0,Matches
d82a310a,Justin Diehl,de GER,"MF,FW",Köln,18-163,2004,0.2,0,0,0,0,0,0,0,,0,0,0,0,0,0,0,0,Matches
8779ddf8,Florian Dietz,de GER,FW,Köln,24-279,1998,4.4,2,1,0,2,0,1,4,25.0,3,4,1,3,0,2,2,0,Matches
95bb6ddc,Junior Dina Ebimbe,fr FRA,"DF,MF",Eint Frankfurt,22-169,2000,11.4,30,19,16,14,0,16,32,50.0,16,17,4,13,10,40,20,0,Matches
4ccd8957,Eren Dinkçi,de GER,"FW,MF",Werder Bremen,21-147,2001,2.4,5,5,2,1,2,2,6,33.3,4,2,0,2,0,5,1,0,Matches
d01bbb6f,Ritsu Doan,jp JPN,"FW,MF",Freiburg,24-327,1998,24.2,57,26,19,27,11,24,50,48.0,26,37,1,36,11,68,12,0,Matches
f67c9d29,Danilho Doekhi,nl NED,DF,Union Berlin,24-313,1998,21.6,32,20,18,14,0,13,24,54.2,11,24,10,14,25,57,86,0,Matches
cc83b74d,Kasper Dolberg,dk DEN,"FW,MF",Hoffenheim,25-215,1997,4.3,7,5,1,4,2,4,6,66.7,2,6,2,4,0,7,3,0,Matches
7f73bdf4,Niklas Dorsch,de GER,MF,Augsburg,25-114,1998,2.4,12,6,4,8,0,4,9,44.4,5,5,1,4,2,14,4,0,Matches
9a2e3a23,Dion Drena Beljo,hr CRO,FW,Augsburg,21-069,2002,10.4,6,5,2,2,2,2,12,16.7,10,13,1,12,1,7,9,0,Matches
809940aa,Dominick Drexler,de GER,"MF,FW",Schalke 04,32-348,1990,13.5,22,15,11,9,2,8,20,40.0,12,16,2,14,5,27,12,0,Matches
638a4d71,Marvin Ducksch,de GER,FW,Werder Bremen,29-063,1994,28.9,8,3,2,4,2,3,15,20.0,12,9,0,9,8,16,38,1,Matches
79ca3e23,Ondrej Duda,sk SVK,MF,Köln,28-155,1994,7.7,9,8,2,5,2,4,11,36.4,7,7,1,6,2,11,3,0,Matches
beb882a8,Maximilian Eggestein,de GER,MF,Freiburg,26-152,1996,25.2,48,27,20,22,6,17,35,48.6,18,36,8,28,30,78,25,0,Matches
2f7fec15,Lilian Egloff,de GER,"MF,FW",Stuttgart,20-262,2002,2.7,12,10,4,5,3,4,6,66.7,2,2,0,2,1,13,1,0,Matches
76b2817e,Kingsley Ehizibue,nl NED,DF,Köln,27-349,1995,0.7,0,0,0,0,0,0,0,,0,1,0,1,2,2,1,0,Matches
e7f3e8a7,Chidera Ejuke,ng NGA,"FW,MF",Hertha BSC,25-127,1998,9.5,5,4,1,4,0,1,5,20.0,4,4,0,4,2,7,1,0,Matches
48035304,Nico Elvedi,ch SUI,DF,M'Gladbach,26-221,1996,28.5,44,23,31,11,2,26,35,74.3,9,27,13,14,33,77,140,3,Matches
c149016b,Wataru Endo,jp JPN,MF,Stuttgart,30-089,1993,29.5,68,37,30,30,8,36,81,44.4,45,41,6,35,26,94,60,0,Matches
554bcc91,Arne Engels,be BEL,MF,Augsburg,19-243,2003,14.1,19,8,8,10,1,8,18,44.4,10,12,3,9,15,34,8,1,Matches
56e6a1c9,Kimberly Ezekwem,de GER,DF,Freiburg,21-324,2001,0.1,0,0,0,0,0,0,0,,0,1,0,1,0,0,0,0,Matches
1e43fad8,Ralf Fährmann,de GER,GK,Schalke 04,34-224,1988,10.4,1,0,1,0,0,1,1,100.0,0,0,0,0,0,1,7,2,Matches
677da306,Ohis Felix Uduokhai,de GER,DF,Augsburg,25-242,1997,14.7,29,19,14,12,3,15,28,53.6,13,25,12,13,27,56,58,1,Matches
3bb625ac,Edimilson Fernandes,ch SUI,DF,Mainz 05,27-024,1996,24.1,31,22,23,5,3,15,30,50.0,15,35,15,20,46,77,74,2,Matches
79f7302a,Kilian Fischer,de GER,"DF,FW",Wolfsburg,22-209,2000,5.6,9,6,3,4,2,6,11,54.5,5,6,0,6,5,14,18,0,Matches
a92ab7be,Mark Flekken,nl NED,GK,Freiburg,29-330,1993,31.0,0,0,0,0,0,0,1,0.0,1,1,0,1,0,0,8,4,Matches
9642c929,Florian Flick,de GER,MF,Schalke 04,23-008,2000,5.7,12,3,7,5,0,4,14,28.6,10,9,3,6,4,16,18,0,Matches
9a2e0ccc,Emil Forsberg,se SWE,"MF,FW",RB Leipzig,31-198,1991,14.6,14,11,1,6,7,6,19,31.6,13,21,1,20,3,17,6,0,Matches
76fa965f,Philipp Förster,de GER,MF,Bochum,28-094,1995,12.2,26,18,10,12,4,9,33,27.3,24,21,0,21,4,30,4,0,Matches
a9142dc3,Timothy Fosu-Mensah,nl NED,DF,Leverkusen,25-127,1998,2.1,7,5,3,3,1,4,4,100.0,0,2,0,2,0,7,1,0,Matches
626fab5f,Raphael Framberger,de GER,"DF,FW",Augsburg,27-245,1995,2.0,10,6,6,4,0,3,5,60.0,2,2,1,1,2,12,5,0,Matches
697dc00a,Bartol Franjić,hr CRO,MF,Wolfsburg,23-115,2000,2.5,4,2,2,2,0,0,2,0.0,2,4,1,3,5,9,4,0,Matches
458e3479,Oscar Fraulo,dk DEN,"FW,MF",M'Gladbach,19-154,2003,0.1,0,0,0,0,0,0,0,,0,0,0,0,0,0,0,0,Matches
33182cb8,Michael Frey,ch SUI,FW,Schalke 04,28-294,1994,8.9,11,5,2,6,3,3,12,25.0,9,5,0,5,1,12,1,0,Matches
f86ad3f5,Marco Friedl,at AUT,DF,Werder Bremen,25-054,1998,25.8,54,40,34,20,0,37,62,59.7,25,41,14,27,55,109,112,1,Matches
b77f44a4,Marvin Friedrich,de GER,DF,M'Gladbach,27-147,1995,11.9,14,10,11,2,1,8,10,80.0,2,12,5,7,11,25,45,0,Matches
74f2e748,Jeremie Frimpong,nl NED,"DF,MF",Leverkusen,22-150,2000,27.1,46,23,20,23,3,18,38,47.4,20,21,2,19,14,60,38,0,Matches
0cf778df,Chris Führich,de GER,"FW,MF",Stuttgart,25-120,1998,19.6,35,14,15,14,6,23,43,53.5,20,28,2,26,7,42,12,0,Matches
4b96c347,Angelo Fulgini,fr FRA,MF,Mainz 05,26-262,1996,5.8,6,5,2,3,1,5,12,41.7,7,5,0,5,5,11,7,0,Matches
4f16405e,Niclas Füllkrug,de GER,FW,Werder Bremen,30-089,1993,25.5,9,4,0,6,3,3,12,25.0,9,12,4,8,1,10,24,0,Matches
f27680d9,Cristian Gamboa,cr CRC,DF,Bochum,33-197,1989,16.4,42,24,27,14,1,21,31,67.7,10,20,7,13,16,58,34,1,Matches
6c731625,Silvère Ganvoula M'Boussy,cg CGO,"FW,MF",Bochum,26-321,1996,2.7,2,2,0,1,1,0,0,,0,0,0,0,0,2,3,0,Matches
277be51d,Dario Gebuhr,de GER,DF,Eint Frankfurt,20-003,2003,0.2,0,0,0,0,0,0,1,0.0,1,0,0,0,0,0,0,0,Matches
37f606f0,Dennis Geiger,de GER,MF,Hoffenheim,24-333,1998,21.0,44,24,15,27,2,22,35,62.9,13,26,3,23,24,68,17,2,Matches
62ab9184,Yannick Gerhardt,de GER,MF,Wolfsburg,29-057,1994,18.5,28,14,9,11,8,12,27,44.4,15,25,4,21,6,34,23,0,Matches
7242b495,Niko Gießelmann,de GER,DF,Union Berlin,31-225,1991,14.4,21,11,9,9,3,13,31,41.9,18,17,5,12,9,30,28,0,Matches
17376543,Rafał Gikiewicz,pl POL,GK,Augsburg,35-195,1987,23.0,2,2,2,0,0,2,3,66.7,1,0,0,0,0,2,15,5,Matches
f521b80a,Matthias Ginter,de GER,DF,Freiburg,29-110,1994,31.0,40,18,26,12,2,24,37,64.9,13,37,23,14,35,75,140,3,Matches
88e357ef,Serge Gnabry,de GER,"FW,MF",Bayern Munich,27-299,1995,19.0,32,21,10,14,8,15,35,42.9,20,21,1,20,10,42,5,1,Matches
83b9c48f,Jacek Góralski,pl POL,MF,Bochum,30-230,1992,1.6,6,3,3,3,0,4,6,66.7,2,4,0,4,3,9,5,0,Matches
cc86b9a3,Leon Goretzka,de GER,MF,Bayern Munich,28-092,1995,18.1,39,22,19,14,6,25,44,56.8,19,37,3,34,28,67,30,0,Matches
9efa1d25,Mario Götze,de GER,MF,Eint Frankfurt,30-340,1992,27.4,38,22,13,18,7,12,43,27.9,31,22,0,22,13,51,11,0,Matches
1025db8e,Jeffrey Gouweleeuw,nl NED,DF,Augsburg,31-303,1991,28.1,41,26,18,17,6,23,46,50.0,23,38,23,15,49,90,130,2,Matches
b8e740fb,Ryan Gravenberch,nl NED,MF,Bayern Munich,20-358,2002,5.1,12,7,2,8,2,5,10,50.0,5,6,1,5,5,17,7,0,Matches
8e235926,Michael Gregoritsch,at AUT,FW,Freiburg,29-021,1994,23.4,19,12,6,9,4,3,21,14.3,18,23,4,19,5,24,10,0,Matches
f9dfb7ae,Leo Greiml,at AUT,DF,Schalke 04,21-310,2001,4.0,10,5,4,5,1,5,12,41.7,7,7,3,4,3,13,16,0,Matches
54e4866f,Vincenzo Grifo,it ITA,"FW,MF",Freiburg,30-032,1993,24.0,24,14,5,11,8,10,28,35.7,18,15,1,14,15,39,18,0,Matches
37998008,Lennart Grill,de GER,GK,Union Berlin,24-104,1999,5.0,0,0,0,0,0,0,1,0.0,1,0,0,0,0,0,1,1,Matches
14a7af33,Christian Groß,de GER,MF,Werder Bremen,34-090,1989,20.5,56,25,20,34,2,29,59,49.2,30,20,5,15,23,79,38,1,Matches
ae9b998d,Brajan Gruda,de GER,MF,Mainz 05,18-343,2004,0.0,0,0,0,0,0,0,0,,0,0,0,0,0,0,0,0,Matches
1fc4f3d1,Ilia Gruev,bg BUL,MF,Werder Bremen,23-003,2000,15.3,40,25,14,23,3,17,28,60.7,11,21,6,15,21,61,17,1,Matches
f2dd9a21,Carlos Gruezo,ec ECU,MF,Augsburg,28-020,1995,10.7,21,12,12,9,0,9,16,56.3,7,13,4,9,10,31,15,0,Matches
048a1cbc,Raphaël Guerreiro,pt POR,"DF,MF",Dortmund,29-138,1993,23.2,33,17,13,14,6,19,32,59.4,13,18,2,16,34,67,18,0,Matches
e6c43eec,Josuha Guilavogui,fr FRA,"MF,DF",Wolfsburg,32-232,1990,10.1,16,10,5,10,1,5,16,31.3,11,19,13,6,18,34,42,0,Matches
923f4dda,Sehrou Guirassy,gn GUI,FW,Stuttgart,27-058,1996,15.3,3,1,1,2,0,1,2,50.0,1,7,2,5,0,3,12,0,Matches
bcb2ccd8,Péter Gulácsi,hu HUN,GK,RB Leipzig,33-003,1990,6.0,0,0,0,0,0,0,0,,0,0,0,0,0,0,2,0,Matches
25ab9c9c,Manuel Gulde,de GER,DF,Freiburg,32-086,1991,6.0,11,7,8,3,0,1,2,50.0,1,5,1,4,17,28,19,0,Matches
1df0c0b9,Robert Gumny,pl POL,DF,Augsburg,24-339,1998,21.6,34,24,13,15,6,11,26,42.3,15,20,7,13,25,59,62,1,Matches
8593f88c,Christian Günter,de GER,"DF,MF",Freiburg,30-070,1993,29.5,28,20,17,9,2,12,41,29.3,29,22,4,18,15,43,40,0,Matches
5ad50391,Joško Gvardiol,hr CRO,DF,RB Leipzig,21-106,2002,22.9,22,16,14,8,0,9,20,45.0,11,34,17,17,32,54,74,1,Matches
70dcf94d,Janik Haberer,de GER,MF,Union Berlin,29-037,1994,22.1,27,15,7,17,3,16,46,34.8,30,33,2,31,12,39,25,0,Matches
a5ec3ede,Alexander Hack,de GER,DF,Mainz 05,29-243,1993,12.6,30,18,21,9,0,19,33,57.6,14,18,5,13,24,54,45,1,Matches
cd82452e,André Hahn,de GER,"FW,MF",Augsburg,32-269,1990,4.3,9,5,4,4,1,8,12,66.7,4,9,2,7,4,13,14,0,Matches
92432bc6,Amadou Haidara,ml MLI,MF,RB Leipzig,25-098,1998,13.9,21,10,12,9,0,10,29,34.5,19,24,4,20,21,42,14,0,Matches
ba115a40,Sébastien Haller,ci CIV,FW,Dortmund,28-321,1994,10.7,2,1,0,1,1,0,3,0.0,3,7,0,7,0,2,8,0,Matches
8ff2354e,Marcel Halstenberg,de GER,DF,RB Leipzig,31-224,1991,15.4,34,19,17,12,5,19,33,57.6,14,22,1,21,19,53,23,0,Matches
2e77d607,Andreas Hanche-Olsen,no NOR,DF,Mainz 05,26-112,1997,14.6,31,21,23,4,4,20,35,57.1,15,13,6,7,30,61,62,2,Matches
f24ea523,Genki Haraguchi,jp JPN,MF,Stuttgart,32-000,1991,8.3,16,7,7,7,2,4,16,25.0,12,13,2,11,8,24,6,0,Matches
f24ea523,Genki Haraguchi,jp JPN,MF,Union Berlin,32-000,1991,5.5,12,8,1,10,1,3,9,33.3,6,7,1,6,3,15,9,0,Matches
9ab16552,Makoto Hasebe,jp JPN,DF,Eint Frankfurt,39-111,1984,13.6,18,12,16,2,0,7,21,33.3,14,20,8,12,16,34,45,0,Matches
50871bcc,Thorgan Hazard,be BEL,"FW,DF",Dortmund,30-041,1993,5.2,17,6,5,11,1,12,17,70.6,5,6,0,6,5,22,5,0,Matches
c2009df3,Jonas Hector,de GER,DF,Köln,32-347,1990,28.4,95,52,54,32,9,57,97,58.8,40,58,7,51,34,129,68,0,Matches
699fb8db,Dominique Heintz,de GER,DF,Bochum,29-267,1993,6.4,7,5,4,3,0,3,10,30.0,7,10,6,4,10,17,32,0,Matches
0a89e877,Benjamin Henrichs,de GER,"DF,MF",RB Leipzig,26-075,1997,23.0,69,43,38,29,2,41,62,66.1,21,47,4,43,32,101,43,0,Matches
c3ee18ef,Lucas Hernández,fr FRA,DF,Bayern Munich,27-084,1996,5.3,6,4,3,3,0,5,6,83.3,1,2,1,1,5,11,7,0,Matches
dfb6490a,Patrick Herrmann,de GER,"FW,MF",M'Gladbach,32-086,1991,1.7,6,2,4,1,1,2,4,50.0,2,2,0,2,2,8,1,0,Matches
0c7a48f8,Piero Hincapié,ec ECU,DF,Leverkusen,21-120,2002,25.3,46,30,24,19,3,21,34,61.8,13,39,18,21,30,76,77,1,Matches
5521f419,Adam Hložek,cz CZE,"FW,MF",Leverkusen,20-288,2002,14.0,9,4,4,3,2,3,9,33.3,6,9,2,7,6,15,9,0,Matches
5d8e331f,Nicolas Höfler,de GER,MF,Freiburg,33-061,1990,29.3,63,33,27,33,3,26,58,44.8,32,39,13,26,53,116,47,0,Matches
2903a856,Jonas Hofmann,de GER,"FW,MF",M'Gladbach,30-299,1992,26.8,25,13,16,7,2,12,45,26.7,33,35,2,33,16,41,21,0,Matches
877bc844,Philipp Hofmann,de GER,FW,Bochum,30-040,1993,26.3,16,10,0,12,4,5,10,50.0,5,20,8,12,6,22,37,0,Matches
ca618d23,Lucas Höler,de GER,"FW,MF",Freiburg,28-303,1994,13.7,17,12,4,7,6,4,18,22.2,14,20,5,15,9,26,16,0,Matches
2979c05a,Gerrit Holtmann,ph PHI,"FW,MF",Bochum,28-045,1995,10.1,14,7,6,7,1,12,20,60.0,8,15,1,14,2,16,3,0,Matches
2b83fa49,Jannes Horn,de GER,"DF,FW",Bochum,26-092,1997,0.7,2,1,1,1,0,1,1,100.0,0,1,0,1,3,5,2,0,Matches
ad3389d5,Lukáš Hrádecký,fi FIN,GK,Leverkusen,33-166,1989,30.0,0,0,0,0,0,0,0,,0,0,0,0,0,0,3,1,Matches
94302c52,Timo Hübers,de GER,DF,Köln,26-293,1996,25.4,40,25,32,8,0,23,48,47.9,25,25,12,13,53,93,143,0,Matches
15f3ec41,Callum Hudson-Odoi,eng ENG,"FW,MF",Leverkusen,22-183,2000,6.7,5,3,4,0,1,1,1,100.0,0,0,0,0,2,7,4,0,Matches
05d548d8,Mats Hummels,de GER,DF,Dortmund,34-144,1988,19.8,57,31,34,21,2,31,50,62.0,19,28,16,12,29,86,92,1,Matches
b116c6e3,Denis Huseinbasic,de GER,"MF,FW",Köln,21-310,2001,8.1,23,9,8,11,4,10,24,41.7,14,16,2,14,4,27,5,0,Matches
054849d2,Iago,br BRA,"DF,MF",Augsburg,26-047,1997,17.8,34,16,20,10,4,11,29,37.9,18,18,5,13,17,51,53,0,Matches
f5c4fd91,Arijon Ibrahimović,de GER,MF,Bayern Munich,17-149,2005,0.2,1,1,1,0,0,0,0,,0,0,0,0,0,1,0,0,Matches
271b8617,Marcus Ingvartsen,dk DEN,"FW,MF",Mainz 05,27-125,1996,12.9,4,1,0,2,2,1,9,11.1,8,8,1,7,2,6,9,0,Matches
97d545ae,Ko Itakura,jp JPN,DF,M'Gladbach,26-102,1997,19.5,24,14,17,5,2,12,25,48.0,13,38,24,14,25,49,86,0,Matches
204dded0,Hiroki Ito,jp JPN,DF,Stuttgart,23-362,1999,25.5,35,26,21,12,2,16,32,50.0,16,36,15,21,35,70,90,0,Matches
8bf58a80,Andreas Ivan,ro ROU,MF,Schalke 04,28-119,1995,0.5,0,0,0,0,0,0,1,0.0,1,0,0,0,0,0,1,0,Matches
34b0387f,Lee Jae-sung,kr KOR,MF,Mainz 05,30-272,1992,19.3,33,14,7,19,7,13,31,41.9,18,29,5,24,14,47,15,0,Matches
a93b6f4e,Paul Jaeckel,de GER,DF,Union Berlin,24-291,1998,12.4,23,18,11,11,1,16,33,48.5,17,11,5,6,16,39,42,1,Matches
a8ee54ad,Kristijan Jakić,hr CRO,"DF,MF",Eint Frankfurt,25-360,1997,16.2,33,21,19,12,2,22,41,53.7,19,32,10,22,14,47,49,1,Matches
fa4cabd1,Jan Jakob Olschowsky,de GER,GK,M'Gladbach,21-172,2001,2.0,0,0,0,0,0,0,1,0.0,1,0,0,0,0,0,1,0,Matches
689c9cf4,Saidy Janko,gm GAM,DF,Bochum,27-199,1995,9.6,18,11,12,4,2,9,16,56.3,7,19,6,13,10,28,24,1,Matches
34b54da7,Tony Jantschke,de GER,"DF,MF",M'Gladbach,33-032,1990,1.0,2,1,1,1,0,1,1,100.0,0,4,2,2,0,2,5,0,Matches
3eeb80e0,Fredrik Jensen,fi FIN,"FW,MF",Augsburg,25-242,1997,10.3,15,10,8,3,4,5,10,50.0,5,12,5,7,4,19,12,0,Matches
ee644761,Moritz Jenz,de GER,DF,Schalke 04,24-009,1999,9.5,13,10,7,5,1,4,6,66.7,2,15,9,6,7,20,48,1,Matches
f36c432f,Stevan Jovetić,me MNE,"FW,MF",Hertha BSC,33-188,1989,7.9,2,1,1,1,0,1,6,16.7,5,2,1,1,0,2,6,0,Matches
de838f86,Anthony Jung,de GER,"DF,FW",Werder Bremen,31-187,1991,27.1,44,26,18,19,7,31,55,56.4,24,29,6,23,22,66,58,0,Matches
0a084b35,Josip Juranović,hr CRO,DF,Union Berlin,27-266,1995,10.0,9,7,5,2,2,7,17,41.2,10,9,3,6,6,15,21,1,Matches
2d61d13a,Ozan Kabak,tr TUR,DF,Hoffenheim,23-045,2000,23.9,46,32,26,17,3,15,28,53.6,13,33,21,12,44,90,72,0,Matches
79c90e45,Pavel Kadeřábek,cz CZE,DF,Hoffenheim,31-014,1992,18.5,26,20,10,9,7,15,23,65.2,8,12,2,10,14,40,37,1,Matches
94c18565,Florian Kainz,at AUT,"MF,FW",Köln,30-197,1992,23.7,21,10,7,12,2,8,22,36.4,14,26,5,21,28,49,30,1,Matches
15f24fe7,Sasa Kalajdzic,at AUT,FW,Stuttgart,25-306,1997,2.6,3,2,0,1,2,1,3,33.3,2,1,0,1,0,3,0,0,Matches
15b287da,Daichi Kamada,jp JPN,"MF,FW",Eint Frankfurt,26-277,1996,22.2,43,25,9,31,3,25,46,54.3,21,28,2,26,15,58,16,1,Matches
202b3b68,Jakub Kamiński,pl POL,"FW,MF",Wolfsburg,20-338,2002,20.3,31,21,12,11,8,16,33,48.5,17,33,0,33,7,38,9,0,Matches
463503e2,Marcin Kamiński,pl POL,DF,Schalke 04,31-114,1992,5.0,5,3,3,0,2,2,3,66.7,1,4,4,0,9,14,25,0,Matches
b825a650,Kevin Kampl,si SVN,MF,RB Leipzig,32-212,1990,14.3,18,10,4,13,1,5,25,20.0,20,23,7,16,20,38,10,0,Matches
b4c816a9,Wilfried Kanga,ci CIV,FW,Hertha BSC,25-077,1998,15.7,5,4,2,1,2,2,4,50.0,2,14,3,11,2,7,13,0,Matches
8f0f2230,Kenan Karaman,tr TUR,FW,Schalke 04,29-065,1994,8.7,8,6,1,4,3,2,9,22.2,7,8,1,7,2,10,8,0,Matches
5762be5c,Atakan Karazor,de GER,MF,Stuttgart,26-208,1996,18.9,48,29,17,25,6,24,44,54.5,20,35,11,24,30,78,40,0,Matches
778ccc44,Thomas Kastanaras,gr GRE,"FW,DF",Stuttgart,20-120,2003,0.8,0,0,0,0,0,0,0,,0,1,0,1,0,0,0,0,Matches
de4cac2d,Silas Katompa,cd COD,"FW,MF",Stuttgart,24-215,1998,19.6,24,16,4,14,6,6,20,30.0,14,13,2,11,7,31,1,0,Matches
d2c580ce,Yannik Keitel,de GER,MF,Freiburg,23-083,2000,6.1,10,6,3,6,1,3,3,100.0,0,4,1,3,10,20,7,0,Matches
815c314f,Marc-Oliver Kempf,de GER,DF,Hertha BSC,28-101,1995,28.1,40,25,25,14,1,16,22,72.7,6,41,32,9,47,87,128,0,Matches
099e666f,Jonjoe Kenny,eng ENG,DF,Hertha BSC,26-055,1997,21.9,39,29,21,15,3,19,35,54.3,16,31,8,23,45,84,62,0,Matches
59e4b92e,Rani Khedira,de GER,MF,Union Berlin,29-102,1994,29.0,57,31,19,31,7,24,45,53.3,21,30,10,20,40,97,30,0,Matches
610aa1e9,Luca Kilian,de GER,DF,Köln,23-250,1999,12.2,22,16,14,7,1,12,21,57.1,9,16,8,8,10,32,48,0,Matches
49296448,Joshua Kimmich,de GER,MF,Bayern Munich,28-090,1995,28.4,70,42,18,44,8,37,70,52.9,33,31,6,25,40,110,33,1,Matches
ca8033cb,Lukas Klostermann,de GER,DF,RB Leipzig,26-340,1996,8.3,15,8,7,8,0,8,13,61.5,5,2,1,1,10,25,23,0,Matches
19a967ab,Ansgar Knauff,de GER,DF,Eint Frankfurt,21-119,2002,13.9,36,25,22,11,3,15,32,46.9,17,19,1,18,15,51,24,0,Matches
6bd5cd5d,Robin Knoche,de GER,DF,Union Berlin,30-352,1992,29.9,43,29,28,11,4,23,44,52.3,21,34,17,17,33,76,129,0,Matches
cd59b9df,Gregor Kobel,ch SUI,GK,Dortmund,25-154,1997,24.0,0,0,0,0,0,0,1,0.0,1,0,0,0,0,0,6,2,Matches
0fbecd11,Dominik Kohr,de GER,MF,Mainz 05,29-098,1994,23.5,53,28,17,31,5,26,57,45.6,31,38,8,30,33,86,21,0,Matches
c0b3669f,Randal Kolo Muani,fr FRA,FW,Eint Frankfurt,24-155,1998,26.5,14,10,3,3,8,1,8,12.5,7,18,2,16,3,17,11,0,Matches
ab096c6f,Timothée Kolodziejczak,fr FRA,DF,Schalke 04,31-220,1991,0.3,0,0,0,0,0,0,1,0.0,1,0,0,0,1,1,1,0,Matches
86574238,Kouadio Koné,fr FRA,MF,M'Gladbach,21-357,2001,27.3,70,38,36,30,4,23,41,56.1,18,38,10,28,29,99,21,0,Matches
1f3afdcb,Odilon Kossonou,ci CIV,DF,Leverkusen,22-125,2001,16.9,21,14,12,7,2,8,16,50.0,8,26,11,15,24,45,58,1,Matches
b1cd37e6,Filip Kostić,rs SRB,"DF,MF",Eint Frankfurt,30-189,1992,0.8,2,0,1,1,0,0,0,,0,0,0,0,1,3,0,0,Matches
dc366c36,Tomáš Koubek,cz CZE,GK,Augsburg,30-256,1992,8.0,0,0,0,0,0,0,0,,0,0,0,0,0,0,4,0,Matches
f1e855eb,Soichiro Kozuki,jp JPN,"FW,MF",Schalke 04,22-138,2000,4.2,6,4,3,3,0,4,6,66.7,2,5,0,5,3,9,3,0,Matches
e717705a,Alex Král,cz CZE,MF,Schalke 04,24-355,1998,23.2,33,23,10,21,2,17,34,50.0,17,31,6,25,14,47,50,0,Matches
603cb947,Andrej Kramarić,hr CRO,"MF,FW",Hoffenheim,31-324,1991,23.5,5,2,2,1,2,1,10,10.0,9,11,1,10,5,10,13,0,Matches
496aeede,Christoph Kramer,de GER,MF,M'Gladbach,32-079,1991,23.7,39,28,20,14,5,20,50,40.0,30,32,1,31,17,56,40,0,Matches
9f77012e,Tom Krauß,de GER,MF,Schalke 04,21-321,2001,26.5,108,64,39,59,10,49,96,51.0,47,37,6,31,34,142,34,0,Matches
f9446dcd,Max Kruse,de GER,"MF,FW",Wolfsburg,35-051,1988,3.0,1,1,0,1,0,0,1,0.0,1,2,1,1,0,1,1,0,Matches
2a29eb9b,Lukas Kübler,de GER,DF,Freiburg,30-252,1992,17.4,36,25,23,9,4,18,29,62.1,11,25,11,14,28,64,48,0,Matches
9ceb7642,Pierre Kunde,cm CMR,"MF,FW",Bochum,27-287,1995,4.2,12,6,3,8,1,6,14,42.9,8,7,1,6,7,19,9,0,Matches
f1bc3876,Alou Kuol,au AUS,FW,Stuttgart,22-224,2000,0.1,0,0,0,0,0,0,0,,0,0,0,0,0,0,0,0,Matches
2770726a,Daniel Kyereh,gh GHA,"MF,FW",Freiburg,27-062,1996,6.2,6,4,2,4,0,3,6,50.0,3,4,0,4,2,8,6,0,Matches
277c49ed,Maxence Lacroix,fr FRA,DF,Wolfsburg,23-033,2000,18.1,22,13,15,7,0,8,16,50.0,8,22,11,11,26,48,85,0,Matches
22798128,Aïssa Laïdouni,tn TUN,MF,Union Berlin,26-147,1996,8.3,12,5,5,7,0,5,14,35.7,9,20,3,17,9,21,3,0,Matches
c1b7847c,Konrad Laimer,at AUT,MF,RB Leipzig,25-347,1997,13.7,43,22,17,21,5,21,40,52.5,19,23,2,21,14,57,6,0,Matches
4aea5077,Stefan Lainer,at AUT,DF,M'Gladbach,30-255,1992,6.1,12,7,6,5,1,7,16,43.8,9,4,1,3,10,22,24,1,Matches
591477c9,Vassilis Lambropoulos,gr GRE,DF,Bochum,33-039,1990,6.9,10,8,7,3,0,6,9,66.7,3,5,3,2,12,22,40,0,Matches
72984eee,Jordan Larsson,se SWE,"FW,MF",Schalke 04,25-323,1997,5.1,8,5,1,7,0,2,9,22.2,7,9,0,9,4,12,3,0,Matches
33b554b7,Danny Latza,de GER,MF,Schalke 04,33-153,1989,7.4,15,11,7,7,1,4,11,36.4,7,14,1,13,3,18,12,0,Matches
c4987edc,Diogo Leite,pt POR,DF,Union Berlin,24-106,1999,22.5,28,16,16,12,0,16,28,57.1,12,21,13,8,25,53,89,0,Matches
7e12a98d,Maxim Leitsch,de GER,DF,Mainz 05,24-356,1998,7.4,9,7,6,3,0,4,5,80.0,1,7,4,3,18,27,26,1,Matches
792ffa71,Tim Lemperle,de GER,"FW,MF",Köln,21-093,2002,1.3,6,4,3,1,2,3,5,60.0,2,2,0,2,1,7,4,0,Matches
bbd86530,Christopher Lenz,de GER,DF,Eint Frankfurt,28-229,1994,12.2,24,17,13,7,4,13,31,41.9,18,15,2,13,19,43,27,0,Matches
13fe7b69,Jamie Leweling,de GER,FW,Union Berlin,22-072,2001,2.6,4,3,2,2,0,3,4,75.0,1,2,0,2,1,5,0,0,Matches
302527b2,Philipp Lienhart,at AUT,DF,Freiburg,26-302,1996,26.0,28,17,19,9,0,13,24,54.2,11,26,14,12,34,62,91,0,Matches
d6e53a3a,Matthijs de Ligt,nl NED,DF,Bayern Munich,23-270,1999,23.8,27,19,13,13,1,13,22,59.1,9,31,20,11,20,47,75,0,Matches
62c7067a,Dimitris Limnios,gr GRE,FW,Köln,24-347,1998,0.1,0,0,0,0,0,0,0,,0,0,0,0,1,1,0,0,Matches
37dc1a48,Jesper Lindstrøm,dk DEN,"MF,FW",Eint Frankfurt,23-069,2000,17.6,23,10,13,6,4,6,20,30.0,14,21,2,19,8,31,9,0,Matches
c455a2b2,Dejan Ljubicic,at AUT,"MF,FW",Köln,25-213,1997,16.7,23,14,7,13,3,12,36,33.3,24,19,0,19,8,31,8,0,Matches
07c7eb0c,Anthony Losilla,fr FRA,MF,Bochum,37-060,1986,27.2,69,46,29,30,10,33,63,52.4,30,33,10,23,30,99,60,0,Matches
0c61c77c,Dodi Lukebakio,be BEL,"FW,MF",Hertha BSC,25-227,1997,24.8,18,11,7,8,3,6,22,27.3,16,23,5,18,11,29,14,0,Matches
8a6ab963,Andrey Lunyov,ru RUS,GK,Leverkusen,31-177,1991,1.0,0,0,0,0,0,0,0,,0,0,0,0,0,0,0,0,Matches
ab700320,Arne Maier,de GER,MF,Augsburg,24-121,1999,20.2,28,21,14,11,3,10,16,62.5,6,20,0,20,13,41,17,0,Matches
e5d85da8,Linton Maina,de GER,"FW,MF",Köln,23-320,1999,22.4,17,12,5,10,2,7,30,23.3,23,17,0,17,5,22,9,0,Matches
864163f3,Donyell Malen,nl NED,FW,Dortmund,24-110,1999,16.5,12,5,3,3,6,4,8,50.0,4,11,0,11,4,16,10,0,Matches
c691bfe2,Sadio Mané,sn SEN,"FW,MF",Bayern Munich,31-029,1992,15.7,11,5,3,3,5,1,9,11.1,8,15,2,13,0,11,4,0,Matches
706a60e1,Myziane Maolida,fr FRA,"FW,MF",Hertha BSC,24-084,1999,1.1,1,1,1,0,0,1,2,50.0,1,0,0,0,0,1,1,0,Matches
0e0102eb,Omar Marmoush,eg EGY,FW,Wolfsburg,24-091,1999,15.8,16,10,8,2,6,4,14,28.6,10,19,1,18,7,23,4,0,Matches
92a16062,Eric Martel,de GER,MF,Köln,21-010,2002,19.9,55,35,25,24,6,25,53,47.2,28,23,6,17,26,81,46,0,Matches
2f3e911a,Aarón Martín,es ESP,DF,Mainz 05,26-017,1997,18.8,36,22,20,10,6,17,31,54.8,14,21,1,20,14,50,25,0,Matches
a396fb61,Erhan Mašović,rs SRB,"DF,MF",Bochum,24-168,1998,21.3,45,28,25,19,1,25,45,55.6,20,29,14,15,24,69,66,0,Matches
ab3f1bdf,Henning Matriciani,de GER,DF,Schalke 04,23-056,2000,18.9,37,18,26,8,3,21,54,38.9,33,25,10,15,19,56,54,1,Matches
00963611,Konstantinos Mavropanos,gr GRE,DF,Stuttgart,25-149,1997,24.2,48,26,31,14,3,27,37,73.0,10,38,18,20,61,109,94,0,Matches
826e8b63,Philipp Max,de GER,DF,Eint Frankfurt,29-221,1993,7.2,11,8,4,6,1,4,15,26.7,11,10,2,8,2,13,9,0,Matches
0e6bc38c,Eric Maxim Choupo-Moting,cm CMR,FW,Bayern Munich,34-047,1989,12.1,10,7,2,6,2,1,2,50.0,1,8,0,8,0,10,5,0,Matches
ebb32f3a,Keke Maximilian Topp,de GER,FW,Schalke 04,19-045,2004,0.2,0,0,0,0,0,0,0,,0,0,0,0,1,1,0,0,Matches
89b3bc5e,Ibrahim Maza,de GER,FW,Hertha BSC,17-166,2005,0.3,0,0,0,0,0,0,1,0.0,1,2,0,2,0,0,1,0,Matches
b74277a0,Noussair Mazraoui,ma MAR,"DF,FW",Bayern Munich,25-176,1997,9.1,21,14,4,7,10,10,17,58.8,7,7,2,5,9,30,18,0,Matches
1a5d7cb9,Jean-Manuel Mbom,de GER,MF,Werder Bremen,23-074,2000,0.0,0,0,0,0,0,0,0,,0,0,0,0,0,0,0,0,Matches
46750e9c,Nathanael Mbuku,fr FRA,"MF,FW",Augsburg,21-054,2002,0.4,1,0,0,1,0,0,0,,0,0,0,0,0,1,0,0,Matches
e162b013,Thomas Meunier,be BEL,DF,Dortmund,31-239,1991,6.5,16,7,8,5,3,10,17,58.8,7,7,2,5,9,25,16,0,Matches
b56dd813,Alexander Meyer,de GER,GK,Dortmund,32-026,1991,7.0,0,0,0,0,0,0,1,0.0,1,0,0,0,0,0,1,0,Matches
1e274a0a,Sven Michel,de GER,FW,Union Berlin,32-298,1990,5.2,9,5,1,5,3,4,8,50.0,4,5,1,4,0,9,4,0,Matches
f76022e7,Enzo Millot,fr FRA,MF,Stuttgart,20-296,2002,9.5,21,16,8,9,4,12,18,66.7,6,20,3,17,10,31,7,0,Matches
88d4144a,Maximilian Mittelstädt,de GER,"DF,MF",Hertha BSC,26-052,1997,8.2,36,18,28,6,2,16,37,43.2,21,13,2,11,24,60,25,0,Matches
34e4343c,Anthony Modeste,fr FRA,FW,Dortmund,35-025,1988,8.9,4,4,2,0,2,2,5,40.0,3,6,0,6,2,6,21,0,Matches
9ec9c8b6,Tobias Mohr,de GER,"DF,MF",Schalke 04,27-258,1995,8.8,7,4,3,4,0,2,7,28.6,5,13,5,8,8,15,19,0,Matches
29ddfb9c,Clinton Mola,eng ENG,DF,Stuttgart,22-055,2001,0.2,3,1,2,1,0,1,1,100.0,0,1,1,0,1,4,2,0,Matches
7e82a78f,Florent Mollet,fr FRA,MF,Schalke 04,31-171,1991,4.6,4,1,0,4,0,2,7,28.6,5,7,1,6,1,5,1,0,Matches
6ce43701,Youssoufa Moukoko,de GER,FW,Dortmund,18-170,2004,12.0,13,7,3,6,4,3,6,50.0,3,8,0,8,2,15,1,0,Matches
cbac6ec9,Florian Müller,de GER,GK,Stuttgart,25-177,1997,19.0,0,0,0,0,0,0,0,,0,0,0,0,0,0,7,4,Matches
3c6089ab,Thomas Müller,de GER,"FW,MF",Bayern Munich,33-238,1989,15.8,15,9,4,7,4,4,11,36.4,7,13,2,11,3,18,12,0,Matches
2c0558b8,Jamal Musiala,de GER,"MF,FW",Bayern Munich,20-072,2003,22.4,31,21,9,15,7,11,30,36.7,19,25,2,23,16,47,3,0,Matches
9ff8ec4a,Suliman Mustapha,at AUT,"FW,MF",Mainz 05,21-350,2001,0.8,2,2,0,2,0,0,0,,0,4,0,4,0,2,0,0,Matches
441197b8,Obite N'Dicka,fr FRA,DF,Eint Frankfurt,23-262,1999,26.9,22,15,10,8,4,16,29,55.2,13,39,15,24,30,52,137,0,Matches
e110ea4b,Nathan N'Goumou,fr FRA,FW,M'Gladbach,23-056,2000,6.8,10,5,4,5,1,6,11,54.5,5,8,0,8,1,11,4,0,Matches
61590953,Stanley N'Soki,fr FRA,DF,Hoffenheim,24-030,1999,13.6,21,12,14,6,1,11,21,52.4,10,22,5,17,23,44,33,0,Matches
30261ba1,Nikolas Nartey,dk DEN,"DF,MF",Stuttgart,23-076,2000,4.3,9,4,6,2,1,4,8,50.0,4,8,0,8,3,12,11,0,Matches
e79269bd,Luca Netz,de GER,DF,M'Gladbach,19-359,2003,5.9,19,9,14,3,2,15,25,60.0,10,5,1,4,3,22,24,0,Matches
8778c910,Manuel Neuer,de GER,GK,Bayern Munich,37-043,1986,12.0,0,0,0,0,0,0,0,,0,0,0,0,0,0,4,1,Matches
36a59ba4,Florian Neuhaus,de GER,MF,M'Gladbach,26-054,1997,13.9,17,9,7,5,5,8,24,33.3,16,19,3,16,11,28,5,0,Matches
bc249af8,Jessic Ngankam,de GER,"FW,MF",Hertha BSC,22-293,2000,8.3,14,9,7,4,3,6,13,46.2,7,6,1,5,1,15,3,0,Matches
d6862409,Florian Niederlechner,de GER,"FW,MF",Augsburg,32-197,1990,10.1,10,5,5,4,1,4,7,57.1,3,16,2,14,1,11,9,0,Matches
d6862409,Florian Niederlechner,de GER,FW,Hertha BSC,32-197,1990,7.2,9,7,2,4,3,2,8,25.0,6,7,0,7,2,11,9,0,Matches
a45241d5,Justin Njinmah,de GER,FW,Dortmund,22-175,2000,0.2,0,0,0,0,0,0,0,,0,0,0,0,0,0,0,0,Matches
7c56da38,Christopher Nkunku,fr FRA,"FW,MF",RB Leipzig,25-176,1997,18.1,6,4,2,1,3,1,6,16.7,5,8,3,5,7,13,9,0,Matches
091c86e2,Felix Nmecha,de GER,MF,Wolfsburg,22-211,2000,17.9,36,21,7,22,7,12,25,48.0,13,22,9,13,23,59,30,0,Matches
0cc5f4a5,Lukas Nmecha,de GER,FW,Wolfsburg,24-146,1998,10.0,5,3,0,2,3,3,3,100.0,0,5,1,4,3,8,4,0,Matches
5458f670,Hugo Novoa,es ESP,"DF,FW",RB Leipzig,20-128,2003,2.0,8,2,1,3,4,4,7,57.1,3,4,0,4,1,9,0,0,Matches
bdedffac,Ørjan Nyland,no NOR,GK,RB Leipzig,32-241,1990,1.0,0,0,0,0,0,0,0,,0,0,0,0,0,0,0,0,Matches
57ec75bf,Tim Oermann,de GER,DF,Bochum,19-215,2003,2.2,2,1,2,0,0,1,1,100.0,0,3,2,1,1,3,8,1,Matches
dd2e62da,Finn Ole Becker,de GER,MF,Hoffenheim,22-335,2000,4.1,7,2,2,5,0,2,4,50.0,2,4,0,4,4,11,5,0,Matches
86adbcc7,Mathias Olesen,lu LUX,MF,Köln,22-049,2001,5.3,10,5,4,4,2,5,8,62.5,3,6,1,5,2,12,3,0,Matches
ae44e8e2,Dani Olmo,es ESP,"MF,FW",RB Leipzig,25-002,1998,12.3,14,8,1,9,4,6,10,60.0,4,12,0,12,6,20,5,0,Matches
c631f952,Jonas Omlin,ch SUI,GK,M'Gladbach,29-119,1994,13.3,1,1,1,0,0,1,3,33.3,2,1,0,1,0,1,9,1,Matches
f26834c7,Karim Onisiwo,at AUT,"FW,MF",Mainz 05,31-053,1992,25.2,15,9,2,7,6,3,19,15.8,16,15,0,15,2,17,6,0,Matches
20030c06,Willi Orban,hu HUN,DF,RB Leipzig,30-187,1992,29.8,45,30,29,16,0,24,39,61.5,15,37,22,15,36,81,118,1,Matches
86c75897,Ivan Ordets,ua UKR,DF,Bochum,30-305,1992,24.2,28,16,20,7,1,16,27,59.3,11,32,16,16,47,75,126,0,Matches
0a16eb36,Jordi Osei-Tutu,eng ENG,"DF,FW",Bochum,24-219,1998,8.3,23,18,13,5,5,12,23,52.2,11,12,5,7,10,33,8,0,Matches
9662c9ec,Patrick Osterhage,de GER,MF,Bochum,23-097,2000,11.0,20,17,8,10,2,11,16,68.8,5,14,4,10,11,31,23,0,Matches
1cbe4984,Paulo Otávio,br BRA,DF,Wolfsburg,28-167,1994,22.7,72,46,46,17,9,44,66,66.7,22,42,6,36,30,102,70,1,Matches
36d9dabe,Thomas Ouwejan,nl NED,DF,Schalke 04,26-221,1996,9.7,19,8,13,5,1,6,10,60.0,4,17,4,13,13,32,26,0,Matches
8b6e0db2,Reece Oxford,eng ENG,DF,Augsburg,24-144,1998,1.0,1,1,1,0,0,0,0,,0,4,3,1,1,2,5,0,Matches
15413fa5,Salih Özcan,tr TUR,MF,Dortmund,25-118,1998,16.9,30,17,9,16,5,16,39,41.0,23,22,2,20,26,56,19,1,Matches
66385c46,Levin Öztunalı,de GER,MF,Union Berlin,27-055,1996,0.1,0,0,0,0,0,0,1,0.0,1,0,0,0,0,0,0,0,Matches
e82adcab,Exequiel Palacios,ar ARG,MF,Leverkusen,24-216,1998,15.4,50,30,18,28,4,24,42,57.1,18,23,2,21,30,80,24,0,Matches
5dc15574,Miloš Pantović,rs SRB,MF,Union Berlin,26-306,1996,2.3,4,2,4,0,0,3,5,60.0,2,3,0,3,0,4,5,0,Matches
13d23b29,Antonios Papadopoulos,de GER,DF,Dortmund,23-241,1999,0.1,0,0,0,0,0,0,0,,0,0,0,0,1,1,0,0,Matches
5c50fdbc,Kevin Paredes,us USA,"FW,MF",Wolfsburg,20-002,2003,5.5,12,9,5,3,4,8,11,72.7,3,7,0,7,6,18,7,0,Matches
1866b0f1,Marco Pašalić,hr CRO,MF,Dortmund,22-237,2000,0.1,0,0,0,0,0,0,0,,0,0,0,0,0,0,0,0,Matches
5c899683,Felix Passlack,de GER,DF,Dortmund,24-345,1998,0.7,4,3,0,4,0,1,1,100.0,0,1,1,0,0,4,1,0,Matches
53070b63,Paulinho,br BRA,FW,Leverkusen,22-298,2000,0.9,0,0,0,0,0,0,0,,0,1,0,1,0,0,2,0,Matches
45a03961,Benjamin Pavard,fr FRA,DF,Bayern Munich,27-042,1996,24.0,65,38,34,23,8,34,44,77.3,10,31,14,17,41,106,72,0,Matches
0a1cb833,Jiří Pavlenka,cz CZE,GK,Werder Bremen,31-025,1992,29.3,1,0,1,0,0,1,5,20.0,4,0,0,0,3,4,21,1,Matches
5154b2ba,Kristian Pedersen,dk DEN,DF,Köln,28-278,1994,3.0,5,4,4,1,0,0,2,0.0,2,3,0,3,5,10,17,0,Matches
582a5247,Mads Pedersen,dk DEN,"DF,MF",Augsburg,26-250,1996,17.9,41,21,29,10,2,19,28,67.9,9,29,7,22,20,61,38,1,Matches
b684a484,Jordan Pefok,us USA,FW,Union Berlin,27-013,1996,14.5,15,7,3,4,8,2,17,11.8,15,17,5,12,4,19,14,0,Matches
c18d22f5,Peter Pekarík,sk SVK,DF,Hertha BSC,36-191,1986,2.0,4,3,4,0,0,4,6,66.7,2,6,2,4,4,8,5,0,Matches
3b61c9ec,Luca Pellegrini,it ITA,DF,Eint Frankfurt,24-063,1999,6.2,13,8,10,3,0,8,8,100.0,0,8,2,6,7,20,11,1,Matches
a2b1ed42,Ricardo Pepi,us USA,FW,Augsburg,20-120,2003,1.1,1,1,1,0,0,1,1,100.0,0,1,0,1,0,1,1,0,Matches
ff3d391c,Juan Perea,co COL,FW,Stuttgart,23-075,2000,4.6,5,4,0,2,3,2,4,50.0,2,2,1,1,1,6,3,0,Matches
f93e6e94,Nils Petersen,de GER,FW,Freiburg,34-154,1988,2.8,6,4,0,3,3,2,5,40.0,3,11,2,9,1,7,6,0,Matches
f503ef6e,Lukas Petkov,de GER,"MF,FW",Augsburg,22-189,2000,1.6,5,1,4,1,0,2,3,66.7,1,4,1,3,1,6,0,0,Matches
83e1f40e,Luca Pfeiffer,de GER,FW,Stuttgart,26-262,1996,7.6,1,1,1,0,0,0,1,0.0,1,4,0,4,1,2,5,0,Matches
061e8e23,Maximilian Philipp,de GER,FW,Wolfsburg,29-069,1994,1.3,2,1,1,1,0,1,1,100.0,0,1,0,1,0,2,0,0,Matches
061e8e23,Maximilian Philipp,de GER,"FW,MF",Werder Bremen,29-069,1994,4.0,5,4,2,2,1,1,7,14.3,6,5,1,4,3,8,2,0,Matches
526ea7cc,Amos Pieper,de GER,DF,Werder Bremen,25-112,1998,21.7,46,28,25,19,2,24,40,60.0,16,23,11,12,30,76,94,1,Matches
f7aa75bd,Marvin Plattenhardt,de GER,DF,Hertha BSC,31-103,1992,25.3,42,32,24,15,3,28,44,63.6,16,24,10,14,14,56,74,0,Matches
bc6bd723,Alassane Pléa,fr FRA,FW,M'Gladbach,30-060,1993,19.3,16,8,5,7,4,8,26,30.8,18,23,3,20,10,26,14,0,Matches
ea003d07,Joel Pohjanpalo,fi FIN,"FW,MF",Leverkusen,28-238,1994,0.0,0,0,0,0,0,0,0,,0,0,0,0,0,0,0,0,Matches
3745e8bd,Sebastian Polter,de GER,"FW,MF",Schalke 04,32-038,1991,5.5,4,3,0,4,0,1,3,33.3,2,3,0,3,0,4,6,0,Matches
7f609bfc,Stefan Posch,at AUT,DF,Hoffenheim,25-360,1997,0.2,0,0,0,0,0,0,0,,0,0,0,0,0,0,0,0,Matches
d2416c2e,Yussuf Poulsen,dk DEN,FW,RB Leipzig,28-328,1994,4.1,4,3,1,2,1,0,3,0.0,3,3,1,2,0,4,5,0,Matches
924f9191,Grischa Prömel,de GER,MF,Hoffenheim,28-120,1995,13.2,24,18,12,10,2,7,18,38.9,11,20,4,16,5,29,20,0,Matches
c68b1b13,Tymoteusz Puchacz,pl POL,DF,Union Berlin,24-106,1999,0.6,1,0,1,0,0,0,0,,0,0,0,0,0,1,1,0,Matches
7ec723b7,Eduardo Quaresma,pt POR,DF,Hoffenheim,21-068,2002,1.0,5,3,3,2,0,1,3,33.3,2,3,2,1,0,5,3,0,Matches
3c200e05,Joshua Quarshie,de GER,MF,Hoffenheim,18-287,2004,0.0,0,0,0,0,0,0,0,,0,0,0,0,0,0,0,0,Matches
b90c4a43,Diant Ramaj,de GER,GK,Eint Frankfurt,21-232,2001,1.0,0,0,0,0,0,0,0,,0,0,0,0,0,0,1,0,Matches
c8b3a472,Nicolai Rapp,de GER,"MF,DF",Werder Bremen,26-147,1996,0.8,3,1,3,0,0,0,3,0.0,3,0,0,0,0,3,1,0,Matches
7d450ed3,David Raum,de GER,"DF,MF",RB Leipzig,25-017,1998,18.4,39,25,23,12,4,17,29,58.6,12,22,5,17,16,55,24,1,Matches
cc971106,Rocco Reitz,de GER,MF,M'Gladbach,20-345,2002,0.0,0,0,0,0,0,0,0,,0,0,0,0,0,0,0,0,Matches
36a3ff67,Marco Reus,de GER,"MF,FW",Dortmund,33-343,1989,14.1,26,15,11,13,2,7,23,30.4,16,11,4,7,7,33,8,0,Matches
1ae836b1,Elvis Rexhbeçaj,de GER,MF,Augsburg,25-189,1997,26.0,47,27,15,23,9,26,56,46.4,30,38,12,26,16,63,36,0,Matches
7fa4e703,Gio Reyna,us USA,"FW,MF",Dortmund,20-177,2002,6.4,11,5,2,5,4,4,9,44.4,5,7,2,5,3,14,5,0,Matches
f972644c,Marco Richter,de GER,"MF,FW",Hertha BSC,25-166,1997,17.7,38,18,16,15,7,19,44,43.2,25,26,1,25,23,61,22,0,Matches
9f941969,Manuel Riemann,de GER,GK,Bochum,34-242,1988,31.0,2,1,2,0,0,2,3,66.7,1,1,0,1,5,7,18,7,Matches
e12b0b5b,Sebastian Rode,de GER,MF,Eint Frankfurt,32-210,1990,14.1,33,21,5,25,3,12,40,30.0,28,18,2,16,16,49,10,0,Matches
ea42c03f,Agustín Rogel,uy URU,DF,Hertha BSC,25-204,1997,14.0,17,9,12,5,0,10,14,71.4,4,13,6,7,11,28,58,1,Matches
1f2c7b55,Merlin Röhl,de GER,"MF,FW",Freiburg,20-308,2002,0.6,1,0,1,0,0,0,0,,0,0,0,0,0,1,1,0,Matches
90c1f9a4,Tom Rothe,de GER,DF,Dortmund,18-192,2004,0.3,1,1,0,1,0,1,1,100.0,0,0,0,0,1,2,2,0,Matches
13203c45,Jérôme Roussillon,fr FRA,"MF,DF",Wolfsburg,30-123,1993,0.2,0,0,0,0,0,0,0,,0,0,0,0,0,0,0,0,Matches
13203c45,Jérôme Roussillon,fr FRA,DF,Union Berlin,30-123,1993,7.7,11,6,5,5,1,7,8,87.5,1,5,2,3,4,15,19,0,Matches
80f36c88,Sebastian Rudy,de GER,MF,Hoffenheim,33-070,1990,6.9,24,12,10,14,0,11,24,45.8,13,19,2,17,7,31,13,0,Matches
c64c01fc,Georginio Rutter,fr FRA,FW,Hoffenheim,21-019,2002,11.2,7,4,1,4,2,1,3,33.3,2,10,2,8,5,12,6,0,Matches
009a4f60,Julian Ryerson,no NOR,DF,Union Berlin,25-173,1997,11.5,28,17,17,10,1,15,25,60.0,10,15,3,12,12,40,19,0,Matches
009a4f60,Julian Ryerson,no NOR,DF,Dortmund,25-173,1997,13.1,23,12,15,6,2,15,27,55.6,12,10,2,8,7,30,25,0,Matches
a70b8345,Frederik Rønnow,dk DEN,GK,Union Berlin,30-278,1992,26.0,0,0,0,0,0,0,4,0.0,4,0,0,0,0,0,8,1,Matches
e280527c,Marcel Sabitzer,at AUT,MF,Bayern Munich,29-053,1994,7.0,27,14,11,10,6,10,17,58.8,7,3,0,3,10,37,9,0,Matches
e1830c52,Dikeni Salifou,tg TOG,MF,Werder Bremen,19-335,2003,0.0,0,0,0,0,0,0,0,,0,0,0,0,0,0,0,0,Matches
bf075f6b,Roland Sallai,hu HUN,"MF,FW",Freiburg,25-352,1997,8.5,6,6,1,3,2,2,8,25.0,6,6,1,5,2,8,5,0,Matches
08593525,Diadie Samassékou,ml MLI,"MF,FW",Hoffenheim,27-118,1996,0.4,1,0,0,1,0,0,1,0.0,1,0,0,0,0,1,0,0,Matches
2b114be3,Leroy Sané,de GER,"MF,FW",Bayern Munich,27-118,1996,20.1,32,24,8,16,8,15,30,50.0,15,11,1,10,3,35,1,2,Matches
6a52a6c6,Sidi Sané,de GER,FW,Schalke 04,20-018,2003,0.3,1,1,1,0,0,1,1,100.0,0,0,0,0,0,1,0,0,Matches
1a4b9094,Bouna Sarr,sn SEN,FW,Bayern Munich,31-098,1992,0.0,0,0,0,0,0,0,0,,0,0,0,0,0,0,0,0,Matches
236f02cd,Joe Scally,us USA,DF,M'Gladbach,20-129,2002,24.5,31,20,25,5,1,24,31,77.4,7,17,6,11,8,39,61,0,Matches
52afb588,Kevin Schade,de GER,"FW,MF",Freiburg,21-163,2001,2.0,6,4,3,2,1,3,5,60.0,2,0,0,0,0,6,2,0,Matches
049751d7,András Schäfer,hu HUN,MF,Union Berlin,24-026,1999,8.9,21,9,7,12,2,6,14,42.9,8,12,2,10,4,25,11,0,Matches
93cba339,Derry Scherhant,de GER,"FW,MF",Hertha BSC,20-180,2002,2.7,6,5,2,3,1,3,7,42.9,4,2,0,2,0,6,4,0,Matches
5d4f7d61,Patrik Schick,cz CZE,FW,Leverkusen,27-105,1996,10.5,0,0,0,0,0,0,1,0.0,1,4,1,3,1,1,7,0,Matches
bd527260,Kingsley Schindler,gh GHA,"DF,MF",Köln,29-301,1993,10.9,22,12,12,8,2,17,25,68.0,8,14,2,12,14,36,22,0,Matches
8f056768,Xaver Schlager,at AUT,MF,RB Leipzig,25-223,1997,16.3,40,23,13,25,2,20,43,46.5,23,19,2,17,16,56,23,0,Matches
f6bdc830,Keven Schlotterbeck,de GER,DF,Freiburg,26-011,1997,0.2,0,0,0,0,0,0,0,,0,1,1,0,2,2,2,0,Matches
f6bdc830,Keven Schlotterbeck,de GER,DF,Bochum,26-011,1997,7.6,16,8,12,4,0,9,11,81.8,2,11,5,6,13,29,43,0,Matches
34e12499,Nico Schlotterbeck,de GER,DF,Dortmund,23-159,1999,25.0,59,34,34,24,1,37,53,69.8,16,38,21,17,32,91,71,1,Matches
088ca1bd,Jonathan Schmid,fr FRA,DF,Freiburg,32-321,1990,0.4,1,1,1,0,0,0,0,,0,1,0,1,1,2,1,1,Matches
220ace7e,Romano Schmid,at AUT,"MF,FW",Werder Bremen,23-102,2000,14.4,23,14,5,12,6,10,21,47.6,11,20,3,17,7,30,11,0,Matches
7d31f1cb,Kenneth Schmidt,de GER,DF,Freiburg,20-340,2002,0.7,1,0,0,1,0,0,0,,0,0,0,0,0,1,1,0,Matches
b9ae8560,Niklas Schmidt,de GER,MF,Werder Bremen,25-069,1998,11.2,23,10,11,10,2,11,26,42.3,15,9,0,9,4,27,9,0,Matches
ad00b1a8,Benno Schmitz,de GER,DF,Köln,28-173,1994,25.4,61,40,30,26,5,41,77,53.2,36,34,4,30,25,86,56,0,Matches
87436846,Marvin Schwäbe,de GER,GK,Köln,28-014,1995,31.0,1,0,1,0,0,1,1,100.0,0,0,0,0,2,3,7,2,Matches
0d55d942,Alexander Schwolow,de GER,GK,Schalke 04,30-341,1992,20.6,0,0,0,0,0,0,0,,0,0,0,0,1,1,6,2,Matches
8872ed17,Paul Seguin,de GER,MF,Union Berlin,28-041,1995,7.4,16,7,9,3,4,7,17,41.2,10,6,0,6,6,22,7,0,Matches
1238a3f9,Davie Selke,de GER,FW,Hertha BSC,28-109,1995,3.1,2,1,1,1,0,0,1,0.0,1,3,1,2,1,3,5,0,Matches
1238a3f9,Davie Selke,de GER,FW,Köln,28-109,1995,8.4,0,0,0,0,0,0,4,0.0,4,3,1,2,0,0,11,0,Matches
b3325a30,Suat Serdar,de GER,MF,Hertha BSC,26-028,1997,20.7,50,22,14,29,7,19,40,47.5,21,48,12,36,27,77,23,0,Matches
313254a3,Kiliann Sildillia,fr FRA,"DF,MF",Freiburg,20-358,2002,21.4,33,20,10,19,4,18,27,66.7,9,24,9,15,21,54,44,1,Matches
3effaa34,André Silva,pt POR,FW,RB Leipzig,27-184,1995,18.6,11,5,2,5,4,3,7,42.9,4,11,1,10,3,14,3,0,Matches
fcb27134,Mohamed Simakan,fr FRA,DF,RB Leipzig,23-006,2000,13.7,16,13,11,3,2,11,17,64.7,6,15,2,13,12,28,46,0,Matches
73000a79,Daley Sinkgraven,nl NED,"DF,MF",Leverkusen,27-309,1995,3.8,10,7,7,3,0,7,9,77.8,2,8,4,4,5,15,7,0,Matches
0d8a37c2,Tobias Sippel,de GER,GK,M'Gladbach,35-048,1988,5.7,0,0,0,0,0,0,0,,0,0,0,0,0,0,1,1,Matches
c6cf860f,Hugo Siquet,be BEL,DF,Freiburg,20-304,2002,0.2,2,2,2,0,0,2,2,100.0,0,1,0,1,0,2,0,0,Matches
65857fdf,Tim Skarke,de GER,"DF,MF",Union Berlin,26-244,1996,0.6,1,1,0,0,1,0,0,,0,1,0,1,0,1,0,0,Matches
65857fdf,Tim Skarke,de GER,"FW,MF",Schalke 04,26-244,1996,4.0,9,5,2,6,1,4,7,57.1,3,5,0,5,0,9,3,0,Matches
c2211709,Ellyes Skhiri,tn TUN,MF,Köln,27-364,1995,28.7,75,42,27,41,7,25,63,39.7,38,47,11,36,54,129,46,0,Matches
ff98492b,Robert Skov,dk DEN,DF,Hoffenheim,26-354,1996,14.2,18,9,11,6,1,8,23,34.8,15,21,7,14,8,26,19,1,Matches
c967f6b8,Hrvoje Smolčić,hr CRO,DF,Eint Frankfurt,22-265,2000,5.2,8,7,6,2,0,5,10,50.0,5,11,4,7,6,14,38,0,Matches
c05f2f8c,Danilo Soares,br BRA,DF,Bochum,31-192,1991,19.6,72,46,42,23,7,43,72,59.7,29,29,6,23,30,102,56,1,Matches
4f627629,Nikola Soldo,hr CRO,DF,Köln,22-104,2001,6.6,15,9,8,7,0,7,11,63.6,4,7,6,1,7,22,28,0,Matches
420c18a1,Yann Sommer,ch SUI,GK,Bayern Munich,34-143,1988,16.0,0,0,0,0,0,0,0,,0,0,0,0,1,1,5,1,Matches
420c18a1,Yann Sommer,ch SUI,GK,M'Gladbach,34-143,1988,10.0,1,0,1,0,0,1,1,100.0,0,0,0,0,0,1,8,0,Matches
af0d79a9,Borna Sosa,hr CRO,DF,Stuttgart,25-108,1998,19.7,25,19,16,8,1,20,31,64.5,11,19,5,14,18,43,35,0,Matches
4c6facae,Djibril Sow,ch SUI,MF,Eint Frankfurt,26-092,1997,26.5,39,23,12,25,2,20,40,50.0,20,21,4,17,28,67,21,0,Matches
0f59a7bf,Anton Stach,de GER,MF,Mainz 05,24-175,1998,20.2,25,19,10,13,2,14,33,42.4,19,27,2,25,37,62,24,0,Matches
861e0116,Kostas Stafylidis,gr GRE,"DF,MF",Bochum,29-158,1993,11.2,27,16,13,8,6,10,24,41.7,14,21,8,13,20,47,31,1,Matches
1fffae99,Jens Stage,dk DEN,MF,Werder Bremen,26-182,1996,18.6,30,15,12,17,1,8,32,25.0,24,34,11,23,15,45,31,0,Matches
e52d33d0,Veit Stange,de GER,MF,Hertha BSC,19-090,2004,0.1,1,1,1,0,0,1,1,100.0,0,0,0,0,0,1,0,0,Matches
7ed08d5c,Josip Stanišić,hr CRO,DF,Bayern Munich,23-037,2000,6.4,19,11,14,2,3,12,17,70.6,5,9,1,8,7,26,11,3,Matches
aad48be9,Niklas Stark,de GER,DF,Werder Bremen,28-025,1995,20.1,51,34,26,22,3,24,35,68.6,11,21,11,10,36,87,97,0,Matches
99f7e9aa,Pascal Stenzel,de GER,DF,Stuttgart,27-050,1996,3.6,12,8,8,4,0,5,9,55.6,4,8,2,6,5,17,6,0,Matches
3b1ed320,Angelo Stiller,de GER,MF,Hoffenheim,22-035,2001,7.4,26,12,9,13,4,8,12,66.7,4,12,2,10,10,36,11,0,Matches
7cd6badb,Lars Stindl,de GER,"FW,MF",M'Gladbach,34-256,1988,17.9,22,12,4,15,3,10,26,38.5,16,23,4,19,11,33,19,0,Matches
e5649a78,Kevin Stöger,at AUT,MF,Bochum,29-255,1993,26.3,76,39,35,29,12,28,83,33.7,55,25,4,21,23,99,20,1,Matches
e33c06cf,Niklas Süle,de GER,DF,Dortmund,27-248,1995,20.5,20,14,15,2,3,10,18,55.6,8,26,17,9,13,33,43,0,Matches
e18098de,Ivan Šunjić,hr CRO,MF,Hertha BSC,26-212,1996,11.0,38,20,16,21,1,16,24,66.7,8,17,5,12,13,51,19,1,Matches
92d83c27,Mattias Svanberg,se SWE,"MF,FW",Wolfsburg,24-124,1999,19.1,23,14,8,14,1,8,28,28.6,20,24,5,19,20,43,24,1,Matches
934e1968,Dominik Szoboszlai,hu HUN,"MF,FW",RB Leipzig,22-196,2000,24.9,39,24,10,17,12,14,37,37.8,23,35,2,33,16,55,26,0,Matches
e92cd3f7,Alexander Sørloth,no NOR,FW,RB Leipzig,27-155,1995,0.1,0,0,0,0,0,0,0,,0,0,0,0,0,0,0,0,Matches
bd142efb,Jonathan Tah,de GER,DF,Leverkusen,27-087,1996,24.6,23,10,19,4,0,11,17,64.7,6,27,17,10,36,59,108,0,Matches
a73c8f95,Edmond Tapsoba,bf BFA,DF,Leverkusen,24-096,1999,28.9,49,28,33,12,4,29,40,72.5,11,37,16,21,35,84,94,1,Matches
27270af4,Niklas Tauer,de GER,"DF,MF",Mainz 05,22-081,2001,1.0,2,1,2,0,0,1,3,33.3,2,2,1,1,2,4,4,0,Matches
829aa60c,Mathys Tel,fr FRA,FW,Bayern Munich,18-012,2005,4.2,2,2,0,1,1,1,1,100.0,0,5,1,4,0,2,1,0,Matches
0b45a8d7,Semir Telalovic,de GER,"MF,FW",M'Gladbach,23-137,1999,0.1,0,0,0,0,0,0,0,,0,0,0,0,0,0,0,0,Matches
863ff1ee,Simon Terodde,de GER,FW,Schalke 04,35-068,1988,19.4,15,8,4,7,4,3,13,23.1,10,6,2,4,6,21,9,0,Matches
ff5ea0bf,Malick Thiaw,de GER,DF,Schalke 04,21-274,2001,3.0,3,1,2,1,0,1,2,50.0,1,4,3,1,9,12,24,1,Matches
fd53759d,Jan Thielmann,de GER,FW,Köln,20-348,2002,8.2,9,8,3,4,2,2,10,20.0,8,13,3,10,6,15,6,0,Matches
d1b49282,Morten Thorsby,no NOR,MF,Union Berlin,27-004,1996,8.4,21,9,8,11,2,12,19,63.2,7,9,4,5,2,23,19,0,Matches
6f8cd6d0,Marcus Thuram,fr FRA,FW,M'Gladbach,25-276,1997,26.1,13,6,3,5,5,6,12,50.0,6,20,3,17,6,19,21,0,Matches
6b8887c2,Steffen Tigges,de GER,FW,Köln,24-282,1998,16.3,9,5,1,6,2,4,12,33.3,8,12,2,10,7,16,15,0,Matches
e547d3cf,Umut Tohumcu,de GER,MF,Hoffenheim,18-271,2004,2.7,10,5,4,5,1,3,8,37.5,5,4,0,4,1,11,7,0,Matches
b492126a,Tiago Tomás,pt POR,"FW,MF",Stuttgart,20-327,2002,12.6,9,4,2,4,3,7,10,70.0,3,8,2,6,1,10,4,0,Matches
c8c60119,Almamy Touré,ml MLI,DF,Eint Frankfurt,27-011,1996,2.4,6,4,2,4,0,3,5,60.0,2,6,2,4,6,12,3,0,Matches
71ec39ef,Lucas Tousart,fr FRA,MF,Hertha BSC,26-010,1997,29.7,68,36,32,26,10,25,54,46.3,29,38,4,34,44,112,65,1,Matches
ce17b5eb,Kevin Trapp,de GER,GK,Eint Frankfurt,32-305,1990,30.0,1,1,1,0,0,0,2,0.0,2,2,0,2,0,1,9,0,Matches
056d2d95,Christopher Trimmel,at AUT,DF,Union Berlin,36-074,1987,17.5,28,15,15,11,2,18,27,66.7,9,13,1,12,25,53,42,0,Matches
35d64857,Tuta,br BRA,DF,Eint Frankfurt,23-309,1999,27.2,46,31,23,17,6,29,49,59.2,20,43,14,29,44,90,115,2,Matches
7d3e7da6,Sven Ulreich,de GER,GK,Bayern Munich,34-279,1988,3.0,1,1,1,0,0,1,1,100.0,0,0,0,0,0,1,0,1,Matches
cd61c7af,Lauren Ulrich,de GER,MF,Stuttgart,18-098,2005,0.1,1,1,0,0,1,0,0,,0,0,0,0,0,1,0,0,Matches
d248cd8f,Dayot Upamecano,fr FRA,DF,Bayern Munich,24-194,1998,25.0,61,34,40,21,0,26,42,61.9,16,24,6,18,25,86,67,4,Matches
af842091,Filip Uremović,hr CRO,DF,Hertha BSC,26-087,1997,19.1,38,23,29,8,1,14,22,63.6,8,18,13,5,36,74,88,2,Matches
d75f3980,Jere Uronen,fi FIN,DF,Schalke 04,28-300,1994,6.6,11,7,5,4,2,6,9,66.7,3,5,2,3,6,17,9,0,Matches
a3ddb1b9,Mark Uth,de GER,"MF,FW",Köln,31-258,1991,0.5,0,0,0,0,0,0,0,,0,0,0,0,0,0,0,0,Matches
fb377d11,Josha Vagnoman,de GER,"DF,MF",Stuttgart,22-149,2000,13.7,21,11,9,9,3,13,23,56.5,10,18,2,16,8,29,26,1,Matches
6ecbddf6,Ruben Vargas,ch SUI,"MF,FW",Augsburg,24-277,1998,12.1,14,6,5,7,2,5,11,45.5,6,7,2,5,6,20,16,1,Matches
fc8fcbd1,Renato Veiga,pt POR,DF,Augsburg,19-284,2003,5.0,7,5,3,2,2,6,6,100.0,0,14,5,9,5,12,19,1,Matches
a5ae8f8e,Miloš Veljković,rs SRB,DF,Werder Bremen,27-225,1995,22.2,27,17,15,12,0,16,26,61.5,10,26,14,12,30,57,90,0,Matches
8fe2a392,Mickey van de Ven,nl NED,DF,Wolfsburg,22-020,2001,30.0,42,29,25,16,1,27,37,73.0,10,38,23,15,21,63,103,2,Matches
5360a956,Gabriel Vidovic,hr CRO,FW,Bayern Munich,19-159,2003,0.2,0,0,0,0,0,0,0,,0,0,0,0,0,0,0,0,Matches
1d8e9add,Kevin Vogt,de GER,DF,Hoffenheim,31-228,1991,19.7,15,10,10,5,0,9,22,40.9,13,18,11,7,26,41,67,0,Matches
f86cd5df,Aster Vranckx,be BEL,MF,Wolfsburg,20-217,2002,0.1,0,0,0,0,0,0,0,,0,0,0,0,0,0,1,0,Matches
e3d3fbeb,Robert Wagner,de GER,MF,Freiburg,19-299,2003,0.3,0,0,0,0,0,0,0,,0,2,0,2,0,0,2,0,Matches
e5a35ae9,Luca Waldschmidt,de GER,"FW,MF",Wolfsburg,26-355,1996,4.9,5,2,2,1,2,2,8,25.0,6,4,0,4,3,8,5,0,Matches
cb64672e,Paul Wanner,de GER,MF,Bayern Munich,17-137,2005,0.3,3,1,1,2,0,1,1,100.0,0,0,0,0,0,3,1,0,Matches
346d51d9,Julian Weigl,de GER,MF,M'Gladbach,27-243,1995,18.0,35,13,16,18,1,21,35,60.0,14,16,2,14,16,51,28,0,Matches
231c67ff,Nelson Weiper,de GER,"DF,FW",Mainz 05,18-053,2005,0.9,2,0,0,0,2,1,3,33.3,2,1,0,1,0,2,1,0,Matches
30c220c3,Mitchell Weiser,de GER,"DF,FW",Werder Bremen,29-018,1994,26.4,68,43,37,23,8,36,68,52.9,32,47,7,40,28,96,37,1,Matches
dd676a97,Noah Weißhaupt,de GER,"MF,FW",Freiburg,21-231,2001,2.8,8,3,2,5,1,2,5,40.0,3,3,0,3,3,11,5,0,Matches
1c86aa16,Marcel Wenig,de GER,MF,Eint Frankfurt,19-005,2004,0.0,0,0,0,0,0,0,0,,0,0,0,0,0,0,0,0,Matches
49fe9070,Timo Werner,de GER,"FW,MF",RB Leipzig,27-064,1996,19.9,8,3,3,2,3,4,12,33.3,8,11,0,11,7,15,5,0,Matches
f68b64fc,Silvan Widmer,ch SUI,DF,Mainz 05,30-065,1993,18.8,26,17,15,10,1,20,39,51.3,19,22,8,14,31,57,28,0,Matches
cb11b429,Patrick Wimmer,at AUT,"FW,MF",Wolfsburg,21-344,2001,16.2,36,23,18,8,10,12,33,36.4,21,25,2,23,13,49,13,0,Matches
2077ae86,Jonas Wind,dk DEN,FW,Wolfsburg,24-091,1999,11.9,13,5,2,6,5,5,10,50.0,5,12,4,8,1,14,9,0,Matches
a1257b5e,Frederik Winther,dk DEN,DF,Augsburg,22-125,2001,1.0,2,2,1,1,0,0,2,0.0,2,1,1,0,0,2,7,0,Matches
e7fcf289,Florian Wirtz,de GER,"FW,MF",Leverkusen,20-006,2003,10.0,18,10,9,7,2,8,14,57.1,6,13,1,12,1,19,6,0,Matches
be42a291,Hannes Wolf,at AUT,FW,M'Gladbach,24-023,1999,4.3,10,7,4,5,1,4,11,36.4,7,3,0,3,2,12,8,0,Matches
fa661778,Marius Wolf,de GER,DF,Dortmund,27-347,1995,14.9,22,16,8,10,4,14,26,53.8,12,34,9,25,17,39,22,1,Matches
6190474d,Jeong Woo-yeong,kr KOR,"MF,FW",Freiburg,23-231,1999,7.1,7,3,4,2,1,2,5,40.0,3,7,1,6,1,8,7,0,Matches
ea0893d6,Kelvin Yeboah,it ITA,"FW,MF",Augsburg,23-003,2000,3.0,4,3,1,3,0,2,5,40.0,3,5,0,5,1,5,2,0,Matches
caffaf5a,Maya Yoshida,jp JPN,DF,Schalke 04,34-258,1988,27.9,34,22,19,13,2,18,29,62.1,11,39,28,11,46,80,129,1,Matches
a4effc55,Dan-Axel Zagadou,fr FRA,DF,Stuttgart,23-340,1999,12.3,13,8,9,4,0,4,13,30.8,9,15,12,3,19,32,74,1,Matches
fc3697dd,Rodrigo Zalazar,uy URU,"MF,FW",Schalke 04,23-270,1999,13.2,14,7,5,8,1,8,22,36.4,14,15,1,14,7,21,13,0,Matches
65bf7e2b,Aaron Zehnter,de GER,DF,Augsburg,18-190,2004,0.0,0,0,0,0,0,0,1,0.0,1,0,0,0,1,1,0,0,Matches
5c4bf6ba,Robin Zentner,de GER,GK,Mainz 05,28-193,1994,25.0,0,0,0,0,0,0,4,0.0,4,0,0,0,0,0,16,1,Matches
9b688ae1,Michael Zetterer,de GER,GK,Werder Bremen,27-301,1995,1.7,0,0,0,0,0,0,0,,0,0,0,0,0,0,1,0,Matches
29f7cfd9,Simon Zoller,de GER,"FW,MF",Bochum,31-317,1991,15.8,10,4,2,7,1,4,12,33.3,8,14,1,13,6,16,21,0,Matches
