id,Player,Nation,Pos,Squad,Age,Born,90s,Tkl,TklW,Def 3rd,Mid 3rd,Att 3rd,Tkl.1,Att,Tkl%,Lost,Blocks,Sh,Pass,Int,Tkl+Int,Clr,Err,Matches
22919e97,Sargis Adamyan,am ARM,"FW,MF",Köln,29-300,1993,7.0,13,6,4,3,6,6,14,42.9,8,12,0,12,3,16,5,0,Matches
501055d8,Karim Adeyemi,de GER,"FW,MF",Dortmund,21-060,2002,8.9,11,7,3,5,3,6,18,33.3,12,11,0,11,6,17,1,0,Matches
dcfb17f4,Amine Adli,fr FRA,"FW,MF",Leverkusen,22-313,2000,9.3,11,9,3,4,4,3,10,30.0,7,19,2,17,4,15,4,0,Matches
cb6d81b3,Felix Agu,de GER,"DF,FW",Werder Bremen,23-173,1999,0.5,1,0,0,1,0,0,0,,0,1,1,0,0,1,0,0,Matches
a6c58494,Naouirou Ahamada,fr FRA,MF,Stuttgart,20-355,2002,15.5,17,11,7,7,3,8,20,40.0,12,16,5,11,8,25,7,0,Matches
462475ed,Ludovic Ajorque,fr FRA,FW,Mainz 05,29-022,1994,6.2,2,2,1,1,0,0,3,0.0,3,6,2,4,0,2,4,0,Matches
6ec6fde0,Kevin Akpoguma,ng NGA,DF,Hoffenheim,27-334,1995,15.3,59,35,34,22,3,24,33,72.7,9,38,13,25,15,74,43,1,Matches
834d0be5,Lucas Alario,ar ARG,"FW,MF",Eint Frankfurt,30-162,1992,3.0,3,2,1,0,2,0,1,0.0,1,0,0,0,0,3,11,0,Matches
00f518d8,Faride Alidou,de GER,"DF,MF",Eint Frankfurt,21-244,2001,1.4,7,4,3,4,0,3,6,50.0,3,1,0,1,1,8,0,0,Matches
8ce30c57,Éder Álvarez Balanta,co COL,MF,Schalke 04,30-019,1993,2.1,4,3,2,2,0,2,6,33.3,4,0,0,0,3,7,4,0,Matches
cd682b6b,Lukáš Ambros,cz CZE,MF,Wolfsburg,18-287,2004,0.2,1,0,1,0,0,1,4,25.0,3,1,0,1,0,1,2,1,Matches
555d5edd,Nadiem Amiri,de GER,"MF,FW",Leverkusen,26-143,1996,8.0,10,3,4,5,1,6,12,50.0,6,7,0,7,4,14,9,1,Matches
e0b113a7,Robert Andrich,de GER,MF,Leverkusen,28-178,1994,19.7,45,29,22,19,4,19,30,63.3,11,22,8,14,28,73,38,2,Matches
30941e96,Angeliño,es ESP,DF,Hoffenheim,26-074,1997,21.0,27,15,14,11,2,14,21,66.7,7,23,5,18,16,43,41,0,Matches
5e66fa06,Waldemar Anton,de GER,DF,Stuttgart,26-242,1996,24.1,41,23,22,17,2,22,42,52.4,20,31,12,19,31,72,89,2,Matches
0a3f6cde,Christopher Antwi-Adjei,gh GHA,"FW,MF",Bochum,29-040,1994,13.5,16,11,4,5,7,5,17,29.4,12,10,0,10,3,19,5,0,Matches
56413b1f,Charles Aránguiz,cl CHI,MF,Leverkusen,33-336,1989,5.5,17,7,7,10,0,12,20,60.0,8,4,0,4,7,24,4,0,Matches
86e119e0,Maximilian Arnold,de GER,MF,Wolfsburg,28-296,1994,23.2,45,22,16,23,6,20,41,48.8,21,28,9,19,18,63,53,0,Matches
13ddc856,Takuma Asano,jp JPN,"FW,MF",Bochum,28-129,1994,11.2,7,4,2,2,3,1,5,20.0,4,10,1,9,6,13,2,0,Matches
35f67a30,Fisnik Asllani,xk KVX,FW,Hoffenheim,20-223,2002,1.6,0,0,0,0,0,0,3,0.0,3,1,0,1,2,2,2,0,Matches
fe46e261,Mehmet-Can Aydin,de GER,"DF,FW",Schalke 04,21-038,2002,5.4,23,16,12,9,2,11,21,52.4,10,9,0,9,9,32,12,0,Matches
ce81d82d,Ayman Azhil,ma MAR,MF,Leverkusen,21-343,2001,0.0,0,0,0,0,0,0,0,,0,0,0,0,0,0,0,0,Matches
10549b49,Sardar Azmoun,ir IRN,"FW,MF",Leverkusen,28-077,1995,6.2,5,3,1,3,1,1,6,16.7,5,3,0,3,1,6,7,0,Matches
f582d5c1,Sanoussy Ba,de GER,DF,RB Leipzig,19-073,2004,0.0,0,0,0,0,0,0,0,,0,0,0,0,0,0,0,0,Matches
a8567629,Mitchel Bakker,nl NED,"DF,MF",Leverkusen,22-272,2000,12.8,11,7,5,6,0,3,7,42.9,4,14,2,12,10,21,14,2,Matches
442b56fa,Ridle Baku,de GER,"DF,FW",Wolfsburg,24-345,1998,22.4,36,14,22,11,3,21,42,50.0,21,38,6,32,18,54,45,0,Matches
a2a85828,Aymen Barkok,ma MAR,MF,Mainz 05,24-302,1998,4.2,14,7,9,3,2,3,6,50.0,3,3,0,3,3,17,4,0,Matches
00242b75,Leandro Barreiro Martins,lu LUX,MF,Mainz 05,23-075,2000,15.9,36,22,10,18,8,13,29,44.8,16,29,11,18,27,63,21,0,Matches
e61bdd69,Gil Bastião Dias,pt POR,FW,Stuttgart,26-172,1996,4.4,8,6,3,4,1,3,12,25.0,9,7,0,7,2,10,3,0,Matches
44a20f0c,Maximilian Bauer,de GER,DF,Augsburg,23-038,2000,13.7,22,13,16,6,0,14,24,58.3,10,17,6,11,20,42,58,0,Matches
47064058,Oliver Baumann,de GER,GK,Hoffenheim,32-290,1990,25.0,0,0,0,0,0,0,0,,0,0,0,0,0,0,11,1,Matches
bd7d2e6d,Timo Baumgartl,de GER,DF,Union Berlin,27-015,1996,4.8,9,5,5,2,2,4,13,30.8,9,8,2,6,1,10,11,0,Matches
69374ff5,Julian Baumgartlinger,at AUT,MF,Augsburg,35-076,1988,5.1,14,3,5,5,4,6,16,37.5,10,4,2,2,4,18,15,0,Matches
437f2b00,Christoph Baumgartner,at AUT,"MF,FW",Hoffenheim,23-230,1999,21.2,28,15,9,14,5,6,36,16.7,30,49,5,44,13,41,15,1,Matches
fbbc8e15,Noah Joel Sarenren Bazee,ng NGA,FW,Augsburg,26-210,1996,0.1,0,0,0,0,0,0,1,0.0,1,1,0,1,0,0,0,0,Matches
a53b661f,Ihlas Bebou,tg TOG,FW,Hoffenheim,28-330,1994,7.1,6,6,1,4,1,2,5,40.0,3,9,1,8,4,10,3,0,Matches
8eb55dbb,Sheraldo Becker,sr SUR,FW,Union Berlin,28-038,1995,19.1,9,4,0,5,4,1,5,20.0,4,7,1,6,2,11,3,1,Matches
30ae134d,Kevin Behrens,de GER,FW,Union Berlin,32-044,1991,10.3,5,4,3,0,2,2,8,25.0,6,10,2,8,4,9,18,0,Matches
857a5abe,Stefan Bell,de GER,DF,Mainz 05,31-207,1991,16.7,24,14,22,2,0,13,26,50.0,13,25,11,14,34,58,77,0,Matches
bee0bab1,Karim Bellarabi,de GER,FW,Leverkusen,32-345,1990,0.9,2,0,1,1,0,2,2,100.0,0,0,0,0,0,2,0,0,Matches
57d88cf9,Jude Bellingham,eng ENG,MF,Dortmund,19-263,2003,23.1,62,33,23,26,13,29,39,74.4,10,43,3,40,29,91,22,0,Matches
378825c7,Ramy Bensebaini,dz ALG,DF,M'Gladbach,27-337,1995,20.8,32,20,19,10,3,25,33,75.8,8,33,10,23,26,58,74,1,Matches
eb6e14be,Mergim Berisha,de GER,FW,Augsburg,24-312,1998,16.8,11,6,4,3,4,4,12,33.3,8,13,1,12,0,11,17,0,Matches
7aac47fe,Ermin Bičakčić,ba BIH,DF,Hoffenheim,33-054,1990,1.9,3,0,2,1,0,1,4,25.0,3,2,1,1,4,7,5,0,Matches
07d3bfec,Tom Bischof,de GER,"MF,FW",Hoffenheim,17-264,2005,2.9,11,7,4,3,4,5,7,71.4,2,4,0,4,0,11,0,0,Matches
dc62fbee,Leonardo Bittencourt,de GER,"MF,DF",Werder Bremen,29-090,1993,11.3,25,14,5,15,5,10,23,43.5,13,7,0,7,9,34,7,0,Matches
663e080e,Janis Blaswich,de GER,GK,RB Leipzig,31-321,1991,18.0,0,0,0,0,0,0,0,,0,0,0,0,0,0,5,0,Matches
691bef82,Daley Blind,nl NED,"DF,MF",Bayern Munich,33-010,1990,1.5,2,0,2,0,0,0,1,0.0,1,4,2,2,2,4,6,0,Matches
f4ec4fd0,Kevin-Prince Boateng,gh GHA,MF,Hertha BSC,36-013,1987,1.9,4,2,2,1,1,1,5,20.0,4,1,1,0,0,4,4,0,Matches
635f2732,Jean-Paul Boëtius,nl NED,MF,Hertha BSC,28-362,1994,9.5,24,14,15,7,2,6,17,35.3,11,18,1,17,11,35,8,0,Matches
36578017,Yvandro Borges Sanches,lu LUX,"FW,MF",M'Gladbach,18-299,2004,0.3,2,2,0,2,0,2,2,100.0,0,0,0,0,0,2,0,0,Matches
01834aa0,Sebastiaan Bornauw,be BEL,DF,Wolfsburg,23-362,1999,14.9,15,10,9,5,1,7,12,58.3,5,18,9,9,23,38,62,0,Matches
c68da769,Rafael Borré,co COL,"FW,MF",Eint Frankfurt,27-185,1995,7.0,17,12,4,8,5,1,7,14.3,6,7,1,6,2,19,4,0,Matches
a167537f,Julian Brandt,de GER,"MF,FW",Dortmund,26-321,1996,19.5,20,14,3,11,6,9,27,33.3,18,13,0,13,14,34,6,1,Matches
d28339cb,Fabian Bredlow,de GER,GK,Stuttgart,28-017,1995,6.0,0,0,0,0,0,0,0,,0,0,0,0,0,0,2,1,Matches
d4a2533d,Josip Brekalo,hr CRO,"MF,FW",Wolfsburg,24-269,1998,3.0,2,1,2,0,0,0,4,0.0,4,0,0,0,2,4,2,0,Matches
e27da244,John Brooks,us USA,DF,Hoffenheim,30-050,1993,6.0,7,5,2,5,0,5,7,71.4,2,5,1,4,7,14,31,0,Matches
bbd79358,Moritz Broschinski,de GER,"FW,MF",Bochum,22-177,2000,1.1,0,0,0,0,0,0,2,0.0,2,0,0,0,0,0,4,0,Matches
f0a37d36,Cédric Brunner,ch SUI,DF,Schalke 04,29-030,1994,19.6,31,22,21,8,2,25,34,73.5,9,20,6,14,34,65,62,0,Matches
4e204552,Jacob Bruun Larsen,dk DEN,FW,Hoffenheim,24-181,1998,3.3,3,2,0,0,3,2,2,100.0,0,2,0,2,1,4,0,0,Matches
45e95f21,Lee Buchanan,eng ENG,"DF,FW",Werder Bremen,22-012,2001,3.6,10,7,2,8,0,6,8,75.0,2,4,0,4,8,18,10,0,Matches
ab5b7dc1,Marius Bülter,de GER,"FW,MF",Schalke 04,29-355,1993,21.3,18,10,8,6,4,10,23,43.5,13,25,1,24,10,28,12,0,Matches
05e2d5ea,Delano Burgzorg,nl NED,"FW,MF",Mainz 05,24-132,1998,2.3,3,3,1,1,1,2,3,66.7,1,2,0,2,0,3,1,0,Matches
05f99a4a,Jonathan Burkardt,de GER,"MF,FW",Mainz 05,22-251,2000,5.9,3,1,0,1,2,1,3,33.3,2,6,1,5,1,4,1,0,Matches
f631c17f,Oliver Burke,sct SCO,"FW,MF",Werder Bremen,25-346,1997,3.0,1,0,0,0,1,0,0,,0,2,0,2,0,1,0,0,Matches
b4705807,Aurélio Buta,pt POR,DF,Eint Frankfurt,26-037,1997,5.5,14,6,8,6,0,6,9,66.7,3,8,1,7,4,18,11,0,Matches
10745192,Jamie Bynoe-Gittens,eng ENG,"FW,MF",Dortmund,18-223,2004,5.4,7,4,2,4,1,2,6,33.3,4,0,0,0,0,7,2,0,Matches
0118c54c,Anthony Caci,fr FRA,DF,Mainz 05,25-261,1997,15.0,38,19,22,12,4,16,24,66.7,8,15,4,11,38,76,28,0,Matches
d1db4b83,Kerim Calhanoglu,de GER,DF,Schalke 04,20-205,2002,0.7,2,1,2,0,0,2,2,100.0,0,1,0,1,0,2,3,0,Matches
d1273f09,Daniel Caligiuri,it ITA,"DF,MF",Augsburg,35-063,1988,2.9,8,5,5,3,0,4,5,80.0,1,2,2,0,3,11,2,0,Matches
a65ce836,Emre Can,de GER,MF,Dortmund,29-066,1994,12.1,41,20,15,22,4,15,26,57.7,11,8,1,7,15,56,24,1,Matches
bd6351cd,João Cancelo,pt POR,"DF,FW",Bayern Munich,28-296,1994,3.5,12,10,5,5,2,4,11,36.4,7,4,1,3,5,17,6,0,Matches
5e080f73,Irvin Cardona,fr FRA,MF,Augsburg,25-223,1997,1.3,1,1,1,0,0,1,4,25.0,3,2,0,2,2,3,5,0,Matches
db401046,Koen Casteels,be BEL,GK,Wolfsburg,30-267,1992,25.0,0,0,0,0,0,0,0,,0,0,0,0,1,1,7,0,Matches
ae7058f9,Julian Chabot,de GER,DF,Köln,25-035,1998,11.0,28,19,16,9,3,14,24,58.3,10,17,11,6,21,49,65,0,Matches
b3b7f5a6,Timothy Chandler,us USA,DF,Eint Frankfurt,32-355,1990,0.9,2,2,2,0,0,2,2,100.0,0,1,0,1,0,2,3,0,Matches
48780156,Fabio Chiarodia,it ITA,DF,Werder Bremen,17-287,2005,0.7,0,0,0,0,0,0,0,,0,1,0,1,2,2,4,0,Matches
af104654,Oliver Christensen,dk DEN,GK,Hertha BSC,23-362,1999,25.0,1,0,1,0,0,0,1,0.0,1,0,0,0,0,1,17,1,Matches
c6608135,Darko Churlinov,mk MKD,FW,Stuttgart,22-251,2000,0.3,3,2,2,1,0,2,3,66.7,1,1,0,1,0,3,0,0,Matches
6e17c802,Tolga Ciğerci,tr TUR,MF,Hertha BSC,30-361,1992,5.3,11,8,5,5,1,7,13,53.8,6,3,2,1,4,15,8,0,Matches
dd5bbe0d,David Čolina,hr CRO,"DF,MF",Augsburg,22-243,2000,0.7,2,0,1,1,0,1,1,100.0,0,4,0,4,3,5,0,0,Matches
042e8a49,Kingsley Coman,fr FRA,"FW,MF",Bayern Munich,26-279,1996,9.7,9,6,3,4,2,5,10,50.0,5,12,1,11,1,10,4,0,Matches
5ddb8f9f,Danny da Costa,de GER,DF,Mainz 05,29-249,1993,10.0,14,13,3,7,4,6,11,54.5,5,19,3,16,9,23,18,0,Matches
05ba9d7c,Tanguy Coulibaly,fr FRA,"FW,DF",Stuttgart,22-029,2001,2.2,10,8,7,1,2,5,9,55.6,4,7,0,7,3,13,0,0,Matches
eac044ad,Moanes Dabbur,il ISR,FW,Hoffenheim,30-309,1992,7.3,8,5,2,5,1,3,6,50.0,3,4,0,4,3,11,0,0,Matches
dee3013b,Finn Dahmen,de GER,GK,Mainz 05,24-357,1998,6.0,0,0,0,0,0,0,0,,0,0,0,0,0,0,0,0,Matches
db4ed67b,Mahmoud Dahoud,de GER,MF,Dortmund,27-077,1996,3.4,10,8,3,4,3,7,7,100.0,0,6,2,4,7,17,2,0,Matches
d3d77413,Muhammed Damar,de GER,MF,Hoffenheim,18-344,2004,1.8,6,3,1,2,3,1,2,50.0,1,3,0,3,0,6,0,0,Matches
41bff4fa,Márton Dárdai,de GER,DF,Hertha BSC,21-035,2002,4.9,7,4,3,4,0,2,3,66.7,1,4,1,3,6,13,26,1,Matches
3eb0f2df,Vladimír Darida,cz CZE,MF,Hertha BSC,32-223,1990,0.3,1,1,0,1,0,0,0,,0,1,0,1,0,1,0,0,Matches
d781d855,Alphonso Davies,ca CAN,DF,Bayern Munich,22-137,2000,19.4,38,25,21,11,6,14,27,51.9,13,25,4,21,19,57,18,3,Matches
fe641c1a,Thomas Delaney,dk DEN,MF,Hoffenheim,31-197,1991,3.2,6,3,3,2,1,3,7,42.9,4,5,0,5,1,7,4,0,Matches
54b4dc4e,Kerem Demirbay,de GER,MF,Leverkusen,29-259,1993,12.0,25,12,12,11,2,13,23,56.5,10,18,4,14,12,37,5,0,Matches
ed79b7d3,Ermedin Demirović,ba BIH,"FW,MF",Augsburg,24-359,1998,20.6,28,13,8,11,9,9,18,50.0,9,27,4,23,14,42,29,0,Matches
7bf9400b,Sepp van den Berg,nl NED,DF,Schalke 04,21-089,2001,3.6,2,1,1,1,0,0,0,,0,4,2,2,8,10,19,1,Matches
aeed5c06,Moussa Diaby,fr FRA,"FW,MF",Leverkusen,23-255,1999,20.7,12,7,3,8,1,7,14,50.0,7,6,0,6,4,16,3,0,Matches
fc62f087,Abdou Diallo,sn SEN,"DF,MF",RB Leipzig,26-319,1996,4.8,6,5,5,1,0,1,3,33.3,2,4,3,1,7,13,18,0,Matches
d82a310a,Justin Diehl,de GER,"MF,FW",Köln,18-112,2004,0.2,0,0,0,0,0,0,0,,0,0,0,0,0,0,0,0,Matches
8779ddf8,Florian Dietz,de GER,FW,Köln,24-228,1998,4.4,2,1,0,2,0,1,4,25.0,3,4,1,3,0,2,2,0,Matches
95bb6ddc,Junior Dina Ebimbe,fr FRA,"DF,MF",Eint Frankfurt,22-118,2000,8.7,24,16,12,12,0,13,23,56.5,10,12,4,8,7,31,12,0,Matches
4ccd8957,Eren Dinkçi,de GER,"FW,MF",Werder Bremen,21-096,2001,2.0,4,4,2,0,2,1,4,25.0,3,2,0,2,0,4,1,0,Matches
d01bbb6f,Ritsu Doan,jp JPN,"FW,MF",Freiburg,24-276,1998,18.7,46,19,12,24,10,19,37,51.4,18,30,1,29,10,56,7,0,Matches
f67c9d29,Danilho Doekhi,nl NED,DF,Union Berlin,24-262,1998,14.6,22,15,13,9,0,10,14,71.4,4,17,6,11,19,41,54,0,Matches
cc83b74d,Kasper Dolberg,dk DEN,"FW,MF",Hoffenheim,25-164,1997,3.8,6,5,0,4,2,4,5,80.0,1,5,2,3,0,6,2,0,Matches
7f73bdf4,Niklas Dorsch,de GER,MF,Augsburg,25-063,1998,2.1,12,6,4,8,0,4,7,57.1,3,4,1,3,1,13,2,0,Matches
9a2e3a23,Dion Drena Beljo,hr CRO,"FW,MF",Augsburg,21-018,2002,5.3,6,5,2,2,2,2,8,25.0,6,8,1,7,1,7,5,0,Matches
809940aa,Dominick Drexler,de GER,"MF,FW",Schalke 04,32-297,1990,11.3,17,12,9,6,2,5,13,38.5,8,14,1,13,4,21,9,0,Matches
638a4d71,Marvin Ducksch,de GER,FW,Werder Bremen,29-012,1994,23.2,7,3,1,4,2,2,11,18.2,9,7,0,7,6,13,32,1,Matches
79ca3e23,Ondrej Duda,sk SVK,MF,Köln,28-104,1994,7.7,9,8,2,5,2,4,11,36.4,7,7,1,6,2,11,3,0,Matches
beb882a8,Maximilian Eggestein,de GER,MF,Freiburg,26-101,1996,19.3,34,17,12,16,6,12,22,54.5,10,26,6,20,24,58,14,0,Matches
2f7fec15,Lilian Egloff,de GER,"MF,FW",Stuttgart,20-211,2002,2.7,12,10,4,5,3,4,6,66.7,2,2,0,2,1,13,1,0,Matches
76b2817e,Kingsley Ehizibue,nl NED,DF,Köln,27-298,1995,0.7,0,0,0,0,0,0,0,,0,1,0,1,2,2,1,0,Matches
e7f3e8a7,Chidera Ejuke,ng NGA,"FW,MF",Hertha BSC,25-076,1998,8.8,4,3,1,3,0,1,3,33.3,2,3,0,3,2,6,0,0,Matches
48035304,Nico Elvedi,ch SUI,DF,M'Gladbach,26-170,1996,22.5,40,19,27,11,2,25,31,80.6,6,20,9,11,27,67,98,3,Matches
c149016b,Wataru Endo,jp JPN,MF,Stuttgart,30-038,1993,23.5,54,31,23,25,6,27,59,45.8,32,30,6,24,21,75,49,0,Matches
554bcc91,Arne Engels,be BEL,MF,Augsburg,19-192,2003,9.2,17,7,8,8,1,7,12,58.3,5,9,3,6,9,26,7,0,Matches
1e43fad8,Ralf Fährmann,de GER,GK,Schalke 04,34-173,1988,8.0,0,0,0,0,0,0,0,,0,0,0,0,0,0,4,2,Matches
677da306,Ohis Felix Uduokhai,de GER,DF,Augsburg,25-191,1997,10.8,24,16,12,10,2,13,19,68.4,6,17,8,9,18,42,46,1,Matches
3bb625ac,Edimilson Fernandes,ch SUI,DF,Mainz 05,26-338,1996,17.9,23,19,17,3,3,12,22,54.5,10,30,12,18,40,63,51,1,Matches
79f7302a,Kilian Fischer,de GER,DF,Wolfsburg,22-158,2000,4.2,6,4,3,3,0,4,7,57.1,3,4,0,4,5,11,12,0,Matches
a92ab7be,Mark Flekken,nl NED,GK,Freiburg,29-279,1993,24.0,0,0,0,0,0,0,1,0.0,1,0,0,0,0,0,6,3,Matches
9642c929,Florian Flick,de GER,MF,Schalke 04,22-322,2000,5.7,12,3,7,5,0,4,14,28.6,10,9,3,6,4,16,18,0,Matches
9a2e0ccc,Emil Forsberg,se SWE,"MF,FW",RB Leipzig,31-147,1991,12.2,14,11,1,6,7,6,15,40.0,9,17,0,17,2,16,5,0,Matches
76fa965f,Philipp Förster,de GER,MF,Bochum,28-043,1995,11.4,24,16,10,10,4,7,29,24.1,22,18,0,18,4,28,4,0,Matches
a9142dc3,Timothy Fosu-Mensah,nl NED,DF,Leverkusen,25-076,1998,1.9,6,5,3,3,0,3,3,100.0,0,2,0,2,0,6,1,0,Matches
626fab5f,Raphael Framberger,de GER,"DF,FW",Augsburg,27-194,1995,2.0,10,6,6,4,0,3,5,60.0,2,2,1,1,2,12,5,0,Matches
697dc00a,Bartol Franjić,hr CRO,MF,Wolfsburg,23-064,2000,2.5,4,2,2,2,0,0,2,0.0,2,4,1,3,5,9,4,0,Matches
458e3479,Oscar Fraulo,dk DEN,MF,M'Gladbach,19-103,2003,0.0,0,0,0,0,0,0,0,,0,0,0,0,0,0,0,0,Matches
33182cb8,Michael Frey,ch SUI,FW,Schalke 04,28-243,1994,6.8,9,3,1,5,3,2,11,18.2,9,5,0,5,1,10,1,0,Matches
f86ad3f5,Marco Friedl,at AUT,DF,Werder Bremen,25-003,1998,19.8,38,27,24,14,0,21,38,55.3,17,27,12,15,46,84,82,1,Matches
b77f44a4,Marvin Friedrich,de GER,DF,M'Gladbach,27-096,1995,10.7,13,9,10,2,1,8,10,80.0,2,9,4,5,11,24,39,0,Matches
74f2e748,Jeremie Frimpong,nl NED,"DF,MF",Leverkusen,22-099,2000,20.4,39,19,18,18,3,17,29,58.6,12,17,1,16,11,50,33,0,Matches
0cf778df,Chris Führich,de GER,"FW,MF",Stuttgart,25-069,1998,16.7,32,13,14,13,5,21,38,55.3,17,27,2,25,7,39,10,0,Matches
4b96c347,Angelo Fulgini,fr FRA,MF,Mainz 05,26-211,1996,5.8,6,5,2,3,1,5,11,45.5,6,5,0,5,5,11,7,0,Matches
4f16405e,Niclas Füllkrug,de GER,FW,Werder Bremen,30-038,1993,23.5,9,4,0,6,3,3,11,27.3,8,12,4,8,1,10,23,0,Matches
f27680d9,Cristian Gamboa,cr CRC,DF,Bochum,33-146,1989,14.1,37,20,26,10,1,17,25,68.0,8,17,6,11,14,51,31,1,Matches
6c731625,Silvère Ganvoula M'Boussy,cg CGO,"FW,MF",Bochum,26-270,1996,2.6,2,2,0,1,1,0,0,,0,0,0,0,0,2,3,0,Matches
37f606f0,Dennis Geiger,de GER,MF,Hoffenheim,24-282,1998,15.9,30,17,11,18,1,13,23,56.5,10,21,3,18,14,44,9,1,Matches
62ab9184,Yannick Gerhardt,de GER,MF,Wolfsburg,29-006,1994,15.7,24,13,8,10,6,10,22,45.5,12,19,2,17,6,30,22,0,Matches
7242b495,Niko Gießelmann,de GER,DF,Union Berlin,31-174,1991,12.3,17,9,7,8,2,11,23,47.8,12,17,5,12,7,24,21,0,Matches
17376543,Rafał Gikiewicz,pl POL,GK,Augsburg,35-144,1987,21.0,2,2,2,0,0,2,3,66.7,1,0,0,0,0,2,13,4,Matches
f521b80a,Matthias Ginter,de GER,DF,Freiburg,29-059,1994,24.0,32,14,21,9,2,19,32,59.4,13,29,17,12,29,61,101,3,Matches
88e357ef,Serge Gnabry,de GER,FW,Bayern Munich,27-248,1995,14.2,21,13,7,7,7,8,18,44.4,10,18,1,17,8,29,3,1,Matches
83b9c48f,Jacek Góralski,pl POL,MF,Bochum,30-179,1992,1.6,6,3,3,3,0,4,6,66.7,2,4,0,4,3,9,5,0,Matches
cc86b9a3,Leon Goretzka,de GER,MF,Bayern Munich,28-041,1995,13.9,30,19,16,10,4,18,30,60.0,12,30,3,27,20,50,24,0,Matches
9efa1d25,Mario Götze,de GER,MF,Eint Frankfurt,30-289,1992,21.8,32,17,10,15,7,9,35,25.7,26,19,0,19,13,45,7,0,Matches
1025db8e,Jeffrey Gouweleeuw,nl NED,DF,Augsburg,31-252,1991,23.3,39,24,17,16,6,23,42,54.8,19,32,19,13,41,80,112,2,Matches
b8e740fb,Ryan Gravenberch,nl NED,MF,Bayern Munich,20-307,2002,3.5,9,5,1,7,1,5,8,62.5,3,3,1,2,4,13,5,0,Matches
8e235926,Michael Gregoritsch,at AUT,FW,Freiburg,28-335,1994,18.8,16,9,6,6,4,2,13,15.4,11,18,3,15,4,20,10,0,Matches
f9dfb7ae,Leo Greiml,at AUT,DF,Schalke 04,21-259,2001,2.5,3,1,1,1,1,3,5,60.0,2,4,3,1,1,4,11,0,Matches
54e4866f,Vincenzo Grifo,it ITA,"FW,MF",Freiburg,29-346,1993,17.9,16,10,4,7,5,8,21,38.1,13,6,1,5,9,25,12,0,Matches
37998008,Lennart Grill,de GER,GK,Union Berlin,24-053,1999,4.0,0,0,0,0,0,0,1,0.0,1,0,0,0,0,0,0,1,Matches
14a7af33,Christian Groß,de GER,MF,Werder Bremen,34-039,1989,15.3,43,20,13,28,2,23,47,48.9,24,17,5,12,17,60,31,1,Matches
ae9b998d,Brajan Gruda,de GER,MF,Mainz 05,18-292,2004,0.0,0,0,0,0,0,0,0,,0,0,0,0,0,0,0,0,Matches
1fc4f3d1,Ilia Gruev,bg BUL,MF,Werder Bremen,22-317,2000,14.5,36,22,12,21,3,16,26,61.5,10,19,5,14,19,55,16,1,Matches
f2dd9a21,Carlos Gruezo,ec ECU,MF,Augsburg,27-334,1995,10.7,21,12,12,9,0,9,16,56.3,7,13,4,9,10,31,15,0,Matches
048a1cbc,Raphaël Guerreiro,pt POR,"DF,MF",Dortmund,29-087,1993,18.4,27,13,10,12,5,16,26,61.5,10,13,1,12,26,53,14,0,Matches
e6c43eec,Josuha Guilavogui,fr FRA,"MF,DF",Wolfsburg,32-181,1990,7.0,11,7,1,9,1,3,13,23.1,10,12,7,5,11,22,25,0,Matches
923f4dda,Sehrou Guirassy,gn GUI,FW,Stuttgart,27-007,1996,10.8,2,1,1,1,0,1,1,100.0,0,5,1,4,0,2,10,0,Matches
bcb2ccd8,Péter Gulácsi,hu HUN,GK,RB Leipzig,32-317,1990,6.0,0,0,0,0,0,0,0,,0,0,0,0,0,0,2,0,Matches
25ab9c9c,Manuel Gulde,de GER,DF,Freiburg,32-035,1991,2.6,6,3,6,0,0,0,0,,0,2,0,2,4,10,13,0,Matches
1df0c0b9,Robert Gumny,pl POL,DF,Augsburg,24-288,1998,18.7,27,18,9,14,4,8,21,38.1,13,18,7,11,22,49,54,1,Matches
8593f88c,Christian Günter,de GER,"DF,MF",Freiburg,30-019,1993,22.6,23,15,13,8,2,10,31,32.3,21,14,4,10,11,34,25,0,Matches
5ad50391,Joško Gvardiol,hr CRO,DF,RB Leipzig,21-055,2002,18.5,17,12,11,6,0,6,16,37.5,10,28,12,16,26,43,59,1,Matches
70dcf94d,Janik Haberer,de GER,MF,Union Berlin,28-351,1994,15.9,20,12,6,11,3,13,31,41.9,18,27,1,26,8,28,16,0,Matches
a5ec3ede,Alexander Hack,de GER,DF,Mainz 05,29-192,1993,12.5,30,17,21,9,0,19,30,63.3,11,16,5,11,24,54,45,1,Matches
cd82452e,André Hahn,de GER,"FW,MF",Augsburg,32-218,1990,4.3,9,5,4,4,1,8,12,66.7,4,9,2,7,4,13,14,0,Matches
92432bc6,Amadou Haidara,ml MLI,MF,RB Leipzig,25-047,1998,10.0,14,6,7,7,0,7,21,33.3,14,15,4,11,17,31,12,0,Matches
ba115a40,Sébastien Haller,ci CIV,FW,Dortmund,28-270,1994,6.2,0,0,0,0,0,0,2,0.0,2,4,0,4,0,0,5,0,Matches
8ff2354e,Marcel Halstenberg,de GER,DF,RB Leipzig,31-173,1991,13.6,31,17,16,10,5,17,30,56.7,13,20,1,19,15,46,19,0,Matches
2e77d607,Andreas Hanche-Olsen,no NOR,DF,Mainz 05,26-061,1997,7.6,16,10,12,1,3,12,19,63.2,7,8,4,4,15,31,30,1,Matches
f24ea523,Genki Haraguchi,jp JPN,MF,Stuttgart,31-314,1991,6.6,13,5,5,6,2,1,9,11.1,8,10,1,9,7,20,4,0,Matches
f24ea523,Genki Haraguchi,jp JPN,MF,Union Berlin,31-314,1991,5.5,12,8,1,10,1,3,8,37.5,5,7,1,6,3,15,9,0,Matches
9ab16552,Makoto Hasebe,jp JPN,DF,Eint Frankfurt,39-060,1984,8.1,12,8,10,2,0,5,13,38.5,8,17,7,10,6,18,29,0,Matches
50871bcc,Thorgan Hazard,be BEL,"FW,DF",Dortmund,29-355,1993,5.2,17,6,5,11,1,12,17,70.6,5,6,0,6,5,22,5,0,Matches
c2009df3,Jonas Hector,de GER,DF,Köln,32-296,1990,22.4,74,40,43,24,7,44,75,58.7,31,40,4,36,27,101,52,0,Matches
699fb8db,Dominique Heintz,de GER,DF,Bochum,29-216,1993,4.7,6,4,3,3,0,2,8,25.0,6,8,5,3,8,14,21,0,Matches
0a89e877,Benjamin Henrichs,de GER,"DF,MF",RB Leipzig,26-024,1997,17.9,61,39,34,25,2,37,55,67.3,18,37,2,35,27,88,31,0,Matches
c3ee18ef,Lucas Hernández,fr FRA,DF,Bayern Munich,27-033,1996,5.3,6,4,3,3,0,5,6,83.3,1,2,1,1,5,11,7,0,Matches
dfb6490a,Patrick Herrmann,de GER,"FW,MF",M'Gladbach,32-035,1991,1.7,6,2,4,1,1,2,4,50.0,2,2,0,2,2,8,0,0,Matches
0c7a48f8,Piero Hincapié,ec ECU,DF,Leverkusen,21-069,2002,18.6,33,23,19,12,2,15,20,75.0,5,28,15,13,22,55,56,1,Matches
5521f419,Adam Hložek,cz CZE,"FW,MF",Leverkusen,20-237,2002,11.3,8,3,4,3,1,2,5,40.0,3,8,2,6,5,13,8,0,Matches
5d8e331f,Nicolas Höfler,de GER,MF,Freiburg,33-010,1990,22.4,51,27,20,29,2,21,43,48.8,22,36,12,24,37,88,36,0,Matches
2903a856,Jonas Hofmann,de GER,"FW,MF",M'Gladbach,30-248,1992,21.6,20,11,12,7,1,8,35,22.9,27,26,2,24,14,34,13,0,Matches
877bc844,Philipp Hofmann,de GER,FW,Bochum,29-354,1993,21.1,10,7,0,6,4,4,8,50.0,4,16,6,10,6,16,26,0,Matches
ca618d23,Lucas Höler,de GER,"FW,MF",Freiburg,28-252,1994,8.0,9,6,2,4,3,3,9,33.3,6,10,1,9,6,15,13,0,Matches
2979c05a,Gerrit Holtmann,ph PHI,FW,Bochum,27-359,1995,9.5,12,6,6,5,1,10,16,62.5,6,14,1,13,2,14,2,0,Matches
2b83fa49,Jannes Horn,de GER,"DF,FW",Bochum,26-041,1997,0.7,2,1,1,1,0,1,1,100.0,0,1,0,1,3,5,2,0,Matches
ad3389d5,Lukáš Hrádecký,fi FIN,GK,Leverkusen,33-115,1989,23.0,0,0,0,0,0,0,0,,0,0,0,0,0,0,3,1,Matches
94302c52,Timo Hübers,de GER,DF,Köln,26-242,1996,19.4,33,19,27,6,0,18,35,51.4,17,21,9,12,39,72,106,0,Matches
15f3ec41,Callum Hudson-Odoi,eng ENG,"FW,MF",Leverkusen,22-132,2000,6.6,5,3,4,0,1,1,1,100.0,0,0,0,0,2,7,4,0,Matches
05d548d8,Mats Hummels,de GER,DF,Dortmund,34-093,1988,15.1,41,21,21,19,1,21,36,58.3,15,21,12,9,23,64,65,1,Matches
b116c6e3,Denis Huseinbasic,de GER,"MF,FW",Köln,21-259,2001,7.6,22,9,7,11,4,10,21,47.6,11,16,2,14,4,26,5,0,Matches
054849d2,Iago,br BRA,"DF,MF",Augsburg,25-361,1997,14.7,26,13,19,4,3,9,21,42.9,12,14,4,10,11,37,48,0,Matches
f5c4fd91,Arijon Ibrahimović,de GER,MF,Bayern Munich,17-098,2005,0.2,1,1,1,0,0,0,0,,0,0,0,0,0,1,0,0,Matches
271b8617,Marcus Ingvartsen,dk DEN,"FW,MF",Mainz 05,27-074,1996,9.8,3,1,0,1,2,1,7,14.3,6,6,1,5,1,4,8,0,Matches
97d545ae,Ko Itakura,jp JPN,DF,M'Gladbach,26-051,1997,14.6,12,7,6,4,2,5,15,33.3,10,28,18,10,19,31,53,0,Matches
204dded0,Hiroki Ito,jp JPN,DF,Stuttgart,23-311,1999,21.5,27,21,17,8,2,15,30,50.0,15,33,14,19,30,57,81,0,Matches
8bf58a80,Andreas Ivan,ro ROU,MF,Schalke 04,28-068,1995,0.5,0,0,0,0,0,0,1,0.0,1,0,0,0,0,0,1,0,Matches
34b0387f,Lee Jae-sung,kr KOR,MF,Mainz 05,30-221,1992,15.5,27,13,5,17,5,10,27,37.0,17,24,5,19,10,37,10,0,Matches
a93b6f4e,Paul Jaeckel,de GER,DF,Union Berlin,24-240,1998,9.9,18,13,7,11,0,13,24,54.2,11,8,3,5,13,31,33,1,Matches
a8ee54ad,Kristijan Jakić,hr CRO,"DF,MF",Eint Frankfurt,25-309,1997,14.0,31,19,19,10,2,21,37,56.8,16,31,10,21,9,40,44,1,Matches
fa4cabd1,Jan Jakob Olschowsky,de GER,GK,M'Gladbach,21-121,2001,2.0,0,0,0,0,0,0,1,0.0,1,0,0,0,0,0,1,0,Matches
689c9cf4,Saidy Janko,gm GAM,DF,Bochum,27-148,1995,9.0,18,11,12,4,2,9,15,60.0,6,16,4,12,10,28,22,1,Matches
34b54da7,Tony Jantschke,de GER,"DF,MF",M'Gladbach,32-346,1990,1.0,2,1,1,1,0,1,1,100.0,0,4,2,2,0,2,5,0,Matches
3eeb80e0,Fredrik Jensen,fi FIN,"FW,MF",Augsburg,25-191,1997,8.8,13,9,7,3,3,5,8,62.5,3,11,5,6,3,16,12,0,Matches
ee644761,Moritz Jenz,de GER,DF,Schalke 04,23-323,1999,8.0,12,9,6,5,1,4,6,66.7,2,13,8,5,7,19,36,1,Matches
f36c432f,Stevan Jovetić,me MNE,"FW,MF",Hertha BSC,33-137,1989,5.7,2,2,1,1,0,1,3,33.3,2,1,1,0,0,2,4,0,Matches
de838f86,Anthony Jung,de GER,"DF,FW",Werder Bremen,31-136,1991,21.7,38,23,15,16,7,27,42,64.3,15,21,3,18,16,54,42,0,Matches
0a084b35,Josip Juranović,hr CRO,DF,Union Berlin,27-215,1995,4.0,3,2,1,1,1,3,3,100.0,0,4,0,4,1,4,6,0,Matches
2d61d13a,Ozan Kabak,tr TUR,DF,Hoffenheim,22-359,2000,20.5,41,28,22,16,3,12,20,60.0,8,24,14,10,41,82,63,0,Matches
79c90e45,Pavel Kadeřábek,cz CZE,DF,Hoffenheim,30-328,1992,13.7,20,14,10,7,3,11,17,64.7,6,9,2,7,8,28,28,1,Matches
94c18565,Florian Kainz,at AUT,"FW,MF",Köln,30-146,1992,18.5,19,9,6,11,2,7,17,41.2,10,20,4,16,23,42,26,1,Matches
15f24fe7,Sasa Kalajdzic,at AUT,FW,Stuttgart,25-255,1997,2.6,3,2,0,1,2,1,3,33.3,2,1,0,1,0,3,0,0,Matches
15b287da,Daichi Kamada,jp JPN,"MF,FW",Eint Frankfurt,26-226,1996,17.4,35,21,6,27,2,21,39,53.8,18,23,2,21,14,49,10,1,Matches
202b3b68,Jakub Kamiński,pl POL,"FW,MF",Wolfsburg,20-287,2002,14.7,22,14,7,9,6,9,20,45.0,11,16,0,16,4,26,6,0,Matches
463503e2,Marcin Kamiński,pl POL,DF,Schalke 04,31-063,1992,1.0,0,0,0,0,0,0,0,,0,2,2,0,3,3,5,0,Matches
b825a650,Kevin Kampl,si SVN,MF,RB Leipzig,32-161,1990,10.0,17,10,4,12,1,4,14,28.6,10,16,6,10,13,30,3,0,Matches
b4c816a9,Wilfried Kanga,ci CIV,FW,Hertha BSC,25-026,1998,13.3,5,4,2,1,2,2,3,66.7,1,11,3,8,0,5,11,0,Matches
8f0f2230,Kenan Karaman,tr TUR,FW,Schalke 04,29-014,1994,5.5,6,4,1,3,2,0,3,0.0,3,5,0,5,3,9,6,0,Matches
5762be5c,Atakan Karazor,de GER,MF,Stuttgart,26-157,1996,14.9,44,25,13,25,6,23,39,59.0,16,29,8,21,23,67,35,0,Matches
778ccc44,Thomas Kastanaras,gr GRE,"FW,DF",Stuttgart,20-069,2003,0.8,0,0,0,0,0,0,0,,0,1,0,1,0,0,0,0,Matches
de4cac2d,Silas Katompa,cd COD,"FW,DF",Stuttgart,24-164,1998,17.3,22,16,4,12,6,6,16,37.5,10,10,2,8,5,27,1,0,Matches
d2c580ce,Yannik Keitel,de GER,MF,Freiburg,23-032,2000,5.0,8,5,2,5,1,2,2,100.0,0,3,0,3,9,17,2,0,Matches
815c314f,Marc-Oliver Kempf,de GER,DF,Hertha BSC,28-050,1995,23.3,37,21,23,13,1,16,20,80.0,4,37,28,9,40,77,107,0,Matches
099e666f,Jonjoe Kenny,eng ENG,DF,Hertha BSC,26-004,1997,18.3,36,26,19,15,2,18,33,54.5,15,24,6,18,34,70,49,0,Matches
59e4b92e,Rani Khedira,de GER,MF,Union Berlin,29-051,1994,22.0,47,24,14,26,7,18,32,56.3,14,24,7,17,30,77,22,0,Matches
610aa1e9,Luca Kilian,de GER,DF,Köln,23-199,1999,12.2,22,16,14,7,1,12,21,57.1,9,16,8,8,10,32,48,0,Matches
49296448,Joshua Kimmich,de GER,MF,Bayern Munich,28-039,1995,21.6,57,34,12,38,7,29,50,58.0,21,21,2,19,28,85,26,0,Matches
ca8033cb,Lukas Klostermann,de GER,DF,RB Leipzig,26-289,1996,4.2,10,6,3,7,0,5,8,62.5,3,0,0,0,4,14,10,0,Matches
19a967ab,Ansgar Knauff,de GER,DF,Eint Frankfurt,21-068,2002,11.5,26,18,15,9,2,12,28,42.9,16,17,1,16,11,37,22,0,Matches
6bd5cd5d,Robin Knoche,de GER,DF,Union Berlin,30-301,1992,23.0,36,24,22,10,4,20,36,55.6,16,26,12,14,23,59,104,0,Matches
cd59b9df,Gregor Kobel,ch SUI,GK,Dortmund,25-103,1997,18.0,0,0,0,0,0,0,0,,0,0,0,0,0,0,5,1,Matches
0fbecd11,Dominik Kohr,de GER,MF,Mainz 05,29-047,1994,17.6,42,25,13,24,5,19,43,44.2,24,29,6,23,25,67,19,0,Matches
c0b3669f,Randal Kolo Muani,fr FRA,FW,Eint Frankfurt,24-104,1998,20.8,11,9,2,2,7,1,6,16.7,5,13,1,12,2,13,8,0,Matches
ab096c6f,Timothée Kolodziejczak,fr FRA,DF,Schalke 04,31-169,1991,0.3,0,0,0,0,0,0,1,0.0,1,0,0,0,1,1,1,0,Matches
86574238,Kouadio Koné,fr FRA,MF,M'Gladbach,21-306,2001,23.3,62,33,31,27,4,21,36,58.3,15,31,6,25,24,86,16,0,Matches
1f3afdcb,Odilon Kossonou,ci CIV,DF,Leverkusen,22-074,2001,10.9,11,9,7,3,1,5,7,71.4,2,15,5,10,11,22,41,1,Matches
b1cd37e6,Filip Kostić,rs SRB,"DF,MF",Eint Frankfurt,30-138,1992,0.8,2,0,1,1,0,0,0,,0,0,0,0,1,3,0,0,Matches
dc366c36,Tomáš Koubek,cz CZE,GK,Augsburg,30-205,1992,4.0,0,0,0,0,0,0,0,,0,0,0,0,0,0,2,0,Matches
f1e855eb,Soichiro Kozuki,jp JPN,"FW,MF",Schalke 04,22-087,2000,4.2,6,4,3,3,0,4,6,66.7,2,5,0,5,3,9,3,0,Matches
e717705a,Alex Král,cz CZE,MF,Schalke 04,24-304,1998,17.2,26,17,9,15,2,13,26,50.0,13,27,4,23,14,40,37,0,Matches
603cb947,Andrej Kramarić,hr CRO,"MF,FW",Hoffenheim,31-273,1991,18.0,5,2,2,1,2,1,6,16.7,5,9,1,8,3,8,9,0,Matches
496aeede,Christoph Kramer,de GER,MF,M'Gladbach,32-028,1991,21.7,34,24,17,13,4,19,46,41.3,27,30,1,29,15,49,36,0,Matches
9f77012e,Tom Krauß,de GER,MF,Schalke 04,21-270,2001,22.7,95,56,35,50,10,40,80,50.0,40,32,4,28,30,125,22,0,Matches
f9446dcd,Max Kruse,de GER,"MF,FW",Wolfsburg,35-000,1988,3.0,1,1,0,1,0,0,1,0.0,1,2,1,1,0,1,1,0,Matches
2a29eb9b,Lukas Kübler,de GER,DF,Freiburg,30-201,1992,12.3,30,20,18,8,4,16,21,76.2,5,17,7,10,18,48,29,0,Matches
9ceb7642,Pierre Kunde,cm CMR,MF,Bochum,27-236,1995,3.6,10,5,2,8,0,4,12,33.3,8,6,1,5,4,14,7,0,Matches
f1bc3876,Alou Kuol,au AUS,FW,Stuttgart,22-173,2000,0.1,0,0,0,0,0,0,0,,0,0,0,0,0,0,0,0,Matches
2770726a,Daniel Kyereh,gh GHA,"MF,FW",Freiburg,27-011,1996,6.2,6,4,2,4,0,3,6,50.0,3,4,0,4,2,8,6,0,Matches
277c49ed,Maxence Lacroix,fr FRA,DF,Wolfsburg,22-347,2000,14.5,18,11,12,6,0,8,16,50.0,8,18,8,10,22,40,74,0,Matches
22798128,Aïssa Laïdouni,tn TUN,MF,Union Berlin,26-096,1996,4.6,8,3,3,5,0,3,10,30.0,7,12,2,10,5,13,1,0,Matches
c1b7847c,Konrad Laimer,at AUT,MF,RB Leipzig,25-296,1997,10.5,36,19,14,17,5,20,34,58.8,14,18,1,17,12,48,6,0,Matches
4aea5077,Stefan Lainer,at AUT,DF,M'Gladbach,30-204,1992,3.8,6,3,2,3,1,3,7,42.9,4,1,0,1,6,12,16,1,Matches
591477c9,Vassilis Lambropoulos,gr GRE,DF,Bochum,32-353,1990,6.8,8,7,5,3,0,4,6,66.7,2,4,3,1,11,19,36,0,Matches
72984eee,Jordan Larsson,se SWE,"FW,MF",Schalke 04,25-272,1997,5.1,8,5,1,7,0,2,8,25.0,6,9,0,9,4,12,3,0,Matches
33b554b7,Danny Latza,de GER,MF,Schalke 04,33-102,1989,5.1,10,8,5,4,1,4,7,57.1,3,11,0,11,1,11,7,0,Matches
c4987edc,Diogo Leite,pt POR,DF,Union Berlin,24-055,1999,19.2,26,14,15,11,0,15,24,62.5,9,19,12,7,21,47,72,0,Matches
7e12a98d,Maxim Leitsch,de GER,DF,Mainz 05,24-305,1998,7.4,9,7,6,3,0,4,5,80.0,1,7,4,3,18,27,26,1,Matches
792ffa71,Tim Lemperle,de GER,"FW,MF",Köln,21-042,2002,1.3,6,4,3,1,2,3,5,60.0,2,2,0,2,1,7,4,0,Matches
bbd86530,Christopher Lenz,de GER,DF,Eint Frankfurt,28-178,1994,7.6,18,14,8,6,4,10,20,50.0,10,10,0,10,10,28,19,0,Matches
13fe7b69,Jamie Leweling,de GER,FW,Union Berlin,22-021,2001,1.7,3,3,2,1,0,2,3,66.7,1,1,0,1,1,4,0,0,Matches
302527b2,Philipp Lienhart,at AUT,DF,Freiburg,26-251,1996,22.3,24,14,17,7,0,9,17,52.9,8,22,11,11,28,52,79,0,Matches
d6e53a3a,Matthijs de Ligt,nl NED,DF,Bayern Munich,23-219,1999,16.8,18,13,9,8,1,8,11,72.7,3,24,16,8,16,34,62,0,Matches
37dc1a48,Jesper Lindstrøm,dk DEN,"MF,FW",Eint Frankfurt,23-018,2000,17.0,23,10,13,6,4,6,19,31.6,13,21,2,19,7,30,9,0,Matches
c455a2b2,Dejan Ljubicic,at AUT,MF,Köln,25-162,1997,12.7,17,10,5,9,3,9,25,36.0,16,14,0,14,7,24,3,0,Matches
07c7eb0c,Anthony Losilla,fr FRA,MF,Bochum,37-009,1986,22.4,55,37,26,23,6,28,50,56.0,22,27,8,19,27,82,49,0,Matches
0c61c77c,Dodi Lukebakio,be BEL,"FW,MF",Hertha BSC,25-176,1997,19.1,16,9,6,8,2,6,17,35.3,11,19,5,14,8,24,12,0,Matches
8a6ab963,Andrey Lunyov,ru RUS,GK,Leverkusen,31-126,1991,1.0,0,0,0,0,0,0,0,,0,0,0,0,0,0,0,0,Matches
ab700320,Arne Maier,de GER,MF,Augsburg,24-070,1999,15.0,24,16,12,9,3,8,11,72.7,3,14,0,14,8,32,12,0,Matches
e5d85da8,Linton Maina,de GER,"FW,MF",Köln,23-269,1999,17.0,14,10,3,10,1,7,22,31.8,15,10,0,10,4,18,6,0,Matches
864163f3,Donyell Malen,nl NED,FW,Dortmund,24-059,1999,11.8,9,4,2,3,4,4,6,66.7,2,10,0,10,4,13,6,0,Matches
c691bfe2,Sadio Mané,sn SEN,FW,Bayern Munich,30-343,1992,11.5,6,3,2,2,2,1,5,20.0,4,12,2,10,0,6,2,0,Matches
706a60e1,Myziane Maolida,fr FRA,"FW,MF",Hertha BSC,24-033,1999,1.1,1,1,1,0,0,1,2,50.0,1,0,0,0,0,1,1,0,Matches
0e0102eb,Omar Marmoush,eg EGY,FW,Wolfsburg,24-040,1999,13.1,15,10,8,2,5,4,13,30.8,9,11,0,11,6,21,3,0,Matches
92a16062,Eric Martel,de GER,MF,Köln,20-324,2002,15.0,41,25,19,16,6,20,44,45.5,24,18,4,14,20,61,36,0,Matches
2f3e911a,Aarón Martín,es ESP,DF,Mainz 05,25-331,1997,16.5,32,22,19,9,4,16,24,66.7,8,14,1,13,13,45,24,0,Matches
a396fb61,Erhan Mašović,rs SRB,DF,Bochum,24-117,1998,15.5,38,25,20,18,0,21,35,60.0,14,21,10,11,16,54,53,0,Matches
ab3f1bdf,Henning Matriciani,de GER,DF,Schalke 04,23-005,2000,13.4,27,16,18,6,3,13,31,41.9,18,15,7,8,15,42,35,0,Matches
00963611,Konstantinos Mavropanos,gr GRE,DF,Stuttgart,25-098,1997,20.8,44,23,28,14,2,26,32,81.3,6,34,18,16,57,101,81,0,Matches
826e8b63,Philipp Max,de GER,DF,Eint Frankfurt,29-170,1993,5.0,9,7,4,4,1,4,12,33.3,8,7,0,7,1,10,5,0,Matches
0e6bc38c,Eric Maxim Choupo-Moting,cm CMR,FW,Bayern Munich,33-361,1989,11.4,8,7,1,5,2,1,2,50.0,1,8,0,8,0,8,5,0,Matches
b74277a0,Noussair Mazraoui,ma MAR,DF,Bayern Munich,25-125,1997,6.3,17,12,3,6,8,8,14,57.1,6,5,1,4,6,23,14,0,Matches
46750e9c,Nathanael Mbuku,fr FRA,FW,Augsburg,21-003,2002,0.2,0,0,0,0,0,0,0,,0,0,0,0,0,0,0,0,Matches
e162b013,Thomas Meunier,be BEL,DF,Dortmund,31-188,1991,6.5,16,7,8,5,3,10,17,58.8,7,7,2,5,9,25,16,0,Matches
b56dd813,Alexander Meyer,de GER,GK,Dortmund,31-340,1991,7.0,0,0,0,0,0,0,1,0.0,1,0,0,0,0,0,1,0,Matches
1e274a0a,Sven Michel,de GER,FW,Union Berlin,32-247,1990,4.6,7,4,1,5,1,4,6,66.7,2,3,1,2,0,7,4,0,Matches
f76022e7,Enzo Millot,fr FRA,MF,Stuttgart,20-245,2002,4.6,10,7,5,3,2,4,7,57.1,3,14,2,12,9,19,4,0,Matches
88d4144a,Maximilian Mittelstädt,de GER,DF,Hertha BSC,26-001,1997,7.1,30,14,22,6,2,13,25,52.0,12,11,1,10,19,49,23,0,Matches
34e4343c,Anthony Modeste,fr FRA,FW,Dortmund,34-339,1988,8.9,4,4,2,0,2,2,5,40.0,3,6,0,6,2,6,21,0,Matches
9ec9c8b6,Tobias Mohr,de GER,"DF,MF",Schalke 04,27-207,1995,8.7,7,4,3,4,0,2,7,28.6,5,13,5,8,8,15,19,0,Matches
29ddfb9c,Clinton Mola,eng ENG,DF,Stuttgart,22-004,2001,0.2,3,1,2,1,0,1,1,100.0,0,1,1,0,1,4,2,0,Matches
7e82a78f,Florent Mollet,fr FRA,MF,Schalke 04,31-120,1991,4.6,4,1,0,4,0,2,7,28.6,5,7,1,6,1,5,1,0,Matches
6ce43701,Youssoufa Moukoko,de GER,FW,Dortmund,18-119,2004,10.5,12,6,3,6,3,3,6,50.0,3,6,0,6,1,13,1,0,Matches
cbac6ec9,Florian Müller,de GER,GK,Stuttgart,25-126,1997,19.0,0,0,0,0,0,0,0,,0,0,0,0,0,0,7,4,Matches
3c6089ab,Thomas Müller,de GER,"FW,MF",Bayern Munich,33-187,1989,11.3,11,7,3,5,3,4,9,44.4,5,8,2,6,3,14,7,0,Matches
2c0558b8,Jamal Musiala,de GER,"MF,FW",Bayern Munich,20-021,2003,18.2,27,19,8,13,6,10,22,45.5,12,19,1,18,14,41,3,0,Matches
9ff8ec4a,Suliman Mustapha,at AUT,"FW,MF",Mainz 05,21-299,2001,0.8,2,2,0,2,0,0,0,,0,4,0,4,0,2,0,0,Matches
441197b8,Obite N'Dicka,fr FRA,DF,Eint Frankfurt,23-211,1999,22.9,19,13,9,8,2,13,25,52.0,12,38,15,23,29,48,121,0,Matches
e110ea4b,Nathan N'Goumou,fr FRA,FW,M'Gladbach,23-005,2000,3.6,7,3,4,2,1,4,8,50.0,4,4,0,4,0,7,3,0,Matches
61590953,Stanley N'Soki,fr FRA,DF,Hoffenheim,23-344,1999,12.1,20,11,13,6,1,10,18,55.6,8,17,4,13,20,40,29,0,Matches
30261ba1,Nikolas Nartey,dk DEN,"DF,MF",Stuttgart,23-025,2000,4.2,9,4,6,2,1,4,8,50.0,4,8,0,8,3,12,11,0,Matches
e79269bd,Luca Netz,de GER,DF,M'Gladbach,19-308,2003,4.6,16,7,12,2,2,12,19,63.2,7,3,1,2,3,19,21,0,Matches
8778c910,Manuel Neuer,de GER,GK,Bayern Munich,36-357,1986,12.0,0,0,0,0,0,0,0,,0,0,0,0,0,0,4,1,Matches
36a59ba4,Florian Neuhaus,de GER,MF,M'Gladbach,26-003,1997,8.5,7,3,3,2,2,2,9,22.2,7,14,3,11,7,14,3,0,Matches
bc249af8,Jessic Ngankam,de GER,"FW,MF",Hertha BSC,22-242,2000,5.6,7,4,3,1,3,1,3,33.3,2,7,1,6,0,7,1,0,Matches
d6862409,Florian Niederlechner,de GER,"FW,MF",Augsburg,32-146,1990,10.1,10,5,5,4,1,4,7,57.1,3,16,2,14,1,11,9,0,Matches
d6862409,Florian Niederlechner,de GER,FW,Hertha BSC,32-146,1990,5.3,5,4,0,2,3,1,4,25.0,3,6,0,6,0,5,6,0,Matches
a45241d5,Justin Njinmah,de GER,FW,Dortmund,22-124,2000,0.2,0,0,0,0,0,0,0,,0,0,0,0,0,0,0,0,Matches
7c56da38,Christopher Nkunku,fr FRA,"FW,MF",RB Leipzig,25-125,1997,15.8,3,2,0,1,2,1,5,20.0,4,7,3,4,7,10,8,0,Matches
091c86e2,Felix Nmecha,de GER,MF,Wolfsburg,22-160,2000,12.4,24,13,5,13,6,10,17,58.8,7,15,6,9,15,39,21,0,Matches
0cc5f4a5,Lukas Nmecha,de GER,FW,Wolfsburg,24-095,1998,10.0,5,3,0,2,3,3,3,100.0,0,5,1,4,3,8,4,0,Matches
5458f670,Hugo Novoa,es ESP,"DF,FW",RB Leipzig,20-077,2003,2.0,8,2,1,3,4,4,7,57.1,3,4,0,4,1,9,0,0,Matches
bdedffac,Ørjan Nyland,no NOR,GK,RB Leipzig,32-190,1990,1.0,0,0,0,0,0,0,0,,0,0,0,0,0,0,0,0,Matches
57ec75bf,Tim Oermann,de GER,DF,Bochum,19-164,2003,2.2,2,1,2,0,0,1,1,100.0,0,3,2,1,1,3,8,1,Matches
dd2e62da,Finn Ole Becker,de GER,MF,Hoffenheim,22-284,2000,1.4,5,2,1,4,0,1,1,100.0,0,2,0,2,2,7,1,0,Matches
86adbcc7,Mathias Olesen,lu LUX,MF,Köln,21-363,2001,4.9,10,5,4,4,2,5,7,71.4,2,5,1,4,2,12,3,0,Matches
ae44e8e2,Dani Olmo,es ESP,"MF,FW",RB Leipzig,24-316,1998,8.6,11,7,1,7,3,5,8,62.5,3,9,0,9,5,16,3,0,Matches
c631f952,Jonas Omlin,ch SUI,GK,M'Gladbach,29-068,1994,7.3,0,0,0,0,0,0,1,0.0,1,1,0,1,0,0,5,0,Matches
f26834c7,Karim Onisiwo,at AUT,"FW,MF",Mainz 05,31-002,1992,20.7,13,8,1,6,6,3,11,27.3,8,14,0,14,2,15,6,0,Matches
20030c06,Willi Orban,hu HUN,DF,RB Leipzig,30-136,1992,23.8,38,27,23,15,0,21,33,63.6,12,28,17,11,32,70,98,1,Matches
86c75897,Ivan Ordets,ua UKR,DF,Bochum,30-254,1992,18.5,26,15,19,6,1,15,23,65.2,8,19,9,10,32,58,82,0,Matches
0a16eb36,Jordi Osei-Tutu,eng ENG,"DF,FW",Bochum,24-168,1998,7.2,20,15,11,5,4,9,15,60.0,6,12,5,7,9,29,7,0,Matches
9662c9ec,Patrick Osterhage,de GER,MF,Bochum,23-046,2000,7.1,16,14,6,8,2,9,13,69.2,4,11,3,8,8,24,16,0,Matches
1cbe4984,Paulo Otávio,br BRA,DF,Wolfsburg,28-116,1994,20.1,64,39,42,14,8,39,56,69.6,17,39,5,34,29,93,65,1,Matches
36d9dabe,Thomas Ouwejan,nl NED,DF,Schalke 04,26-170,1996,9.0,19,8,13,5,1,6,10,60.0,4,17,4,13,13,32,24,0,Matches
8b6e0db2,Reece Oxford,eng ENG,DF,Augsburg,24-093,1998,1.0,1,1,1,0,0,0,0,,0,4,3,1,1,2,5,0,Matches
15413fa5,Salih Özcan,tr TUR,MF,Dortmund,25-067,1998,14.9,24,14,6,14,4,13,32,40.6,19,20,2,18,21,45,16,1,Matches
66385c46,Levin Öztunalı,de GER,MF,Union Berlin,27-004,1996,0.1,0,0,0,0,0,0,1,0.0,1,0,0,0,0,0,0,0,Matches
e82adcab,Exequiel Palacios,ar ARG,MF,Leverkusen,24-165,1998,12.3,40,23,14,23,3,21,33,63.6,12,14,1,13,25,65,20,0,Matches
5dc15574,Miloš Pantović,rs SRB,MF,Union Berlin,26-255,1996,2.0,3,1,3,0,0,3,4,75.0,1,2,0,2,0,3,4,0,Matches
13d23b29,Antonios Papadopoulos,de GER,DF,Dortmund,23-190,1999,0.1,0,0,0,0,0,0,0,,0,0,0,0,1,1,0,0,Matches
5c50fdbc,Kevin Paredes,us USA,"FW,MF",Wolfsburg,19-316,2003,4.0,10,7,3,3,4,6,8,75.0,2,4,0,4,4,14,5,0,Matches
1866b0f1,Marco Pašalić,hr CRO,MF,Dortmund,22-186,2000,0.1,0,0,0,0,0,0,0,,0,0,0,0,0,0,0,0,Matches
5c899683,Felix Passlack,de GER,DF,Dortmund,24-294,1998,0.5,1,0,0,1,0,0,0,,0,0,0,0,0,1,0,0,Matches
53070b63,Paulinho,br BRA,FW,Leverkusen,22-247,2000,0.9,0,0,0,0,0,0,0,,0,1,0,1,0,0,2,0,Matches
45a03961,Benjamin Pavard,fr FRA,DF,Bayern Munich,26-356,1996,18.4,50,32,24,19,7,23,27,85.2,4,23,11,12,31,81,52,0,Matches
0a1cb833,Jiří Pavlenka,cz CZE,GK,Werder Bremen,30-339,1992,23.3,0,0,0,0,0,0,4,0.0,4,0,0,0,2,2,16,1,Matches
5154b2ba,Kristian Pedersen,dk DEN,DF,Köln,28-227,1994,3.0,5,4,4,1,0,0,2,0.0,2,3,0,3,5,10,17,0,Matches
582a5247,Mads Pedersen,dk DEN,"DF,MF",Augsburg,26-199,1996,13.6,33,15,25,7,1,17,23,73.9,6,23,7,16,18,51,31,1,Matches
b684a484,Jordan Pefok,us USA,FW,Union Berlin,26-327,1996,12.1,15,7,4,3,8,3,14,21.4,11,16,5,11,4,19,12,0,Matches
c18d22f5,Peter Pekarík,sk SVK,DF,Hertha BSC,36-140,1986,1.0,3,3,3,0,0,3,4,75.0,1,6,2,4,1,4,3,0,Matches
3b61c9ec,Luca Pellegrini,it ITA,DF,Eint Frankfurt,24-012,1999,6.2,13,8,10,3,0,8,8,100.0,0,8,2,6,7,20,11,1,Matches
a2b1ed42,Ricardo Pepi,us USA,FW,Augsburg,20-069,2003,1.1,1,1,1,0,0,1,1,100.0,0,1,0,1,0,1,1,0,Matches
ff3d391c,Juan Perea,co COL,FW,Stuttgart,23-024,2000,3.7,4,3,0,1,3,2,4,50.0,2,2,1,1,1,5,3,0,Matches
f93e6e94,Nils Petersen,de GER,FW,Freiburg,34-103,1988,2.4,6,4,0,3,3,2,5,40.0,3,9,2,7,1,7,6,0,Matches
f503ef6e,Lukas Petkov,de GER,"MF,FW",Augsburg,22-138,2000,1.6,5,1,4,1,0,2,3,66.7,1,4,1,3,1,6,0,0,Matches
83e1f40e,Luca Pfeiffer,de GER,FW,Stuttgart,26-211,1996,7.4,1,1,1,0,0,0,1,0.0,1,3,0,3,1,2,5,0,Matches
061e8e23,Maximilian Philipp,de GER,FW,Wolfsburg,29-018,1994,1.3,2,1,1,1,0,1,1,100.0,0,1,0,1,0,2,0,0,Matches
061e8e23,Maximilian Philipp,de GER,"MF,FW",Werder Bremen,29-018,1994,1.0,2,1,2,0,0,0,2,0.0,2,3,1,2,3,5,1,0,Matches
526ea7cc,Amos Pieper,de GER,DF,Werder Bremen,25-061,1998,20.5,43,26,22,19,2,22,34,64.7,12,21,11,10,26,69,85,1,Matches
f7aa75bd,Marvin Plattenhardt,de GER,DF,Hertha BSC,31-052,1992,19.3,32,24,19,10,3,23,36,63.9,13,21,7,14,10,42,47,0,Matches
bc6bd723,Alassane Pléa,fr FRA,FW,M'Gladbach,30-009,1993,15.5,14,7,4,7,3,6,17,35.3,11,19,2,17,10,24,13,0,Matches
ea003d07,Joel Pohjanpalo,fi FIN,"FW,MF",Leverkusen,28-187,1994,0.0,0,0,0,0,0,0,0,,0,0,0,0,0,0,0,0,Matches
3745e8bd,Sebastian Polter,de GER,"FW,MF",Schalke 04,31-352,1991,5.2,4,3,0,4,0,1,3,33.3,2,3,0,3,0,4,6,0,Matches
7f609bfc,Stefan Posch,at AUT,DF,Hoffenheim,25-309,1997,0.2,0,0,0,0,0,0,0,,0,0,0,0,0,0,0,0,Matches
d2416c2e,Yussuf Poulsen,dk DEN,FW,RB Leipzig,28-277,1994,3.9,4,3,1,2,1,0,2,0.0,2,3,1,2,0,4,5,0,Matches
924f9191,Grischa Prömel,de GER,MF,Hoffenheim,28-069,1995,11.9,23,18,12,9,2,7,17,41.2,10,16,3,13,5,28,17,0,Matches
c68b1b13,Tymoteusz Puchacz,pl POL,DF,Union Berlin,24-055,1999,0.6,1,0,1,0,0,0,0,,0,0,0,0,0,1,1,0,Matches
3c200e05,Joshua Quarshie,de GER,MF,Hoffenheim,18-236,2004,0.0,0,0,0,0,0,0,0,,0,0,0,0,0,0,0,0,Matches
b90c4a43,Diant Ramaj,de GER,GK,Eint Frankfurt,21-181,2001,1.0,0,0,0,0,0,0,0,,0,0,0,0,0,0,1,0,Matches
c8b3a472,Nicolai Rapp,de GER,"MF,DF",Werder Bremen,26-096,1996,0.8,3,1,3,0,0,0,3,0.0,3,0,0,0,0,3,1,0,Matches
7d450ed3,David Raum,de GER,"DF,FW",RB Leipzig,24-331,1998,15.4,34,21,21,9,4,13,21,61.9,8,20,5,15,15,49,20,1,Matches
cc971106,Rocco Reitz,de GER,MF,M'Gladbach,20-294,2002,0.0,0,0,0,0,0,0,0,,0,0,0,0,0,0,0,0,Matches
36a3ff67,Marco Reus,de GER,"MF,FW",Dortmund,33-292,1989,12.2,24,14,9,13,2,5,20,25.0,15,9,3,6,5,29,7,0,Matches
1ae836b1,Elvis Rexhbeçaj,de GER,MF,Augsburg,25-138,1997,20.0,35,23,11,17,7,19,43,44.2,24,27,10,17,13,48,32,0,Matches
7fa4e703,Gio Reyna,us USA,"FW,MF",Dortmund,20-126,2002,5.9,11,5,2,5,4,4,9,44.4,5,7,2,5,3,14,4,0,Matches
f972644c,Marco Richter,de GER,"FW,MF",Hertha BSC,25-115,1997,14.8,36,17,15,14,7,19,39,48.7,20,23,0,23,16,52,19,0,Matches
9f941969,Manuel Riemann,de GER,GK,Bochum,34-191,1988,25.0,2,1,2,0,0,2,2,100.0,0,1,0,1,4,6,16,4,Matches
e12b0b5b,Sebastian Rode,de GER,MF,Eint Frankfurt,32-159,1990,10.5,29,18,5,21,3,10,30,33.3,20,11,1,10,10,39,10,0,Matches
ea42c03f,Agustín Rogel,uy URU,DF,Hertha BSC,25-153,1997,12.3,16,9,11,5,0,10,14,71.4,4,11,4,7,12,28,44,0,Matches
1f2c7b55,Merlin Röhl,de GER,MF,Freiburg,20-257,2002,0.1,0,0,0,0,0,0,0,,0,0,0,0,0,0,1,0,Matches
90c1f9a4,Tom Rothe,de GER,DF,Dortmund,18-141,2004,0.3,1,1,0,1,0,1,1,100.0,0,0,0,0,1,2,2,0,Matches
13203c45,Jérôme Roussillon,fr FRA,"MF,DF",Wolfsburg,30-072,1993,0.2,0,0,0,0,0,0,0,,0,0,0,0,0,0,0,0,Matches
13203c45,Jérôme Roussillon,fr FRA,DF,Union Berlin,30-072,1993,2.9,2,1,1,0,1,1,2,50.0,1,1,0,1,0,2,7,0,Matches
80f36c88,Sebastian Rudy,de GER,MF,Hoffenheim,33-019,1990,6.0,18,10,7,11,0,7,19,36.8,12,16,1,15,6,24,12,0,Matches
c64c01fc,Georginio Rutter,fr FRA,FW,Hoffenheim,20-333,2002,11.2,7,4,1,4,2,1,3,33.3,2,10,2,8,5,12,6,0,Matches
009a4f60,Julian Ryerson,no NOR,DF,Union Berlin,25-122,1997,11.5,28,17,17,10,1,15,23,65.2,8,15,3,12,12,40,19,0,Matches
009a4f60,Julian Ryerson,no NOR,DF,Dortmund,25-122,1997,7.8,13,5,9,3,1,11,14,78.6,3,6,1,5,6,19,12,0,Matches
a70b8345,Frederik Rønnow,dk DEN,GK,Union Berlin,30-227,1992,20.0,0,0,0,0,0,0,3,0.0,3,0,0,0,0,0,6,0,Matches
e280527c,Marcel Sabitzer,at AUT,MF,Bayern Munich,29-002,1994,7.0,27,14,11,10,6,10,17,58.8,7,3,0,3,10,37,9,0,Matches
e1830c52,Dikeni Salifou,tg TOG,MF,Werder Bremen,19-284,2003,0.0,0,0,0,0,0,0,0,,0,0,0,0,0,0,0,0,Matches
bf075f6b,Roland Sallai,hu HUN,"MF,FW",Freiburg,25-301,1997,7.0,5,5,1,3,1,2,7,28.6,5,6,1,5,2,7,4,0,Matches
08593525,Diadie Samassékou,ml MLI,"MF,FW",Hoffenheim,27-067,1996,0.4,1,0,0,1,0,0,1,0.0,1,0,0,0,0,1,0,0,Matches
2b114be3,Leroy Sané,de GER,"MF,FW",Bayern Munich,27-067,1996,15.5,24,18,7,12,5,10,18,55.6,8,8,1,7,1,25,1,1,Matches
6a52a6c6,Sidi Sané,de GER,FW,Schalke 04,19-332,2003,0.3,1,1,1,0,0,1,1,100.0,0,0,0,0,0,1,0,0,Matches
236f02cd,Joe Scally,us USA,DF,M'Gladbach,20-078,2002,20.9,24,16,19,5,0,19,25,76.0,6,15,6,9,7,31,51,0,Matches
52afb588,Kevin Schade,de GER,"FW,MF",Freiburg,21-112,2001,2.0,6,4,3,2,1,3,5,60.0,2,0,0,0,0,6,2,0,Matches
049751d7,András Schäfer,hu HUN,MF,Union Berlin,23-340,1999,8.4,20,8,7,12,1,6,13,46.2,7,11,2,9,4,24,11,0,Matches
93cba339,Derry Scherhant,de GER,FW,Hertha BSC,20-129,2002,2.1,4,3,2,2,0,2,3,66.7,1,1,0,1,0,4,3,0,Matches
5d4f7d61,Patrik Schick,cz CZE,FW,Leverkusen,27-054,1996,10.5,0,0,0,0,0,0,1,0.0,1,4,1,3,1,1,7,0,Matches
bd527260,Kingsley Schindler,de GER,"DF,MF",Köln,29-250,1993,7.8,18,11,12,5,1,14,21,66.7,7,6,1,5,9,27,19,0,Matches
8f056768,Xaver Schlager,at AUT,MF,RB Leipzig,25-172,1997,16.3,41,23,13,26,2,21,43,48.8,22,19,2,17,16,57,23,0,Matches
f6bdc830,Keven Schlotterbeck,de GER,DF,Freiburg,25-325,1997,0.2,0,0,0,0,0,0,0,,0,1,1,0,2,2,2,0,Matches
f6bdc830,Keven Schlotterbeck,de GER,DF,Bochum,25-325,1997,6.2,13,6,9,4,0,6,7,85.7,1,10,4,6,13,26,30,0,Matches
34e12499,Nico Schlotterbeck,de GER,DF,Dortmund,23-108,1999,24.3,56,32,34,21,1,35,51,68.6,16,36,19,17,30,86,70,1,Matches
220ace7e,Romano Schmid,at AUT,MF,Werder Bremen,23-051,2000,12.1,21,13,4,12,5,9,18,50.0,9,18,3,15,6,27,10,0,Matches
b9ae8560,Niklas Schmidt,de GER,MF,Werder Bremen,25-018,1998,10.1,23,10,11,10,2,11,25,44.0,14,7,0,7,3,26,8,0,Matches
ad00b1a8,Benno Schmitz,de GER,DF,Köln,28-122,1994,20.2,52,34,23,25,4,34,57,59.6,23,27,4,23,20,72,42,0,Matches
87436846,Marvin Schwäbe,de GER,GK,Köln,27-328,1995,25.0,1,0,1,0,0,1,1,100.0,0,0,0,0,2,3,4,2,Matches
0d55d942,Alexander Schwolow,de GER,GK,Schalke 04,30-290,1992,17.0,0,0,0,0,0,0,0,,0,0,0,0,1,1,6,2,Matches
8872ed17,Paul Seguin,de GER,MF,Union Berlin,27-355,1995,6.0,12,6,7,1,4,6,14,42.9,8,6,0,6,1,13,4,0,Matches
1238a3f9,Davie Selke,de GER,FW,Hertha BSC,28-058,1995,3.1,2,1,1,1,0,0,1,0.0,1,3,1,2,1,3,5,0,Matches
1238a3f9,Davie Selke,de GER,FW,Köln,28-058,1995,4.0,0,0,0,0,0,0,1,0.0,1,2,0,2,0,0,4,0,Matches
b3325a30,Suat Serdar,de GER,MF,Hertha BSC,25-342,1997,18.7,44,19,12,25,7,18,32,56.3,14,44,11,33,25,69,21,0,Matches
313254a3,Kiliann Sildillia,fr FRA,"DF,MF",Freiburg,20-307,2002,18.3,28,16,7,18,3,14,19,73.7,5,18,7,11,21,49,33,1,Matches
3effaa34,André Silva,pt POR,FW,RB Leipzig,27-133,1995,17.1,10,4,2,4,4,3,7,42.9,4,11,1,10,2,12,3,0,Matches
fcb27134,Mohamed Simakan,fr FRA,DF,RB Leipzig,22-320,2000,10.2,12,10,8,3,1,8,13,61.5,5,14,2,12,10,22,36,0,Matches
7ec723b7,Eduardo Simões,pt POR,DF,Hoffenheim,21-017,2002,1.0,5,3,3,2,0,1,3,33.3,2,3,2,1,0,5,3,0,Matches
73000a79,Daley Sinkgraven,nl NED,"DF,MF",Leverkusen,27-258,1995,3.6,6,6,4,2,0,5,6,83.3,1,8,4,4,5,11,7,0,Matches
0d8a37c2,Tobias Sippel,de GER,GK,M'Gladbach,34-362,1988,5.7,0,0,0,0,0,0,0,,0,0,0,0,0,0,1,1,Matches
c6cf860f,Hugo Siquet,be BEL,DF,Freiburg,20-253,2002,0.2,2,2,2,0,0,2,2,100.0,0,1,0,1,0,2,0,0,Matches
65857fdf,Tim Skarke,de GER,"DF,MF",Union Berlin,26-193,1996,0.6,1,1,0,0,1,0,0,,0,1,0,1,0,1,0,0,Matches
65857fdf,Tim Skarke,de GER,"FW,MF",Schalke 04,26-193,1996,2.4,4,1,1,3,0,2,5,40.0,3,2,0,2,0,4,1,0,Matches
c2211709,Ellyes Skhiri,tn TUN,MF,Köln,27-313,1995,23.7,69,38,24,38,7,24,55,43.6,31,38,9,29,43,112,38,0,Matches
ff98492b,Robert Skov,dk DEN,DF,Hoffenheim,26-303,1996,13.7,17,9,11,5,1,7,19,36.8,12,20,6,14,8,25,18,1,Matches
c967f6b8,Hrvoje Smolčić,hr CRO,DF,Eint Frankfurt,22-214,2000,4.2,8,7,6,2,0,5,9,55.6,4,11,4,7,6,14,33,0,Matches
c05f2f8c,Danilo Soares,br BRA,DF,Bochum,31-141,1991,15.2,56,38,30,19,7,34,51,66.7,17,25,4,21,22,78,39,1,Matches
4f627629,Nikola Soldo,hr CRO,DF,Köln,22-053,2001,6.6,15,9,8,7,0,7,10,70.0,3,7,6,1,7,22,28,0,Matches
420c18a1,Yann Sommer,ch SUI,GK,Bayern Munich,34-092,1988,9.0,0,0,0,0,0,0,0,,0,0,0,0,1,1,3,0,Matches
420c18a1,Yann Sommer,ch SUI,GK,M'Gladbach,34-092,1988,10.0,1,0,1,0,0,1,1,100.0,0,0,0,0,0,1,8,0,Matches
af0d79a9,Borna Sosa,hr CRO,DF,Stuttgart,25-057,1998,15.0,21,15,14,6,1,17,25,68.0,8,12,3,9,15,36,29,0,Matches
4c6facae,Djibril Sow,ch SUI,MF,Eint Frankfurt,26-041,1997,20.7,36,20,11,23,2,17,31,54.8,14,18,4,14,27,63,17,0,Matches
0f59a7bf,Anton Stach,de GER,MF,Mainz 05,24-124,1998,15.9,22,18,9,11,2,13,27,48.1,14,21,2,19,28,50,21,0,Matches
861e0116,Kostas Stafylidis,gr GRE,"DF,MF",Bochum,29-107,1993,8.9,23,13,11,7,5,7,17,41.2,10,17,6,11,14,37,21,1,Matches
1fffae99,Jens Stage,dk DEN,MF,Werder Bremen,26-131,1996,13.4,26,13,10,15,1,6,26,23.1,20,28,8,20,13,39,19,0,Matches
7ed08d5c,Josip Stanišić,hr CRO,DF,Bayern Munich,22-351,2000,4.8,18,11,13,2,3,12,17,70.6,5,6,0,6,6,24,9,0,Matches
aad48be9,Niklas Stark,de GER,DF,Werder Bremen,27-339,1995,14.6,38,27,20,16,2,18,26,69.2,8,10,4,6,27,65,66,0,Matches
99f7e9aa,Pascal Stenzel,de GER,DF,Stuttgart,26-364,1996,3.6,12,8,8,4,0,5,9,55.6,4,8,2,6,5,17,6,0,Matches
3b1ed320,Angelo Stiller,de GER,MF,Hoffenheim,21-349,2001,6.6,23,10,8,11,4,7,9,77.8,2,10,2,8,9,32,5,0,Matches
7cd6badb,Lars Stindl,de GER,"FW,MF",M'Gladbach,34-205,1988,14.2,18,10,4,12,2,9,22,40.9,13,18,3,15,8,26,17,0,Matches
e5649a78,Kevin Stöger,at AUT,MF,Bochum,29-204,1993,21.5,59,29,25,25,9,20,61,32.8,41,21,4,17,21,80,15,0,Matches
e33c06cf,Niklas Süle,de GER,DF,Dortmund,27-197,1995,15.8,14,11,10,2,2,5,10,50.0,5,22,13,9,11,25,35,0,Matches
e18098de,Ivan Šunjić,hr CRO,MF,Hertha BSC,26-161,1996,11.0,38,20,16,21,1,16,24,66.7,8,17,5,12,13,51,19,1,Matches
92d83c27,Mattias Svanberg,se SWE,MF,Wolfsburg,24-073,1999,14.3,13,8,5,8,0,6,19,31.6,13,19,4,15,15,28,18,1,Matches
934e1968,Dominik Szoboszlai,hu HUN,"MF,FW",RB Leipzig,22-145,2000,20.0,33,22,8,15,10,12,28,42.9,16,26,1,25,16,49,24,0,Matches
e92cd3f7,Alexander Sørloth,no NOR,FW,RB Leipzig,27-104,1995,0.1,0,0,0,0,0,0,0,,0,0,0,0,0,0,0,0,Matches
bd142efb,Jonathan Tah,de GER,DF,Leverkusen,27-036,1996,19.6,20,10,16,4,0,11,16,68.8,5,19,11,8,22,42,82,0,Matches
a73c8f95,Edmond Tapsoba,bf BFA,DF,Leverkusen,24-045,1999,22.9,35,20,24,8,3,19,30,63.3,11,28,14,14,28,63,72,1,Matches
27270af4,Niklas Tauer,de GER,"DF,MF",Mainz 05,22-030,2001,1.0,2,1,2,0,0,1,3,33.3,2,2,1,1,2,4,4,0,Matches
829aa60c,Mathys Tel,fr FRA,FW,Bayern Munich,17-326,2005,3.4,1,1,0,1,0,1,1,100.0,0,5,1,4,0,1,1,0,Matches
0b45a8d7,Semir Telalovic,de GER,"MF,FW",M'Gladbach,23-086,1999,0.1,0,0,0,0,0,0,0,,0,0,0,0,0,0,0,0,Matches
863ff1ee,Simon Terodde,de GER,FW,Schalke 04,35-017,1988,15.2,14,7,4,6,4,2,10,20.0,8,6,2,4,6,20,6,0,Matches
ff5ea0bf,Malick Thiaw,de GER,DF,Schalke 04,21-223,2001,3.0,3,1,2,1,0,1,2,50.0,1,4,3,1,9,12,24,1,Matches
fd53759d,Jan Thielmann,de GER,FW,Köln,20-297,2002,6.2,8,7,3,4,1,2,7,28.6,5,9,2,7,3,11,5,0,Matches
d1b49282,Morten Thorsby,no NOR,MF,Union Berlin,26-318,1996,6.9,16,8,6,9,1,10,16,62.5,6,9,4,5,2,18,18,0,Matches
6f8cd6d0,Marcus Thuram,fr FRA,FW,M'Gladbach,25-225,1997,22.2,13,6,3,5,5,6,9,66.7,3,14,3,11,5,18,17,0,Matches
6b8887c2,Steffen Tigges,de GER,FW,Köln,24-231,1998,14.7,7,5,1,5,1,4,11,36.4,7,11,2,9,6,13,15,0,Matches
e547d3cf,Umut Tohumcu,de GER,MF,Hoffenheim,18-220,2004,2.6,10,5,4,5,1,3,7,42.9,4,3,0,3,0,10,4,0,Matches
b492126a,Tiago Tomás,pt POR,"FW,MF",Stuttgart,20-276,2002,10.6,7,4,2,3,2,5,7,71.4,2,8,2,6,0,7,3,0,Matches
c8c60119,Almamy Touré,ml MLI,DF,Eint Frankfurt,26-325,1996,1.8,5,4,2,3,0,3,5,60.0,2,5,2,3,5,10,2,0,Matches
71ec39ef,Lucas Tousart,fr FRA,MF,Hertha BSC,25-324,1997,23.7,56,29,25,23,8,17,37,45.9,20,21,1,20,37,93,51,1,Matches
ce17b5eb,Kevin Trapp,de GER,GK,Eint Frankfurt,32-254,1990,23.0,1,1,1,0,0,0,1,0.0,1,2,0,2,0,1,7,0,Matches
056d2d95,Christopher Trimmel,at AUT,DF,Union Berlin,36-023,1987,16.3,26,15,14,10,2,17,26,65.4,9,12,1,11,23,49,40,0,Matches
35d64857,Tuta,br BRA,DF,Eint Frankfurt,23-258,1999,22.9,35,23,17,13,5,21,38,55.3,17,34,10,24,33,68,98,1,Matches
7d3e7da6,Sven Ulreich,de GER,GK,Bayern Munich,34-228,1988,3.0,1,1,1,0,0,1,1,100.0,0,0,0,0,0,1,0,1,Matches
cd61c7af,Lauren Ulrich,de GER,MF,Stuttgart,18-047,2005,0.1,1,1,0,0,1,0,0,,0,0,0,0,0,1,0,0,Matches
d248cd8f,Dayot Upamecano,fr FRA,DF,Bayern Munich,24-143,1998,21.0,55,31,37,18,0,22,35,62.9,13,19,5,14,22,77,63,4,Matches
af842091,Filip Uremović,hr CRO,DF,Hertha BSC,26-036,1997,14.4,25,14,17,7,1,10,16,62.5,6,12,9,3,25,50,66,2,Matches
d75f3980,Jere Uronen,fi FIN,DF,Schalke 04,28-249,1994,4.7,6,4,3,3,0,2,5,40.0,3,4,2,2,4,10,6,0,Matches
a3ddb1b9,Mark Uth,de GER,"MF,FW",Köln,31-207,1991,0.5,0,0,0,0,0,0,0,,0,0,0,0,0,0,0,0,Matches
fb377d11,Josha Vagnoman,de GER,"DF,MF",Stuttgart,22-098,2000,7.7,11,6,5,5,1,6,8,75.0,2,8,2,6,6,17,20,0,Matches
6ecbddf6,Ruben Vargas,ch SUI,"MF,FW",Augsburg,24-226,1998,8.1,11,5,5,4,2,3,8,37.5,5,6,2,4,4,15,13,1,Matches
fc8fcbd1,Renato Veiga,pt POR,DF,Augsburg,19-233,2003,3.5,4,3,1,1,2,3,3,100.0,0,6,3,3,3,7,15,1,Matches
a5ae8f8e,Miloš Veljković,rs SRB,DF,Werder Bremen,27-174,1995,16.9,23,13,14,9,0,14,23,60.9,9,20,11,9,26,49,68,0,Matches
8fe2a392,Mickey van de Ven,nl NED,DF,Wolfsburg,21-334,2001,25.0,34,22,19,15,0,23,31,74.2,8,33,20,13,20,54,90,2,Matches
5360a956,Gabriel Vidovic,hr CRO,FW,Bayern Munich,19-108,2003,0.2,0,0,0,0,0,0,0,,0,0,0,0,0,0,0,0,Matches
1d8e9add,Kevin Vogt,de GER,DF,Hoffenheim,31-177,1991,17.2,14,10,9,5,0,8,17,47.1,9,17,10,7,21,35,63,0,Matches
f86cd5df,Aster Vranckx,be BEL,MF,Wolfsburg,20-166,2002,0.1,0,0,0,0,0,0,0,,0,0,0,0,0,0,1,0,Matches
e3d3fbeb,Robert Wagner,de GER,MF,Freiburg,19-248,2003,0.3,0,0,0,0,0,0,0,,0,2,0,2,0,0,2,0,Matches
e5a35ae9,Luca Waldschmidt,de GER,FW,Wolfsburg,26-304,1996,3.9,5,2,2,1,2,2,6,33.3,4,1,0,1,2,7,3,0,Matches
cb64672e,Paul Wanner,de GER,MF,Bayern Munich,17-086,2005,0.3,3,1,1,2,0,1,1,100.0,0,0,0,0,0,3,1,0,Matches
346d51d9,Julian Weigl,de GER,MF,M'Gladbach,27-192,1995,14.0,29,12,14,14,1,16,28,57.1,12,14,1,13,12,41,21,0,Matches
231c67ff,Nelson Weiper,de GER,"FW,MF",Mainz 05,18-002,2005,0.2,2,0,0,0,2,1,1,100.0,0,1,0,1,0,2,0,0,Matches
30c220c3,Mitchell Weiser,de GER,"DF,FW",Werder Bremen,28-332,1994,20.4,54,34,25,22,7,26,50,52.0,24,38,5,33,24,78,26,1,Matches
dd676a97,Noah Weißhaupt,de GER,"MF,FW",Freiburg,21-180,2001,1.8,6,1,2,3,1,2,5,40.0,3,2,0,2,2,8,4,0,Matches
1c86aa16,Marcel Wenig,de GER,MF,Eint Frankfurt,18-319,2004,0.0,0,0,0,0,0,0,0,,0,0,0,0,0,0,0,0,Matches
49fe9070,Timo Werner,de GER,"FW,MF",RB Leipzig,27-013,1996,14.5,6,3,3,2,1,3,10,30.0,7,9,0,9,5,11,5,0,Matches
f68b64fc,Silvan Widmer,ch SUI,DF,Mainz 05,30-014,1993,14.0,19,12,13,5,1,15,24,62.5,9,16,5,11,27,46,17,0,Matches
cb11b429,Patrick Wimmer,at AUT,"FW,MF",Wolfsburg,21-293,2001,12.7,31,19,14,8,9,12,30,40.0,18,20,2,18,13,44,12,0,Matches
2077ae86,Jonas Wind,dk DEN,FW,Wolfsburg,24-040,1999,7.7,6,1,1,2,3,2,5,40.0,3,7,3,4,1,7,7,0,Matches
a1257b5e,Frederik Winther,dk DEN,DF,Augsburg,22-074,2001,1.0,2,2,1,1,0,0,2,0.0,2,1,1,0,0,2,7,0,Matches
e7fcf289,Florian Wirtz,de GER,"MF,FW",Leverkusen,19-320,2003,4.9,12,7,6,6,0,5,9,55.6,4,8,1,7,1,13,6,0,Matches
be42a291,Hannes Wolf,at AUT,FW,M'Gladbach,23-337,1999,3.8,9,6,4,4,1,3,9,33.3,6,3,0,3,2,11,7,0,Matches
fa661778,Marius Wolf,de GER,DF,Dortmund,27-296,1995,12.7,17,12,7,7,3,10,18,55.6,8,33,9,24,17,34,21,1,Matches
6190474d,Jeong Woo-yeong,kr KOR,"MF,FW",Freiburg,23-180,1999,6.8,7,3,4,2,1,2,4,50.0,2,7,1,6,1,8,7,0,Matches
ea0893d6,Kelvin Yeboah,it ITA,"FW,MF",Augsburg,22-317,2000,2.8,3,3,1,2,0,1,4,25.0,3,4,0,4,1,4,2,0,Matches
caffaf5a,Maya Yoshida,jp JPN,DF,Schalke 04,34-207,1988,24.9,32,20,18,14,0,17,24,70.8,7,32,26,6,45,77,119,1,Matches
a4effc55,Dan-Axel Zagadou,fr FRA,DF,Stuttgart,23-289,1999,7.3,9,6,7,2,0,4,8,50.0,4,11,10,1,8,17,38,1,Matches
fc3697dd,Rodrigo Zalazar,uy URU,"MF,FW",Schalke 04,23-219,1999,9.4,11,7,5,5,1,7,18,38.9,11,10,1,9,5,16,10,0,Matches
65bf7e2b,Aaron Zehnter,de GER,DF,Augsburg,18-139,2004,0.0,0,0,0,0,0,0,1,0.0,1,0,0,0,1,1,0,0,Matches
5c4bf6ba,Robin Zentner,de GER,GK,Mainz 05,28-142,1994,18.0,0,0,0,0,0,0,2,0.0,2,0,0,0,0,0,11,0,Matches
9b688ae1,Michael Zetterer,de GER,GK,Werder Bremen,27-250,1995,1.7,0,0,0,0,0,0,0,,0,0,0,0,0,0,1,0,Matches
29f7cfd9,Simon Zoller,de GER,FW,Bochum,31-266,1991,14.2,8,2,2,6,0,3,9,33.3,6,13,1,12,6,14,19,0,Matches
