id,Player,Nation,Pos,Squad,Age,Born,90s,Tkl,TklW,Def 3rd,Mid 3rd,Att 3rd,Tkl.1,Att,Tkl%,Lost,Blocks,Sh,Pass,Int,Tkl+Int,Clr,Err,Matches
4cd41883,Paxten Aaronson,us USA,MF,Eint Frankfurt,19-218,2003,0.1,0,0,0,0,0,0,0,,0,0,0,0,0,0,0,0,Matches
22919e97,Sargis Adamyan,am ARM,"FW,MF",Köln,29-313,1993,7.0,13,6,4,3,6,6,14,42.9,8,12,0,12,3,16,5,0,Matches
501055d8,Karim Adeyemi,de GER,"FW,MF",Dortmund,21-073,2002,8.9,11,7,3,5,3,6,18,33.3,12,11,0,11,6,17,1,0,Matches
dcfb17f4,Amine Adli,fr FRA,"FW,MF",Leverkusen,22-326,2000,10.3,11,9,3,4,4,3,11,27.3,8,21,2,19,5,16,6,0,Matches
cb6d81b3,Felix Agu,de GER,"DF,FW",Werder Bremen,23-186,1999,0.5,1,0,0,1,0,0,0,,0,1,1,0,0,1,0,0,Matches
a6c58494,Naouirou Ahamada,fr FRA,MF,Stuttgart,21-003,2002,15.5,17,11,7,7,3,8,20,40.0,12,16,5,11,8,25,7,0,Matches
462475ed,Ludovic Ajorque,fr FRA,FW,Mainz 05,29-035,1994,7.2,2,2,1,1,0,0,3,0.0,3,6,2,4,0,2,5,0,Matches
6ec6fde0,Kevin Akpoguma,ng NGA,DF,Hoffenheim,27-347,1995,15.3,59,35,34,22,3,24,33,72.7,9,38,13,25,15,74,43,1,Matches
834d0be5,Lucas Alario,ar ARG,"FW,MF",Eint Frankfurt,30-175,1992,3.4,3,2,1,0,2,0,1,0.0,1,0,0,0,0,3,12,0,Matches
00f518d8,Faride Alidou,de GER,"DF,MF",Eint Frankfurt,21-257,2001,1.5,7,4,3,4,0,3,7,42.9,4,1,0,1,1,8,0,0,Matches
8ce30c57,Éder Álvarez Balanta,co COL,MF,Schalke 04,30-032,1993,2.1,4,3,2,2,0,2,6,33.3,4,0,0,0,3,7,4,0,Matches
cd682b6b,Lukáš Ambros,cz CZE,MF,Wolfsburg,18-300,2004,0.2,1,0,1,0,0,1,4,25.0,3,1,0,1,0,1,2,1,Matches
555d5edd,Nadiem Amiri,de GER,"MF,FW",Leverkusen,26-156,1996,8.0,9,3,3,5,1,5,12,41.7,7,7,0,7,4,13,9,1,Matches
e0b113a7,Robert Andrich,de GER,MF,Leverkusen,28-191,1994,20.7,46,29,23,19,4,20,31,64.5,11,22,8,14,29,75,41,2,Matches
30941e96,Angeliño,es ESP,DF,Hoffenheim,26-087,1997,21.0,27,15,14,11,2,14,21,66.7,7,23,5,18,16,43,41,0,Matches
5e66fa06,Waldemar Anton,de GER,DF,Stuttgart,26-255,1996,24.1,41,23,22,17,2,22,42,52.4,20,31,12,19,31,72,89,2,Matches
0a3f6cde,Christopher Antwi-Adjei,gh GHA,"FW,MF",Bochum,29-053,1994,14.5,16,11,4,5,7,5,19,26.3,14,10,0,10,3,19,10,0,Matches
56413b1f,Charles Aránguiz,cl CHI,MF,Leverkusen,33-349,1989,5.5,17,7,7,10,0,12,20,60.0,8,4,0,4,7,24,4,0,Matches
86e119e0,Maximilian Arnold,de GER,MF,Wolfsburg,28-309,1994,23.2,46,22,16,23,7,20,41,48.8,21,28,9,19,18,64,53,0,Matches
13ddc856,Takuma Asano,jp JPN,"FW,MF",Bochum,28-142,1994,12.1,7,4,2,2,3,1,5,20.0,4,10,1,9,6,13,3,0,Matches
35f67a30,Fisnik Asllani,xk KVX,FW,Hoffenheim,20-236,2002,1.6,0,0,0,0,0,0,3,0.0,3,1,0,1,2,2,2,0,Matches
fe46e261,Mehmet Aydin,de GER,"DF,FW",Schalke 04,21-051,2002,5.4,23,16,12,9,2,11,21,52.4,10,9,0,9,9,32,12,0,Matches
ce81d82d,Ayman Azhil,ma MAR,MF,Leverkusen,21-356,2001,0.0,0,0,0,0,0,0,0,,0,0,0,0,0,0,0,0,Matches
10549b49,Sardar Azmoun,ir IRN,"FW,MF",Leverkusen,28-090,1995,6.2,5,3,1,3,1,1,6,16.7,5,3,0,3,1,6,7,0,Matches
f582d5c1,Sanoussy Ba,de GER,DF,RB Leipzig,19-086,2004,0.0,0,0,0,0,0,0,0,,0,0,0,0,0,0,0,0,Matches
a8567629,Mitchel Bakker,nl NED,"DF,MF",Leverkusen,22-285,2000,12.8,12,7,6,6,0,3,8,37.5,5,14,2,12,10,22,14,2,Matches
442b56fa,Ridle Baku,de GER,"DF,FW",Wolfsburg,24-358,1998,22.4,36,14,22,11,3,21,42,50.0,21,38,6,32,18,54,45,0,Matches
a2a85828,Aymen Barkok,ma MAR,MF,Mainz 05,24-315,1998,4.4,14,7,9,3,2,3,6,50.0,3,4,0,4,3,17,6,0,Matches
00242b75,Leandro Barreiro Martins,lu LUX,MF,Mainz 05,23-088,2000,16.7,38,23,11,19,8,14,31,45.2,17,29,11,18,27,65,24,0,Matches
e61bdd69,Gil Bastião Dias,pt POR,FW,Stuttgart,26-185,1996,4.4,8,6,3,4,1,3,12,25.0,9,7,0,7,2,10,3,0,Matches
44a20f0c,Maximilian Bauer,de GER,DF,Augsburg,23-051,2000,13.7,22,13,16,6,0,14,25,56.0,11,17,6,11,20,42,58,0,Matches
47064058,Oliver Baumann,de GER,GK,Hoffenheim,32-303,1990,25.0,0,0,0,0,0,0,0,,0,0,0,0,0,0,11,1,Matches
bd7d2e6d,Timo Baumgartl,de GER,DF,Union Berlin,27-028,1996,5.7,9,5,5,2,2,4,17,23.5,13,11,3,8,1,10,14,0,Matches
69374ff5,Julian Baumgartlinger,at AUT,MF,Augsburg,35-089,1988,5.1,14,3,5,5,4,6,16,37.5,10,4,2,2,4,18,15,0,Matches
437f2b00,Christoph Baumgartner,at AUT,"MF,FW",Hoffenheim,23-243,1999,21.2,28,15,9,14,5,6,36,16.7,30,50,5,45,13,41,15,1,Matches
fbbc8e15,Noah Joel Sarenren Bazee,ng NGA,FW,Augsburg,26-223,1996,0.1,0,0,0,0,0,0,1,0.0,1,1,0,1,0,0,0,0,Matches
a53b661f,Ihlas Bebou,tg TOG,FW,Hoffenheim,28-343,1994,7.1,7,7,1,4,2,3,6,50.0,3,8,1,7,4,11,3,0,Matches
8eb55dbb,Sheraldo Becker,sr SUR,FW,Union Berlin,28-051,1995,20.0,10,4,0,5,5,1,7,14.3,6,7,1,6,2,12,4,1,Matches
30ae134d,Kevin Behrens,de GER,FW,Union Berlin,32-057,1991,10.5,5,4,3,0,2,2,9,22.2,7,11,2,9,4,9,18,0,Matches
857a5abe,Stefan Bell,de GER,DF,Mainz 05,31-220,1991,17.7,26,14,24,2,0,13,26,50.0,13,26,12,14,34,60,87,0,Matches
bee0bab1,Karim Bellarabi,de GER,FW,Leverkusen,32-358,1990,0.9,2,0,1,1,0,2,2,100.0,0,0,0,0,0,2,0,0,Matches
57d88cf9,Jude Bellingham,eng ENG,MF,Dortmund,19-276,2003,23.1,62,33,23,26,13,29,39,74.4,10,43,3,40,29,91,22,0,Matches
378825c7,Ramy Bensebaini,dz ALG,DF,M'Gladbach,27-350,1995,20.8,32,20,19,10,3,25,34,73.5,9,33,10,23,26,58,74,1,Matches
eb6e14be,Mergim Berisha,de GER,FW,Augsburg,24-325,1998,16.8,11,6,4,3,4,4,13,30.8,9,13,1,12,0,11,17,0,Matches
7aac47fe,Ermin Bičakčić,ba BIH,DF,Hoffenheim,33-067,1990,1.9,3,0,2,1,0,1,4,25.0,3,2,1,1,4,7,5,0,Matches
07d3bfec,Tom Bischof,de GER,"MF,FW",Hoffenheim,17-277,2005,2.9,11,7,4,3,4,5,7,71.4,2,4,0,4,0,11,0,0,Matches
dc62fbee,Leonardo Bittencourt,de GER,"MF,DF",Werder Bremen,29-103,1993,11.3,25,14,5,15,5,10,23,43.5,13,7,0,7,9,34,7,0,Matches
663e080e,Janis Blaswich,de GER,GK,RB Leipzig,31-334,1991,18.0,0,0,0,0,0,0,0,,0,0,0,0,0,0,5,0,Matches
691bef82,Daley Blind,nl NED,"DF,MF",Bayern Munich,33-023,1990,1.5,2,0,2,0,0,0,1,0.0,1,4,2,2,2,4,6,0,Matches
f4ec4fd0,Kevin-Prince Boateng,gh GHA,MF,Hertha BSC,36-026,1987,1.9,4,2,2,1,1,1,5,20.0,4,1,1,0,0,4,4,0,Matches
635f2732,Jean-Paul Boëtius,nl NED,MF,Hertha BSC,29-010,1994,9.5,24,14,15,7,2,6,18,33.3,12,18,1,17,11,35,8,0,Matches
36578017,Yvandro Borges Sanches,lu LUX,"FW,MF",M'Gladbach,18-312,2004,0.3,2,2,0,2,0,2,2,100.0,0,0,0,0,0,2,0,0,Matches
01834aa0,Sebastiaan Bornauw,be BEL,DF,Wolfsburg,24-010,1999,14.9,15,10,9,5,1,7,12,58.3,5,18,9,9,23,38,62,0,Matches
c68da769,Rafael Borré,co COL,"FW,MF",Eint Frankfurt,27-198,1995,8.7,18,13,4,9,5,2,10,20.0,8,8,1,7,2,20,5,0,Matches
a167537f,Julian Brandt,de GER,"MF,FW",Dortmund,26-334,1996,19.5,20,14,3,11,6,9,27,33.3,18,13,0,13,14,34,6,1,Matches
d28339cb,Fabian Bredlow,de GER,GK,Stuttgart,28-030,1995,6.0,0,0,0,0,0,0,0,,0,0,0,0,0,0,2,1,Matches
d4a2533d,Josip Brekalo,hr CRO,"MF,FW",Wolfsburg,24-282,1998,3.0,2,1,2,0,0,0,4,0.0,4,0,0,0,2,4,2,0,Matches
e27da244,John Brooks,us USA,DF,Hoffenheim,30-063,1993,6.0,7,5,2,5,0,5,7,71.4,2,5,1,4,6,13,32,0,Matches
bbd79358,Moritz Broschinski,de GER,"FW,MF",Bochum,22-190,2000,1.2,0,0,0,0,0,0,2,0.0,2,0,0,0,0,0,4,0,Matches
f0a37d36,Cédric Brunner,ch SUI,DF,Schalke 04,29-043,1994,19.6,31,22,21,8,2,25,35,71.4,10,20,6,14,34,65,62,0,Matches
4e204552,Jacob Bruun Larsen,dk DEN,FW,Hoffenheim,24-194,1998,3.3,3,2,0,0,3,2,2,100.0,0,2,0,2,1,4,0,0,Matches
45e95f21,Lee Buchanan,eng ENG,"DF,FW",Werder Bremen,22-025,2001,3.6,10,7,2,8,0,6,8,75.0,2,4,0,4,8,18,10,0,Matches
ab5b7dc1,Marius Bülter,de GER,"FW,MF",Schalke 04,30-003,1993,21.3,18,10,8,6,4,10,25,40.0,15,25,1,24,10,28,12,0,Matches
05e2d5ea,Delano Burgzorg,nl NED,"FW,MF",Mainz 05,24-145,1998,2.3,3,3,1,1,1,2,3,66.7,1,2,0,2,0,3,1,0,Matches
05f99a4a,Jonathan Burkardt,de GER,"MF,FW",Mainz 05,22-264,2000,5.9,3,1,0,1,2,1,4,25.0,3,6,1,5,1,4,1,0,Matches
f631c17f,Oliver Burke,sct SCO,"FW,MF",Werder Bremen,25-359,1997,3.0,1,0,0,0,1,0,0,,0,2,0,2,0,1,0,0,Matches
b4705807,Aurélio Buta,pt POR,DF,Eint Frankfurt,26-050,1997,7.5,19,10,10,9,0,8,13,61.5,5,8,1,7,5,24,17,0,Matches
10745192,Jamie Bynoe-Gittens,eng ENG,"FW,MF",Dortmund,18-236,2004,5.4,7,4,2,4,1,2,6,33.3,4,0,0,0,0,7,2,0,Matches
0118c54c,Anthony Caci,fr FRA,DF,Mainz 05,25-274,1997,16.0,38,19,22,12,4,16,24,66.7,8,16,4,12,44,82,29,0,Matches
d1db4b83,Kerim Calhanoglu,de GER,DF,Schalke 04,20-218,2002,0.7,2,1,2,0,0,2,2,100.0,0,1,0,1,0,2,3,0,Matches
d1273f09,Daniel Caligiuri,it ITA,"DF,MF",Augsburg,35-076,1988,2.9,8,5,5,3,0,4,5,80.0,1,2,2,0,3,11,2,0,Matches
a65ce836,Emre Can,de GER,MF,Dortmund,29-079,1994,12.1,41,20,15,22,4,15,28,53.6,13,8,1,7,15,56,24,1,Matches
bd6351cd,João Cancelo,pt POR,"DF,FW",Bayern Munich,28-309,1994,4.0,13,10,5,6,2,4,11,36.4,7,5,1,4,5,18,8,0,Matches
5e080f73,Irvin Cardona,fr FRA,MF,Augsburg,25-236,1997,1.3,1,1,1,0,0,1,4,25.0,3,2,0,2,2,3,5,0,Matches
db401046,Koen Casteels,be BEL,GK,Wolfsburg,30-280,1992,25.0,0,0,0,0,0,0,0,,0,0,0,0,1,1,7,0,Matches
ae7058f9,Julian Chabot,de GER,DF,Köln,25-048,1998,11.0,28,19,16,9,3,14,24,58.3,10,17,11,6,21,49,65,0,Matches
b3b7f5a6,Timothy Chandler,us USA,DF,Eint Frankfurt,33-003,1990,0.9,2,2,2,0,0,2,2,100.0,0,1,0,1,0,2,3,0,Matches
48780156,Fabio Chiarodia,it ITA,DF,Werder Bremen,17-300,2005,0.7,0,0,0,0,0,0,0,,0,1,0,1,2,2,4,0,Matches
af104654,Oliver Christensen,dk DEN,GK,Hertha BSC,24-010,1999,25.0,1,0,1,0,0,0,1,0.0,1,0,0,0,0,1,17,1,Matches
c6608135,Darko Churlinov,mk MKD,FW,Stuttgart,22-264,2000,0.3,3,2,2,1,0,2,3,66.7,1,1,0,1,0,3,0,0,Matches
6e17c802,Tolga Ciğerci,tr TUR,MF,Hertha BSC,31-009,1992,5.3,11,8,5,5,1,7,13,53.8,6,3,2,1,4,15,5,0,Matches
dd5bbe0d,David Čolina,hr CRO,"DF,MF",Augsburg,22-256,2000,0.7,2,0,1,1,0,1,1,100.0,0,4,0,4,3,5,0,0,Matches
042e8a49,Kingsley Coman,fr FRA,"FW,MF",Bayern Munich,26-292,1996,10.2,9,6,3,4,2,5,11,45.5,6,13,1,12,1,10,4,0,Matches
5ddb8f9f,Danny da Costa,de GER,DF,Mainz 05,29-262,1993,10.7,14,13,3,7,4,6,12,50.0,6,20,3,17,9,23,21,0,Matches
05ba9d7c,Tanguy Coulibaly,fr FRA,"FW,DF",Stuttgart,22-042,2001,2.2,10,8,7,1,2,5,9,55.6,4,7,0,7,3,13,0,0,Matches
eac044ad,Moanes Dabbur,il ISR,FW,Hoffenheim,30-322,1992,7.3,8,5,2,5,1,3,6,50.0,3,4,0,4,3,11,0,0,Matches
dee3013b,Finn Dahmen,de GER,GK,Mainz 05,25-005,1998,6.0,0,0,0,0,0,0,0,,0,0,0,0,0,0,0,0,Matches
db4ed67b,Mahmoud Dahoud,de GER,MF,Dortmund,27-090,1996,3.4,10,8,3,4,3,7,7,100.0,0,6,2,4,7,17,2,0,Matches
d3d77413,Muhammed Damar,de GER,MF,Hoffenheim,18-357,2004,1.8,6,3,1,2,3,1,2,50.0,1,3,0,3,0,6,0,0,Matches
41bff4fa,Márton Dárdai,de GER,DF,Hertha BSC,21-048,2002,4.9,7,4,3,4,0,2,3,66.7,1,4,1,3,6,13,26,1,Matches
3eb0f2df,Vladimír Darida,cz CZE,MF,Hertha BSC,32-236,1990,0.3,1,1,0,1,0,0,0,,0,1,0,1,0,1,0,0,Matches
d781d855,Alphonso Davies,ca CAN,DF,Bayern Munich,22-150,2000,20.4,39,25,21,12,6,14,31,45.2,17,25,4,21,22,61,21,3,Matches
fe641c1a,Thomas Delaney,dk DEN,MF,Hoffenheim,31-210,1991,3.2,6,3,3,2,1,3,7,42.9,4,5,0,5,1,7,4,0,Matches
54b4dc4e,Kerem Demirbay,de GER,MF,Leverkusen,29-272,1993,13.0,28,14,12,13,3,15,27,55.6,12,19,4,15,13,41,5,0,Matches
ed79b7d3,Ermedin Demirović,ba BIH,"FW,MF",Augsburg,25-007,1998,20.6,28,13,8,11,9,9,18,50.0,9,27,4,23,14,42,29,0,Matches
7bf9400b,Sepp van den Berg,nl NED,DF,Schalke 04,21-102,2001,3.6,2,1,1,1,0,0,0,,0,4,2,2,8,10,19,1,Matches
aeed5c06,Moussa Diaby,fr FRA,"FW,MF",Leverkusen,23-268,1999,21.7,12,7,3,8,1,7,14,50.0,7,6,0,6,4,16,3,0,Matches
fc62f087,Abdou Diallo,sn SEN,"DF,MF",RB Leipzig,26-332,1996,4.8,6,5,5,1,0,1,3,33.3,2,4,3,1,7,13,18,0,Matches
d82a310a,Justin Diehl,de GER,"MF,FW",Köln,18-125,2004,0.2,0,0,0,0,0,0,0,,0,0,0,0,0,0,0,0,Matches
8779ddf8,Florian Dietz,de GER,FW,Köln,24-241,1998,4.4,2,1,0,2,0,1,4,25.0,3,4,1,3,0,2,2,0,Matches
95bb6ddc,Junior Dina Ebimbe,fr FRA,"DF,MF",Eint Frankfurt,22-131,2000,8.7,24,16,12,12,0,13,23,56.5,10,12,4,8,7,31,12,0,Matches
4ccd8957,Eren Dinkçi,de GER,"FW,MF",Werder Bremen,21-109,2001,2.0,4,4,2,0,2,1,4,25.0,3,2,0,2,0,4,1,0,Matches
d01bbb6f,Ritsu Doan,jp JPN,"FW,MF",Freiburg,24-289,1998,19.7,47,20,12,25,10,20,40,50.0,20,31,1,30,10,57,7,0,Matches
f67c9d29,Danilho Doekhi,nl NED,DF,Union Berlin,24-275,1998,15.6,23,15,13,10,0,10,16,62.5,6,20,9,11,21,44,58,0,Matches
cc83b74d,Kasper Dolberg,dk DEN,"FW,MF",Hoffenheim,25-177,1997,3.8,6,5,0,4,2,4,5,80.0,1,5,2,3,0,6,2,0,Matches
7f73bdf4,Niklas Dorsch,de GER,MF,Augsburg,25-076,1998,2.1,12,6,4,8,0,4,7,57.1,3,4,1,3,1,13,2,0,Matches
9a2e3a23,Dion Drena Beljo,hr CRO,"FW,MF",Augsburg,21-031,2002,5.3,6,5,2,2,2,2,8,25.0,6,8,1,7,1,7,5,0,Matches
809940aa,Dominick Drexler,de GER,"MF,FW",Schalke 04,32-310,1990,11.3,17,12,9,6,2,5,14,35.7,9,14,1,13,4,21,9,0,Matches
638a4d71,Marvin Ducksch,de GER,FW,Werder Bremen,29-025,1994,23.2,7,3,1,4,2,2,12,16.7,10,7,0,7,6,13,32,1,Matches
79ca3e23,Ondrej Duda,sk SVK,MF,Köln,28-117,1994,7.7,9,8,2,5,2,4,11,36.4,7,7,1,6,2,11,3,0,Matches
beb882a8,Maximilian Eggestein,de GER,MF,Freiburg,26-114,1996,20.3,35,17,12,17,6,12,22,54.5,10,28,6,22,25,60,15,0,Matches
2f7fec15,Lilian Egloff,de GER,"MF,FW",Stuttgart,20-224,2002,2.7,12,10,4,5,3,4,6,66.7,2,2,0,2,1,13,1,0,Matches
76b2817e,Kingsley Ehizibue,nl NED,DF,Köln,27-311,1995,0.7,0,0,0,0,0,0,0,,0,1,0,1,2,2,1,0,Matches
e7f3e8a7,Chidera Ejuke,ng NGA,"FW,MF",Hertha BSC,25-089,1998,8.8,4,3,1,3,0,1,4,25.0,3,3,0,3,2,6,0,0,Matches
48035304,Nico Elvedi,ch SUI,DF,M'Gladbach,26-183,1996,22.5,40,19,27,11,2,25,31,80.6,6,20,9,11,27,67,98,3,Matches
c149016b,Wataru Endo,jp JPN,MF,Stuttgart,30-051,1993,23.5,54,31,23,25,6,27,59,45.8,32,30,6,24,21,75,49,0,Matches
554bcc91,Arne Engels,be BEL,MF,Augsburg,19-205,2003,9.2,17,7,8,8,1,7,12,58.3,5,9,3,6,9,26,7,0,Matches
1e43fad8,Ralf Fährmann,de GER,GK,Schalke 04,34-186,1988,8.0,0,0,0,0,0,0,0,,0,0,0,0,0,0,5,2,Matches
677da306,Ohis Felix Uduokhai,de GER,DF,Augsburg,25-204,1997,10.8,24,16,12,10,2,13,21,61.9,8,17,8,9,18,42,46,1,Matches
3bb625ac,Edimilson Fernandes,ch SUI,DF,Mainz 05,26-351,1996,18.7,25,19,18,4,3,12,22,54.5,10,31,13,18,40,65,60,2,Matches
79f7302a,Kilian Fischer,de GER,DF,Wolfsburg,22-171,2000,4.2,6,4,3,3,0,4,8,50.0,4,4,0,4,5,11,12,0,Matches
a92ab7be,Mark Flekken,nl NED,GK,Freiburg,29-292,1993,25.0,0,0,0,0,0,0,1,0.0,1,0,0,0,0,0,6,3,Matches
9642c929,Florian Flick,de GER,MF,Schalke 04,22-335,2000,5.7,12,3,7,5,0,4,14,28.6,10,9,3,6,4,16,18,0,Matches
9a2e0ccc,Emil Forsberg,se SWE,"MF,FW",RB Leipzig,31-160,1991,12.2,13,11,1,5,7,5,15,33.3,10,17,0,17,2,15,5,0,Matches
76fa965f,Philipp Förster,de GER,MF,Bochum,28-056,1995,11.4,24,16,10,10,4,7,30,23.3,23,18,0,18,4,28,4,0,Matches
a9142dc3,Timothy Fosu-Mensah,nl NED,DF,Leverkusen,25-089,1998,2.0,7,5,3,3,1,4,4,100.0,0,2,0,2,0,7,1,0,Matches
626fab5f,Raphael Framberger,de GER,"DF,FW",Augsburg,27-207,1995,2.0,10,6,6,4,0,3,5,60.0,2,2,1,1,2,12,5,0,Matches
697dc00a,Bartol Franjić,hr CRO,MF,Wolfsburg,23-077,2000,2.5,4,2,2,2,0,0,2,0.0,2,4,1,3,5,9,4,0,Matches
458e3479,Oscar Fraulo,dk DEN,MF,M'Gladbach,19-116,2003,0.0,0,0,0,0,0,0,0,,0,0,0,0,0,0,0,0,Matches
33182cb8,Michael Frey,ch SUI,FW,Schalke 04,28-256,1994,6.8,9,3,1,5,3,2,11,18.2,9,5,0,5,1,10,1,0,Matches
f86ad3f5,Marco Friedl,at AUT,DF,Werder Bremen,25-016,1998,19.8,38,27,24,14,0,21,39,53.8,18,27,12,15,46,84,82,1,Matches
b77f44a4,Marvin Friedrich,de GER,DF,M'Gladbach,27-109,1995,10.7,13,9,10,2,1,8,10,80.0,2,9,4,5,11,24,39,0,Matches
74f2e748,Jeremie Frimpong,nl NED,"DF,MF",Leverkusen,22-112,2000,21.4,40,20,19,18,3,17,30,56.7,13,17,1,16,11,51,34,0,Matches
0cf778df,Chris Führich,de GER,"FW,MF",Stuttgart,25-082,1998,16.7,32,13,14,13,5,21,38,55.3,17,27,2,25,7,39,10,0,Matches
4b96c347,Angelo Fulgini,fr FRA,MF,Mainz 05,26-224,1996,5.8,6,5,2,3,1,5,12,41.7,7,5,0,5,5,11,7,0,Matches
4f16405e,Niclas Füllkrug,de GER,FW,Werder Bremen,30-051,1993,23.5,9,4,0,6,3,3,12,25.0,9,12,4,8,1,10,23,0,Matches
f27680d9,Cristian Gamboa,cr CRC,DF,Bochum,33-159,1989,14.1,37,20,26,10,1,17,25,68.0,8,17,6,11,14,51,31,1,Matches
6c731625,Silvère Ganvoula M'Boussy,cg CGO,"FW,MF",Bochum,26-283,1996,2.6,2,2,0,1,1,0,0,,0,0,0,0,0,2,3,0,Matches
37f606f0,Dennis Geiger,de GER,MF,Hoffenheim,24-295,1998,15.9,30,17,11,18,1,13,24,54.2,11,21,3,18,14,44,9,1,Matches
62ab9184,Yannick Gerhardt,de GER,MF,Wolfsburg,29-019,1994,15.7,24,13,8,10,6,10,22,45.5,12,19,2,17,6,30,22,0,Matches
7242b495,Niko Gießelmann,de GER,DF,Union Berlin,31-187,1991,13.2,19,10,8,8,3,12,26,46.2,14,17,5,12,9,28,24,0,Matches
17376543,Rafał Gikiewicz,pl POL,GK,Augsburg,35-157,1987,21.0,2,2,2,0,0,2,3,66.7,1,0,0,0,0,2,13,4,Matches
f521b80a,Matthias Ginter,de GER,DF,Freiburg,29-072,1994,25.0,33,15,21,10,2,20,33,60.6,13,30,18,12,29,62,109,3,Matches
88e357ef,Serge Gnabry,de GER,FW,Bayern Munich,27-261,1995,14.7,23,15,7,8,8,9,20,45.0,11,19,1,18,8,31,3,1,Matches
83b9c48f,Jacek Góralski,pl POL,MF,Bochum,30-192,1992,1.6,6,3,3,3,0,4,6,66.7,2,4,0,4,3,9,5,0,Matches
cc86b9a3,Leon Goretzka,de GER,MF,Bayern Munich,28-054,1995,14.7,32,20,16,11,5,18,33,54.5,15,31,3,28,21,53,24,0,Matches
9efa1d25,Mario Götze,de GER,MF,Eint Frankfurt,30-302,1992,23.5,35,20,12,16,7,9,35,25.7,26,19,0,19,13,48,7,0,Matches
1025db8e,Jeffrey Gouweleeuw,nl NED,DF,Augsburg,31-265,1991,23.3,39,24,17,16,6,23,43,53.5,20,32,19,13,41,80,112,2,Matches
b8e740fb,Ryan Gravenberch,nl NED,MF,Bayern Munich,20-320,2002,3.5,9,5,1,7,1,5,8,62.5,3,3,1,2,4,13,5,0,Matches
8e235926,Michael Gregoritsch,at AUT,FW,Freiburg,28-348,1994,19.8,16,9,6,6,4,2,16,12.5,14,20,3,17,4,20,10,0,Matches
f9dfb7ae,Leo Greiml,at AUT,DF,Schalke 04,21-272,2001,2.5,2,1,0,1,1,2,5,40.0,3,4,3,1,2,4,11,0,Matches
54e4866f,Vincenzo Grifo,it ITA,"FW,MF",Freiburg,29-359,1993,18.7,18,10,4,8,6,8,23,34.8,15,8,1,7,10,28,13,0,Matches
37998008,Lennart Grill,de GER,GK,Union Berlin,24-066,1999,4.0,0,0,0,0,0,0,1,0.0,1,0,0,0,0,0,0,1,Matches
14a7af33,Christian Groß,de GER,MF,Werder Bremen,34-052,1989,15.3,43,20,13,28,2,23,49,46.9,26,17,5,12,17,60,31,1,Matches
ae9b998d,Brajan Gruda,de GER,MF,Mainz 05,18-305,2004,0.0,0,0,0,0,0,0,0,,0,0,0,0,0,0,0,0,Matches
1fc4f3d1,Ilia Gruev,bg BUL,MF,Werder Bremen,22-330,2000,14.5,36,22,12,21,3,16,26,61.5,10,19,5,14,19,55,16,1,Matches
f2dd9a21,Carlos Gruezo,ec ECU,MF,Augsburg,27-347,1995,10.7,21,12,12,9,0,9,16,56.3,7,13,4,9,10,31,15,0,Matches
048a1cbc,Raphaël Guerreiro,pt POR,"DF,MF",Dortmund,29-100,1993,18.4,27,13,10,12,5,16,26,61.5,10,13,1,12,26,53,14,0,Matches
e6c43eec,Josuha Guilavogui,fr FRA,"MF,DF",Wolfsburg,32-194,1990,7.0,11,7,1,9,1,3,13,23.1,10,12,7,5,11,22,26,0,Matches
923f4dda,Sehrou Guirassy,gn GUI,FW,Stuttgart,27-020,1996,10.8,2,1,1,1,0,1,1,100.0,0,5,1,4,0,2,10,0,Matches
bcb2ccd8,Péter Gulácsi,hu HUN,GK,RB Leipzig,32-330,1990,6.0,0,0,0,0,0,0,0,,0,0,0,0,0,0,2,0,Matches
25ab9c9c,Manuel Gulde,de GER,DF,Freiburg,32-048,1991,3.6,7,4,7,0,0,0,0,,0,2,0,2,9,16,19,0,Matches
1df0c0b9,Robert Gumny,pl POL,DF,Augsburg,24-301,1998,18.7,27,19,9,14,4,8,22,36.4,14,19,7,12,22,49,53,1,Matches
8593f88c,Christian Günter,de GER,"DF,MF",Freiburg,30-032,1993,23.6,24,16,14,8,2,10,34,29.4,24,15,4,11,12,36,26,0,Matches
5ad50391,Joško Gvardiol,hr CRO,DF,RB Leipzig,21-068,2002,18.5,17,12,11,6,0,6,16,37.5,10,28,12,16,26,43,60,1,Matches
70dcf94d,Janik Haberer,de GER,MF,Union Berlin,28-364,1994,16.8,20,12,6,11,3,13,34,38.2,21,27,1,26,8,28,19,0,Matches
a5ec3ede,Alexander Hack,de GER,DF,Mainz 05,29-205,1993,12.5,29,17,20,9,0,18,32,56.3,14,16,5,11,24,53,45,1,Matches
cd82452e,André Hahn,de GER,"FW,MF",Augsburg,32-231,1990,4.3,9,5,4,4,1,8,12,66.7,4,9,2,7,4,13,14,0,Matches
92432bc6,Amadou Haidara,ml MLI,MF,RB Leipzig,25-060,1998,10.0,14,6,7,7,0,7,24,29.2,17,15,4,11,17,31,12,0,Matches
ba115a40,Sébastien Haller,ci CIV,FW,Dortmund,28-283,1994,6.2,0,0,0,0,0,0,2,0.0,2,4,0,4,0,0,5,0,Matches
8ff2354e,Marcel Halstenberg,de GER,DF,RB Leipzig,31-186,1991,13.6,31,17,16,10,5,17,31,54.8,14,20,1,19,15,46,19,0,Matches
2e77d607,Andreas Hanche-Olsen,no NOR,DF,Mainz 05,26-074,1997,8.6,19,12,13,3,3,12,19,63.2,7,9,5,4,18,37,37,2,Matches
f24ea523,Genki Haraguchi,jp JPN,MF,Stuttgart,31-327,1991,6.6,13,5,5,6,2,1,9,11.1,8,10,1,9,8,21,4,0,Matches
f24ea523,Genki Haraguchi,jp JPN,MF,Union Berlin,31-327,1991,5.5,12,8,1,10,1,3,9,33.3,6,7,1,6,3,15,9,0,Matches
9ab16552,Makoto Hasebe,jp JPN,DF,Eint Frankfurt,39-073,1984,9.1,13,8,11,2,0,5,15,33.3,10,17,7,10,9,22,31,0,Matches
50871bcc,Thorgan Hazard,be BEL,"FW,DF",Dortmund,30-003,1993,5.2,17,6,5,11,1,12,17,70.6,5,6,0,6,5,22,5,0,Matches
c2009df3,Jonas Hector,de GER,DF,Köln,32-309,1990,22.4,74,40,43,24,7,44,76,57.9,32,40,4,36,27,101,52,0,Matches
699fb8db,Dominique Heintz,de GER,DF,Bochum,29-229,1993,5.6,7,5,4,3,0,3,9,33.3,6,9,5,4,8,15,29,0,Matches
0a89e877,Benjamin Henrichs,de GER,"DF,MF",RB Leipzig,26-037,1997,17.9,61,39,34,25,2,37,55,67.3,18,37,2,35,27,88,31,0,Matches
c3ee18ef,Lucas Hernández,fr FRA,DF,Bayern Munich,27-046,1996,5.3,6,4,3,3,0,5,6,83.3,1,2,1,1,5,11,7,0,Matches
dfb6490a,Patrick Herrmann,de GER,"FW,MF",M'Gladbach,32-048,1991,1.7,6,2,4,1,1,2,4,50.0,2,2,0,2,2,8,0,0,Matches
0c7a48f8,Piero Hincapié,ec ECU,DF,Leverkusen,21-082,2002,19.6,36,23,21,13,2,17,26,65.4,9,28,15,13,24,60,57,1,Matches
5521f419,Adam Hložek,cz CZE,"FW,MF",Leverkusen,20-250,2002,11.4,8,3,4,3,1,2,5,40.0,3,8,2,6,5,13,8,0,Matches
5d8e331f,Nicolas Höfler,de GER,MF,Freiburg,33-023,1990,23.4,51,27,20,29,2,20,43,46.5,23,36,12,24,41,92,36,0,Matches
2903a856,Jonas Hofmann,de GER,"FW,MF",M'Gladbach,30-261,1992,21.6,20,11,12,7,1,8,36,22.2,28,26,2,24,14,34,13,0,Matches
877bc844,Philipp Hofmann,de GER,FW,Bochum,30-002,1993,22.1,12,7,0,8,4,4,9,44.4,5,17,7,10,6,18,32,0,Matches
ca618d23,Lucas Höler,de GER,"FW,MF",Freiburg,28-265,1994,8.1,9,6,2,4,3,3,9,33.3,6,12,1,11,6,15,14,0,Matches
2979c05a,Gerrit Holtmann,ph PHI,FW,Bochum,28-007,1995,9.5,12,6,6,5,1,10,16,62.5,6,14,1,13,2,14,2,0,Matches
2b83fa49,Jannes Horn,de GER,"DF,FW",Bochum,26-054,1997,0.7,2,1,1,1,0,1,1,100.0,0,1,0,1,3,5,2,0,Matches
ad3389d5,Lukáš Hrádecký,fi FIN,GK,Leverkusen,33-128,1989,24.0,0,0,0,0,0,0,0,,0,0,0,0,0,0,3,1,Matches
94302c52,Timo Hübers,de GER,DF,Köln,26-255,1996,19.4,33,19,27,6,0,18,36,50.0,18,21,9,12,39,72,106,0,Matches
15f3ec41,Callum Hudson-Odoi,eng ENG,"FW,MF",Leverkusen,22-145,2000,6.6,5,3,4,0,1,1,1,100.0,0,0,0,0,2,7,4,0,Matches
05d548d8,Mats Hummels,de GER,DF,Dortmund,34-106,1988,15.1,41,21,21,19,1,21,36,58.3,15,21,12,9,23,64,65,1,Matches
b116c6e3,Denis Huseinbasic,de GER,"MF,FW",Köln,21-272,2001,7.6,22,9,7,11,4,10,22,45.5,12,16,2,14,4,26,5,0,Matches
054849d2,Iago,br BRA,"DF,MF",Augsburg,26-009,1997,14.7,25,13,18,4,3,8,22,36.4,14,14,4,10,11,36,48,0,Matches
f5c4fd91,Arijon Ibrahimović,de GER,MF,Bayern Munich,17-111,2005,0.2,1,1,1,0,0,0,0,,0,0,0,0,0,1,0,0,Matches
271b8617,Marcus Ingvartsen,dk DEN,"FW,MF",Mainz 05,27-087,1996,10.4,3,1,0,1,2,1,8,12.5,7,6,1,5,1,4,8,0,Matches
97d545ae,Ko Itakura,jp JPN,DF,M'Gladbach,26-064,1997,14.6,12,7,6,4,2,5,16,31.3,11,28,18,10,19,31,53,0,Matches
204dded0,Hiroki Ito,jp JPN,DF,Stuttgart,23-324,1999,21.5,27,21,17,8,2,15,30,50.0,15,33,14,19,30,57,81,0,Matches
8bf58a80,Andreas Ivan,ro ROU,MF,Schalke 04,28-081,1995,0.5,0,0,0,0,0,0,1,0.0,1,0,0,0,0,0,1,0,Matches
34b0387f,Lee Jae-sung,kr KOR,MF,Mainz 05,30-234,1992,16.3,29,14,7,17,5,11,28,39.3,17,26,5,21,11,40,12,0,Matches
a93b6f4e,Paul Jaeckel,de GER,DF,Union Berlin,24-253,1998,9.9,18,13,7,11,0,13,24,54.2,11,8,3,5,13,31,33,1,Matches
a8ee54ad,Kristijan Jakić,hr CRO,"DF,MF",Eint Frankfurt,25-322,1997,15.0,31,19,19,10,2,21,38,55.3,17,31,10,21,10,41,49,1,Matches
fa4cabd1,Jan Jakob Olschowsky,de GER,GK,M'Gladbach,21-134,2001,2.0,0,0,0,0,0,0,1,0.0,1,0,0,0,0,0,1,0,Matches
689c9cf4,Saidy Janko,gm GAM,DF,Bochum,27-161,1995,9.0,18,11,12,4,2,9,15,60.0,6,16,4,12,10,28,22,1,Matches
34b54da7,Tony Jantschke,de GER,"DF,MF",M'Gladbach,32-359,1990,1.0,2,1,1,1,0,1,1,100.0,0,4,2,2,0,2,5,0,Matches
3eeb80e0,Fredrik Jensen,fi FIN,"FW,MF",Augsburg,25-204,1997,8.8,13,9,7,3,3,5,10,50.0,5,11,5,6,3,16,12,0,Matches
ee644761,Moritz Jenz,de GER,DF,Schalke 04,23-336,1999,8.0,12,9,6,5,1,4,6,66.7,2,13,8,5,7,19,36,1,Matches
f36c432f,Stevan Jovetić,me MNE,"FW,MF",Hertha BSC,33-150,1989,5.7,2,1,1,1,0,1,3,33.3,2,1,1,0,0,2,4,0,Matches
de838f86,Anthony Jung,de GER,"DF,FW",Werder Bremen,31-149,1991,21.7,38,23,15,16,7,27,43,62.8,16,21,3,18,16,54,42,0,Matches
0a084b35,Josip Juranović,hr CRO,DF,Union Berlin,27-228,1995,5.0,3,2,1,1,1,3,5,60.0,2,6,1,5,1,4,8,1,Matches
2d61d13a,Ozan Kabak,tr TUR,DF,Hoffenheim,23-007,2000,20.5,41,28,22,16,3,12,21,57.1,9,24,14,10,41,82,63,0,Matches
79c90e45,Pavel Kadeřábek,cz CZE,DF,Hoffenheim,30-341,1992,13.7,20,14,10,7,3,11,17,64.7,6,9,2,7,8,28,28,1,Matches
94c18565,Florian Kainz,at AUT,"FW,MF",Köln,30-159,1992,18.5,19,9,6,11,2,7,17,41.2,10,20,4,16,23,42,26,1,Matches
15f24fe7,Sasa Kalajdzic,at AUT,FW,Stuttgart,25-268,1997,2.6,3,2,0,1,2,1,3,33.3,2,1,0,1,0,3,0,0,Matches
15b287da,Daichi Kamada,jp JPN,"MF,FW",Eint Frankfurt,26-239,1996,18.5,35,21,6,27,2,21,40,52.5,19,23,2,21,14,49,13,1,Matches
202b3b68,Jakub Kamiński,pl POL,"FW,MF",Wolfsburg,20-300,2002,14.7,22,14,7,9,6,9,20,45.0,11,16,0,16,4,26,6,0,Matches
463503e2,Marcin Kamiński,pl POL,DF,Schalke 04,31-076,1992,1.0,0,0,0,0,0,0,0,,0,2,2,0,3,3,5,0,Matches
b825a650,Kevin Kampl,si SVN,MF,RB Leipzig,32-174,1990,10.0,17,10,4,12,1,4,14,28.6,10,16,6,10,13,30,3,0,Matches
b4c816a9,Wilfried Kanga,ci CIV,FW,Hertha BSC,25-039,1998,13.3,5,4,2,1,2,2,3,66.7,1,11,3,8,0,5,11,0,Matches
8f0f2230,Kenan Karaman,tr TUR,FW,Schalke 04,29-027,1994,5.5,6,4,1,3,2,0,3,0.0,3,5,0,5,2,8,6,0,Matches
5762be5c,Atakan Karazor,de GER,MF,Stuttgart,26-170,1996,14.9,44,25,13,25,6,23,39,59.0,16,29,8,21,23,67,35,0,Matches
778ccc44,Thomas Kastanaras,gr GRE,"FW,DF",Stuttgart,20-082,2003,0.8,0,0,0,0,0,0,0,,0,1,0,1,0,0,0,0,Matches
de4cac2d,Silas Katompa,cd COD,"FW,DF",Stuttgart,24-177,1998,17.3,22,16,4,12,6,6,17,35.3,11,10,2,8,5,27,1,0,Matches
d2c580ce,Yannik Keitel,de GER,MF,Freiburg,23-045,2000,5.0,8,5,2,5,1,2,2,100.0,0,3,0,3,9,17,4,0,Matches
815c314f,Marc-Oliver Kempf,de GER,DF,Hertha BSC,28-063,1995,23.3,36,21,22,13,1,15,20,75.0,5,37,28,9,40,76,107,0,Matches
099e666f,Jonjoe Kenny,eng ENG,DF,Hertha BSC,26-017,1997,18.3,35,26,18,15,2,17,32,53.1,15,24,6,18,34,69,49,0,Matches
59e4b92e,Rani Khedira,de GER,MF,Union Berlin,29-064,1994,23.0,47,24,14,26,7,18,34,52.9,16,25,8,17,32,79,25,0,Matches
610aa1e9,Luca Kilian,de GER,DF,Köln,23-212,1999,12.2,22,16,14,7,1,12,21,57.1,9,16,8,8,10,32,48,0,Matches
49296448,Joshua Kimmich,de GER,MF,Bayern Munich,28-052,1995,22.6,62,36,16,38,8,32,57,56.1,25,21,2,19,33,95,26,0,Matches
ca8033cb,Lukas Klostermann,de GER,DF,RB Leipzig,26-302,1996,4.2,10,6,3,7,0,5,8,62.5,3,0,0,0,4,14,10,0,Matches
19a967ab,Ansgar Knauff,de GER,DF,Eint Frankfurt,21-081,2002,11.5,26,18,15,9,2,12,28,42.9,16,17,1,16,11,37,22,0,Matches
6bd5cd5d,Robin Knoche,de GER,DF,Union Berlin,30-314,1992,24.0,36,24,22,10,4,20,39,51.3,19,28,13,15,25,61,105,0,Matches
cd59b9df,Gregor Kobel,ch SUI,GK,Dortmund,25-116,1997,18.0,0,0,0,0,0,0,0,,0,0,0,0,0,0,5,1,Matches
0fbecd11,Dominik Kohr,de GER,MF,Mainz 05,29-060,1994,17.8,42,25,13,24,5,19,43,44.2,24,29,6,23,26,68,19,0,Matches
c0b3669f,Randal Kolo Muani,fr FRA,FW,Eint Frankfurt,24-117,1998,22.8,12,9,3,2,7,1,7,14.3,6,16,1,15,2,14,8,0,Matches
ab096c6f,Timothée Kolodziejczak,fr FRA,DF,Schalke 04,31-182,1991,0.3,0,0,0,0,0,0,1,0.0,1,0,0,0,1,1,1,0,Matches
86574238,Kouadio Koné,fr FRA,MF,M'Gladbach,21-319,2001,23.3,62,33,31,27,4,21,37,56.8,16,31,6,25,24,86,16,0,Matches
1f3afdcb,Odilon Kossonou,ci CIV,DF,Leverkusen,22-087,2001,11.9,13,9,8,4,1,6,8,75.0,2,15,5,10,13,26,44,1,Matches
b1cd37e6,Filip Kostić,rs SRB,"DF,MF",Eint Frankfurt,30-151,1992,0.8,2,0,1,1,0,0,0,,0,0,0,0,1,3,0,0,Matches
dc366c36,Tomáš Koubek,cz CZE,GK,Augsburg,30-218,1992,4.0,0,0,0,0,0,0,0,,0,0,0,0,0,0,2,0,Matches
f1e855eb,Soichiro Kozuki,jp JPN,"FW,MF",Schalke 04,22-100,2000,4.2,6,4,3,3,0,4,6,66.7,2,5,0,5,3,9,3,0,Matches
e717705a,Alex Král,cz CZE,MF,Schalke 04,24-317,1998,17.2,26,17,9,15,2,13,27,48.1,14,27,4,23,14,40,37,0,Matches
603cb947,Andrej Kramarić,hr CRO,"MF,FW",Hoffenheim,31-286,1991,18.0,5,2,2,1,2,1,6,16.7,5,9,1,8,3,8,9,0,Matches
496aeede,Christoph Kramer,de GER,MF,M'Gladbach,32-041,1991,21.7,34,24,17,13,4,19,47,40.4,28,30,1,29,15,49,36,0,Matches
9f77012e,Tom Krauß,de GER,MF,Schalke 04,21-283,2001,22.7,95,56,35,50,10,40,80,50.0,40,32,4,28,30,125,22,0,Matches
f9446dcd,Max Kruse,de GER,"MF,FW",Wolfsburg,35-013,1988,3.0,1,1,0,1,0,0,1,0.0,1,2,1,1,0,1,1,0,Matches
2a29eb9b,Lukas Kübler,de GER,DF,Freiburg,30-214,1992,13.2,32,22,20,8,4,16,23,69.6,7,17,7,10,21,53,31,0,Matches
9ceb7642,Pierre Kunde,cm CMR,MF,Bochum,27-249,1995,3.6,10,5,2,8,0,4,12,33.3,8,6,1,5,4,14,7,0,Matches
f1bc3876,Alou Kuol,au AUS,FW,Stuttgart,22-186,2000,0.1,0,0,0,0,0,0,0,,0,0,0,0,0,0,0,0,Matches
2770726a,Daniel Kyereh,gh GHA,"MF,FW",Freiburg,27-024,1996,6.2,6,4,2,4,0,3,6,50.0,3,4,0,4,2,8,6,0,Matches
277c49ed,Maxence Lacroix,fr FRA,DF,Wolfsburg,22-360,2000,14.5,18,11,12,6,0,8,16,50.0,8,17,7,10,22,40,75,0,Matches
22798128,Aïssa Laïdouni,tn TUN,MF,Union Berlin,26-109,1996,4.6,8,3,3,5,0,3,10,30.0,7,12,2,10,5,13,1,0,Matches
c1b7847c,Konrad Laimer,at AUT,MF,RB Leipzig,25-309,1997,10.5,36,18,14,17,5,20,34,58.8,14,18,1,17,12,48,6,0,Matches
4aea5077,Stefan Lainer,at AUT,DF,M'Gladbach,30-217,1992,3.8,5,3,1,3,1,2,8,25.0,6,1,0,1,6,11,16,1,Matches
591477c9,Vassilis Lambropoulos,gr GRE,DF,Bochum,33-001,1990,6.9,10,8,7,3,0,6,9,66.7,3,5,3,2,12,22,40,0,Matches
72984eee,Jordan Larsson,se SWE,"FW,MF",Schalke 04,25-285,1997,5.1,8,5,1,7,0,2,9,22.2,7,9,0,9,4,12,3,0,Matches
33b554b7,Danny Latza,de GER,MF,Schalke 04,33-115,1989,5.1,10,8,5,4,1,4,8,50.0,4,11,0,11,1,11,7,0,Matches
c4987edc,Diogo Leite,pt POR,DF,Union Berlin,24-068,1999,19.3,26,14,15,11,0,15,26,57.7,11,19,12,7,21,47,73,0,Matches
7e12a98d,Maxim Leitsch,de GER,DF,Mainz 05,24-318,1998,7.4,9,7,6,3,0,4,5,80.0,1,7,4,3,18,27,26,1,Matches
792ffa71,Tim Lemperle,de GER,"FW,MF",Köln,21-055,2002,1.3,6,4,3,1,2,3,5,60.0,2,2,0,2,1,7,4,0,Matches
bbd86530,Christopher Lenz,de GER,DF,Eint Frankfurt,28-191,1994,8.4,19,15,9,6,4,11,23,47.8,12,12,1,11,11,30,22,0,Matches
13fe7b69,Jamie Leweling,de GER,FW,Union Berlin,22-034,2001,1.9,4,3,2,2,0,3,4,75.0,1,2,0,2,1,5,0,0,Matches
302527b2,Philipp Lienhart,at AUT,DF,Freiburg,26-264,1996,22.3,24,14,17,7,0,9,17,52.9,8,22,11,11,28,52,79,0,Matches
d6e53a3a,Matthijs de Ligt,nl NED,DF,Bayern Munich,23-232,1999,17.8,20,14,9,10,1,8,12,66.7,4,24,16,8,16,36,65,0,Matches
37dc1a48,Jesper Lindstrøm,dk DEN,"MF,FW",Eint Frankfurt,23-031,2000,17.0,23,10,13,6,4,6,20,30.0,14,21,2,19,7,30,9,0,Matches
c455a2b2,Dejan Ljubicic,at AUT,MF,Köln,25-175,1997,12.7,17,10,5,9,3,9,25,36.0,16,14,0,14,7,24,3,0,Matches
07c7eb0c,Anthony Losilla,fr FRA,MF,Bochum,37-022,1986,23.4,55,37,26,23,6,28,51,54.9,23,28,9,19,27,82,55,0,Matches
0c61c77c,Dodi Lukebakio,be BEL,"FW,MF",Hertha BSC,25-189,1997,19.1,15,9,5,8,2,6,17,35.3,11,19,5,14,8,23,12,0,Matches
8a6ab963,Andrey Lunyov,ru RUS,GK,Leverkusen,31-139,1991,1.0,0,0,0,0,0,0,0,,0,0,0,0,0,0,0,0,Matches
ab700320,Arne Maier,de GER,MF,Augsburg,24-083,1999,15.0,24,17,12,9,3,8,12,66.7,4,14,0,14,8,32,12,0,Matches
e5d85da8,Linton Maina,de GER,"FW,MF",Köln,23-282,1999,17.0,14,10,3,10,1,7,26,26.9,19,10,0,10,4,18,6,0,Matches
864163f3,Donyell Malen,nl NED,FW,Dortmund,24-072,1999,11.8,9,4,2,3,4,4,6,66.7,2,10,0,10,4,13,6,0,Matches
c691bfe2,Sadio Mané,sn SEN,FW,Bayern Munich,30-356,1992,12.0,8,3,2,2,4,1,8,12.5,7,12,2,10,0,8,2,0,Matches
706a60e1,Myziane Maolida,fr FRA,"FW,MF",Hertha BSC,24-046,1999,1.1,1,1,1,0,0,1,2,50.0,1,0,0,0,0,1,1,0,Matches
0e0102eb,Omar Marmoush,eg EGY,FW,Wolfsburg,24-053,1999,13.1,15,10,8,2,5,4,13,30.8,9,11,0,11,6,21,3,0,Matches
92a16062,Eric Martel,de GER,MF,Köln,20-337,2002,15.0,41,25,19,16,6,20,45,44.4,25,18,4,14,20,61,36,0,Matches
2f3e911a,Aarón Martín,es ESP,DF,Mainz 05,25-344,1997,16.5,32,22,19,9,4,16,25,64.0,9,14,1,13,13,45,24,0,Matches
a396fb61,Erhan Mašović,rs SRB,DF,Bochum,24-130,1998,16.5,40,27,22,18,0,23,39,59.0,16,22,11,11,17,57,58,0,Matches
ab3f1bdf,Henning Matriciani,de GER,DF,Schalke 04,23-018,2000,13.4,27,16,18,6,3,13,34,38.2,21,15,7,8,15,42,35,0,Matches
00963611,Konstantinos Mavropanos,gr GRE,DF,Stuttgart,25-111,1997,20.8,43,23,27,14,2,25,33,75.8,8,34,18,16,58,101,81,0,Matches
826e8b63,Philipp Max,de GER,DF,Eint Frankfurt,29-183,1993,6.2,10,7,4,5,1,4,12,33.3,8,8,1,7,1,11,6,0,Matches
0e6bc38c,Eric Maxim Choupo-Moting,cm CMR,FW,Bayern Munich,34-009,1989,11.4,8,7,1,5,2,1,2,50.0,1,8,0,8,0,8,5,0,Matches
b74277a0,Noussair Mazraoui,ma MAR,DF,Bayern Munich,25-138,1997,6.3,17,12,3,6,8,8,14,57.1,6,5,1,4,6,23,14,0,Matches
46750e9c,Nathanael Mbuku,fr FRA,FW,Augsburg,21-016,2002,0.2,0,0,0,0,0,0,0,,0,0,0,0,0,0,0,0,Matches
e162b013,Thomas Meunier,be BEL,DF,Dortmund,31-201,1991,6.5,16,7,8,5,3,10,17,58.8,7,7,2,5,9,25,16,0,Matches
b56dd813,Alexander Meyer,de GER,GK,Dortmund,31-353,1991,7.0,0,0,0,0,0,0,1,0.0,1,0,0,0,0,0,1,0,Matches
1e274a0a,Sven Michel,de GER,FW,Union Berlin,32-260,1990,4.6,7,4,1,5,1,4,6,66.7,2,3,1,2,0,7,4,0,Matches
f76022e7,Enzo Millot,fr FRA,MF,Stuttgart,20-258,2002,4.6,10,7,5,3,2,4,7,57.1,3,14,2,12,9,19,4,0,Matches
88d4144a,Maximilian Mittelstädt,de GER,DF,Hertha BSC,26-014,1997,7.1,32,15,24,6,2,13,26,50.0,13,10,1,9,20,52,24,0,Matches
34e4343c,Anthony Modeste,fr FRA,FW,Dortmund,34-352,1988,8.9,4,4,2,0,2,2,5,40.0,3,6,0,6,2,6,21,0,Matches
9ec9c8b6,Tobias Mohr,de GER,"DF,MF",Schalke 04,27-220,1995,8.7,7,4,3,4,0,2,7,28.6,5,13,5,8,8,15,19,0,Matches
29ddfb9c,Clinton Mola,eng ENG,DF,Stuttgart,22-017,2001,0.2,3,1,2,1,0,1,1,100.0,0,1,1,0,1,4,2,0,Matches
7e82a78f,Florent Mollet,fr FRA,MF,Schalke 04,31-133,1991,4.6,4,1,0,4,0,2,7,28.6,5,7,1,6,1,5,1,0,Matches
6ce43701,Youssoufa Moukoko,de GER,FW,Dortmund,18-132,2004,10.5,12,6,3,6,3,3,6,50.0,3,6,0,6,1,13,1,0,Matches
cbac6ec9,Florian Müller,de GER,GK,Stuttgart,25-139,1997,19.0,0,0,0,0,0,0,0,,0,0,0,0,0,0,7,4,Matches
3c6089ab,Thomas Müller,de GER,"FW,MF",Bayern Munich,33-200,1989,11.8,12,8,3,5,4,4,9,44.4,5,8,2,6,3,15,7,0,Matches
2c0558b8,Jamal Musiala,de GER,"MF,FW",Bayern Munich,20-034,2003,18.7,28,20,8,14,6,10,22,45.5,12,19,1,18,15,43,3,0,Matches
9ff8ec4a,Suliman Mustapha,at AUT,"FW,MF",Mainz 05,21-312,2001,0.8,2,2,0,2,0,0,0,,0,4,0,4,0,2,0,0,Matches
441197b8,Obite N'Dicka,fr FRA,DF,Eint Frankfurt,23-224,1999,24.9,21,15,9,8,4,15,27,55.6,12,39,15,24,30,51,133,0,Matches
e110ea4b,Nathan N'Goumou,fr FRA,FW,M'Gladbach,23-018,2000,3.6,7,3,4,2,1,4,8,50.0,4,4,0,4,0,7,3,0,Matches
61590953,Stanley N'Soki,fr FRA,DF,Hoffenheim,23-357,1999,12.1,20,11,13,6,1,10,19,52.6,9,17,4,13,21,41,29,0,Matches
30261ba1,Nikolas Nartey,dk DEN,"DF,MF",Stuttgart,23-038,2000,4.2,9,4,6,2,1,4,8,50.0,4,8,0,8,3,12,11,0,Matches
e79269bd,Luca Netz,de GER,DF,M'Gladbach,19-321,2003,4.6,16,7,12,2,2,12,19,63.2,7,3,1,2,3,19,21,0,Matches
8778c910,Manuel Neuer,de GER,GK,Bayern Munich,37-005,1986,12.0,0,0,0,0,0,0,0,,0,0,0,0,0,0,4,1,Matches
36a59ba4,Florian Neuhaus,de GER,MF,M'Gladbach,26-016,1997,8.5,7,3,3,2,2,2,9,22.2,7,14,3,11,7,14,3,0,Matches
bc249af8,Jessic Ngankam,de GER,"FW,MF",Hertha BSC,22-255,2000,5.6,7,4,3,1,3,1,3,33.3,2,6,1,5,0,7,1,0,Matches
d6862409,Florian Niederlechner,de GER,"FW,MF",Augsburg,32-159,1990,10.1,10,5,5,4,1,4,7,57.1,3,16,2,14,1,11,9,0,Matches
d6862409,Florian Niederlechner,de GER,FW,Hertha BSC,32-159,1990,5.3,5,4,0,2,3,1,4,25.0,3,6,0,6,0,5,7,0,Matches
a45241d5,Justin Njinmah,de GER,FW,Dortmund,22-137,2000,0.2,0,0,0,0,0,0,0,,0,0,0,0,0,0,0,0,Matches
7c56da38,Christopher Nkunku,fr FRA,"FW,MF",RB Leipzig,25-138,1997,15.8,3,2,0,1,2,1,5,20.0,4,7,3,4,7,10,8,0,Matches
091c86e2,Felix Nmecha,de GER,MF,Wolfsburg,22-173,2000,12.4,24,13,5,13,6,10,17,58.8,7,15,6,9,15,39,21,0,Matches
0cc5f4a5,Lukas Nmecha,de GER,FW,Wolfsburg,24-108,1998,10.0,5,3,0,2,3,3,3,100.0,0,5,1,4,3,8,4,0,Matches
5458f670,Hugo Novoa,es ESP,"DF,FW",RB Leipzig,20-090,2003,2.0,8,2,1,3,4,4,7,57.1,3,4,0,4,1,9,0,0,Matches
bdedffac,Ørjan Nyland,no NOR,GK,RB Leipzig,32-203,1990,1.0,0,0,0,0,0,0,0,,0,0,0,0,0,0,0,0,Matches
57ec75bf,Tim Oermann,de GER,DF,Bochum,19-177,2003,2.2,2,1,2,0,0,1,1,100.0,0,3,2,1,1,3,8,1,Matches
dd2e62da,Finn Ole Becker,de GER,MF,Hoffenheim,22-297,2000,1.4,5,2,1,4,0,1,1,100.0,0,2,0,2,2,7,1,0,Matches
86adbcc7,Mathias Olesen,lu LUX,MF,Köln,22-011,2001,4.9,10,5,4,4,2,5,7,71.4,2,5,1,4,2,12,3,0,Matches
ae44e8e2,Dani Olmo,es ESP,"MF,FW",RB Leipzig,24-329,1998,8.6,11,7,1,7,3,5,8,62.5,3,9,0,9,5,16,3,0,Matches
c631f952,Jonas Omlin,ch SUI,GK,M'Gladbach,29-081,1994,7.3,0,0,0,0,0,0,1,0.0,1,1,0,1,0,0,5,0,Matches
f26834c7,Karim Onisiwo,at AUT,"FW,MF",Mainz 05,31-015,1992,21.1,14,8,1,7,6,3,13,23.1,10,14,0,14,2,16,6,0,Matches
20030c06,Willi Orban,hu HUN,DF,RB Leipzig,30-149,1992,23.8,38,27,23,15,0,21,33,63.6,12,28,17,11,32,70,97,1,Matches
86c75897,Ivan Ordets,ua UKR,DF,Bochum,30-267,1992,19.2,26,15,19,6,1,15,24,62.5,9,24,10,14,35,61,90,0,Matches
0a16eb36,Jordi Osei-Tutu,eng ENG,"DF,FW",Bochum,24-181,1998,7.2,20,15,11,5,4,9,15,60.0,6,12,5,7,9,29,7,0,Matches
9662c9ec,Patrick Osterhage,de GER,MF,Bochum,23-059,2000,8.1,17,15,6,9,2,10,14,71.4,4,12,4,8,9,26,19,0,Matches
1cbe4984,Paulo Otávio,br BRA,DF,Wolfsburg,28-129,1994,20.1,64,39,42,14,8,39,56,69.6,17,39,5,34,29,93,65,1,Matches
36d9dabe,Thomas Ouwejan,nl NED,DF,Schalke 04,26-183,1996,9.0,19,8,13,5,1,6,10,60.0,4,17,4,13,13,32,24,0,Matches
8b6e0db2,Reece Oxford,eng ENG,DF,Augsburg,24-106,1998,1.0,1,1,1,0,0,0,0,,0,4,3,1,1,2,5,0,Matches
15413fa5,Salih Özcan,tr TUR,MF,Dortmund,25-080,1998,14.9,24,14,6,14,4,13,32,40.6,19,20,2,18,21,45,16,1,Matches
66385c46,Levin Öztunalı,de GER,MF,Union Berlin,27-017,1996,0.1,0,0,0,0,0,0,1,0.0,1,0,0,0,0,0,0,0,Matches
e82adcab,Exequiel Palacios,ar ARG,MF,Leverkusen,24-178,1998,13.3,43,26,15,25,3,23,41,56.1,18,16,2,14,28,71,21,0,Matches
5dc15574,Miloš Pantović,rs SRB,MF,Union Berlin,26-268,1996,2.0,3,1,3,0,0,3,4,75.0,1,2,0,2,0,3,4,0,Matches
13d23b29,Antonios Papadopoulos,de GER,DF,Dortmund,23-203,1999,0.1,0,0,0,0,0,0,0,,0,0,0,0,1,1,0,0,Matches
5c50fdbc,Kevin Paredes,us USA,"FW,MF",Wolfsburg,19-329,2003,4.0,10,7,3,3,4,7,9,77.8,2,4,0,4,4,14,5,0,Matches
1866b0f1,Marco Pašalić,hr CRO,MF,Dortmund,22-199,2000,0.1,0,0,0,0,0,0,0,,0,0,0,0,0,0,0,0,Matches
5c899683,Felix Passlack,de GER,DF,Dortmund,24-307,1998,0.5,1,0,0,1,0,0,0,,0,0,0,0,0,1,0,0,Matches
53070b63,Paulinho,br BRA,FW,Leverkusen,22-260,2000,0.9,0,0,0,0,0,0,0,,0,1,0,1,0,0,2,0,Matches
45a03961,Benjamin Pavard,fr FRA,DF,Bayern Munich,27-004,1996,19.0,51,33,25,19,7,24,29,82.8,5,24,11,13,31,82,54,0,Matches
0a1cb833,Jiří Pavlenka,cz CZE,GK,Werder Bremen,30-352,1992,23.3,1,0,1,0,0,1,5,20.0,4,0,0,0,2,3,16,1,Matches
5154b2ba,Kristian Pedersen,dk DEN,DF,Köln,28-240,1994,3.0,5,4,4,1,0,0,2,0.0,2,3,0,3,5,10,17,0,Matches
582a5247,Mads Pedersen,dk DEN,"DF,MF",Augsburg,26-212,1996,13.6,33,15,25,7,1,17,23,73.9,6,23,7,16,18,51,31,1,Matches
b684a484,Jordan Pefok,us USA,FW,Union Berlin,26-340,1996,12.9,14,7,3,3,8,2,14,14.3,12,17,5,12,4,18,13,0,Matches
c18d22f5,Peter Pekarík,sk SVK,DF,Hertha BSC,36-153,1986,1.0,3,3,3,0,0,3,4,75.0,1,6,2,4,1,4,3,0,Matches
3b61c9ec,Luca Pellegrini,it ITA,DF,Eint Frankfurt,24-025,1999,6.2,13,8,10,3,0,8,8,100.0,0,8,2,6,7,20,11,1,Matches
a2b1ed42,Ricardo Pepi,us USA,FW,Augsburg,20-082,2003,1.1,1,1,1,0,0,1,1,100.0,0,1,0,1,0,1,1,0,Matches
ff3d391c,Juan Perea,co COL,FW,Stuttgart,23-037,2000,3.7,4,3,0,1,3,2,4,50.0,2,2,1,1,1,5,3,0,Matches
f93e6e94,Nils Petersen,de GER,FW,Freiburg,34-116,1988,2.4,6,4,0,3,3,2,5,40.0,3,10,2,8,1,7,6,0,Matches
f503ef6e,Lukas Petkov,de GER,"MF,FW",Augsburg,22-151,2000,1.6,5,1,4,1,0,2,3,66.7,1,4,1,3,1,6,0,0,Matches
83e1f40e,Luca Pfeiffer,de GER,FW,Stuttgart,26-224,1996,7.4,1,1,1,0,0,0,1,0.0,1,3,0,3,1,2,5,0,Matches
061e8e23,Maximilian Philipp,de GER,FW,Wolfsburg,29-031,1994,1.3,2,1,1,1,0,1,1,100.0,0,1,0,1,0,2,0,0,Matches
061e8e23,Maximilian Philipp,de GER,"MF,FW",Werder Bremen,29-031,1994,1.0,2,1,2,0,0,0,2,0.0,2,3,1,2,3,5,1,0,Matches
526ea7cc,Amos Pieper,de GER,DF,Werder Bremen,25-074,1998,20.5,43,26,22,19,2,22,35,62.9,13,21,11,10,26,69,85,1,Matches
f7aa75bd,Marvin Plattenhardt,de GER,DF,Hertha BSC,31-065,1992,19.3,32,24,19,10,3,23,36,63.9,13,21,7,14,10,42,50,0,Matches
bc6bd723,Alassane Pléa,fr FRA,FW,M'Gladbach,30-022,1993,15.5,14,7,4,7,3,6,17,35.3,11,19,2,17,10,24,13,0,Matches
ea003d07,Joel Pohjanpalo,fi FIN,"FW,MF",Leverkusen,28-200,1994,0.0,0,0,0,0,0,0,0,,0,0,0,0,0,0,0,0,Matches
3745e8bd,Sebastian Polter,de GER,"FW,MF",Schalke 04,32-000,1991,5.2,4,3,0,4,0,1,3,33.3,2,3,0,3,0,4,6,0,Matches
7f609bfc,Stefan Posch,at AUT,DF,Hoffenheim,25-322,1997,0.2,0,0,0,0,0,0,0,,0,0,0,0,0,0,0,0,Matches
d2416c2e,Yussuf Poulsen,dk DEN,FW,RB Leipzig,28-290,1994,3.9,4,3,1,2,1,0,3,0.0,3,3,1,2,0,4,5,0,Matches
924f9191,Grischa Prömel,de GER,MF,Hoffenheim,28-082,1995,11.9,23,18,12,9,2,7,18,38.9,11,16,3,13,5,28,17,0,Matches
c68b1b13,Tymoteusz Puchacz,pl POL,DF,Union Berlin,24-068,1999,0.6,1,0,1,0,0,0,0,,0,0,0,0,0,1,1,0,Matches
3c200e05,Joshua Quarshie,de GER,MF,Hoffenheim,18-249,2004,0.0,0,0,0,0,0,0,0,,0,0,0,0,0,0,0,0,Matches
b90c4a43,Diant Ramaj,de GER,GK,Eint Frankfurt,21-194,2001,1.0,0,0,0,0,0,0,0,,0,0,0,0,0,0,1,0,Matches
c8b3a472,Nicolai Rapp,de GER,"MF,DF",Werder Bremen,26-109,1996,0.8,3,1,3,0,0,0,3,0.0,3,0,0,0,0,3,1,0,Matches
7d450ed3,David Raum,de GER,"DF,FW",RB Leipzig,24-344,1998,15.4,33,21,20,9,4,12,21,57.1,9,20,5,15,15,48,20,1,Matches
cc971106,Rocco Reitz,de GER,MF,M'Gladbach,20-307,2002,0.0,0,0,0,0,0,0,0,,0,0,0,0,0,0,0,0,Matches
36a3ff67,Marco Reus,de GER,"MF,FW",Dortmund,33-305,1989,12.2,24,14,9,13,2,5,20,25.0,15,9,3,6,5,29,7,0,Matches
1ae836b1,Elvis Rexhbeçaj,de GER,MF,Augsburg,25-151,1997,20.0,35,23,11,17,7,19,44,43.2,25,27,10,17,13,48,32,0,Matches
7fa4e703,Gio Reyna,us USA,"FW,MF",Dortmund,20-139,2002,5.9,11,5,2,5,4,4,9,44.4,5,7,2,5,3,14,4,0,Matches
f972644c,Marco Richter,de GER,"FW,MF",Hertha BSC,25-128,1997,14.8,36,17,15,14,7,19,39,48.7,20,23,0,23,16,52,19,0,Matches
9f941969,Manuel Riemann,de GER,GK,Bochum,34-204,1988,26.0,2,1,2,0,0,2,2,100.0,0,1,0,1,5,7,17,4,Matches
e12b0b5b,Sebastian Rode,de GER,MF,Eint Frankfurt,32-172,1990,11.3,28,18,5,20,3,10,31,32.3,21,12,1,11,10,38,10,0,Matches
ea42c03f,Agustín Rogel,uy URU,DF,Hertha BSC,25-166,1997,12.3,17,9,12,5,0,10,14,71.4,4,11,4,7,11,28,43,0,Matches
1f2c7b55,Merlin Röhl,de GER,MF,Freiburg,20-270,2002,0.1,0,0,0,0,0,0,0,,0,0,0,0,0,0,1,0,Matches
90c1f9a4,Tom Rothe,de GER,DF,Dortmund,18-154,2004,0.3,1,1,0,1,0,1,1,100.0,0,0,0,0,1,2,2,0,Matches
13203c45,Jérôme Roussillon,fr FRA,"MF,DF",Wolfsburg,30-085,1993,0.2,0,0,0,0,0,0,0,,0,0,0,0,0,0,0,0,Matches
13203c45,Jérôme Roussillon,fr FRA,DF,Union Berlin,30-085,1993,3.1,2,1,1,0,1,1,2,50.0,1,1,0,1,1,3,9,0,Matches
80f36c88,Sebastian Rudy,de GER,MF,Hoffenheim,33-032,1990,6.0,18,10,7,11,0,7,19,36.8,12,16,1,15,6,24,12,0,Matches
c64c01fc,Georginio Rutter,fr FRA,FW,Hoffenheim,20-346,2002,11.2,7,4,1,4,2,1,3,33.3,2,10,2,8,5,12,6,0,Matches
009a4f60,Julian Ryerson,no NOR,DF,Union Berlin,25-135,1997,11.5,28,17,17,10,1,15,25,60.0,10,15,3,12,12,40,19,0,Matches
009a4f60,Julian Ryerson,no NOR,DF,Dortmund,25-135,1997,7.8,13,5,9,3,1,11,14,78.6,3,6,1,5,6,19,12,0,Matches
a70b8345,Frederik Rønnow,dk DEN,GK,Union Berlin,30-240,1992,21.0,0,0,0,0,0,0,3,0.0,3,0,0,0,0,0,7,0,Matches
e280527c,Marcel Sabitzer,at AUT,MF,Bayern Munich,29-015,1994,7.0,27,14,11,10,6,10,17,58.8,7,3,0,3,10,37,9,0,Matches
e1830c52,Dikeni Salifou,tg TOG,MF,Werder Bremen,19-297,2003,0.0,0,0,0,0,0,0,0,,0,0,0,0,0,0,0,0,Matches
bf075f6b,Roland Sallai,hu HUN,"MF,FW",Freiburg,25-314,1997,7.0,5,5,1,3,1,2,8,25.0,6,6,1,5,2,7,4,0,Matches
08593525,Diadie Samassékou,ml MLI,"MF,FW",Hoffenheim,27-080,1996,0.4,1,0,0,1,0,0,1,0.0,1,0,0,0,0,1,0,0,Matches
2b114be3,Leroy Sané,de GER,"MF,FW",Bayern Munich,27-080,1996,16.5,27,21,7,13,7,11,20,55.0,9,8,1,7,1,28,1,2,Matches
6a52a6c6,Sidi Sané,de GER,FW,Schalke 04,19-345,2003,0.3,1,1,1,0,0,1,1,100.0,0,0,0,0,0,1,0,0,Matches
236f02cd,Joe Scally,us USA,DF,M'Gladbach,20-091,2002,20.9,24,16,19,5,0,19,25,76.0,6,15,6,9,7,31,51,0,Matches
52afb588,Kevin Schade,de GER,"FW,MF",Freiburg,21-125,2001,2.0,6,4,3,2,1,3,5,60.0,2,0,0,0,0,6,2,0,Matches
049751d7,András Schäfer,hu HUN,MF,Union Berlin,23-353,1999,8.4,20,8,7,12,1,6,13,46.2,7,11,2,9,4,24,11,0,Matches
93cba339,Derry Scherhant,de GER,FW,Hertha BSC,20-142,2002,2.1,4,3,2,2,0,2,3,66.7,1,1,0,1,0,4,3,0,Matches
5d4f7d61,Patrik Schick,cz CZE,FW,Leverkusen,27-067,1996,10.5,0,0,0,0,0,0,1,0.0,1,4,1,3,1,1,7,0,Matches
bd527260,Kingsley Schindler,gh GHA,"DF,MF",Köln,29-263,1993,7.8,18,11,12,5,1,14,22,63.6,8,6,1,5,9,27,19,0,Matches
8f056768,Xaver Schlager,at AUT,MF,RB Leipzig,25-185,1997,16.3,40,23,13,25,2,20,43,46.5,23,19,2,17,16,56,23,0,Matches
f6bdc830,Keven Schlotterbeck,de GER,DF,Freiburg,25-338,1997,0.2,0,0,0,0,0,0,0,,0,1,1,0,2,2,2,0,Matches
f6bdc830,Keven Schlotterbeck,de GER,DF,Bochum,25-338,1997,6.5,14,6,10,4,0,7,8,87.5,1,11,5,6,13,27,36,0,Matches
34e12499,Nico Schlotterbeck,de GER,DF,Dortmund,23-121,1999,24.3,56,32,34,21,1,35,51,68.6,16,36,19,17,30,86,70,1,Matches
220ace7e,Romano Schmid,at AUT,MF,Werder Bremen,23-064,2000,12.1,21,13,4,12,5,9,18,50.0,9,18,3,15,6,27,10,0,Matches
7d31f1cb,Kenneth Schmidt,de GER,DF,Freiburg,20-302,2002,0.1,0,0,0,0,0,0,0,,0,0,0,0,0,0,0,0,Matches
b9ae8560,Niklas Schmidt,de GER,MF,Werder Bremen,25-031,1998,10.1,23,10,11,10,2,11,25,44.0,14,7,0,7,3,26,8,0,Matches
ad00b1a8,Benno Schmitz,de GER,DF,Köln,28-135,1994,20.2,52,34,23,25,4,34,58,58.6,24,27,4,23,20,72,42,0,Matches
87436846,Marvin Schwäbe,de GER,GK,Köln,27-341,1995,25.0,1,0,1,0,0,1,1,100.0,0,0,0,0,2,3,4,2,Matches
0d55d942,Alexander Schwolow,de GER,GK,Schalke 04,30-303,1992,17.0,0,0,0,0,0,0,0,,0,0,0,0,1,1,6,2,Matches
8872ed17,Paul Seguin,de GER,MF,Union Berlin,28-003,1995,7.0,14,7,7,3,4,6,16,37.5,10,6,0,6,5,19,7,0,Matches
1238a3f9,Davie Selke,de GER,FW,Hertha BSC,28-071,1995,3.1,2,1,1,1,0,0,1,0.0,1,3,1,2,1,3,5,0,Matches
1238a3f9,Davie Selke,de GER,FW,Köln,28-071,1995,4.0,0,0,0,0,0,0,1,0.0,1,2,0,2,0,0,4,0,Matches
b3325a30,Suat Serdar,de GER,MF,Hertha BSC,25-355,1997,18.7,44,19,12,25,7,18,33,54.5,15,45,11,34,25,69,21,0,Matches
313254a3,Kiliann Sildillia,fr FRA,"DF,MF",Freiburg,20-320,2002,19.3,28,16,7,18,3,14,21,66.7,7,21,8,13,21,49,35,1,Matches
3effaa34,André Silva,pt POR,FW,RB Leipzig,27-146,1995,17.1,10,4,2,4,4,3,7,42.9,4,11,1,10,2,12,3,0,Matches
fcb27134,Mohamed Simakan,fr FRA,DF,RB Leipzig,22-333,2000,10.2,12,10,8,3,1,8,13,61.5,5,14,2,12,10,22,36,0,Matches
7ec723b7,Eduardo Simões,pt POR,DF,Hoffenheim,21-030,2002,1.0,5,3,3,2,0,1,3,33.3,2,3,2,1,0,5,3,0,Matches
73000a79,Daley Sinkgraven,nl NED,"DF,MF",Leverkusen,27-271,1995,3.6,6,6,4,2,0,5,6,83.3,1,8,4,4,5,11,7,0,Matches
0d8a37c2,Tobias Sippel,de GER,GK,M'Gladbach,35-010,1988,5.7,0,0,0,0,0,0,0,,0,0,0,0,0,0,1,1,Matches
c6cf860f,Hugo Siquet,be BEL,DF,Freiburg,20-266,2002,0.2,2,2,2,0,0,2,2,100.0,0,1,0,1,0,2,0,0,Matches
65857fdf,Tim Skarke,de GER,"DF,MF",Union Berlin,26-206,1996,0.6,1,1,0,0,1,0,0,,0,1,0,1,0,1,0,0,Matches
65857fdf,Tim Skarke,de GER,"FW,MF",Schalke 04,26-206,1996,2.4,4,1,1,3,0,2,5,40.0,3,2,0,2,0,4,1,0,Matches
c2211709,Ellyes Skhiri,tn TUN,MF,Köln,27-326,1995,23.7,69,38,24,38,7,24,57,42.1,33,38,9,29,43,112,38,0,Matches
ff98492b,Robert Skov,dk DEN,DF,Hoffenheim,26-316,1996,13.7,17,9,11,5,1,7,22,31.8,15,20,6,14,8,25,18,1,Matches
c967f6b8,Hrvoje Smolčić,hr CRO,DF,Eint Frankfurt,22-227,2000,5.2,8,7,6,2,0,5,10,50.0,5,11,4,7,6,14,38,0,Matches
c05f2f8c,Danilo Soares,br BRA,DF,Bochum,31-154,1991,15.2,56,38,30,19,7,34,52,65.4,18,25,4,21,22,78,39,1,Matches
4f627629,Nikola Soldo,hr CRO,DF,Köln,22-066,2001,6.6,15,9,8,7,0,7,11,63.6,4,7,6,1,7,22,28,0,Matches
420c18a1,Yann Sommer,ch SUI,GK,Bayern Munich,34-105,1988,10.0,0,0,0,0,0,0,0,,0,0,0,0,1,1,4,0,Matches
420c18a1,Yann Sommer,ch SUI,GK,M'Gladbach,34-105,1988,10.0,1,0,1,0,0,1,1,100.0,0,0,0,0,0,1,8,0,Matches
af0d79a9,Borna Sosa,hr CRO,DF,Stuttgart,25-070,1998,15.0,21,15,14,6,1,17,25,68.0,8,12,3,9,15,36,29,0,Matches
4c6facae,Djibril Sow,ch SUI,MF,Eint Frankfurt,26-054,1997,22.7,36,20,11,23,2,17,34,50.0,17,20,4,16,27,63,19,0,Matches
0f59a7bf,Anton Stach,de GER,MF,Mainz 05,24-137,1998,16.9,23,18,9,12,2,13,28,46.4,15,23,2,21,32,55,23,0,Matches
861e0116,Kostas Stafylidis,gr GRE,"DF,MF",Bochum,29-120,1993,9.9,26,15,12,8,6,8,18,44.4,10,19,8,11,14,40,26,1,Matches
1fffae99,Jens Stage,dk DEN,MF,Werder Bremen,26-144,1996,13.4,26,13,10,15,1,6,26,23.1,20,28,8,20,13,39,19,0,Matches
7ed08d5c,Josip Stanišić,hr CRO,DF,Bayern Munich,22-364,2000,5.2,19,11,14,2,3,12,17,70.6,5,6,0,6,6,25,9,1,Matches
aad48be9,Niklas Stark,de GER,DF,Werder Bremen,27-352,1995,14.6,38,27,20,16,2,18,27,66.7,9,10,4,6,27,65,66,0,Matches
99f7e9aa,Pascal Stenzel,de GER,DF,Stuttgart,27-012,1996,3.6,12,8,8,4,0,5,9,55.6,4,8,2,6,5,17,6,0,Matches
3b1ed320,Angelo Stiller,de GER,MF,Hoffenheim,21-362,2001,6.6,23,10,7,12,4,6,9,66.7,3,11,2,9,9,32,5,0,Matches
7cd6badb,Lars Stindl,de GER,"FW,MF",M'Gladbach,34-218,1988,14.2,18,10,4,12,2,9,22,40.9,13,18,3,15,8,26,17,0,Matches
e5649a78,Kevin Stöger,at AUT,MF,Bochum,29-217,1993,22.4,63,33,28,25,10,22,64,34.4,42,21,4,17,22,85,18,0,Matches
e33c06cf,Niklas Süle,de GER,DF,Dortmund,27-210,1995,15.8,14,11,10,2,2,5,10,50.0,5,22,13,9,11,25,35,0,Matches
e18098de,Ivan Šunjić,hr CRO,MF,Hertha BSC,26-174,1996,11.0,38,20,16,21,1,16,24,66.7,8,17,5,12,13,51,19,1,Matches
92d83c27,Mattias Svanberg,se SWE,MF,Wolfsburg,24-086,1999,14.3,13,8,5,8,0,6,19,31.6,13,19,4,15,15,28,18,1,Matches
934e1968,Dominik Szoboszlai,hu HUN,"MF,FW",RB Leipzig,22-158,2000,20.0,33,22,8,15,10,12,28,42.9,16,26,1,25,16,49,24,0,Matches
e92cd3f7,Alexander Sørloth,no NOR,FW,RB Leipzig,27-117,1995,0.1,0,0,0,0,0,0,0,,0,0,0,0,0,0,0,0,Matches
bd142efb,Jonathan Tah,de GER,DF,Leverkusen,27-049,1996,19.6,20,10,16,4,0,11,16,68.8,5,19,11,8,22,42,85,0,Matches
a73c8f95,Edmond Tapsoba,bf BFA,DF,Leverkusen,24-058,1999,23.9,38,21,26,9,3,22,33,66.7,11,29,14,15,28,66,78,1,Matches
27270af4,Niklas Tauer,de GER,"DF,MF",Mainz 05,22-043,2001,1.0,2,1,2,0,0,1,3,33.3,2,2,1,1,2,4,4,0,Matches
829aa60c,Mathys Tel,fr FRA,FW,Bayern Munich,17-339,2005,3.5,1,1,0,1,0,1,1,100.0,0,5,1,4,0,1,1,0,Matches
0b45a8d7,Semir Telalovic,de GER,"MF,FW",M'Gladbach,23-099,1999,0.1,0,0,0,0,0,0,0,,0,0,0,0,0,0,0,0,Matches
863ff1ee,Simon Terodde,de GER,FW,Schalke 04,35-030,1988,15.2,14,7,4,6,4,2,10,20.0,8,6,2,4,6,20,6,0,Matches
ff5ea0bf,Malick Thiaw,de GER,DF,Schalke 04,21-236,2001,3.0,3,1,2,1,0,1,2,50.0,1,4,3,1,9,12,24,1,Matches
fd53759d,Jan Thielmann,de GER,FW,Köln,20-310,2002,6.2,8,7,3,4,1,2,7,28.6,5,9,2,7,3,11,5,0,Matches
d1b49282,Morten Thorsby,no NOR,MF,Union Berlin,26-331,1996,6.9,16,8,6,9,1,10,16,62.5,6,9,4,5,2,18,18,0,Matches
6f8cd6d0,Marcus Thuram,fr FRA,FW,M'Gladbach,25-238,1997,22.2,13,6,3,5,5,6,10,60.0,4,14,3,11,5,18,17,0,Matches
6b8887c2,Steffen Tigges,de GER,FW,Köln,24-244,1998,14.7,7,5,1,5,1,4,11,36.4,7,11,2,9,6,13,15,0,Matches
e547d3cf,Umut Tohumcu,de GER,MF,Hoffenheim,18-233,2004,2.6,10,5,4,5,1,3,7,42.9,4,3,0,3,0,10,4,0,Matches
b492126a,Tiago Tomás,pt POR,"FW,MF",Stuttgart,20-289,2002,10.6,7,4,2,3,2,5,8,62.5,3,8,2,6,0,7,3,0,Matches
c8c60119,Almamy Touré,ml MLI,DF,Eint Frankfurt,26-338,1996,1.8,5,4,2,3,0,3,5,60.0,2,5,2,3,5,10,2,0,Matches
71ec39ef,Lucas Tousart,fr FRA,MF,Hertha BSC,25-337,1997,23.7,57,29,25,24,8,18,38,47.4,20,22,1,21,37,94,51,1,Matches
ce17b5eb,Kevin Trapp,de GER,GK,Eint Frankfurt,32-267,1990,25.0,1,1,1,0,0,0,1,0.0,1,2,0,2,0,1,9,0,Matches
056d2d95,Christopher Trimmel,at AUT,DF,Union Berlin,36-036,1987,16.3,26,15,14,10,2,17,26,65.4,9,12,1,11,23,49,40,0,Matches
35d64857,Tuta,br BRA,DF,Eint Frankfurt,23-271,1999,23.9,36,23,18,13,5,22,39,56.4,17,36,11,25,34,70,102,1,Matches
7d3e7da6,Sven Ulreich,de GER,GK,Bayern Munich,34-241,1988,3.0,1,1,1,0,0,1,1,100.0,0,0,0,0,0,1,0,1,Matches
cd61c7af,Lauren Ulrich,de GER,MF,Stuttgart,18-060,2005,0.1,1,1,0,0,1,0,0,,0,0,0,0,0,1,0,0,Matches
d248cd8f,Dayot Upamecano,fr FRA,DF,Bayern Munich,24-156,1998,22.0,56,31,37,19,0,22,36,61.1,14,21,6,15,24,80,64,4,Matches
af842091,Filip Uremović,hr CRO,DF,Hertha BSC,26-049,1997,14.4,25,14,17,7,1,10,16,62.5,6,12,9,3,25,50,65,2,Matches
d75f3980,Jere Uronen,fi FIN,DF,Schalke 04,28-262,1994,4.7,6,4,3,3,0,2,5,40.0,3,4,2,2,4,10,6,0,Matches
a3ddb1b9,Mark Uth,de GER,"MF,FW",Köln,31-220,1991,0.5,0,0,0,0,0,0,0,,0,0,0,0,0,0,0,0,Matches
fb377d11,Josha Vagnoman,de GER,"DF,MF",Stuttgart,22-111,2000,7.7,11,6,5,5,1,6,8,75.0,2,8,2,6,6,17,20,0,Matches
6ecbddf6,Ruben Vargas,ch SUI,"MF,FW",Augsburg,24-239,1998,8.1,11,5,5,4,2,3,8,37.5,5,6,2,4,4,15,13,1,Matches
fc8fcbd1,Renato Veiga,pt POR,DF,Augsburg,19-246,2003,3.5,4,3,1,1,2,3,3,100.0,0,6,3,3,3,7,15,1,Matches
a5ae8f8e,Miloš Veljković,rs SRB,DF,Werder Bremen,27-187,1995,16.9,23,13,14,9,0,14,23,60.9,9,20,11,9,26,49,68,0,Matches
8fe2a392,Mickey van de Ven,nl NED,DF,Wolfsburg,21-347,2001,25.0,34,22,19,15,0,23,31,74.2,8,33,20,13,20,54,90,2,Matches
5360a956,Gabriel Vidovic,hr CRO,FW,Bayern Munich,19-121,2003,0.2,0,0,0,0,0,0,0,,0,0,0,0,0,0,0,0,Matches
1d8e9add,Kevin Vogt,de GER,DF,Hoffenheim,31-190,1991,17.2,14,10,9,5,0,8,18,44.4,10,17,10,7,22,36,63,0,Matches
f86cd5df,Aster Vranckx,be BEL,MF,Wolfsburg,20-179,2002,0.1,0,0,0,0,0,0,0,,0,0,0,0,0,0,1,0,Matches
e3d3fbeb,Robert Wagner,de GER,MF,Freiburg,19-261,2003,0.3,0,0,0,0,0,0,0,,0,2,0,2,0,0,2,0,Matches
e5a35ae9,Luca Waldschmidt,de GER,FW,Wolfsburg,26-317,1996,3.9,5,2,2,1,2,2,6,33.3,4,1,0,1,2,7,3,0,Matches
cb64672e,Paul Wanner,de GER,MF,Bayern Munich,17-099,2005,0.3,3,1,1,2,0,1,1,100.0,0,0,0,0,0,3,1,0,Matches
346d51d9,Julian Weigl,de GER,MF,M'Gladbach,27-205,1995,14.0,29,12,14,14,1,16,29,55.2,13,14,1,13,12,41,21,0,Matches
231c67ff,Nelson Weiper,de GER,"FW,MF",Mainz 05,18-015,2005,0.4,2,0,0,0,2,1,1,100.0,0,1,0,1,0,2,1,0,Matches
30c220c3,Mitchell Weiser,de GER,"DF,FW",Werder Bremen,28-345,1994,20.4,54,34,25,22,7,26,53,49.1,27,38,5,33,24,78,26,1,Matches
dd676a97,Noah Weißhaupt,de GER,"MF,FW",Freiburg,21-193,2001,1.8,6,1,2,3,1,2,5,40.0,3,2,0,2,2,8,5,0,Matches
1c86aa16,Marcel Wenig,de GER,MF,Eint Frankfurt,18-332,2004,0.0,0,0,0,0,0,0,0,,0,0,0,0,0,0,0,0,Matches
49fe9070,Timo Werner,de GER,"FW,MF",RB Leipzig,27-026,1996,14.5,6,3,3,2,1,3,10,30.0,7,9,0,9,5,11,5,0,Matches
f68b64fc,Silvan Widmer,ch SUI,DF,Mainz 05,30-027,1993,14.2,19,12,13,5,1,15,26,57.7,11,16,5,11,27,46,17,0,Matches
cb11b429,Patrick Wimmer,at AUT,"FW,MF",Wolfsburg,21-306,2001,12.7,31,19,14,8,9,11,29,37.9,18,20,2,18,13,44,12,0,Matches
2077ae86,Jonas Wind,dk DEN,FW,Wolfsburg,24-053,1999,7.7,6,1,1,2,3,2,5,40.0,3,7,3,4,1,7,7,0,Matches
a1257b5e,Frederik Winther,dk DEN,DF,Augsburg,22-087,2001,1.0,2,2,1,1,0,0,2,0.0,2,1,1,0,0,2,7,0,Matches
e7fcf289,Florian Wirtz,de GER,"FW,MF",Leverkusen,19-333,2003,5.8,13,7,6,7,0,6,11,54.5,5,8,1,7,1,14,6,0,Matches
be42a291,Hannes Wolf,at AUT,FW,M'Gladbach,23-350,1999,3.8,9,6,4,4,1,3,9,33.3,6,3,0,3,2,11,7,0,Matches
fa661778,Marius Wolf,de GER,DF,Dortmund,27-309,1995,12.7,17,12,7,7,3,10,18,55.6,8,33,9,24,17,34,21,1,Matches
6190474d,Jeong Woo-yeong,kr KOR,"MF,FW",Freiburg,23-193,1999,6.8,7,3,4,2,1,2,5,40.0,3,7,1,6,1,8,7,0,Matches
ea0893d6,Kelvin Yeboah,it ITA,"FW,MF",Augsburg,22-330,2000,2.8,3,3,1,2,0,1,4,25.0,3,4,0,4,1,4,2,0,Matches
caffaf5a,Maya Yoshida,jp JPN,DF,Schalke 04,34-220,1988,24.9,31,20,18,13,0,16,24,66.7,8,32,26,6,45,76,119,1,Matches
a4effc55,Dan-Axel Zagadou,fr FRA,DF,Stuttgart,23-302,1999,7.3,9,6,7,2,0,4,8,50.0,4,11,10,1,8,17,38,1,Matches
fc3697dd,Rodrigo Zalazar,uy URU,"MF,FW",Schalke 04,23-232,1999,9.4,11,7,5,5,1,7,18,38.9,11,10,1,9,5,16,10,0,Matches
65bf7e2b,Aaron Zehnter,de GER,DF,Augsburg,18-152,2004,0.0,0,0,0,0,0,0,1,0.0,1,0,0,0,1,1,0,0,Matches
5c4bf6ba,Robin Zentner,de GER,GK,Mainz 05,28-155,1994,19.0,0,0,0,0,0,0,4,0.0,4,0,0,0,0,0,11,1,Matches
9b688ae1,Michael Zetterer,de GER,GK,Werder Bremen,27-263,1995,1.7,0,0,0,0,0,0,0,,0,0,0,0,0,0,1,0,Matches
29f7cfd9,Simon Zoller,de GER,"FW,MF",Bochum,31-279,1991,14.2,8,2,2,6,0,3,9,33.3,6,13,1,12,6,14,20,0,Matches
