id,Tkl,TklW,Def 3rd,Mid 3rd,Att 3rd,Tkl.1,Att,Lost,Blocks,Sh,Pass,Int,Tkl+Int,Clr,Err,recov
00242715,42,22,28,13,1,14,29,15,31,15,16,49,91,79,0,186
00242b75,58,32,19,26,13,20,50,30,34,9,25,57,115,55,0,121
00844823,14,11,11,3,0,8,14,6,15,8,7,22,36,61,0,91
00963611,42,29,29,12,1,27,46,19,25,10,15,59,101,66,1,129
009a4f60,22,15,4,14,4,12,15,3,13,0,13,11,33,17,0,64
016ff750,17,11,7,5,5,12,19,7,18,1,17,15,32,20,0,61
01834aa0,29,20,25,4,0,14,25,11,33,26,7,40,69,104,0,80
02760e49,1,1,0,1,0,0,8,8,4,0,4,5,6,3,0,22
028e70b9,1,0,0,1,0,1,2,1,0,0,0,0,1,0,0,3
042e8a49,14,8,6,7,1,2,21,19,22,0,22,4,18,3,0,82
048a1cbc,30,13,14,8,8,16,31,15,21,4,17,28,58,31,1,174
05439de2,37,21,14,19,4,17,32,15,29,13,16,43,80,60,0,189
054849d2,37,27,21,13,3,17,29,12,17,5,12,22,59,55,0,80
056d2d95,50,25,28,18,4,28,54,26,32,7,25,50,100,99,0,173
05ba9d7c,26,15,10,7,9,11,23,12,20,0,20,10,36,11,0,89
05d548d8,58,40,34,18,6,26,42,16,31,22,9,73,131,122,2,232
05f99a4a,27,13,15,10,2,11,19,8,20,3,17,8,35,15,0,83
061e8e23,15,6,3,6,6,5,21,16,17,0,17,6,21,3,0,37
0630eb63,5,3,2,2,1,1,5,4,1,0,1,2,7,1,0,23
070ec0b1,17,9,8,8,1,7,20,13,20,9,11,21,38,41,1,69
080440a4,77,49,53,22,2,37,63,26,31,12,19,44,121,92,0,192
08593525,71,41,22,42,7,33,90,57,41,12,29,78,149,50,0,202
088ca1bd,37,19,17,13,7,16,30,14,26,10,16,28,65,38,0,146
096a77c4,4,1,1,2,1,0,0,0,2,0,2,0,4,0,0,6
0a1cb833,2,0,2,0,0,2,2,0,0,0,0,1,3,17,4,44
0a3d6d2b,19,8,12,6,1,10,16,6,13,4,9,22,41,41,1,70
0a89e877,12,7,4,5,3,2,9,7,9,1,8,8,20,8,0,43
0b4f388a,15,10,1,13,1,0,6,6,16,1,15,8,23,8,0,50
0b7dae21,20,9,12,6,2,8,17,9,13,4,9,18,38,40,0,46
0c61c77c,21,14,13,5,3,9,20,11,14,1,13,12,33,8,0,77
0cddeaa7,7,3,6,0,1,3,7,4,9,2,7,6,13,7,0,30
0d55d942,0,0,0,0,0,0,0,0,1,0,1,0,0,6,0,34
0d8a37c2,0,0,0,0,0,0,0,0,0,0,0,1,1,4,0,3
0da32a38,12,9,2,5,5,2,8,6,3,1,2,5,17,6,0,19
0e0102eb,0,0,0,0,0,0,0,0,0,0,0,0,0,0,0,0
0e6bc38c,8,2,0,5,3,1,4,3,6,0,6,2,10,7,0,29
0fbecd11,58,38,14,33,11,24,48,24,23,6,17,36,94,24,0,124
1025db8e,36,20,24,11,1,16,33,17,37,18,19,69,105,149,2,195
106bca06,11,9,3,7,1,1,6,5,15,1,14,6,17,6,0,50
11bc43f4,0,0,0,0,0,0,1,1,0,0,0,0,0,0,0,0
11d8aff0,0,0,0,0,0,0,0,0,0,0,0,0,0,0,0,3
11fd2b75,41,24,15,19,7,21,54,33,40,14,26,37,78,32,1,123
1238a3f9,3,2,1,1,1,0,6,6,3,2,1,1,4,7,0,26
13203c45,24,12,14,8,2,11,20,9,10,1,9,19,43,28,0,57
14a7af33,44,28,17,25,2,15,37,22,12,2,10,24,68,37,0,121
15413fa5,21,13,11,10,0,12,33,21,11,2,9,20,41,14,1,116
15b287da,48,28,21,16,11,16,49,33,18,1,17,14,62,22,0,126
15f24fe7,16,12,4,5,7,2,17,15,10,1,9,9,25,21,0,61
15fd5593,3,1,0,1,2,0,5,5,5,1,4,3,6,4,0,13
169fd162,3,2,1,0,2,1,7,6,4,0,4,1,4,1,0,15
16b4260e,0,0,0,0,0,0,0,0,1,0,1,0,0,0,0,3
16daec92,18,10,6,11,1,9,24,15,13,0,13,18,36,15,0,61
17376543,0,0,0,0,0,0,3,3,0,0,0,3,3,9,1,42
17780d2b,21,10,12,9,0,10,30,20,21,8,13,28,49,27,0,131
17f3620a,9,4,1,7,1,3,22,19,11,0,11,6,15,14,0,38
18a9efe4,1,0,1,0,0,0,2,2,2,0,2,0,1,2,0,23
19a967ab,0,0,0,0,0,0,1,1,3,1,2,0,0,0,0,1
1a1033a1,9,6,2,6,1,6,11,5,11,0,11,8,17,2,0,37
1a4b9094,9,8,4,3,2,3,6,3,7,0,7,10,19,7,1,28
1a5d7cb9,19,13,14,3,2,8,27,19,17,6,11,13,32,27,0,53
1a83027b,8,3,1,5,2,3,9,6,5,2,3,6,14,4,0,26
1ae836b1,53,32,17,27,9,19,53,34,32,7,25,26,79,18,0,125
1b6d8083,1,1,0,1,0,0,1,1,0,0,0,2,3,0,0,6
1bc432b7,6,6,1,3,2,2,12,10,8,2,6,4,10,15,0,25
1be390b3,0,0,0,0,0,0,0,0,1,0,1,1,1,0,0,1
1c08a3c8,1,1,1,0,0,0,0,0,1,1,0,2,3,1,0,6
1cbe4984,60,40,32,22,6,34,62,28,51,7,44,42,102,59,0,105
1d8e9add,18,12,11,6,1,12,21,9,21,12,9,16,34,71,0,147
1df0c0b9,24,15,12,9,3,15,23,8,12,2,10,18,42,31,0,76
1e43fad8,2,1,2,0,0,1,2,1,0,0,0,1,3,9,3,28
1f2d714c,6,5,2,3,1,3,10,7,2,0,2,4,10,3,0,24
1f44ac21,7,2,1,3,3,1,4,3,19,4,15,4,11,16,0,55
1fc4f3d1,0,0,0,0,0,0,0,0,0,0,0,0,0,0,0,0
1fda91b3,7,3,3,3,1,5,9,4,0,0,0,5,12,1,0,28
20030c06,40,26,19,15,6,23,37,14,29,20,9,40,80,74,0,143
217c93a1,10,7,4,6,0,5,13,8,6,0,6,2,12,1,0,15
220ace7e,22,16,8,10,4,8,35,27,21,0,21,8,30,6,0,103
228f73ae,25,14,8,10,7,6,32,26,19,1,18,13,38,4,0,75
22919e97,9,4,4,3,2,7,14,7,2,0,2,6,15,1,0,20
229cd98a,16,8,0,10,6,2,15,13,14,3,11,9,25,9,0,51
234204f4,1,1,0,0,1,0,0,0,0,0,0,0,1,0,0,2
2374aaca,5,5,1,2,2,0,6,6,10,3,7,4,9,6,0,24
2590ddf7,0,0,0,0,0,0,0,0,0,0,0,0,0,0,0,2
25ab9c9c,27,15,12,12,3,5,21,16,25,15,10,37,64,64,0,97
25f50295,8,4,3,5,0,1,3,2,12,8,4,27,35,73,0,82
2696b6a9,11,6,1,9,1,4,8,4,4,0,4,5,16,1,0,33
271b8617,17,11,5,6,6,8,26,18,22,0,22,18,35,10,0,126
2723ce5d,2,1,0,1,1,2,2,0,0,0,0,0,2,1,0,2
27270af4,1,1,0,1,0,1,2,1,3,1,2,3,4,1,0,4
277c49ed,49,29,37,12,0,24,45,21,51,21,30,65,114,140,1,206
27d2618c,0,0,0,0,0,0,0,0,0,0,0,0,0,7,1,8
2903a856,26,20,12,12,2,10,53,43,27,2,25,27,53,9,0,121
2a29eb9b,15,8,9,5,1,9,14,5,9,3,6,21,36,31,0,48
2a6cd437,13,9,9,3,1,6,8,2,12,5,7,11,24,27,0,49
2b09d998,35,24,12,15,8,17,31,14,22,5,17,29,64,30,0,169
2b114be3,18,10,2,10,6,13,30,17,23,1,22,9,27,8,1,121
2b5527c4,0,0,0,0,0,0,0,0,0,0,0,0,0,0,0,2
2b7c56b4,20,15,6,10,4,5,18,13,5,1,4,2,22,2,0,39
2b83fa49,35,19,23,11,1,23,31,8,19,2,17,10,45,45,0,100
2c0558b8,20,12,5,7,8,7,22,15,17,2,15,14,34,3,0,64
2c44a35d,13,7,6,5,2,1,6,5,6,0,6,0,13,0,1,26
2d61d13a,17,9,11,5,1,6,13,7,20,11,9,13,30,57,0,79
2db2fd7b,26,16,17,8,1,14,32,18,24,17,7,40,66,63,1,157
2e7ff968,1,1,1,0,0,1,1,0,0,0,0,0,1,7,1,23
2f3e911a,3,2,2,1,0,2,4,2,1,0,1,2,5,2,0,10
2f7fec15,0,0,0,0,0,0,0,0,0,0,0,0,0,0,0,2
2ff76adc,36,23,21,11,4,19,38,19,26,3,23,24,60,33,0,105
302527b2,21,13,12,7,2,9,20,11,30,21,9,42,63,100,0,169
30941e96,31,19,10,18,3,13,24,11,22,1,21,30,61,40,0,110
30c220c3,4,1,1,2,1,2,4,2,1,0,1,3,7,4,0,11
3189f61a,14,8,7,6,1,4,15,11,5,2,3,6,20,8,0,30
32e7ce92,0,0,0,0,0,0,0,0,0,0,0,0,0,2,0,4
33144cc5,3,2,0,3,0,2,3,1,1,0,1,1,4,1,0,10
33340bd6,0,0,0,0,0,0,0,0,0,0,0,0,0,0,0,0
33b554b7,43,26,12,19,12,23,70,47,39,3,36,27,70,23,0,150
34a0f5ff,5,3,2,2,1,1,6,5,5,0,5,4,9,3,0,28
34b54da7,2,2,1,1,0,1,3,2,6,4,2,4,6,7,0,26
34e12499,34,19,14,19,1,18,28,10,13,6,7,31,65,29,1,100
34e4343c,2,0,0,2,0,0,1,1,0,0,0,0,2,2,0,8
35d64857,35,20,22,13,0,24,43,19,19,2,17,29,64,53,0,134
36a3ff67,33,16,9,16,8,9,33,24,22,2,20,14,47,13,0,83
36a59ba4,48,28,19,26,3,19,63,44,35,7,28,50,98,20,1,201
378825c7,43,24,27,13,3,26,42,16,39,7,32,47,90,66,0,148
37998008,0,0,0,0,0,0,0,0,0,0,0,0,0,2,0,4
37f606f0,13,10,3,8,2,5,8,3,10,0,10,3,16,0,0,34
384d58d9,30,15,12,15,3,11,20,9,20,7,13,23,53,29,1,95
38ac43d3,11,6,3,7,1,6,12,6,4,0,4,9,20,7,0,26
3935e52e,20,17,10,7,3,8,18,10,17,5,12,20,40,17,0,104
3a233281,14,8,3,7,4,4,15,11,13,0,13,9,23,3,0,107
3bb625ac,8,4,4,4,0,4,7,3,12,4,8,29,37,25,0,62
3c4b7820,12,8,5,5,2,6,11,5,3,0,3,3,15,4,0,28
3c6089ab,49,22,11,23,15,24,73,49,43,3,40,21,70,18,1,109
3cd9e95a,1,0,1,0,0,1,4,3,1,0,1,0,1,11,2,59
3eb0f2df,34,19,11,19,4,9,31,22,34,2,32,27,61,18,0,120
3eeb80e0,3,2,1,2,0,3,6,3,4,1,3,2,5,6,0,23
3effaa34,11,2,0,7,4,6,13,7,11,1,10,3,14,15,0,72
3f2d59fe,16,5,15,1,0,3,12,9,20,15,5,32,48,76,1,48
3f65898c,61,35,39,17,5,28,64,36,33,11,22,58,119,98,1,129
3f7cd8f1,0,0,0,0,0,0,0,0,0,0,0,0,0,3,0,3
4114f306,1,0,0,1,0,1,2,1,2,0,2,2,3,1,0,1
41bff4fa,17,10,10,6,1,9,16,7,7,3,4,16,33,31,0,38
420c18a1,1,1,1,0,0,1,1,0,0,0,0,2,3,9,2,49
437f2b00,44,31,13,24,7,14,51,37,40,8,32,24,68,24,0,140
441197b8,31,23,16,15,0,16,28,12,27,6,21,47,78,85,0,171
442b56fa,54,33,23,21,10,24,59,35,57,5,52,43,97,39,1,187
4468ec10,3,2,1,2,0,1,1,0,3,0,3,4,7,3,0,14
4567a0b4,12,8,3,6,3,4,8,4,10,0,10,4,16,5,0,30
45a03961,44,27,20,16,8,23,40,17,29,5,24,48,92,31,1,103
463503e2,1,1,0,0,1,0,0,0,2,1,1,1,2,10,0,10
47064058,0,0,0,0,0,0,1,1,0,0,0,2,2,14,0,78
48035304,49,35,36,12,1,25,37,12,38,22,16,65,114,123,0,179
49296448,40,28,16,19,5,10,53,43,25,5,20,36,76,19,0,205
493924a7,51,33,27,17,7,24,35,11,28,7,21,22,73,59,1,114
496aeede,55,37,22,28,5,28,58,30,32,11,21,34,89,39,0,158
4aea5077,62,37,30,22,10,27,60,33,34,5,29,35,97,85,1,151
4b6dd263,0,0,0,0,0,0,0,0,0,0,0,0,0,0,0,0
4c3a6744,2,1,1,1,0,0,2,2,4,0,4,5,7,3,0,28
4c6facae,58,33,19,32,7,18,41,23,31,8,23,51,109,17,0,178
4ccd8957,1,1,1,0,0,0,1,1,4,0,4,2,3,1,0,8
4d8cd038,2,0,0,2,0,0,4,4,3,0,3,1,3,7,0,29
4e204552,0,0,0,0,0,0,0,0,0,0,0,0,0,0,0,5
4e3a947f,5,3,2,2,1,0,4,4,6,1,5,2,7,6,0,13
4f16405e,7,3,2,4,1,1,13,12,10,4,6,3,10,13,0,20
4fa7cb9b,2,1,1,1,0,1,3,2,7,0,7,2,4,1,0,19
5042e5c2,4,2,0,2,2,0,2,2,3,1,2,2,6,3,0,10
50871bcc,8,2,6,1,1,3,13,10,4,0,4,10,18,1,0,44
50e6dc35,6,3,1,3,2,0,3,3,3,1,2,4,10,6,0,25
526ea7cc,58,32,39,17,2,20,33,13,48,35,13,66,124,160,3,138
53070b63,0,0,0,0,0,0,0,0,0,0,0,0,0,0,0,2
53e07d0b,7,6,3,2,2,2,8,6,4,1,3,2,9,4,0,29
53eeaf6a,15,8,7,6,2,6,27,21,13,2,11,6,21,8,0,41
541127d5,13,9,2,10,1,2,12,10,10,3,7,7,20,9,0,34
543ddcaf,34,23,28,6,0,16,25,9,18,4,14,22,56,58,0,93
54b4dc4e,46,31,15,26,5,19,38,19,21,4,17,8,54,6,1,137
54e4866f,18,7,6,7,5,14,34,20,13,0,13,27,45,18,1,135
555d5edd,12,7,4,8,0,7,33,26,18,3,15,12,24,7,0,109
5569bf9a,40,25,23,17,0,20,40,20,30,7,23,27,67,53,0,104
56413b1f,41,23,16,21,4,17,43,26,32,4,28,33,74,17,0,122
565bf0da,18,12,13,3,2,11,17,6,13,4,9,17,35,34,0,76
5722eced,0,0,0,0,0,0,0,0,1,0,1,0,0,0,0,2
5723931e,0,0,0,0,0,0,1,1,0,0,0,0,0,0,0,5
5762be5c,20,12,12,7,1,13,22,9,18,8,10,21,41,50,2,76
57d88cf9,49,31,11,29,9,19,46,27,37,5,32,24,73,13,0,117
582a5247,25,16,20,3,2,10,22,12,13,3,10,15,40,32,0,67
58450270,8,4,1,6,1,1,1,0,6,2,4,3,11,1,0,25
5853ac44,3,1,3,0,0,1,1,0,0,0,0,3,6,1,0,7
58a2e9f6,13,9,8,3,2,8,19,11,15,3,12,12,25,36,0,52
58ce23e5,5,4,0,5,0,1,7,6,13,1,12,5,10,1,1,27
5939baa2,45,29,24,18,3,15,37,22,42,14,28,49,94,45,1,151
59a48c59,0,0,0,0,0,0,1,1,0,0,0,3,3,0,0,4
59e4b92e,29,10,13,15,1,10,20,10,14,5,9,31,60,47,0,82
5c4bf6ba,1,1,1,0,0,1,3,2,0,0,0,3,4,9,2,40
5c899683,9,6,4,2,3,4,8,4,11,1,10,3,12,2,0,31
5d4f7d61,7,2,0,5,2,1,4,3,5,2,3,3,10,20,0,33
5d8e331f,54,28,16,31,7,23,59,36,34,10,24,66,120,41,2,183
5db45ee5,0,0,0,0,0,0,1,1,0,0,0,0,0,0,0,0
5ddb8f9f,22,16,6,9,7,13,28,15,20,3,17,17,39,31,0,77
5dfc6ad5,18,12,6,11,1,8,16,8,13,3,10,22,40,13,0,106
5e22e2a4,51,38,19,24,8,20,54,34,36,7,29,52,103,34,1,172
5e66fa06,31,20,17,14,0,12,31,19,28,18,10,47,78,114,0,228
5ea8ef20,24,13,10,12,2,9,25,16,15,4,11,21,45,24,1,121
5ed9b537,6,4,2,3,1,2,8,6,6,3,3,8,14,24,0,50
5fd5e542,13,7,4,7,2,9,12,3,6,1,5,18,31,7,1,52
603cb947,7,4,4,0,3,3,8,5,8,1,7,7,14,5,1,96
610aa1e9,14,7,10,4,0,9,17,8,3,1,2,13,27,12,0,17
614eca9b,35,19,15,18,2,20,40,20,17,4,13,26,61,16,1,117
6190474d,9,5,1,6,2,2,11,9,8,1,7,11,20,11,0,49
626fab5f,42,23,26,11,5,19,25,6,24,2,22,36,78,62,1,75
62ab9184,52,32,14,32,6,21,52,31,34,4,30,21,73,30,0,109
62c7067a,9,6,3,5,1,5,6,1,5,0,5,2,11,1,0,22
62f94e47,0,0,0,0,0,0,0,0,0,0,0,0,0,0,0,0
635f2732,42,28,13,15,14,17,47,30,37,3,34,33,75,14,0,125
63b9cc6d,17,8,5,11,1,6,14,8,17,2,15,8,25,5,0,30
652d4c37,19,19,4,11,4,9,29,20,15,2,13,6,25,8,0,58
66385c46,24,18,14,8,2,8,17,9,15,0,15,15,39,16,0,45
677da306,33,24,19,10,4,18,27,9,48,25,23,54,87,164,2,143
68635c10,2,1,0,2,0,1,1,0,2,0,2,0,2,0,0,4
68829001,21,7,6,9,6,8,23,15,16,3,13,8,29,12,0,88
69374ff5,43,20,14,26,3,16,31,15,12,0,12,12,55,10,1,76
699fb8db,22,11,19,3,0,10,19,9,10,8,2,35,57,49,0,83
6aa3e78b,47,25,26,13,8,15,34,19,26,3,23,30,77,46,0,93
6b21b7b5,9,4,6,1,2,2,4,2,4,1,3,2,11,0,0,14
6b8887c2,4,4,0,1,3,2,3,1,1,0,1,0,4,1,0,5
6bd5cd5d,44,29,30,12,2,23,39,16,43,27,16,49,93,118,2,243
6c6a3300,24,12,11,11,2,12,23,11,7,0,7,4,28,6,0,76
6ca598d5,2,2,1,1,0,0,1,1,1,0,1,0,2,0,0,1
6cafd68d,6,2,5,1,0,6,8,2,4,2,2,13,19,42,0,39
6ce43701,3,2,1,1,1,0,0,0,3,0,3,0,3,2,0,10
6e44569a,4,3,2,1,1,2,3,1,2,0,2,2,6,2,0,7
6ec6fde0,18,12,11,6,1,8,14,6,28,15,13,13,31,32,2,69
6ecbddf6,18,12,6,9,3,1,16,15,26,2,24,18,36,27,0,106
6f8cd6d0,24,14,9,10,5,10,23,13,27,4,23,15,39,13,1,76
6fd8a334,11,7,5,5,1,9,13,4,17,5,12,13,24,33,0,78
70678132,5,1,3,1,1,2,5,3,1,0,1,1,6,1,0,9
70dcf94d,7,4,4,3,0,3,15,12,4,1,3,7,14,9,0,48
71ec39ef,33,18,16,15,2,13,27,14,33,6,27,40,73,52,0,142
7242b495,12,9,7,4,1,5,8,3,9,3,6,8,20,13,1,23
73000a79,32,17,13,16,3,18,35,17,22,5,17,23,55,23,0,124
74c7c2db,14,6,3,6,5,7,14,7,10,0,10,13,27,10,0,67
74f2e748,7,4,4,3,0,4,8,4,4,0,4,1,8,7,0,14
75422cbf,0,0,0,0,0,0,0,0,0,0,0,0,0,0,0,1
763b8b37,6,5,1,4,1,4,4,0,5,1,4,3,9,4,0,14
76b2817e,32,19,22,9,1,10,17,7,19,5,14,18,50,42,0,72
76fa965f,22,13,7,12,3,6,25,19,18,1,17,15,37,2,0,86
78b9e99c,0,0,0,0,0,0,0,0,1,0,1,0,0,0,0,1
791abba1,17,9,9,7,1,13,23,10,25,13,12,25,42,66,0,61
7961f7aa,3,1,1,0,2,1,3,2,3,1,2,7,10,2,1,11
79c90e45,15,12,7,6,2,6,15,9,12,3,9,18,33,31,0,53
79ca3e23,36,14,13,18,5,8,39,31,28,2,26,19,55,20,0,148
7aac47fe,1,1,0,1,0,1,1,0,1,1,0,3,4,9,0,4
7c473e12,14,7,10,3,1,7,15,8,23,20,3,26,40,68,1,91
7c56da38,16,11,3,7,6,8,18,10,27,1,26,9,25,14,0,85
7ca196eb,3,2,1,1,1,2,4,2,1,0,1,0,3,0,0,9
7cd6badb,24,17,3,16,5,7,32,25,26,3,23,13,37,14,0,114
7d841904,1,1,1,0,0,0,0,0,1,0,1,2,3,0,0,4
7dca49f6,5,2,2,2,1,2,9,7,6,1,5,4,9,1,0,19
7ed08d5c,2,2,1,1,0,1,1,0,3,0,3,2,4,2,0,5
7f609bfc,52,24,29,17,6,27,47,20,27,8,19,37,89,73,1,121
7f97771d,10,5,4,4,2,7,9,2,8,4,4,13,23,19,0,34
7fa4e703,24,13,9,8,7,9,25,16,14,1,13,10,34,11,0,87
7fe12375,1,1,1,0,0,1,3,2,1,0,1,0,1,8,3,65
809940aa,36,26,15,18,3,12,30,18,5,1,4,14,50,15,0,83
80c9e555,1,1,1,0,0,0,0,0,1,0,1,1,2,0,0,0
80f36c88,39,28,17,15,7,20,52,32,30,8,22,14,53,25,1,113
815c314f,49,26,28,18,3,29,49,20,40,25,15,68,117,103,1,207
81868f73,0,0,0,0,0,0,0,0,0,0,0,0,0,1,0,0
834d0be5,8,2,2,5,1,2,4,2,9,1,8,2,10,10,0,29
8494acc4,33,20,17,15,1,21,42,21,30,8,22,30,63,51,2,121
857a5abe,24,18,15,9,0,14,23,9,19,11,8,27,51,76,1,94
8593f88c,34,19,18,13,3,15,43,28,38,9,29,29,63,40,0,131
867501bf,19,13,11,6,2,6,29,23,11,0,11,5,24,5,0,62
86e119e0,47,32,20,26,1,18,49,31,24,3,21,49,96,57,0,240
8758ddf4,1,0,1,0,0,1,1,0,0,0,0,2,3,1,0,2
8778c910,0,0,0,0,0,0,1,1,0,0,0,2,2,12,3,83
88d4144a,66,39,42,21,3,35,72,37,34,5,29,55,121,61,1,147
88e357ef,39,19,7,19,13,12,32,20,17,0,17,26,65,3,0,91
89ac64a6,41,22,23,12,6,19,31,12,23,10,13,49,90,70,1,148
8b6e0db2,26,18,15,11,0,10,17,7,28,22,6,29,55,89,0,63
8d78e732,15,9,0,7,8,2,13,11,9,1,8,3,18,11,0,65
8e235926,13,10,6,7,0,3,10,7,2,0,2,3,16,17,0,37
8eb55dbb,5,4,2,2,1,3,5,2,4,0,4,6,11,7,0,78
8f056768,66,40,20,38,8,22,68,46,50,6,44,54,120,38,0,247
8ff2354e,29,18,20,8,1,19,41,22,15,3,12,16,45,35,0,134
901c0f97,65,44,33,28,4,12,73,61,34,7,27,45,110,24,0,162
90339309,65,38,37,26,2,20,36,16,46,27,19,64,129,82,1,179
92432bc6,50,28,20,21,9,11,36,25,33,1,32,30,80,24,0,138
924f9191,39,23,14,23,2,18,34,16,20,2,18,24,63,22,0,117
92948149,10,5,6,4,0,5,10,5,3,1,2,11,21,29,1,73
9321b8ed,0,0,0,0,0,0,0,0,0,0,0,0,0,0,2,3
93a50d2c,13,7,9,4,0,6,10,4,8,3,5,15,28,38,0,73
94c18565,4,2,0,4,0,2,8,6,7,0,7,3,7,3,0,33
962e54cb,8,3,4,1,3,4,16,12,4,1,3,1,9,3,0,30
9642c929,10,7,4,6,0,7,16,9,4,3,1,7,17,5,1,26
99f7e9aa,33,14,15,17,1,22,50,28,19,4,15,26,59,39,1,128
9a2e0ccc,11,6,1,6,4,5,27,22,10,1,9,11,22,4,0,48
9ab16552,43,29,21,20,2,25,51,26,31,12,19,31,74,68,2,199
9af1f9ff,2,1,2,0,0,1,2,1,5,4,1,5,7,5,0,14
9b1b7d78,16,6,10,5,1,8,25,17,7,0,7,3,19,14,0,25
9ceb7642,8,4,1,5,2,2,9,7,6,0,6,10,18,9,0,38
9d12e142,0,0,0,0,0,0,0,0,0,0,0,0,0,5,1,21
9f381d8b,9,4,1,5,3,2,4,2,13,2,11,6,15,4,0,46
9f979eb2,13,6,9,3,1,6,13,7,14,11,3,15,28,63,0,89
9fec8860,37,20,19,14,4,17,29,12,21,7,14,20,57,62,0,78
a0415710,25,10,17,4,4,11,21,10,18,1,17,16,41,36,0,84
a0606ae8,0,0,0,0,0,0,0,0,0,0,0,0,0,0,0,1
a167537f,27,14,13,9,5,12,43,31,25,1,24,17,44,7,1,92
a2a85828,29,15,11,9,9,10,31,21,15,1,14,10,39,9,1,75
a3ddb1b9,25,13,13,10,2,5,23,18,21,0,21,5,30,10,0,67
a42760bc,1,1,0,0,1,0,0,0,1,0,1,1,2,0,0,9
a4effc55,2,2,2,0,0,0,0,0,3,2,1,6,8,13,0,24
a4f94a0d,17,8,9,5,3,5,18,13,13,1,12,17,34,16,0,53
a53b661f,24,9,5,10,9,8,14,6,18,4,14,17,41,16,0,90
a572e291,27,15,13,11,3,17,28,11,27,10,17,26,53,30,0,166
a5ae8f8e,24,14,17,6,1,15,31,16,22,9,13,29,53,94,1,66
a5ce09f2,15,9,9,5,1,4,18,14,10,3,7,32,47,19,2,106
a5ec3ede,32,21,23,8,1,18,31,13,26,17,9,41,73,91,2,106
a65ce836,43,34,20,20,3,20,37,17,35,10,25,48,91,52,0,184
a6c58494,4,1,3,1,0,1,1,0,2,0,2,1,5,1,0,16
a70b8345,0,0,0,0,0,0,0,0,0,0,0,1,1,9,1,14
a73c8f95,54,28,35,18,1,21,45,24,55,29,26,48,102,96,0,284
a7813ac4,19,14,10,7,2,12,31,19,18,1,17,14,33,33,0,83
a8d4428b,32,19,13,13,6,13,27,14,39,4,35,17,49,36,0,94
a8db7ebb,20,9,8,11,1,8,19,11,13,3,10,5,25,8,0,46
a9142dc3,4,2,1,2,1,2,4,2,7,3,4,7,11,4,0,24
a92ab7be,0,0,0,0,0,0,0,0,0,0,0,0,0,1,0,5
aad48be9,49,28,20,27,2,13,31,18,43,16,27,42,91,101,0,154
ab3f1bdf,1,1,1,0,0,1,1,0,1,0,1,0,1,1,0,2
ab5b7dc1,15,8,6,6,3,5,17,12,17,2,15,12,27,11,0,69
ab700320,14,10,5,8,1,4,12,8,10,3,7,8,22,11,1,74
ac73ec79,44,30,14,28,2,21,37,16,33,1,32,23,67,33,2,93
ad00b1a8,14,7,6,7,1,7,13,6,8,2,6,6,20,7,0,25
ad3389d5,0,0,0,0,0,0,1,1,0,0,0,1,1,11,3,55
ae44e8e2,23,14,6,13,4,4,23,19,15,0,15,13,36,21,0,146
aeaf1bc1,0,0,0,0,0,0,0,0,0,0,0,0,0,0,0,2
aeda1f69,7,4,3,4,0,4,5,1,4,0,4,2,9,4,0,4
aeed5c06,10,6,4,5,1,6,20,14,11,0,11,12,22,5,0,111
af0d79a9,14,10,6,6,2,8,25,17,23,4,19,31,45,74,0,107
afb0c500,0,0,0,0,0,0,0,0,0,0,0,0,0,1,0,1
b0a0698b,48,24,33,13,2,23,42,19,25,9,16,53,101,109,0,157
b1a21aca,0,0,0,0,0,0,1,1,0,0,0,0,0,1,0,6
b1cd37e6,54,31,22,23,9,22,54,32,43,6,37,26,80,28,2,163
b3325a30,55,35,18,33,4,17,52,35,29,4,25,23,78,21,0,148
b3b7f5a6,4,0,2,1,1,1,4,3,5,2,3,3,7,5,0,19
b4b08774,0,0,0,0,0,0,1,1,0,0,0,0,0,0,0,0
b4cf5806,3,2,0,3,0,1,8,7,10,3,7,2,5,9,0,23
b500b384,17,9,6,7,4,6,16,10,7,0,7,5,22,1,0,45
b69261a0,12,6,2,9,1,4,12,8,18,4,14,14,26,23,0,68
b6a6e0a7,24,12,8,13,3,8,16,8,4,1,3,4,28,1,0,49
b77f44a4,47,29,35,11,1,18,32,14,38,18,20,52,99,109,0,204
b797f558,13,5,6,6,1,4,15,11,10,2,8,7,20,5,0,40
b825a650,38,26,9,24,5,18,35,17,20,2,18,29,67,14,0,168
b93b7882,12,3,5,5,2,4,11,7,8,0,8,13,25,9,0,34
bb08bce9,16,10,11,5,0,7,16,9,14,10,4,21,37,61,1,68
bbd86530,74,41,39,30,5,35,71,36,34,5,29,35,109,50,0,148
bc249af8,5,2,1,2,2,1,3,2,6,1,5,0,5,1,0,11
bc6bd723,19,9,4,10,5,5,20,15,1,0,1,5,24,7,0,59
bcb2ccd8,1,0,1,0,0,1,2,1,0,0,0,2,3,7,0,73
bd142efb,30,17,19,9,2,11,21,10,19,12,7,33,63,89,1,159
be42a291,26,13,8,10,8,8,36,28,18,1,17,9,35,4,0,84
be625686,0,0,0,0,0,0,0,0,1,0,1,0,0,0,0,0
beb882a8,57,42,22,29,6,21,46,25,30,5,25,43,100,36,0,169
beda9675,1,0,0,0,1,1,2,1,1,0,1,0,1,0,0,1
bee0bab1,12,10,3,4,5,4,17,13,12,0,12,12,24,4,0,52
bf075f6b,18,14,7,9,2,5,13,8,11,1,10,11,29,8,0,60
bfd522a6,0,0,0,0,0,0,0,0,0,0,0,0,0,0,0,0
c0d3bd23,23,12,13,8,2,10,16,6,14,4,10,24,47,37,0,50
c1242d4e,2,1,2,0,0,2,6,4,0,0,0,0,2,12,3,61
c149016b,65,44,25,34,6,29,71,42,53,14,39,51,116,59,0,249
c18d22f5,24,18,17,7,0,17,31,14,19,8,11,27,51,41,0,80
c1b7847c,2,0,0,1,1,0,4,4,2,0,2,1,3,0,0,4
c2009df3,34,22,8,21,5,15,35,20,24,5,19,19,53,20,1,82
c2211709,83,48,44,31,8,33,65,32,49,13,36,82,165,38,2,209
c3ee18ef,41,31,16,17,8,17,31,14,24,6,18,19,60,38,0,104
c3fd9887,0,0,0,0,0,0,0,0,1,0,1,1,1,1,0,0
c41f7379,0,0,0,0,0,0,0,0,0,0,0,0,0,0,0,3
c4e87b8b,13,8,2,8,3,4,20,16,17,3,14,4,17,26,0,97
c50281a0,19,13,12,6,1,9,21,12,19,5,14,16,35,19,0,65
c51e68be,1,1,1,0,0,0,0,0,1,0,1,0,1,0,0,1
c5224618,4,2,1,3,0,1,2,1,3,3,0,4,8,9,0,13
c562c5b4,36,24,23,12,1,14,23,9,29,22,7,39,75,111,0,102
c59b67ed,0,0,0,0,0,0,1,1,0,0,0,0,0,0,0,2
c5fd13e9,23,16,15,6,2,12,24,12,27,16,11,36,59,115,1,145
c64c01fc,4,4,2,2,0,1,2,1,2,0,2,0,4,2,0,7
c6608135,2,2,2,0,0,1,3,2,5,1,4,0,2,2,0,16
c89e8aae,0,0,0,0,0,0,0,0,0,0,0,0,0,1,0,4
c8c60119,18,12,8,7,3,10,14,4,5,1,4,8,26,22,0,57
ca618d23,36,24,13,19,4,12,32,20,19,2,17,16,52,14,0,103
ca8033cb,23,19,8,12,3,11,18,7,16,6,10,18,41,44,1,112
cb6d81b3,20,9,10,9,1,10,18,8,14,3,11,12,32,18,0,45
cbac6ec9,0,0,0,0,0,0,3,3,1,0,1,2,2,10,1,55
cc86b9a3,37,23,12,21,4,16,39,23,30,2,28,44,81,11,0,165
cc971106,3,2,0,3,0,2,2,0,3,1,2,1,4,1,0,9
cd59b9df,2,2,2,0,0,2,2,0,0,0,0,2,4,8,1,65
cd82452e,31,17,14,13,4,9,44,35,35,3,32,14,45,24,0,65
ce17b5eb,0,0,0,0,0,0,1,1,1,0,1,3,3,11,3,78
cf623c78,17,13,7,9,1,8,21,13,19,5,14,29,46,26,0,98
d01bbb6f,53,31,22,19,12,19,52,33,42,1,41,31,84,11,0,140
d1273f09,71,46,29,31,11,29,92,63,45,6,39,38,109,41,0,197
d1661819,33,20,22,10,1,7,21,14,22,4,18,24,57,41,0,109
d1db4b83,3,3,1,1,1,0,3,3,4,0,4,7,10,6,0,31
d20f088b,0,0,0,0,0,0,0,0,0,0,0,0,0,3,0,4
d2416c2e,10,6,1,6,3,1,17,16,16,0,16,6,16,13,0,65
d248cd8f,37,30,18,19,0,14,20,6,25,14,11,33,70,74,2,233
d25fee56,38,26,19,15,4,19,42,23,19,3,16,18,56,22,1,81
d28339cb,0,0,0,0,0,0,0,0,0,0,0,0,0,0,0,3
d2c580ce,12,8,7,4,1,7,9,2,9,3,6,10,22,8,0,33
d3096421,16,6,2,9,5,7,12,5,10,0,10,3,19,8,0,37
d3585b17,0,0,0,0,0,0,0,0,0,0,0,0,0,0,0,0
d4a2533d,22,10,10,7,5,8,29,21,18,0,18,17,39,3,1,122
d4d0a9ad,14,10,10,4,0,5,15,10,16,5,11,11,25,15,1,26
d571df78,0,0,0,0,0,0,1,1,0,0,0,1,1,2,0,2
d6862409,7,5,1,4,2,0,10,10,8,3,5,10,17,18,0,63
d686dbc0,16,10,9,6,1,3,10,7,12,2,10,11,27,22,0,47
d699d8ef,0,0,0,0,0,0,0,0,0,0,0,0,0,0,0,2
d781d855,39,27,16,17,6,28,40,12,21,1,20,28,67,33,1,201
d847944b,9,4,2,5,2,4,11,7,4,1,3,6,15,14,0,40
d9e196bf,21,15,9,5,7,10,22,12,18,1,17,16,37,21,0,57
da27e268,2,2,0,0,2,0,4,4,4,1,3,2,4,1,0,9
daa78200,12,8,6,6,0,8,17,9,11,0,11,3,15,11,0,45
db401046,0,0,0,0,0,0,1,1,1,0,1,2,2,9,2,58
db4ed67b,30,18,9,20,1,14,38,24,23,5,18,18,48,11,1,121
dbf053da,18,11,4,10,4,7,16,9,20,1,19,16,34,9,0,115
dc38e3bc,2,0,0,1,1,0,0,0,1,0,1,1,3,1,0,3
dc62b55d,36,16,10,19,7,13,49,36,29,2,27,31,67,9,0,135
dc62fbee,58,32,24,28,6,16,51,35,29,2,27,13,71,10,0,89
dc90cfbe,3,2,1,1,1,2,5,3,5,1,4,2,5,8,0,28
dd669209,24,15,6,12,6,13,24,11,21,2,19,22,46,15,0,96
de4cac2d,48,29,19,19,10,21,44,23,29,1,28,22,70,11,2,126
dee3013b,0,0,0,0,0,0,1,1,0,0,0,0,0,1,0,4
deee6467,1,0,0,1,0,0,2,2,0,0,0,1,2,0,0,9
df8e7b62,3,1,0,3,0,0,3,3,3,0,3,3,6,4,0,20
dfb6490a,9,6,4,3,2,2,14,12,16,0,16,10,19,8,0,49
e0b113a7,51,24,22,27,2,24,53,29,40,6,34,51,102,31,2,176
e0d515ef,0,0,0,0,0,0,0,0,0,0,0,0,0,0,0,0
e12b0b5b,44,25,21,16,7,14,46,32,30,3,27,47,91,18,0,101
e162b013,30,21,19,6,5,20,29,9,16,6,10,18,48,29,2,113
e21042ae,24,13,9,11,4,7,26,19,20,6,14,4,28,29,0,69
e26fcca3,30,15,15,14,1,15,28,13,23,2,21,13,43,14,0,64
e27da244,47,29,33,14,0,30,54,24,35,10,25,55,102,134,0,197
e27de4fa,18,11,11,6,1,13,21,8,7,3,4,23,41,22,0,81
e280527c,29,21,12,16,1,12,37,25,7,2,5,35,64,27,0,147
e33c06cf,32,21,15,14,3,13,21,8,24,12,12,21,53,36,1,109
e3f6253d,0,0,0,0,0,0,1,1,0,0,0,0,0,0,0,3
e5478b87,5,3,2,3,0,1,14,13,9,0,9,3,8,4,0,44
e5649a78,12,6,2,9,1,5,16,11,5,0,5,6,18,4,0,50
e5f63987,2,2,1,1,0,2,8,6,2,0,2,1,3,2,0,8
e6c43eec,17,9,9,8,0,5,12,7,12,5,7,29,46,25,0,66
e79269bd,14,8,12,2,0,6,17,11,3,0,3,6,20,8,0,24
e7d22eae,5,3,4,1,0,1,8,7,3,0,3,7,12,2,0,22
e7d59f4f,22,13,8,11,3,10,23,13,9,1,8,17,39,7,1,99
e7fcf289,35,18,8,22,5,11,37,26,27,1,26,9,44,8,0,143
e82adcab,31,17,12,16,3,17,30,13,13,0,13,12,43,7,0,59
e87ad81a,10,5,7,3,0,7,15,8,7,3,4,13,23,21,0,26
e92cd3f7,7,5,0,5,2,2,14,12,13,2,11,3,10,13,0,37
ea003d07,5,1,0,3,2,1,6,5,1,0,1,1,6,12,0,24
eac044ad,6,3,3,1,2,1,13,12,6,0,6,9,15,7,0,45
eba42d2b,7,4,3,3,1,4,8,4,4,1,3,3,10,1,0,34
ed79b7d3,15,9,4,6,5,2,16,14,29,5,24,0,15,27,0,47
f0a37d36,42,22,24,15,3,27,40,13,30,10,20,42,84,96,0,196
f26834c7,31,20,7,15,9,14,23,9,20,1,19,5,36,12,0,74
f2dd9a21,57,32,20,32,5,20,52,32,32,5,27,35,92,29,1,154
f35430a4,11,7,9,2,0,9,16,7,22,18,4,26,37,51,1,40
f3722c97,1,0,0,1,0,1,1,0,0,0,0,0,1,0,0,1
f503ef6e,0,0,0,0,0,0,0,0,0,0,0,0,0,0,0,2
f521b80a,26,16,15,10,1,14,24,10,43,32,11,51,77,121,0,185
f5ae006d,1,0,0,0,1,0,1,1,0,0,0,0,1,0,0,0
f69fba57,12,8,2,5,5,2,9,7,6,1,5,5,17,7,0,46
f6bdc830,31,10,16,15,0,10,23,13,26,18,8,36,67,89,2,86
f761c901,2,2,2,0,0,1,1,0,1,0,1,0,2,0,0,2
f7aa75bd,15,10,6,7,2,5,9,4,9,1,8,1,16,19,1,49
f820504e,5,2,2,3,0,1,3,2,2,1,1,2,7,9,0,9
f86ad3f5,50,34,31,17,2,30,62,32,38,17,21,55,105,118,1,166
f86cabbd,7,4,7,0,0,5,8,3,8,2,6,15,22,54,1,43
f93e6e94,11,7,2,6,3,3,21,18,25,1,24,9,20,28,0,29
f9446dcd,7,3,1,5,1,2,9,7,11,0,11,3,10,3,0,84
f956479d,7,5,2,4,1,3,16,13,12,0,12,5,12,6,0,43
f95d2f9d,0,0,0,0,0,0,0,0,0,0,0,0,0,0,0,3
f972644c,17,9,3,12,2,7,23,16,10,0,10,6,23,9,0,103
f99fe221,2,2,2,0,0,0,2,2,2,0,2,0,2,2,0,3
f9acca3a,53,35,27,18,8,23,49,26,26,3,23,25,78,39,1,107
f9e7c4ac,2,1,0,1,1,0,1,1,7,1,6,1,3,4,0,18
fa274d97,9,6,4,3,2,2,11,9,12,4,8,6,15,10,0,55
fa661778,35,19,19,13,3,13,38,25,29,3,26,28,63,47,1,173
fbbc8e15,0,0,0,0,0,0,1,1,0,0,0,1,1,0,0,4
fc0f3ef3,0,0,0,0,0,0,0,0,0,0,0,0,0,0,0,1
fc62fdf4,21,11,13,5,3,11,24,13,5,1,4,11,32,13,0,45
fd53759d,11,6,1,8,2,5,9,4,10,1,9,9,20,2,0,58
fdd60087,2,1,0,1,1,1,1,0,0,0,0,1,3,4,0,6
fe2db476,10,7,6,4,0,5,12,7,5,1,4,5,15,12,0,31
fe46e261,15,7,9,6,0,4,10,6,6,1,5,6,21,16,0,22
fe641c1a,40,30,15,20,5,11,31,20,28,10,18,22,62,15,1,85
fe888e39,14,8,9,5,0,4,12,8,6,2,4,9,23,2,1,45
ff182fdc,3,2,0,0,3,0,2,2,1,0,1,1,4,3,0,13
ff5ea0bf,42,27,24,17,1,15,26,11,17,12,5,33,75,70,0,86
ff98492b,19,10,9,7,3,7,16,9,9,2,7,15,34,10,1,67
ffbbc83b,37,21,21,13,3,19,52,33,38,7,31,51,88,47,1,181
