id,Player,Nation,Pos,Squad,Age,Born,90s,Tkl,TklW,Def 3rd,Mid 3rd,Att 3rd,Tkl.1,Att,Tkl%,Lost,Blocks,Sh,Pass,Int,Tkl+Int,Clr,Err,Matches
1c529186,Ignazio Abate,it ITA,DF,Milan,31,1986,14.5,34,19,16,13,5,14,22,63.6,8,19,6,13,18,52,50,0,Matches
b96b595c,Francesco Acerbi,it ITA,DF,Lazio,30,1988,36.8,40,30,22,13,5,12,16,75.0,4,50,32,18,61,101,169,1,Matches
d7403bd5,Afriyie Acquah,gh GHA,MF,Empoli,26,1992,16.8,27,9,9,12,6,4,11,36.4,7,11,1,10,12,39,16,0,Matches
ce5b170a,Claud Adjapong,it ITA,"MF,FW",Sassuolo,20,1998,3.0,4,2,1,3,0,1,2,50.0,1,3,1,2,1,5,4,0,Matches
06050480,Ali Adnan Kadhim,iq IRQ,DF,Atalanta,24,1993,1.8,1,1,1,0,0,1,2,50.0,1,1,1,0,3,4,6,0,Matches
fe0b8f0e,Emmanuel Agyemang-Badu,gh GHA,MF,Udinese,27,1990,1.8,4,0,1,2,1,1,1,100.0,0,2,0,2,1,5,2,0,Matches
246d153b,Ola Aina,ng NGA,DF,Torino,21,1996,24.0,54,36,32,20,2,23,48,47.9,25,30,3,27,39,93,59,2,Matches
5294a83f,Luis Alberto,es ESP,"MF,FW",Lazio,25,1992,22.1,53,22,15,29,9,21,55,38.2,34,23,3,20,10,63,10,0,Matches
4bd414c1,Raúl Albiol,es ESP,DF,Napoli,32,1985,19.0,16,8,12,4,0,8,15,53.3,7,19,16,3,20,36,90,1,Matches
cc700722,Allan,br BRA,MF,Napoli,27,1991,29.1,106,70,39,55,12,36,107,33.6,71,55,13,42,36,142,28,0,Matches
585a73a8,Bruno Alves,pt POR,DF,Parma,36,1981,32.5,15,8,11,4,0,4,7,57.1,3,36,28,8,29,44,210,0,Matches
e34fc66d,Joachim Andersen,dk DEN,DF,Sampdoria,22,1996,32.0,40,27,31,8,1,19,31,61.3,12,30,15,15,35,75,147,1,Matches
13d820de,Marco Andreolli,it ITA,DF,Cagliari,32,1986,1.2,1,1,1,0,0,1,1,100.0,0,2,1,1,1,2,5,0,Matches
13d820de,Marco Andreolli,it ITA,DF,Chievo,32,1986,7.2,10,6,7,2,1,6,10,60.0,4,4,2,2,6,16,33,0,Matches
bbafc0c4,Cristian Ansaldi,ar ARG,"DF,MF",Torino,31,1986,20.1,50,26,19,21,10,15,30,50.0,15,21,4,17,15,65,31,0,Matches
43a2e16c,Mirco Antenucci,it ITA,FW,SPAL,33,1984,23.7,11,9,5,1,5,1,10,10.0,9,14,0,14,5,16,5,0,Matches
40f0ed6c,Luca Antonelli,it ITA,DF,Empoli,31,1987,8.4,13,11,4,5,4,7,17,41.2,10,19,4,15,16,29,25,1,Matches
0830a4f9,Mauro Antonio Burruchaga,ar ARG,MF,Chievo,20,1998,0.6,2,2,1,1,0,0,2,0.0,2,2,1,1,0,2,3,0,Matches
eb823875,Joaquín Ardaiz,uy URU,FW,Frosinone,19,1999,0.2,0,0,0,0,0,0,0,,0,0,0,0,0,0,0,0,Matches
68b78c2a,Lorenzo Ariaudo,it ITA,DF,Frosinone,29,1989,18.7,20,14,15,4,1,6,10,60.0,4,31,20,11,14,34,103,0,Matches
2f7407fa,Nicolò Armini,it ITA,DF,Lazio,17,2001,0.4,1,1,0,1,0,1,2,50.0,1,1,0,1,0,1,0,0,Matches
089550f5,Kwadwo Asamoah,gh GHA,DF,Inter,29,1988,29.7,44,26,22,14,8,29,51,56.9,22,21,4,17,40,84,46,1,Matches
649b01d8,Emil Audero,it ITA,GK,Sampdoria,21,1997,36.0,4,3,4,0,0,3,3,100.0,0,0,0,0,1,5,21,4,Matches
422ec08a,Khouma Babacar,sn SEN,FW,Sassuolo,25,1993,16.5,7,3,2,5,0,2,10,20.0,8,8,2,6,3,10,25,1,Matches
e8c930bb,Milan Badelj,hr CRO,MF,Lazio,29,1989,12.7,33,20,10,19,4,16,37,43.2,21,27,9,18,33,66,20,1,Matches
59bf127b,Tiemoué Bakayoko,fr FRA,MF,Milan,23,1994,25.6,69,43,22,40,7,26,62,41.9,36,34,5,29,50,119,42,2,Matches
509a4ccb,Keita Baldé,sn SEN,FW,Inter,23,1995,9.9,10,6,4,2,4,2,9,22.2,7,8,0,8,3,13,1,0,Matches
9be4ee80,Andrija Balić,hr CRO,"FW,MF",Udinese,20,1997,0.3,1,0,0,0,1,0,1,0.0,1,0,0,0,0,1,1,0,Matches
0821331c,Mattia Bani,it ITA,DF,Chievo,24,1993,29.0,67,40,46,21,0,27,40,67.5,13,51,35,16,57,124,162,2,Matches
01efac19,Antonín Barák,cz CZE,"MF,FW",Udinese,23,1994,3.7,9,6,4,5,0,2,11,18.2,9,4,0,4,2,11,2,0,Matches
c010b898,Federico Barba,it ITA,DF,Chievo,24,1993,27.6,30,14,21,9,0,8,21,38.1,13,29,15,14,65,95,129,0,Matches
0acda699,Francesco Bardi,it ITA,GK,Frosinone,26,1992,3.0,0,0,0,0,0,0,0,,0,0,0,0,0,0,2,0,Matches
6928979a,Nicolò Barella,it ITA,MF,Cagliari,21,1997,34.5,99,65,38,41,20,30,82,36.6,52,61,2,59,38,137,27,0,Matches
a64cbd35,Antonino Barillà,it ITA,MF,Parma,30,1988,29.1,64,36,40,17,7,19,53,35.8,34,40,13,27,36,100,50,1,Matches
43a1bea5,Édgar Barreto,py PAR,MF,Sampdoria,34,1984,8.7,28,19,15,6,7,10,26,38.5,16,11,3,8,17,45,7,0,Matches
e5bf73f3,Musa Barrow,gm GAM,FW,Atalanta,19,1998,6.7,9,5,5,3,1,4,6,66.7,2,4,0,4,0,9,2,0,Matches
7c0000fd,Andrea Barzagli,it ITA,DF,Juventus,37,1981,2.9,1,1,0,1,0,1,2,50.0,1,2,2,0,4,5,10,0,Matches
ea06dd97,Daniele Baselli,it ITA,MF,Torino,26,1992,26.4,65,45,22,34,9,16,44,36.4,28,30,6,24,34,99,32,0,Matches
75b86fb3,Alessandro Bastoni,it ITA,DF,Parma,19,1999,18.8,25,12,20,5,0,6,15,40.0,9,26,18,8,22,47,96,0,Matches
c01c66d9,Bastos,ao ANG,DF,Lazio,27,1991,12.7,22,17,16,4,2,17,27,63.0,10,16,8,8,7,29,49,1,Matches
438dfc6a,Andrea Beghetto,it ITA,DF,Frosinone,23,1994,24.7,26,14,13,10,3,15,25,60.0,10,20,4,16,17,43,59,0,Matches
d3d758d8,Valon Behrami,ch SUI,MF,Udinese,33,1985,15.1,65,38,25,34,6,18,44,40.9,26,29,12,17,18,83,26,0,Matches
d705ba44,Andrea Belotti,it ITA,FW,Torino,24,1993,36.7,33,22,8,15,10,6,30,20.0,24,36,5,31,15,48,23,0,Matches
0000acda,Marco Benassi,it ITA,MF,Fiorentina,23,1994,25.4,30,19,8,15,7,14,41,34.1,27,16,3,13,9,39,27,1,Matches
3b15ef2d,Medhi Benatia,ma MAR,DF,Juventus,31,1987,5.0,7,6,6,1,0,3,5,60.0,2,10,5,5,16,23,18,0,Matches
db092d3b,Ismaël Bennacer,dz ALG,MF,Empoli,20,1997,32.9,94,57,43,41,10,32,75,42.7,43,38,9,29,57,151,34,0,Matches
3b8674e6,Rodrigo Bentancur,uy URU,MF,Juventus,21,1997,22.3,53,34,22,29,2,18,39,46.2,21,20,8,12,43,96,42,1,Matches
53a0e358,Domenico Berardi,it ITA,"FW,MF",Sassuolo,23,1994,31.9,38,21,16,9,13,15,73,20.5,58,31,2,29,27,65,24,0,Matches
dc1c2fce,Álex Berenguer,es ESP,"MF,DF",Torino,23,1995,16.5,31,20,12,17,2,14,34,41.2,20,20,1,19,8,39,14,0,Matches
61b3978f,Bartosz Bereszyński,pl POL,DF,Sampdoria,26,1992,24.4,46,30,27,15,4,24,51,47.1,27,22,7,15,31,77,76,0,Matches
ee833569,Etrit Berisha,al ALB,GK,Atalanta,29,1989,18.0,0,0,0,0,0,0,2,0.0,2,0,0,0,0,0,5,3,Matches
d5575935,Valon Berisha,xk KVX,"MF,FW",Lazio,25,1993,2.2,8,5,1,6,1,4,6,66.7,2,6,0,6,4,12,3,0,Matches
ee93c1a9,Federico Bernardeschi,it ITA,"MF,FW",Juventus,24,1994,16.4,14,8,5,6,3,7,18,38.9,11,9,0,9,6,20,10,0,Matches
88895312,Daniel Bessa,it ITA,MF,Genoa,25,1993,27.1,60,35,28,23,9,11,39,28.2,28,30,4,26,19,79,16,1,Matches
6b99d135,Jonathan Biabiany,fr FRA,FW,Parma,30,1988,11.9,30,22,18,10,2,9,17,52.9,8,8,1,7,11,41,11,1,Matches
5710a281,Lucas Biglia,ar ARG,MF,Milan,32,1986,12.4,60,33,31,25,4,20,45,44.4,25,19,3,16,22,82,21,1,Matches
9e1577aa,Cristiano Biraghi,it ITA,DF,Fiorentina,25,1992,35.5,52,33,31,17,4,18,38,47.4,20,40,17,23,44,96,113,0,Matches
64cd167d,Davide Biraschi,it ITA,DF,Genoa,24,1994,31.6,58,38,37,19,2,25,42,59.5,17,32,13,19,64,122,107,1,Matches
455a2b79,Valter Birsa,si SVN,"MF,FW",Cagliari,31,1986,3.9,5,3,1,3,1,4,8,50.0,4,5,0,5,4,9,3,0,Matches
455a2b79,Valter Birsa,si SVN,"MF,FW",Chievo,31,1986,12.2,14,9,4,7,3,4,17,23.5,13,9,1,8,6,20,13,0,Matches
f4ec4fd0,Kevin-Prince Boateng,gh GHA,FW,Sassuolo,31,1987,10.4,5,4,0,4,1,1,4,25.0,3,7,3,4,3,8,13,0,Matches
fe012aca,Jeremie Boga,ci CIV,"FW,MF",Sassuolo,21,1997,16.0,7,4,5,1,1,4,14,28.6,10,19,0,19,2,9,4,0,Matches
d995ed27,Giacomo Bonaventura,it ITA,MF,Milan,28,1989,7.2,6,2,2,4,0,2,7,28.6,5,3,0,3,7,13,8,0,Matches
fb77bfef,Kevin Bonifazi,it ITA,DF,SPAL,22,1996,25.6,40,24,31,8,1,15,33,45.5,18,38,21,17,36,76,79,0,Matches
52ec54d0,Leonardo Bonucci,it ITA,DF,Juventus,31,1987,27.5,18,9,11,6,1,10,13,76.9,3,32,21,11,38,56,88,3,Matches
ef5b337e,Fabio Borini,it ITA,"FW,DF",Milan,27,1991,11.7,14,10,7,7,0,3,9,33.3,6,17,0,17,12,26,28,0,Matches
0d077b88,Mehdi Bourabia,ma MAR,MF,Sassuolo,26,1991,22.3,51,28,23,21,7,15,46,32.6,31,28,5,23,33,84,32,0,Matches
605873e1,Filip Bradarić,hr CRO,MF,Cagliari,26,1992,16.6,26,21,11,12,3,10,20,50.0,10,13,3,10,39,65,50,0,Matches
5fd5ed86,Gleison Bremer,br BRA,DF,Torino,21,1997,2.0,3,1,1,2,0,1,2,50.0,1,4,1,3,8,11,9,0,Matches
54c356b0,Nicolò Brighenti,it ITA,DF,Frosinone,28,1989,11.0,27,17,9,15,3,6,14,42.9,8,17,8,9,31,58,37,0,Matches
d417b306,Matteo Brighi,it ITA,MF,Empoli,37,1981,2.6,11,4,2,9,0,2,9,22.2,7,2,0,2,3,14,4,0,Matches
d0643f8f,Enrico Brignola,it ITA,"FW,MF",Sassuolo,19,1999,1.9,2,2,2,0,0,0,2,0.0,2,0,0,0,1,3,1,0,Matches
33b8d077,Marcelo Brozović,hr CRO,MF,Inter,25,1992,29.4,101,70,47,40,14,31,86,36.0,55,45,8,37,44,145,32,3,Matches
806f7a26,Rafael Cabral,br BRA,GK,Sampdoria,28,1990,2.0,0,0,0,0,0,0,0,,0,0,0,0,0,0,0,0,Matches
00b0bb87,Fabrizio Cacciatore,it ITA,DF,Cagliari,31,1986,6.4,9,7,7,0,2,1,5,20.0,4,6,4,2,7,16,17,0,Matches
00b0bb87,Fabrizio Cacciatore,it ITA,DF,Chievo,31,1986,5.5,8,4,6,2,0,4,9,44.4,5,8,2,6,5,13,20,0,Matches
e94d79e3,Martín Cáceres,uy URU,DF,Lazio,31,1987,3.4,4,2,3,1,0,4,6,66.7,2,4,0,4,0,4,12,1,Matches
e94d79e3,Martín Cáceres,uy URU,DF,Juventus,31,1987,7.0,7,3,6,0,1,4,4,100.0,0,6,3,3,4,11,14,0,Matches
93b891d1,Felipe Caicedo,ec ECU,FW,Lazio,29,1988,15.2,16,12,4,6,6,1,8,12.5,7,9,2,7,5,21,5,0,Matches
34bb6fbd,Arturo Calabresi,it ITA,DF,Bologna,22,1996,15.7,46,27,22,17,7,22,40,55.0,18,18,3,15,34,80,60,0,Matches
2146785a,Davide Calabria,it ITA,DF,Milan,21,1996,21.7,79,51,58,16,5,37,67,55.2,30,33,1,32,32,111,78,1,Matches
cd0fa27b,Hakan Çalhanoğlu,tr TUR,"MF,FW",Milan,24,1994,32.0,52,31,27,16,9,23,46,50.0,23,27,5,22,28,80,19,0,Matches
78841da9,José Callejón,es ESP,"MF,FW",Napoli,31,1987,29.4,34,18,12,14,8,18,57,31.6,39,34,5,29,22,56,11,0,Matches
895ff3ca,Joel Campbell,cr CRC,"FW,MF",Frosinone,26,1992,9.9,15,10,5,8,2,3,17,17.6,14,2,0,2,3,18,2,1,Matches
a65ce836,Emre Can,de GER,MF,Juventus,24,1994,20.1,64,38,28,27,9,24,40,60.0,16,43,13,30,28,92,36,2,Matches
bd6351cd,João Cancelo,pt POR,DF,Juventus,24,1994,21.9,43,28,18,18,7,27,49,55.1,22,14,4,10,15,58,48,0,Matches
356c9002,Antonio Candreva,it ITA,"FW,MF",Inter,31,1987,5.6,1,1,0,1,0,1,8,12.5,7,0,0,0,4,5,9,0,Matches
28237d7e,Luan Capanni,br BRA,FW,Lazio,18,2000,0.1,1,1,0,0,1,0,0,,0,0,0,0,0,1,0,0,Matches
07ea0ef2,Leonardo Capezzi,it ITA,MF,Empoli,23,1995,8.6,14,9,6,8,0,7,13,53.8,6,14,4,10,10,24,13,0,Matches
54e53b7e,Gianluca Caprari,it ITA,"FW,MF",Sampdoria,25,1993,11.5,15,9,4,9,2,5,12,41.7,7,7,0,7,4,19,3,0,Matches
616aea37,Marco Capuano,it ITA,DF,Frosinone,26,1991,25.6,53,33,37,15,1,26,46,56.5,20,44,31,13,34,87,101,2,Matches
5bd72174,Francesco Caputo,it ITA,FW,Empoli,30,1987,38.0,13,9,2,4,7,3,10,30.0,7,11,1,10,2,15,11,0,Matches
96960855,Francesco Cassata,it ITA,MF,Frosinone,21,1997,12.5,20,11,12,4,4,9,23,39.1,14,8,1,7,6,26,15,1,Matches
197640fd,Timothy Castagne,be BEL,DF,Atalanta,22,1995,22.3,61,39,30,22,9,32,57,56.1,25,32,6,26,28,89,50,0,Matches
130a7a3f,Samu Castillejo,es ESP,"FW,MF",Milan,23,1995,11.4,15,10,10,2,3,4,25,16.0,21,16,0,16,8,23,11,0,Matches
56b2957b,Lucas Castro,ar ARG,MF,Cagliari,29,1989,10.0,18,11,8,8,2,8,23,34.8,15,20,4,16,17,35,6,0,Matches
ba3d3bea,Danilo Cataldi,it ITA,"MF,FW",Lazio,23,1994,6.4,12,7,4,5,3,2,9,22.2,7,3,0,3,7,19,6,0,Matches
d9624b51,Federico Ceccherini,it ITA,DF,Fiorentina,26,1992,11.0,13,10,8,3,2,5,9,55.6,4,12,8,4,21,34,40,0,Matches
868c6958,Žan Celar,si SVN,FW,Roma,19,1999,0.1,0,0,0,0,0,0,0,,0,0,0,0,0,0,0,0,Matches
7d50454d,Luca Ceppitelli,it ITA,DF,Cagliari,28,1989,22.8,40,24,28,11,1,13,22,59.1,9,34,24,10,20,60,111,2,Matches
4cc93246,Fabio Ceravolo,it ITA,FW,Parma,31,1987,13.2,5,1,2,1,2,1,11,9.1,10,9,1,8,2,7,19,0,Matches
1079c685,Alberto Cerri,it ITA,FW,Cagliari,22,1996,7.4,3,2,2,1,0,0,7,0.0,7,7,1,6,2,5,4,0,Matches
c1d18f10,Boštjan Cesar,si SVN,DF,Chievo,36,1982,12.0,16,10,9,7,0,7,17,41.2,10,14,8,6,14,30,60,2,Matches
aa5a409a,Raman Chibsah,gh GHA,MF,Frosinone,25,1993,29.1,46,27,25,19,2,16,54,29.6,38,45,10,35,32,78,28,1,Matches
e85fb9b8,Giorgio Chiellini,it ITA,DF,Juventus,33,1984,22.1,24,13,20,2,2,5,8,62.5,3,22,15,7,30,54,96,1,Matches
b0f7e36c,Federico Chiesa,it ITA,FW,Fiorentina,20,1997,33.7,46,27,8,17,21,10,40,25.0,30,24,1,23,10,56,12,0,Matches
c316607a,Vlad Chiricheș,ro ROU,DF,Napoli,28,1989,1.6,2,1,1,1,0,0,2,0.0,2,2,2,0,1,3,2,0,Matches
2114abf9,Camillo Ciano,it ITA,"FW,MF",Frosinone,28,1990,27.3,33,15,12,10,11,8,50,16.0,42,28,4,24,8,41,16,0,Matches
1ab0b878,Amato Ciciretti,it ITA,"FW,MF",Parma,24,1993,1.5,1,0,1,0,0,0,0,,0,3,0,3,3,4,0,0,Matches
ae64d449,Luca Cigarini,it ITA,MF,Cagliari,32,1986,18.7,54,33,27,22,5,28,63,44.4,35,28,5,23,26,80,41,0,Matches
b09a3ecc,Daniel Ciofani,it ITA,FW,Frosinone,33,1985,18.0,8,6,2,5,1,3,7,42.9,4,4,0,4,3,11,9,0,Matches
46f5c54d,Thiago Cionek,pl POL,DF,SPAL,32,1986,28.2,75,44,46,25,4,29,56,51.8,27,34,22,12,55,130,144,0,Matches
8b95acda,Omar Colley,gm GAM,DF,Sampdoria,25,1992,19.6,18,11,12,6,0,12,13,92.3,1,24,16,8,22,40,102,0,Matches
8cabdc1e,Andrea Consigli,it ITA,GK,Sassuolo,31,1987,35.7,0,0,0,0,0,0,2,0.0,2,0,0,0,1,1,15,6,Matches
8fef5412,Andrea Conti,it ITA,DF,Milan,24,1994,5.6,9,5,3,4,2,2,9,22.2,7,4,0,4,15,24,12,1,Matches
091795f2,Gabriele Corbo,it ITA,DF,Bologna,18,2000,0.1,0,0,0,0,0,0,0,,0,0,0,0,0,0,0,0,Matches
2d3f7367,Ante Ćorić,hr CRO,MF,Roma,21,1997,0.3,0,0,0,0,0,0,0,,0,0,0,0,0,0,0,0,Matches
45b9b619,Joaquín Correa,ar ARG,"FW,MF",Lazio,23,1994,21.4,21,13,6,12,3,5,18,27.8,13,14,3,11,2,23,7,0,Matches
4fa7cb9b,Douglas Costa,br BRA,"FW,MF",Juventus,27,1990,6.9,10,8,2,8,0,4,9,44.4,5,8,0,8,4,14,2,0,Matches
00528660,Filippo Costa,it ITA,"DF,FW",SPAL,23,1995,6.3,15,13,6,6,3,4,9,44.4,5,10,3,7,8,23,31,1,Matches
f554e29b,Alessio Cragno,it ITA,GK,Cagliari,24,1994,38.0,0,0,0,0,0,0,1,0.0,1,0,0,0,2,2,19,1,Matches
35dd6d80,Domenico Criscito,it ITA,DF,Genoa,31,1986,34.1,111,75,64,36,11,57,83,68.7,26,40,11,29,70,181,142,0,Matches
f54dfca8,Lorenzo Crisetig,it ITA,MF,Frosinone,25,1993,5.6,14,11,4,8,2,6,15,40.0,9,8,3,5,12,26,12,0,Matches
16657b95,Bryan Cristante,it ITA,MF,Roma,23,1995,26.9,63,34,21,35,7,19,49,38.8,30,37,5,32,29,92,48,0,Matches
b6667741,Alessio da Cruz,cv CPV,"FW,MF",Parma,21,1997,1.6,2,1,0,2,0,0,1,0.0,1,0,0,0,0,2,0,0,Matches
0ab1f153,Juan Cuadrado,co COL,"MF,DF",Juventus,30,1988,13.6,20,15,6,9,5,5,23,21.7,18,14,3,11,18,38,11,0,Matches
a4fe8cda,Patrick Cutrone,it ITA,FW,Milan,20,1998,16.2,9,5,0,3,6,2,16,12.5,14,13,2,11,7,16,13,0,Matches
060606ec,Marco D'Alessandro,it ITA,DF,Udinese,27,1991,16.6,55,34,34,15,6,29,49,59.2,20,24,2,22,9,64,50,1,Matches
44eb9093,Danilo D'Ambrosio,it ITA,DF,Inter,29,1988,28.7,69,40,34,27,8,24,57,42.1,33,25,8,17,27,96,39,0,Matches
c53083ad,Bryan Dabo,bf BFA,"MF,DF",Fiorentina,26,1992,9.2,10,6,1,8,1,1,6,16.7,5,11,6,5,10,20,21,0,Matches
8cea6319,Felipe dal Belo,br BRA,DF,SPAL,34,1984,26.2,36,25,21,13,2,16,32,50.0,16,29,18,11,17,53,88,1,Matches
59a3efba,Nicola Dalmonte,it ITA,"FW,MF",Genoa,20,1997,0.5,2,2,0,2,0,0,0,,0,0,0,0,0,2,0,0,Matches
54e0c0cc,Vitalie Damașcan,md MDA,MF,Torino,19,1999,0.0,1,1,0,1,0,1,1,100.0,0,0,0,0,0,1,0,0,Matches
952a03fe,Sebastien De Maio,fr FRA,DF,Udinese,31,1987,13.0,11,7,7,4,0,3,12,25.0,9,22,17,5,12,23,93,0,Matches
952a03fe,Sebastien De Maio,fr FRA,DF,Bologna,31,1987,5.5,5,4,3,2,0,1,2,50.0,1,8,5,3,1,6,32,0,Matches
162efffd,Rodrigo De Paul,ar ARG,"MF,FW",Udinese,24,1994,35.4,53,33,21,27,5,13,42,31.0,29,35,2,33,32,85,28,0,Matches
532d2690,Daniele De Rossi,it ITA,MF,Roma,35,1983,14.1,16,10,6,7,3,3,14,21.4,11,18,12,6,26,42,33,0,Matches
ae4e2852,Mattia De Sciglio,it ITA,DF,Juventus,25,1992,19.4,40,28,24,14,2,17,28,60.7,11,18,6,12,26,66,58,1,Matches
e74f0e59,Lorenzo De Silvestri,it ITA,DF,Torino,30,1988,26.8,15,11,8,5,2,7,24,29.2,17,53,3,50,22,37,69,2,Matches
854ee61a,Grégoire Defrel,mq MTQ,"FW,MF",Sampdoria,27,1991,26.0,40,29,10,16,14,9,21,42.9,12,15,0,15,3,43,9,0,Matches
7f267d66,Alessandro Deiola,it ITA,MF,Cagliari,22,1995,5.0,7,3,1,6,0,3,13,23.1,10,14,0,14,6,13,8,0,Matches
7f267d66,Alessandro Deiola,it ITA,"MF,FW",Parma,22,1995,6.1,12,8,4,7,1,4,10,40.0,6,15,4,11,11,23,10,0,Matches
b0243215,Cristian Dell'Orco,it ITA,DF,Empoli,24,1994,11.5,18,11,11,5,2,4,11,36.4,7,13,7,6,17,35,44,0,Matches
b0243215,Cristian Dell'Orco,it ITA,DF,Sassuolo,24,1994,1.2,1,1,1,0,0,1,3,33.3,2,1,0,1,1,2,3,0,Matches
e3cceee6,Merih Demiral,tr TUR,DF,Sassuolo,20,1998,14.0,24,16,23,1,0,10,13,76.9,3,16,11,5,19,43,80,0,Matches
d97f2e8d,Fabio Depaoli,it ITA,DF,Chievo,21,1997,27.4,74,43,37,32,5,34,67,50.7,33,42,16,26,35,109,99,3,Matches
13c8e5f6,Kiril Despodov,bg BUL,"FW,MF",Cagliari,21,1996,1.2,0,0,0,0,0,0,1,0.0,1,1,0,1,0,0,0,0,Matches
02b2937c,Daniele Dessena,it ITA,MF,Cagliari,31,1987,3.9,2,2,0,2,0,1,3,33.3,2,3,1,2,3,5,5,0,Matches
d7d32194,Mattia Destro,it ITA,FW,Bologna,27,1991,5.5,3,2,2,0,1,0,0,,0,4,0,4,0,3,6,0,Matches
e921b9db,Jacopo Dezi,it ITA,MF,Parma,26,1992,1.0,1,1,1,0,0,0,1,0.0,1,1,0,1,3,4,2,0,Matches
1fca9171,Federico Di Francesco,it ITA,"FW,MF",Sassuolo,24,1994,11.9,10,6,3,4,3,4,7,57.1,3,12,1,11,5,15,5,0,Matches
434b8c73,Antonio Di Gaudio,it ITA,FW,Parma,28,1989,7.8,2,0,0,1,1,1,5,20.0,4,6,1,5,3,5,5,0,Matches
230a2fac,Giovanni Di Lorenzo,it ITA,"DF,FW",Empoli,24,1993,37.0,66,43,38,23,5,24,44,54.5,20,34,13,21,36,102,93,3,Matches
bf309d24,Amadou Diawara,gn GUI,MF,Napoli,21,1997,7.3,12,4,1,9,2,4,5,80.0,1,6,0,6,11,23,12,0,Matches
12851227,Lorenzo Dickmann,it ITA,"DF,MF",SPAL,21,1996,1.9,5,4,4,1,0,5,7,71.4,2,0,0,0,1,6,5,0,Matches
0a3065c8,Mitchell Dijks,nl NED,DF,Bologna,25,1993,22.5,30,18,19,7,4,13,36,36.1,23,18,1,17,23,53,49,0,Matches
970b8574,Federico Dimarco,it ITA,"DF,MF",Parma,20,1997,9.9,22,7,10,8,4,10,20,50.0,10,13,6,7,15,37,27,0,Matches
a74d2999,Federico Dionisi,it ITA,"FW,MF",Frosinone,31,1987,2.3,3,1,0,2,1,0,2,0.0,2,0,0,0,0,3,0,0,Matches
7f622eef,Assane Dioussé,sn SEN,MF,Chievo,20,1997,9.9,24,16,11,8,5,10,23,43.5,13,14,4,10,19,43,13,2,Matches
933d3b51,Koffi Djidji,ci CIV,DF,Torino,25,1992,15.4,37,23,27,9,1,12,20,60.0,8,26,19,7,24,61,72,1,Matches
6eee05f1,Berat Djimsiti,al ALB,DF,Atalanta,25,1993,20.1,32,22,18,12,2,13,29,44.8,16,21,11,10,34,66,96,0,Matches
b8673e18,Johan Djourou,ch SUI,DF,SPAL,31,1987,3.1,3,1,3,0,0,2,2,100.0,0,5,3,2,4,7,20,0,Matches
08f5afaa,Gianluigi Donnarumma,it ITA,GK,Milan,19,1999,34.3,1,1,1,0,0,1,2,50.0,1,0,0,0,1,2,13,3,Matches
384dd218,Godfred Donsah,gh GHA,MF,Bologna,22,1996,1.7,3,1,3,0,0,3,5,60.0,2,4,2,2,0,3,7,0,Matches
c1bcb2df,Riccardo Doratiotto,it ITA,FW,Cagliari,19,1999,0.9,1,1,0,0,1,0,0,,0,0,0,0,0,1,0,0,Matches
085e71a7,Bartłomiej Drągowski,pl POL,GK,Fiorentina,20,1997,2.5,0,0,0,0,0,0,0,,0,0,0,0,0,0,2,0,Matches
085e71a7,Bartłomiej Drągowski,pl POL,GK,Empoli,20,1997,14.0,0,0,0,0,0,0,1,0.0,1,0,0,0,0,0,7,1,Matches
528492ea,Alfred Duncan,gh GHA,MF,Sassuolo,25,1993,20.5,33,21,15,15,3,19,48,39.6,29,20,6,14,15,48,18,0,Matches
e5cd9da6,Riza Durmisi,dk DEN,DF,Lazio,24,1994,3.6,4,4,2,0,2,2,3,66.7,1,0,0,0,1,5,9,0,Matches
e0921a4f,Paulo Dybala,ar ARG,"FW,MF",Juventus,24,1993,23.7,17,8,3,9,5,7,23,30.4,16,20,2,18,14,31,1,0,Matches
3bb7f478,Edin Džeko,ba BIH,FW,Roma,32,1986,28.7,13,7,3,5,5,4,16,25.0,12,10,1,9,0,13,36,1,Matches
756959aa,Blerim Džemaili,ch SUI,MF,Bologna,32,1986,19.4,44,27,22,19,3,19,58,32.8,39,22,1,21,17,61,12,1,Matches
8697c095,Simone Edera,it ITA,MF,Torino,21,1997,0.9,0,0,0,0,0,0,1,0.0,1,1,0,1,1,1,0,0,Matches
8697c095,Simone Edera,it ITA,FW,Bologna,21,1997,2.2,4,4,3,0,1,1,3,33.3,2,5,1,4,0,4,1,0,Matches
f503ea63,Albin Ekdal,se SWE,MF,Sampdoria,29,1989,29.4,61,39,16,38,7,37,68,54.4,31,42,12,30,53,114,62,1,Matches
ae82fa48,Valentin Eysseric,fr FRA,"FW,MF",Fiorentina,26,1992,4.0,6,5,3,2,1,2,4,50.0,2,6,1,5,4,10,1,0,Matches
a39b9ef6,Diego Falcinelli,it ITA,FW,Bologna,27,1991,7.8,8,5,1,3,4,2,3,66.7,1,4,1,3,1,9,5,0,Matches
440c84ed,Iago Falque,es ESP,"FW,MF",Torino,28,1990,17.9,13,8,3,8,2,3,16,18.8,13,14,0,14,3,16,2,0,Matches
9085dd7c,Paolo Faragò,it ITA,"MF,DF",Cagliari,25,1993,18.9,46,29,20,16,10,13,43,30.2,30,28,2,26,15,61,38,0,Matches
b7a5bc86,Mohamed Fares,dz ALG,DF,SPAL,22,1996,32.8,63,43,37,18,8,25,54,46.3,29,48,4,44,54,117,83,2,Matches
157d29b6,Diego Farias,br BRA,FW,Empoli,28,1990,13.3,11,4,2,8,1,3,10,30.0,7,7,1,6,0,11,4,0,Matches
157d29b6,Diego Farias,br BRA,FW,Cagliari,28,1990,7.8,13,9,3,7,3,2,11,18.2,9,7,1,6,1,14,5,0,Matches
44510fde,Andrea Favilli,it ITA,"FW,DF",Genoa,21,1997,1.9,1,1,0,0,1,0,1,0.0,1,1,0,1,0,1,1,0,Matches
4e358a2d,Federico Fazio,ar ARG,DF,Roma,31,1987,31.2,28,20,14,11,3,12,25,48.0,13,45,33,12,53,81,171,2,Matches
15d0c248,Luiz Felipe,it ITA,DF,Lazio,21,1997,14.3,27,18,20,7,0,13,20,65.0,7,27,15,12,26,53,57,1,Matches
3bb625ac,Edimilson Fernandes,ch SUI,MF,Fiorentina,22,1996,21.9,36,24,17,16,3,14,36,38.9,22,31,6,25,26,62,31,0,Matches
d0dbca9f,Alex Ferrari,it ITA,DF,Sampdoria,24,1994,6.0,10,8,4,6,0,5,7,71.4,2,7,4,3,9,19,26,0,Matches
df301450,Sergio Floccari,it ITA,FW,SPAL,36,1981,10.8,13,5,1,5,7,1,7,14.3,6,6,2,4,2,15,6,0,Matches
e288d4b3,Alessandro Florenzi,it ITA,"DF,FW",Roma,27,1991,24.2,38,21,22,11,5,17,37,45.9,20,27,5,22,46,84,58,0,Matches
5313ed43,Seko Fofana,ci CIV,MF,Udinese,23,1995,29.3,25,13,14,10,1,6,36,16.7,30,20,7,13,29,54,18,3,Matches
71dac2c2,Pierluigi Frattali,it ITA,GK,Parma,32,1985,1.0,0,0,0,0,0,0,0,,0,0,0,0,0,0,1,0,Matches
98d2c2c4,Remo Freuler,ch SUI,MF,Atalanta,26,1992,33.6,84,45,34,34,16,30,70,42.9,40,62,12,50,38,122,45,0,Matches
6378443d,Nicolas Frey,fr FRA,DF,Chievo,34,1984,2.5,3,1,2,1,0,0,3,0.0,3,3,3,0,7,10,18,0,Matches
8f866fe8,Manolo Gabbiadini,it ITA,FW,Sampdoria,26,1991,9.0,5,2,1,3,1,3,11,27.3,8,6,1,5,4,9,4,0,Matches
3b387cc7,Gianluca Gaetano,it ITA,"MF,FW",Napoli,18,2000,0.1,0,0,0,0,0,0,0,,0,0,0,0,0,0,0,0,Matches
ce30bfc8,Roberto Gagliardini,it ITA,MF,Inter,24,1994,12.1,23,14,13,8,2,10,27,37.0,17,21,3,18,16,39,19,0,Matches
173061c0,Riccardo Gagliolo,se SWE,DF,Parma,28,1990,33.8,69,45,52,15,2,33,68,48.5,35,60,33,27,66,135,213,2,Matches
93390969,Marcello Gazzola,it ITA,"DF,MF",Parma,33,1985,10.2,9,4,2,5,2,5,9,55.6,4,6,3,3,4,13,33,0,Matches
8827bf46,Gerson,br BRA,"MF,FW",Fiorentina,21,1997,27.0,42,26,22,15,5,12,38,31.6,26,46,9,37,16,58,32,0,Matches
e468c053,Gervinho,ci CIV,FW,Parma,31,1987,25.6,19,12,11,5,3,5,13,38.5,8,7,0,7,10,29,2,0,Matches
71dc23da,Paolo Ghiglione,it ITA,DF,Frosinone,21,1997,5.7,8,4,6,1,1,6,14,42.9,8,2,0,2,4,12,22,0,Matches
c5adc293,Faouzi Ghoulam,dz ALG,DF,Napoli,27,1991,12.8,9,7,3,5,1,8,9,88.9,1,6,2,4,8,17,17,0,Matches
1c50f354,Emanuele Giaccherini,it ITA,"MF,FW",Chievo,33,1985,22.3,14,8,5,7,2,6,31,19.4,25,21,2,19,16,30,10,2,Matches
635b0bae,Massimo Gobbi,it ITA,DF,Parma,37,1980,13.1,14,7,5,5,4,8,25,32.0,17,16,8,8,9,23,48,0,Matches
4b029b31,Edoardo Goldaniga,it ITA,DF,Frosinone,24,1993,29.0,43,28,34,7,2,19,32,59.4,13,29,16,13,57,100,119,0,Matches
f0f7f62f,Pierluigi Gollini,it ITA,GK,Atalanta,23,1995,20.0,2,2,2,0,0,1,2,50.0,1,0,0,0,0,2,3,2,Matches
6e4df551,Papu Gómez,ar ARG,"MF,FW",Atalanta,30,1988,32.2,19,14,5,10,4,6,30,20.0,24,21,0,21,16,35,4,0,Matches
cecbce23,Alfred Gomis,sn SEN,GK,SPAL,24,1993,19.2,0,0,0,0,0,0,1,0.0,1,0,0,0,1,1,14,1,Matches
117beb8f,Giancarlo González,cr CRC,DF,Bologna,30,1988,8.3,13,7,12,1,0,5,9,55.6,4,15,11,4,12,25,42,0,Matches
7d86864c,Mirko Gori,it ITA,MF,Frosinone,25,1993,3.7,16,13,7,9,0,5,16,31.3,11,2,0,2,4,20,9,0,Matches
2d970560,Robin Gosens,de GER,"DF,MF",Atalanta,24,1994,21.6,63,46,32,26,5,37,54,68.5,17,41,3,38,38,101,60,0,Matches
94230890,Paolo Gozzi Iweru,it ITA,DF,Juventus,17,2001,1.0,3,2,2,1,0,0,0,,0,0,0,0,3,6,3,0,Matches
6cc97b6a,Alberto Grassi,it ITA,MF,Parma,23,1995,5.1,20,12,7,10,3,2,10,20.0,8,8,2,6,8,28,10,0,Matches
a1bedc05,Sergej Grubac,me MNE,FW,Chievo,18,2000,1.7,2,1,1,0,1,1,1,100.0,0,1,0,1,0,2,1,0,Matches
77e401c7,Guido Guerrieri,it ITA,GK,Lazio,22,1996,1.0,0,0,0,0,0,0,0,,0,0,0,0,0,0,2,0,Matches
f1f1f238,Koray Günter,de GER,DF,Genoa,23,1994,9.3,18,13,13,3,2,9,16,56.3,7,9,7,2,18,36,34,0,Matches
86015b20,Emil Hallfreðsson,is ISL,MF,Udinese,34,1984,1.5,0,0,0,0,0,0,1,0.0,1,1,1,0,3,3,4,0,Matches
86015b20,Emil Hallfreðsson,is ISL,MF,Frosinone,34,1984,4.4,10,6,5,4,1,0,9,0.0,9,4,1,3,2,12,3,0,Matches
e6ad16b2,Marek Hamšík,sk SVK,MF,Napoli,31,1987,10.2,7,5,2,4,1,0,11,0.0,11,8,1,7,12,19,14,1,Matches
4fac8f81,Dávid Hancko,sk SVK,DF,Fiorentina,20,1997,3.1,7,6,4,3,0,6,9,66.7,3,3,1,2,3,10,12,0,Matches
74419746,Samir Handanović,si SVN,GK,Inter,34,1984,38.0,1,0,1,0,0,1,1,100.0,0,0,0,0,0,1,12,1,Matches
3b333ac3,Hans Hateboer,nl NED,DF,Atalanta,24,1994,33.0,43,31,19,19,5,17,34,50.0,17,29,5,24,23,66,47,1,Matches
27f0ddef,Filip Helander,se SWE,DF,Bologna,25,1993,19.0,42,26,25,13,4,19,23,82.6,4,27,16,11,14,56,84,0,Matches
f45f9427,Dalbert Henrique,br BRA,DF,Inter,24,1993,8.6,33,24,18,14,1,12,21,57.1,9,9,3,6,8,41,20,0,Matches
90b70194,Përparim Hetemaj,fi FIN,MF,Chievo,31,1986,24.0,53,27,27,23,3,20,68,29.4,48,25,1,24,30,83,24,2,Matches
8a08491a,Gonzalo Higuaín,ar ARG,FW,Milan,30,1987,14.2,8,6,1,5,2,5,13,38.5,8,3,0,3,0,8,11,1,Matches
98e958af,Oscar Hiljemark,se SWE,MF,Genoa,26,1992,13.3,16,9,8,7,1,5,16,31.3,11,13,3,10,13,29,14,0,Matches
f2c1300a,Vitor Hugo,br BRA,DF,Fiorentina,27,1991,27.4,64,42,38,25,1,17,27,63.0,10,28,13,15,74,138,141,2,Matches
2f3452eb,Elseid Hysaj,al ALB,DF,Napoli,24,1994,23.4,40,28,22,15,3,25,49,51.0,24,11,3,8,24,64,51,0,Matches
63071a3f,Simone Iacoponi,it ITA,DF,Parma,31,1987,37.2,62,43,50,11,1,27,47,57.4,20,40,26,14,37,99,178,3,Matches
82efe6fa,Roger Ibanez,br BRA,"DF,FW",Atalanta,19,1998,0.0,0,0,0,0,0,0,0,,0,0,0,0,0,0,1,0,Matches
43b78598,Mauro Icardi,ar ARG,FW,Inter,25,1993,25.2,9,8,2,2,5,1,6,16.7,5,4,1,3,3,12,20,1,Matches
514f0896,Salvador Ichazo,uy URU,GK,Torino,26,1992,2.8,0,0,0,0,0,0,0,,0,0,0,0,0,0,0,0,Matches
68252d6d,Josip Iličić,si SVN,"FW,MF",Atalanta,30,1988,23.8,15,7,2,7,6,5,20,25.0,15,20,1,19,5,20,2,0,Matches
4431aed2,Ciro Immobile,it ITA,FW,Lazio,28,1990,31.8,12,6,4,3,5,4,9,44.4,5,18,1,17,1,13,8,0,Matches
4133cfcf,Svante Ingelsson,se SWE,"DF,MF",Udinese,20,1998,1.1,1,1,1,0,0,0,0,,0,2,0,2,0,1,4,0,Matches
6c1f7328,Roberto Inglese,it ITA,FW,Parma,26,1991,21.8,20,14,7,7,6,1,13,7.7,12,26,2,24,6,26,27,0,Matches
2f557579,Lorenzo Insigne,it ITA,"FW,MF",Napoli,27,1991,23.0,14,4,5,6,3,6,18,33.3,12,7,0,7,8,22,3,0,Matches
cedb3e36,Artur Ioniță,md MDA,MF,Cagliari,27,1990,33.0,67,38,23,31,13,16,57,28.1,41,40,5,35,27,94,30,0,Matches
89976232,Armando Izzo,it ITA,DF,Torino,26,1992,36.3,76,50,35,35,6,33,53,62.3,20,52,24,28,88,164,149,2,Matches
85ea4399,Jandrei,br BRA,GK,Genoa,25,1993,1.0,0,0,0,0,0,0,1,0.0,1,0,0,0,0,0,0,0,Matches
9866afec,Marko Janković,me MNE,"DF,MF",SPAL,23,1995,0.6,3,1,2,1,0,0,2,0.0,2,0,0,0,0,3,0,0,Matches
1ea5f91c,Jakub Jankto,cz CZE,MF,Sampdoria,22,1996,10.7,7,4,5,2,0,4,15,26.7,11,18,2,16,9,16,16,0,Matches
958a601f,Paweł Jaroszyński,pl POL,DF,Chievo,23,1994,15.0,29,18,17,8,4,16,32,50.0,16,15,4,11,24,53,41,1,Matches
79083382,Juan Jesus,br BRA,DF,Roma,27,1991,15.6,37,29,30,5,2,17,30,56.7,13,20,12,8,16,53,41,0,Matches
41ff002d,Bruno Jordão,pt POR,"MF,DF",Lazio,19,1998,1.0,4,3,2,1,1,1,3,33.3,2,1,0,1,0,4,2,0,Matches
570bb4b9,Hamed Junior Traorè,ci CIV,MF,Empoli,18,2000,25.1,67,38,26,32,9,27,72,37.5,45,29,4,25,30,97,17,0,Matches
7737dee2,Musa Juwara,gm GAM,FW,Chievo,16,2001,0.1,0,0,0,0,0,0,0,,0,0,0,0,1,1,0,0,Matches
8b66d9cc,Yann Karamoh,fr FRA,"FW,MF",Inter,20,1998,0.1,0,0,0,0,0,0,0,,0,0,0,0,0,0,0,0,Matches
550985aa,Ibrahim Karamoko,fr FRA,MF,Chievo,17,2001,0.7,0,0,0,0,0,0,0,,0,1,0,1,0,0,1,0,Matches
85b011bb,Orestis Karnezis,gr GRE,GK,Napoli,33,1985,9.0,0,0,0,0,0,0,0,,0,0,0,0,0,0,3,0,Matches
9f84febe,Rick Karsdorp,nl NED,DF,Roma,23,1995,6.6,9,6,3,5,1,5,11,45.5,6,4,2,2,12,21,12,1,Matches
2a82aa85,Grigoris Kastanos,cy CYP,MF,Juventus,20,1998,0.7,3,1,3,0,0,0,0,,0,3,1,2,0,3,0,0,Matches
3d50bcdb,Moise Kean,it ITA,FW,Juventus,18,2000,6.0,0,0,0,0,0,0,1,0.0,1,1,0,1,2,2,1,0,Matches
05e19d6a,Franck Kessié,ci CIV,MF,Milan,21,1996,33.5,42,27,16,20,6,18,38,47.4,20,35,10,25,27,69,53,2,Matches
38ac43d3,Sami Khedira,de GER,MF,Juventus,31,1987,7.8,10,9,6,2,2,5,9,55.6,4,8,3,5,5,15,6,0,Matches
ce1806be,Sofian Kiyine,ma MAR,"MF,DF",Chievo,20,1997,9.1,28,13,11,14,3,9,18,50.0,9,10,0,10,10,38,4,0,Matches
008a6e6d,Ragnar Klavan,ee EST,DF,Cagliari,32,1985,13.7,9,8,5,3,1,5,11,45.5,6,19,13,6,10,19,68,1,Matches
4c3a6744,Justin Kluivert,nl NED,FW,Roma,19,1999,14.9,28,27,12,9,7,10,23,43.5,13,17,0,17,7,35,12,0,Matches
eda40760,Aleksandar Kolarov,rs SRB,DF,Roma,32,1985,32.3,38,26,22,10,6,21,34,61.8,13,23,15,8,41,79,82,2,Matches
58e933d2,Christian Kouamé,ci CIV,FW,Genoa,20,1997,34.1,31,22,8,16,7,2,13,15.4,11,23,3,20,25,56,28,0,Matches
da974c7b,Kalidou Koulibaly,sn SEN,DF,Napoli,27,1991,34.8,61,40,37,22,2,19,36,52.8,17,55,33,22,40,101,144,0,Matches
be5e1c4c,Dawid Kownacki,pl POL,FW,Sampdoria,21,1997,1.9,2,1,0,1,1,1,4,25.0,3,0,0,0,0,2,0,0,Matches
2b71b88a,Luka Krajnc,si SVN,DF,Frosinone,23,1994,8.8,10,8,6,3,1,5,6,83.3,1,11,3,8,11,21,42,0,Matches
58027adc,Ladislav Krejčí,cz CZE,"DF,MF",Bologna,26,1992,11.8,16,12,6,9,1,7,12,58.3,5,8,2,6,6,22,18,0,Matches
817c6964,Rade Krunić,ba BIH,MF,Empoli,24,1993,30.8,38,23,21,14,3,14,41,34.1,27,35,12,23,24,62,32,0,Matches
5aaef9ef,Juraj Kucka,sk SVK,MF,Parma,31,1987,17.1,51,32,17,29,5,19,53,35.8,34,27,7,20,17,68,37,1,Matches
df3cda47,Dejan Kulusevski,se SWE,MF,Atalanta,18,2000,1.2,3,3,0,2,1,1,3,33.3,2,1,0,1,0,3,0,0,Matches
144607cc,Jasmin Kurtić,si SVN,MF,SPAL,29,1989,28.4,35,20,19,13,3,13,41,31.7,28,30,3,27,20,55,52,0,Matches
822a7761,Antonino La Gumina,it ITA,"FW,MF",Empoli,22,1996,12.1,5,4,1,2,2,2,6,33.3,4,8,2,6,6,11,5,0,Matches
4e7db402,Alban Lafont,fr FRA,GK,Fiorentina,19,1999,33.5,0,0,0,0,0,0,0,,0,0,0,0,1,1,16,4,Matches
8e809937,Abdou Lahat Diakhate,sn SEN,MF,Parma,19,1998,0.0,0,0,0,0,0,0,0,,0,0,0,0,0,0,0,0,Matches
2ead2809,Gianluca Lapadula,pe PER,FW,Genoa,28,1990,4.5,2,1,2,0,0,1,5,20.0,4,2,0,2,1,3,2,0,Matches
fed5f993,Danilo Larangeira,br BRA,DF,Bologna,34,1984,34.2,40,26,29,11,0,20,30,66.7,10,52,39,13,37,77,182,3,Matches
09538fdb,Kevin Lasagna,it ITA,FW,Udinese,25,1992,27.3,6,1,0,3,3,2,12,16.7,10,20,2,18,8,14,35,0,Matches
3535098b,Vincent Laurini,fr FRA,DF,Fiorentina,29,1989,10.2,13,5,6,5,2,6,10,60.0,4,11,5,6,13,26,30,0,Matches
f26e3c59,Diego Laxalt,uy URU,"DF,MF",Milan,25,1993,7.2,26,13,14,7,5,13,22,59.1,9,23,3,20,8,34,12,0,Matches
5128bde4,Darko Lazović,rs SRB,"DF,FW",Genoa,27,1990,28.2,28,17,13,8,7,14,31,45.2,17,21,6,15,20,48,33,0,Matches
02caf6e0,Manuel Lazzari,it ITA,DF,SPAL,24,1993,31.5,29,17,16,10,3,13,24,54.2,11,26,5,21,20,49,51,1,Matches
4c78b5ed,Lucas Leiva,br BRA,MF,Lazio,31,1987,22.1,91,54,40,46,5,38,79,48.1,41,27,11,16,52,143,43,3,Matches
dbe5a587,Mauricio Lemos,uy URU,DF,Sassuolo,22,1995,2.0,2,1,2,0,0,1,2,50.0,1,2,1,1,3,5,10,1,Matches
1b82f8df,Lukas Lerager,dk DEN,MF,Genoa,25,1993,12.5,34,18,12,20,2,13,42,31.0,29,11,1,10,18,52,12,0,Matches
7d3cbc67,Mehdi Léris,dz ALG,"MF,DF",Chievo,20,1998,17.9,53,33,19,24,10,24,54,44.4,30,34,1,33,28,81,24,1,Matches
d023d70f,Karol Linetty,pl POL,MF,Sampdoria,23,1995,27.9,72,48,26,32,14,15,69,21.7,54,39,4,35,25,97,17,0,Matches
ff800ed8,Pol Lirola,es ESP,"DF,MF",Sassuolo,20,1997,33.1,35,22,19,11,5,21,34,61.8,13,25,5,20,32,67,89,0,Matches
2648e18f,Adem Ljajić,rs SRB,MF,Torino,26,1991,0.3,0,0,0,0,0,0,1,0.0,1,0,0,0,0,0,0,0,Matches
a8a874f1,Manuel Locatelli,it ITA,MF,Sassuolo,20,1998,20.5,44,28,19,15,10,13,29,44.8,16,21,3,18,27,71,33,1,Matches
921f6058,José Luis Palomino,ar ARG,DF,Atalanta,28,1990,25.1,49,31,31,15,3,23,38,60.5,15,34,17,17,68,117,79,0,Matches
3799e138,Everton Luiz,br BRA,MF,SPAL,30,1988,3.5,11,6,5,5,1,4,7,57.1,3,9,1,8,3,14,7,2,Matches
0cd0e21b,Jordan Lukaku,be BEL,"DF,MF",Lazio,24,1994,1.9,4,3,2,1,1,3,5,60.0,2,3,0,3,5,9,2,0,Matches
c6e8cf1f,Saša Lukić,rs SRB,MF,Torino,21,1996,11.0,21,11,5,11,5,5,16,31.3,11,13,4,9,12,33,11,0,Matches
7fd58fe3,Senad Lulić,ba BIH,"DF,FW",Lazio,32,1986,32.5,71,43,37,27,7,32,76,42.1,44,27,3,24,49,120,58,1,Matches
997fff07,Sebastiano Luperto,it ITA,DF,Napoli,21,1996,8.1,8,6,5,2,1,2,5,40.0,3,7,3,4,13,21,30,0,Matches
b5bf1770,Lyanco,br BRA,DF,Torino,21,1997,1.0,1,1,1,0,0,0,0,,0,1,1,0,4,5,5,0,Matches
b5bf1770,Lyanco,br BRA,DF,Bologna,21,1997,12.4,29,18,19,10,0,13,18,72.2,5,24,16,8,22,51,64,0,Matches
5efc5389,Charalambos Lykogiannis,gr GRE,DF,Cagliari,24,1993,9.2,14,8,8,3,3,6,11,54.5,5,18,3,15,19,33,33,0,Matches
ed6ea4d9,Darwin Machís,ve VEN,"FW,MF",Udinese,25,1993,5.1,7,6,4,3,0,0,4,0.0,4,6,0,6,2,9,8,0,Matches
07767f42,Francesco Magnanelli,it ITA,MF,Sassuolo,33,1984,20.7,52,33,29,22,1,22,49,44.9,27,18,5,13,24,76,38,2,Matches
cce9f582,Giangiacomo Magnani,it ITA,DF,Sassuolo,22,1995,16.8,11,9,9,2,0,6,15,40.0,9,17,13,4,16,27,99,1,Matches
02febfdc,Raffaele Maiello,it ITA,MF,Frosinone,27,1991,22.7,42,27,30,8,4,16,27,59.3,11,23,10,13,30,72,41,0,Matches
3d936ba9,Domenico Maietta,it ITA,DF,Empoli,35,1982,19.0,33,15,22,10,1,16,36,44.4,20,19,14,5,24,57,78,2,Matches
16b9d5cf,Nikola Maksimović,rs SRB,DF,Napoli,26,1991,15.3,20,13,14,6,0,6,12,50.0,6,16,10,6,28,48,56,1,Matches
d6a889ea,Kévin Malcuit,ma MAR,DF,Napoli,27,1991,20.1,43,31,23,14,6,23,36,63.9,13,18,4,14,44,87,67,0,Matches
5aa53281,Gianluca Mancini,it ITA,DF,Atalanta,22,1996,25.0,40,30,22,17,1,16,29,55.2,13,19,4,15,48,88,77,1,Matches
c7259b83,Rolando Mandragora,it ITA,MF,Udinese,21,1997,32.4,66,35,25,34,7,24,69,34.8,45,49,9,40,43,109,59,0,Matches
afa0d4e0,Mario Mandžukić,hr CRO,FW,Juventus,32,1986,22.4,34,25,13,15,6,9,18,50.0,9,17,5,12,13,47,22,0,Matches
c707411f,Kostas Manolas,gr GRE,DF,Roma,27,1991,25.8,32,24,23,8,1,17,26,65.4,9,34,25,9,50,82,117,2,Matches
7f50c23b,Juan Manuel Valencia,co COL,FW,Bologna,20,1998,0.3,0,0,0,0,0,0,0,,0,0,0,0,1,1,0,0,Matches
7a20d90a,Iván Marcano,es ESP,DF,Roma,31,1987,9.0,8,4,4,4,0,5,8,62.5,3,13,6,7,24,32,45,0,Matches
f794b426,Federico Marchetti,it ITA,GK,Genoa,35,1983,4.0,0,0,0,0,0,0,0,,0,0,0,0,0,0,1,0,Matches
8650af85,Gian Marco Ferrari,it ITA,DF,Sassuolo,26,1992,31.0,41,23,27,12,2,12,16,75.0,4,36,20,16,36,77,97,1,Matches
f0021247,João Mário,pt POR,"MF,FW",Inter,25,1993,12.0,28,16,9,15,4,9,31,29.0,22,14,0,14,6,34,4,1,Matches
cdf65d12,Marlon,br BRA,DF,Sassuolo,22,1995,16.8,29,18,25,3,1,15,21,71.4,6,22,12,10,24,53,39,0,Matches
f7036e1c,Lautaro Martínez,ar ARG,"FW,MF",Inter,20,1997,14.9,6,5,0,2,4,2,6,33.3,4,16,0,16,3,9,7,0,Matches
d4535821,Adam Marušić,me MNE,DF,Lazio,25,1992,23.5,32,15,14,14,4,16,25,64.0,9,25,4,21,24,56,36,0,Matches
e0314d87,Andrea Masiello,it ITA,DF,Atalanta,32,1986,20.4,28,14,13,15,0,17,29,58.6,12,21,6,15,44,72,49,0,Matches
a6fc1a22,Luca Matarese,it ITA,FW,Frosinone,20,1998,0.2,0,0,0,0,0,0,0,,0,0,0,0,0,0,0,0,Matches
58d97e77,Alessandro Matri,it ITA,FW,Sassuolo,33,1984,6.7,2,1,0,0,2,0,3,0.0,3,4,2,2,4,6,7,0,Matches
fba81826,Federico Mattiello,it ITA,"DF,FW",Bologna,23,1995,14.8,33,20,19,9,5,15,23,65.2,8,9,3,6,20,53,43,0,Matches
c0cddebe,Blaise Matuidi,fr FRA,MF,Juventus,31,1987,26.9,59,33,25,21,13,20,36,55.6,16,33,8,25,26,85,21,1,Matches
644faf10,José Mauri,it ITA,MF,Milan,22,1996,2.3,8,4,2,6,0,2,6,33.3,4,0,0,0,5,13,0,0,Matches
30144daa,Stephy Mavididi,eng ENG,FW,Juventus,20,1998,0.2,0,0,0,0,0,0,0,,0,1,0,1,0,0,0,0,Matches
dc61b402,Luca Mazzitelli,it ITA,MF,Genoa,22,1995,3.6,5,2,3,1,1,2,3,66.7,1,4,1,3,6,11,7,0,Matches
cfbf9881,Ibrahima Mbaye,sn SEN,DF,Bologna,23,1994,22.3,48,32,30,16,2,19,32,59.4,13,21,12,9,19,67,66,1,Matches
54ab361e,Levan Mchedlidze,ge GEO,FW,Empoli,28,1990,2.3,1,1,0,0,1,0,1,0.0,1,2,0,2,0,1,5,0,Matches
97e2aa67,Iuri Medeiros,pt POR,"MF,FW",Genoa,24,1994,1.2,2,2,0,1,1,1,2,50.0,1,2,0,2,0,2,1,0,Matches
714ffae7,Nicky Medja,ch SUI,"FW,MF",Fiorentina,18,2000,0.5,1,0,0,0,1,1,2,50.0,1,0,0,0,0,1,0,0,Matches
2ec0f902,Riccardo Meggiorini,it ITA,FW,Chievo,32,1985,17.2,17,13,5,9,3,1,10,10.0,9,20,2,18,8,25,26,0,Matches
5cec2c74,Soualiho Meïté,fr FRA,MF,Torino,24,1994,29.5,46,21,13,22,11,23,46,50.0,23,46,6,40,29,75,26,0,Matches
9413b19f,Alex Meret,it ITA,GK,Napoli,21,1997,12.8,0,0,0,0,0,0,0,,0,0,0,0,0,0,3,1,Matches
89b2c8a9,Dries Mertens,be BEL,FW,Napoli,31,1987,25.0,19,11,2,7,10,1,21,4.8,20,7,0,7,13,32,3,0,Matches
259deea9,Petar Mićin,rs SRB,MF,Udinese,19,1998,0.0,0,0,0,0,0,0,0,,0,0,0,0,0,0,0,0,Matches
bee704fc,Nikola Milenković,rs SRB,DF,Fiorentina,20,1997,33.4,59,40,36,21,2,17,33,51.5,16,39,21,18,48,107,143,0,Matches
85613cf0,Arkadiusz Milik,pl POL,FW,Napoli,24,1994,26.6,19,9,1,8,10,1,20,5.0,19,7,2,5,3,22,15,0,Matches
4e6dbac4,Sergej Milinković-Savić,rs SRB,MF,Lazio,23,1995,26.6,44,28,17,21,6,23,60,38.3,37,28,4,24,27,71,48,0,Matches
9fa26bc2,Vanja Milinković-Savić,rs SRB,GK,SPAL,21,1997,1.8,0,0,0,0,0,0,0,,0,0,0,0,0,0,1,0,Matches
6817095b,Vincenzo Millico,it ITA,MF,Torino,17,2000,0.0,0,0,0,0,0,0,0,,0,0,0,0,0,0,0,0,Matches
aa51343f,Kevin Mirallas,be BEL,"FW,MF",Fiorentina,30,1987,14.4,17,7,8,4,5,6,15,40.0,9,17,0,17,4,21,10,0,Matches
314f2124,Miranda,br BRA,DF,Inter,33,1984,12.9,11,7,7,4,0,4,8,50.0,4,11,7,4,14,25,48,2,Matches
30223b33,Antonio Mirante,it ITA,GK,Roma,35,1983,11.0,0,0,0,0,0,0,0,,0,0,0,0,0,0,6,1,Matches
331c0a43,Simone Missiroli,it ITA,MF,SPAL,32,1986,30.5,58,43,31,22,5,25,49,51.0,24,44,11,33,46,104,46,0,Matches
1c8c5aed,Cristian Molinaro,it ITA,"DF,MF",Frosinone,35,1983,12.9,15,10,7,7,1,3,9,33.3,6,11,4,7,15,30,43,0,Matches
c4efe2b4,Gabriele Moncini,it ITA,MF,SPAL,22,1996,0.1,1,1,1,0,0,0,0,,0,0,0,0,0,1,0,0,Matches
dd52d069,Cristóbal Montiel,es ESP,FW,Fiorentina,18,2000,0.1,0,0,0,0,0,0,0,,0,0,0,0,0,0,0,0,Matches
55667895,Emiliano Moretti,it ITA,DF,Torino,37,1981,22.3,30,21,21,9,0,13,20,65.0,7,14,6,8,24,54,65,1,Matches
be6c1ccc,Samuel Mráz,sk SVK,FW,Empoli,21,1997,1.9,0,0,0,0,0,0,0,,0,2,0,2,0,0,2,0,Matches
e50613bd,Gianni Munari,it ITA,MF,Parma,35,1983,0.0,0,0,0,0,0,0,0,,0,0,0,0,0,0,0,0,Matches
fb2c533b,Alessandro Murgia,it ITA,MF,SPAL,21,1996,11.9,22,15,9,12,1,7,32,21.9,25,14,2,12,19,41,12,1,Matches
fb2c533b,Alessandro Murgia,it ITA,MF,Lazio,21,1996,0.1,0,0,0,0,0,0,0,,0,0,0,0,0,0,0,0,Matches
eb2fe5b6,Luis Muriel,co COL,FW,Fiorentina,27,1991,16.0,19,11,4,13,2,6,18,33.3,12,10,0,10,3,22,1,0,Matches
d183e9d6,Nicola Murru,it ITA,DF,Sampdoria,23,1994,32.6,83,59,42,25,16,41,54,75.9,13,50,22,28,41,124,99,0,Matches
91899ca8,Mateo Musacchio,ar ARG,DF,Milan,27,1990,29.0,41,22,30,8,3,19,27,70.4,8,26,19,7,29,70,114,0,Matches
a111cf41,Juan Musso,ar ARG,GK,Udinese,24,1994,29.0,0,0,0,0,0,0,1,0.0,1,0,0,0,0,0,10,4,Matches
788b31e2,Ádám Nagy,hu HUN,MF,Bologna,23,1995,10.8,29,21,15,13,1,11,21,52.4,10,13,5,8,25,54,12,2,Matches
1f9328da,Radja Nainggolan,be BEL,MF,Inter,30,1988,21.9,35,26,7,20,8,10,24,41.7,14,17,2,15,8,43,5,0,Matches
fcd20025,Angelo Ndrecka,al ALB,DF,Chievo,16,2001,1.0,1,1,1,0,0,1,2,50.0,1,3,2,1,0,1,1,0,Matches
7ba2eaa9,Pedro Neto,pt POR,"FW,DF",Lazio,18,2000,0.5,0,0,0,0,0,0,0,,0,1,0,1,0,0,0,0,Matches
b136c945,Hans Nicolussi Caviglia,it ITA,MF,Juventus,18,2000,0.6,2,1,0,2,0,0,2,0.0,2,2,1,1,0,2,0,0,Matches
cf961d8d,Dimitris Nikolaou,gr GRE,DF,Empoli,19,1998,3.9,5,3,3,2,0,1,2,50.0,1,2,2,0,2,7,14,0,Matches
93cf32a8,Nicolas Nkoulou,cm CMR,DF,Torino,28,1990,35.7,45,29,34,10,1,15,25,60.0,10,42,28,14,70,115,174,2,Matches
e33f36d5,Bram Nuytinck,nl NED,DF,Udinese,28,1990,23.6,50,35,34,13,3,25,33,75.8,8,44,27,17,29,79,126,0,Matches
c7526c18,Steven Nzonzi,fr FRA,MF,Roma,29,1988,29.1,66,45,24,36,6,21,34,61.8,13,40,24,16,27,93,55,2,Matches
df0a4c90,Christian Nørgaard,dk DEN,MF,Fiorentina,24,1994,3.6,4,2,1,2,1,2,5,40.0,3,2,0,2,10,14,16,0,Matches
af45e954,Dimitri Oberlin,ch SUI,FW,Empoli,20,1997,1.5,1,1,0,0,1,0,3,0.0,3,1,0,1,0,1,1,0,Matches
614c38fb,Joel Obi,ng NGA,MF,Chievo,27,1991,7.3,22,15,9,11,2,7,17,41.2,10,12,1,11,14,36,15,0,Matches
75374ee7,Jens Odgaard,dk DEN,FW,Sassuolo,19,1999,0.2,0,0,0,0,0,0,0,,0,1,0,1,0,0,1,0,Matches
601ef102,Stefano Okaka,it ITA,FW,Udinese,28,1989,10.8,13,7,4,5,4,2,8,25.0,6,6,1,5,0,13,16,1,Matches
905a4f61,Orji Okwonkwo,ng NGA,FW,Bologna,20,1998,2.9,4,3,1,2,1,2,2,100.0,0,0,0,0,1,5,0,0,Matches
e7ee38c3,Robin Olsen,se SWE,GK,Roma,28,1990,27.0,0,0,0,0,0,0,1,0.0,1,1,0,1,0,0,10,4,Matches
72c803a0,Stephane Omeonga,be BEL,MF,Genoa,22,1996,0.6,1,1,1,0,0,0,1,0.0,1,1,0,1,0,1,2,0,Matches
b871bf55,Nicholas Opoku,gh GHA,DF,Udinese,20,1997,10.1,16,9,15,1,0,10,17,58.8,7,8,5,3,18,34,29,0,Matches
e14ec482,Riccardo Orsolini,it ITA,"FW,MF",Bologna,21,1997,21.8,40,24,16,18,6,9,39,23.1,30,23,2,21,14,54,25,1,Matches
82b1198a,David Ospina,co COL,GK,Napoli,29,1988,16.2,1,0,1,0,0,1,1,100.0,0,0,0,0,0,1,7,1,Matches
ed90babd,Adam Ounas,dz ALG,"MF,FW",Napoli,21,1996,6.0,5,2,0,3,2,2,11,18.2,9,6,0,6,2,7,0,1,Matches
5eb72339,Simone Padoin,it ITA,"DF,MF",Cagliari,34,1984,21.3,34,25,12,18,4,14,33,42.4,19,18,5,13,14,48,54,0,Matches
e5b98a70,Luca Paganini,it ITA,"DF,MF",Frosinone,25,1993,12.5,25,13,8,13,4,8,23,34.8,15,19,4,15,19,44,17,1,Matches
5df4ef30,Marko Pajač,hr CRO,"FW,DF",Empoli,25,1993,8.2,7,7,2,3,2,5,11,45.5,6,3,0,3,7,14,18,0,Matches
5df4ef30,Marko Pajač,hr CRO,DF,Cagliari,25,1993,1.1,1,1,0,0,1,0,0,,0,1,1,0,1,2,3,0,Matches
8d8178ac,Rodrigo Palacio,ar ARG,FW,Bologna,36,1982,25.9,24,13,8,12,4,4,34,11.8,30,35,0,35,5,29,13,0,Matches
b5cae4e6,Alberto Paloschi,it ITA,FW,SPAL,28,1990,9.6,13,9,3,5,5,1,2,50.0,1,2,0,2,1,14,0,0,Matches
d711d04f,Goran Pandev,mk MKD,"FW,MF",Genoa,35,1983,12.5,14,10,0,10,4,2,8,25.0,6,7,0,7,1,15,3,0,Matches
9b6f7fd5,Lucas Paquetá,br BRA,MF,Milan,20,1997,9.4,18,9,9,8,1,7,24,29.2,17,12,0,12,4,22,11,2,Matches
75efed2e,Vittorio Parigini,it ITA,"MF,DF",Torino,22,1996,4.2,11,10,3,6,2,6,9,66.7,3,3,0,3,1,12,5,0,Matches
ed5886d2,Marco Parolo,it ITA,MF,Lazio,33,1985,28.5,68,45,24,37,7,18,56,32.1,38,48,11,37,28,96,56,0,Matches
e599253a,Mario Pašalić,hr CRO,MF,Atalanta,23,1995,18.0,32,19,9,13,10,7,29,24.1,22,19,4,15,12,44,14,1,Matches
548902cc,Manuel Pasqual,it ITA,DF,Empoli,36,1982,14.9,26,19,12,11,3,17,45,37.8,28,7,0,7,11,37,31,0,Matches
881ef58c,Javier Pastore,ar ARG,"MF,FW",Roma,29,1989,6.6,10,4,4,3,3,4,16,25.0,12,7,0,7,3,13,5,0,Matches
f7223718,Patric,es ESP,DF,Lazio,25,1993,12.1,19,11,8,8,3,8,15,53.3,7,14,7,7,12,31,29,1,Matches
d37b0350,Leonardo Pavoletti,it ITA,FW,Cagliari,29,1988,30.4,32,21,6,17,9,6,16,37.5,10,12,3,9,7,39,26,0,Matches
42b1a58a,Nehuén Paz,ar ARG,DF,Bologna,25,1993,1.3,2,1,2,0,0,1,2,50.0,1,3,1,2,0,2,2,0,Matches
81255c03,João Pedro,it ITA,"FW,MF",Cagliari,26,1992,28.4,17,12,4,8,5,4,11,36.4,7,14,5,9,6,23,14,0,Matches
f058ed1f,Gianluca Pegolo,it ITA,GK,Sassuolo,37,1981,2.3,0,0,0,0,0,0,0,,0,0,0,0,0,0,0,0,Matches
4a5a45c7,Lorenzo Pellegrini,it ITA,MF,Roma,22,1996,20.2,39,23,16,18,5,10,30,33.3,20,20,2,18,12,51,21,0,Matches
3b61c9ec,Luca Pellegrini,it ITA,DF,Cagliari,19,1999,10.4,28,19,16,11,1,14,25,56.0,11,13,3,10,18,46,22,0,Matches
3b61c9ec,Luca Pellegrini,it ITA,DF,Roma,19,1999,1.8,1,1,1,0,0,1,2,50.0,1,2,1,1,3,4,2,0,Matches
878ee034,Sergio Pellissier,it ITA,FW,Chievo,39,1979,10.6,4,3,1,1,2,3,4,75.0,1,8,1,7,2,6,8,0,Matches
4f2908e5,Federico Peluso,it ITA,DF,Sassuolo,34,1984,15.1,23,14,15,5,3,13,16,81.3,3,8,3,5,23,46,70,0,Matches
7afb1573,Pepín,gq EQG,MF,Parma,21,1996,0.9,4,2,3,1,0,1,4,25.0,3,0,0,0,3,7,0,0,Matches
c77be0cf,Pedro Pereira,pt POR,"DF,FW",Genoa,20,1998,15.4,20,14,15,2,3,11,19,57.9,8,10,5,5,14,34,55,1,Matches
269b4638,Stipe Perica,hr CRO,FW,Frosinone,23,1995,5.3,5,3,2,2,1,1,3,33.3,2,3,1,2,0,5,4,0,Matches
4c62d0c8,Mattia Perin,it ITA,GK,Juventus,25,1992,9.0,0,0,0,0,0,0,0,,0,0,0,0,0,0,3,2,Matches
6fe90922,Ivan Perišić,hr CRO,FW,Inter,29,1989,30.0,34,26,7,20,7,16,51,31.4,35,40,4,36,23,57,55,0,Matches
a40d5a0c,Diego Perotti,ar ARG,"FW,MF",Roma,30,1988,7.4,14,12,5,5,4,6,19,31.6,13,4,0,4,4,18,2,0,Matches
780e3631,Matteo Pessina,it ITA,"MF,FW",Atalanta,21,1997,2.6,4,2,0,4,0,2,3,66.7,1,2,1,1,0,4,4,0,Matches
03f946ed,Andrea Petagna,it ITA,FW,SPAL,23,1995,33.7,15,6,5,5,5,2,9,22.2,7,23,8,15,4,19,15,0,Matches
8c725b43,Germán Pezzella,ar ARG,DF,Fiorentina,27,1991,31.7,56,36,42,13,1,31,51,60.8,20,42,30,12,60,116,159,1,Matches
149c5f5d,Giuseppe Pezzella,it ITA,DF,Udinese,20,1997,2.0,5,4,4,1,0,2,8,25.0,6,2,1,1,1,6,9,0,Matches
149c5f5d,Giuseppe Pezzella,it ITA,"DF,MF",Genoa,20,1997,1.2,2,1,1,1,0,0,0,,0,1,0,1,1,3,4,0,Matches
17f3620a,Krzysztof Piątek,pl POL,FW,Genoa,23,1995,17.7,9,4,2,5,2,1,15,6.7,14,18,3,15,3,12,19,0,Matches
17f3620a,Krzysztof Piątek,pl POL,FW,Milan,23,1995,15.3,8,6,2,1,5,3,10,30.0,7,7,2,5,1,9,15,0,Matches
f201798c,Lucas Piazon,br BRA,"MF,FW",Chievo,24,1994,0.9,2,0,1,1,0,0,2,0.0,2,1,0,1,1,3,0,0,Matches
1cadaf34,Roberto Piccoli,it ITA,"FW,MF",Atalanta,17,2001,0.5,2,2,0,1,1,1,1,100.0,0,1,0,1,0,2,0,0,Matches
08aa9cd1,Andrea Pinamonti,it ITA,FW,Frosinone,19,1999,18.1,14,6,6,5,3,4,20,20.0,16,16,3,13,5,19,17,0,Matches
f6a06749,Carlo Pinsoglio,it ITA,GK,Juventus,28,1990,1.0,0,0,0,0,0,0,0,,0,0,0,0,0,0,0,0,Matches
56400c01,Fabio Pisacane,it ITA,DF,Cagliari,32,1986,25.2,33,17,22,8,3,18,31,58.1,13,36,23,13,23,56,108,0,Matches
2c38b327,Marko Pjaca,hr CRO,"FW,MF",Fiorentina,23,1995,8.3,9,4,3,4,2,2,6,33.3,4,2,0,2,7,16,6,0,Matches
ad6df2d5,Miralem Pjanić,ba BIH,MF,Juventus,28,1990,25.3,41,20,15,18,8,16,59,27.1,43,34,6,28,36,77,19,2,Matches
b3fd7075,Andrea Poli,it ITA,MF,Bologna,28,1989,21.5,65,47,30,28,7,24,67,35.8,43,36,5,31,35,100,13,2,Matches
5e861944,Matteo Politano,it ITA,FW,Inter,24,1993,28.3,18,7,9,4,5,8,30,26.7,22,18,0,18,14,32,10,1,Matches
07f55871,Giacomo Poluzzi,it ITA,GK,SPAL,30,1988,0.1,0,0,0,0,0,0,0,,0,0,0,0,0,0,0,0,Matches
c8c0dccd,Manolo Portanova,it ITA,MF,Juventus,18,2000,0.4,1,1,0,1,0,0,1,0.0,1,2,0,2,1,2,2,0,Matches
86695068,Dennis Praet,be BEL,MF,Sampdoria,24,1994,32.1,62,44,30,25,7,27,51,52.9,24,33,4,29,36,98,31,0,Matches
c8a88acd,Silvio Proto,be BEL,GK,Lazio,35,1983,2.0,0,0,0,0,0,0,1,0.0,1,0,0,0,0,0,1,0,Matches
277da414,Ivan Provedel,it ITA,GK,Empoli,24,1994,16.0,0,0,0,0,0,0,1,0.0,1,0,0,0,0,0,4,0,Matches
a1c7b425,Manuel Pucciarelli,it ITA,FW,Chievo,27,1991,3.4,4,2,2,1,1,2,5,40.0,3,5,0,5,3,7,4,0,Matches
4611e028,Erick Pulgar,cl CHI,MF,Bologna,24,1994,26.2,65,36,35,23,7,22,73,30.1,51,35,5,30,50,115,54,1,Matches
62437b4f,Ignacio Pussetto,ar ARG,"FW,MF",Udinese,22,1995,24.2,65,40,25,30,10,15,43,34.9,28,28,3,25,29,94,34,0,Matches
ee4f2f3b,Fabio Quagliarella,it ITA,FW,Sampdoria,35,1983,35.5,14,8,6,4,4,2,15,13.3,13,32,1,31,8,22,17,0,Matches
023937a9,Ivan Radovanović,rs SRB,MF,Genoa,29,1988,14.2,20,12,11,8,1,8,17,47.1,9,12,4,8,13,33,20,1,Matches
023937a9,Ivan Radovanović,rs SRB,MF,Chievo,29,1988,19.0,27,22,20,7,0,11,31,35.5,20,19,7,12,26,53,36,0,Matches
67f649be,Ionuț Radu,ro ROU,GK,Genoa,21,1997,33.0,0,0,0,0,0,0,1,0.0,1,0,0,0,1,1,11,4,Matches
53de807a,Ștefan Radu,ro ROU,DF,Lazio,31,1986,24.9,43,27,24,15,4,25,38,65.8,13,20,14,6,42,85,85,1,Matches
2c851997,Gastón Ramírez,uy URU,MF,Sampdoria,27,1990,17.5,38,22,12,18,8,11,31,35.5,20,28,4,24,8,46,27,0,Matches
539230cf,Andrea Ranocchia,it ITA,"DF,FW",Inter,30,1988,0.7,2,2,1,1,0,0,1,0.0,1,1,0,1,0,2,3,0,Matches
283699b4,Jacob Rasmussen,dk DEN,"DF,MF",Empoli,21,1997,11.3,18,12,10,6,2,5,14,35.7,9,18,13,5,12,30,55,1,Matches
6e058f06,Giacomo Raspadori,it ITA,DF,Sassuolo,18,2000,0.0,0,0,0,0,0,0,0,,0,0,0,0,0,0,0,0,Matches
6213fd82,Arkadiusz Reca,pl POL,DF,Atalanta,23,1995,0.5,2,0,1,0,1,0,1,0.0,1,0,0,0,3,5,0,0,Matches
339c6ed4,Vasco Regini,it ITA,"DF,FW",SPAL,27,1990,0.9,1,0,0,1,0,1,3,33.3,2,2,1,1,0,1,4,0,Matches
e358587b,Pepe Reina,es ESP,GK,Milan,35,1982,3.7,0,0,0,0,0,0,0,,0,0,0,0,0,0,1,0,Matches
a1216563,Emiliano Rigoni,ar ARG,"FW,MF",Atalanta,25,1993,5.8,6,1,2,2,2,2,6,33.3,4,3,0,3,3,9,3,0,Matches
4dba2a97,Luca Rigoni,it ITA,MF,Parma,33,1984,19.6,42,25,25,15,2,9,26,34.6,17,19,2,17,18,60,39,0,Matches
e327bd76,Nicola Rigoni,it ITA,MF,Chievo,27,1990,21.7,43,25,22,15,6,22,51,43.1,29,20,5,15,23,66,45,1,Matches
f1cfc209,Tomás Rincón,ve VEN,MF,Torino,30,1988,31.1,75,44,25,41,9,31,68,45.6,37,35,5,30,42,117,71,1,Matches
7602ddf6,Alejandro Rodríguez,es ESP,MF,Empoli,27,1991,0.3,0,0,0,0,0,0,0,,0,0,0,0,0,0,1,0,Matches
7f78ad23,Ricardo Rodríguez,ch SUI,DF,Milan,25,1992,33.9,57,32,34,21,2,32,39,82.1,7,25,5,20,38,95,98,0,Matches
b6b2b820,Marko Rog,hr CRO,MF,Napoli,23,1995,3.7,12,9,3,7,2,5,11,45.5,6,8,2,6,5,17,1,0,Matches
10e7f486,Rogério,br BRA,"DF,MF",Sassuolo,20,1998,29.7,55,38,35,13,7,30,55,54.5,25,32,7,25,37,92,109,1,Matches
10e25802,Esteban Rolón,ar ARG,MF,Genoa,23,1995,11.6,46,29,14,20,12,20,44,45.5,24,18,2,16,16,62,12,0,Matches
84594618,Filippo Romagna,it ITA,DF,Cagliari,21,1997,16.4,14,9,10,4,0,4,8,50.0,4,20,12,8,19,33,68,0,Matches
3ead85f9,Alessio Romagnoli,it ITA,DF,Milan,23,1995,31.6,34,19,26,6,2,16,19,84.2,3,48,32,16,37,71,173,1,Matches
a3d94a58,Cristian Romero,ar ARG,DF,Genoa,20,1998,26.0,61,35,38,18,5,27,40,67.5,13,49,27,22,37,98,128,1,Matches
07abb358,Rômulo,it ITA,"MF,FW",Genoa,31,1987,15.0,26,18,9,10,7,7,17,41.2,10,16,3,13,18,44,20,0,Matches
07abb358,Rômulo,it ITA,DF,Lazio,31,1987,8.6,10,5,8,2,0,5,7,71.4,2,10,2,8,5,15,13,0,Matches
dea698d9,Cristiano Ronaldo,pt POR,FW,Juventus,33,1985,29.9,10,7,5,4,1,1,11,9.1,10,7,2,5,6,16,32,0,Matches
2a1beb34,Marten de Roon,nl NED,MF,Atalanta,27,1991,33.1,102,57,32,61,9,34,94,36.2,60,48,9,39,53,155,49,1,Matches
47a500ae,Luca Rossettini,it ITA,DF,Chievo,33,1985,20.3,26,17,18,8,0,15,20,75.0,5,23,15,8,35,61,114,0,Matches
7b5f516f,Francesco Rossi,it ITA,GK,Atalanta,27,1991,0.0,0,0,0,0,0,0,0,,0,0,0,0,0,0,0,0,Matches
14b8fcdf,Daniele Rugani,it ITA,DF,Juventus,24,1994,15.0,8,5,5,3,0,2,5,40.0,3,19,14,5,16,24,51,1,Matches
0b5a292a,Mário Rui,pt POR,DF,Napoli,27,1991,15.7,24,18,9,12,3,14,25,56.0,11,15,3,12,21,45,38,0,Matches
c0c7ff58,Fabián Ruiz Peña,es ESP,MF,Napoli,22,1996,22.1,54,33,22,25,7,20,46,43.5,26,23,4,19,21,75,29,2,Matches
da5a981b,Jacopo Sala,it ITA,DF,Sampdoria,26,1991,16.9,38,23,20,14,4,23,41,56.1,18,11,3,8,20,58,47,2,Matches
9b30df1e,Bartosz Salamon,pl POL,DF,Frosinone,27,1991,19.2,17,10,12,5,0,6,14,42.9,8,27,19,8,27,44,143,1,Matches
3c1e4e84,Paolo Sammarco,it ITA,MF,Frosinone,35,1983,6.1,16,7,7,6,3,6,9,66.7,3,5,0,5,3,19,1,2,Matches
0a447501,Antonio Sanabria,py PAR,FW,Genoa,22,1996,8.5,6,3,1,1,4,0,1,0.0,1,8,0,8,4,10,3,0,Matches
c1c2c925,Sandro,br BRA,MF,Udinese,29,1989,6.6,18,10,10,8,0,7,13,53.8,6,14,5,9,11,29,16,0,Matches
c1c2c925,Sandro,br BRA,MF,Genoa,29,1989,7.9,27,17,12,11,4,9,17,52.9,8,9,4,5,20,47,25,0,Matches
0d82903c,Alex Sandro,br BRA,DF,Juventus,27,1991,26.5,68,45,28,33,7,21,36,58.3,15,32,8,24,38,106,71,0,Matches
7eb97a8e,Nicola Sansone,it ITA,FW,Bologna,26,1991,12.7,29,17,9,14,6,9,27,33.3,18,13,1,12,9,38,4,0,Matches
df85d472,Federico Santander,py PAR,FW,Bologna,27,1991,22.9,18,10,6,8,4,2,23,8.7,21,20,2,18,9,27,30,0,Matches
88c89891,Davide Santon,it ITA,DF,Roma,27,1991,11.2,14,6,8,6,0,8,12,66.7,4,11,7,4,15,29,27,0,Matches
92b4758e,Samir Santos,br BRA,DF,Udinese,23,1994,20.0,47,33,27,18,2,19,25,76.0,6,18,9,9,34,81,96,0,Matches
3bb7af3b,Riccardo Saponara,it ITA,MF,Sampdoria,26,1991,10.1,12,6,2,6,4,3,12,25.0,9,5,1,4,4,16,10,0,Matches
1ad1f50d,Marco Sau,it ITA,"MF,FW",Sampdoria,30,1987,0.6,0,0,0,0,0,0,0,,0,1,0,1,0,0,0,0,Matches
1ad1f50d,Marco Sau,it ITA,"FW,MF",Cagliari,30,1987,6.2,4,2,0,2,2,0,3,0.0,3,5,0,5,1,5,4,0,Matches
a6e316c1,Ezequiel Schelotto,it ITA,DF,Chievo,29,1989,1.6,3,0,3,0,0,2,3,66.7,1,1,0,1,2,5,8,0,Matches
afe31d55,Nicolás Schiappacasse,uy URU,"FW,MF",Parma,19,1999,0.9,0,0,0,0,0,0,0,,0,2,0,2,0,0,0,0,Matches
bd84fc61,Pasquale Schiattarella,it ITA,MF,SPAL,31,1987,20.5,43,27,18,21,4,13,38,34.2,25,17,5,12,22,65,25,1,Matches
5d4f7d61,Patrik Schick,cz CZE,"FW,MF",Roma,22,1996,14.6,11,5,3,5,3,1,19,5.3,18,19,2,17,3,14,15,1,Matches
ea164f99,Matteo Scozzarella,it ITA,MF,Parma,30,1988,16.2,18,13,9,8,1,9,33,27.3,24,22,10,12,23,41,33,0,Matches
41bd99ea,Simone Scuffet,it ITA,GK,Udinese,22,1996,9.0,0,0,0,0,0,0,1,0.0,1,0,0,0,0,0,4,2,Matches
c4f573f4,Andrea Seculin,it ITA,GK,Chievo,28,1990,1.0,0,0,0,0,0,0,0,,0,0,0,0,0,0,1,0,Matches
f02dde20,Adrian Šemper,hr CRO,GK,Chievo,20,1998,6.0,0,0,0,0,0,0,0,,0,0,0,0,1,1,3,0,Matches
b70bde8f,Stefano Sensi,it ITA,MF,Sassuolo,22,1995,21.9,36,20,15,18,3,6,30,20.0,24,36,7,29,33,69,17,0,Matches
343f753a,Luigi Sepe,it ITA,GK,Parma,27,1991,37.0,1,1,1,0,0,1,2,50.0,1,0,0,0,3,4,21,3,Matches
dd7febd8,Leonardo Sernicola,it ITA,FW,Sassuolo,21,1997,0.1,0,0,0,0,0,0,0,,0,0,0,0,0,0,0,0,Matches
d3aaad90,Stephan El Shaarawy,it ITA,"FW,MF",Roma,25,1992,23.4,27,14,14,8,5,9,24,37.5,15,11,2,9,20,47,9,0,Matches
0f933743,Francisco Sierralta,cl CHI,DF,Parma,21,1997,3.0,11,8,8,3,0,4,6,66.7,2,1,1,0,4,15,27,0,Matches
1cac99dc,Luca Siligardi,it ITA,FW,Parma,30,1988,18.2,30,20,10,13,7,8,23,34.8,15,19,3,16,15,45,11,0,Matches
bef22bc4,Matheus Pereira da Silva,br BRA,MF,Juventus,20,1998,1.0,3,2,0,2,1,2,4,50.0,2,1,0,1,0,3,1,0,Matches
b6ca47a2,Matías Silvestre,ar ARG,DF,Empoli,33,1984,34.0,31,17,22,5,4,17,26,65.4,9,29,24,5,21,52,165,0,Matches
343c0d52,Giovanni Simeone,ar ARG,FW,Fiorentina,23,1995,27.3,43,27,10,23,10,7,29,24.1,22,26,2,24,4,47,14,0,Matches
65e4dede,Lorenco Šimić,hr CRO,DF,SPAL,22,1996,2.6,6,3,5,1,0,2,4,50.0,2,2,1,1,12,18,19,1,Matches
10dc46f0,Salvatore Sirigu,it ITA,GK,Torino,31,1987,35.2,0,0,0,0,0,0,2,0.0,2,0,0,0,2,2,21,1,Matches
ab4449d6,Łukasz Skorupski,pl POL,GK,Bologna,27,1991,38.0,0,0,0,0,0,0,0,,0,0,0,0,3,3,12,4,Matches
30f5ffa9,Milan Škriniar,sk SVK,DF,Inter,23,1995,35.0,64,37,46,17,1,38,60,63.3,22,48,29,19,27,91,138,0,Matches
839c14e1,Cédric Soares,pt POR,DF,Inter,26,1991,2.9,8,6,2,4,2,4,7,57.1,3,4,1,3,2,10,3,0,Matches
098139eb,Danilo Soddimo,it ITA,"MF,FW",Frosinone,30,1987,2.8,11,9,3,6,2,3,6,50.0,3,2,1,1,7,18,3,0,Matches
9d4c45d6,Roberto Soriano,it ITA,MF,Torino,27,1991,5.2,9,5,0,5,4,1,8,12.5,7,9,0,9,6,15,1,0,Matches
9d4c45d6,Roberto Soriano,it ITA,MF,Bologna,27,1991,16.5,27,18,14,10,3,8,24,33.3,16,21,2,19,3,30,11,0,Matches
048877f5,Stefano Sorrentino,it ITA,GK,Chievo,39,1979,31.0,1,1,1,0,0,1,2,50.0,1,0,0,0,3,4,10,1,Matches
94816803,Riccardo Sottil,it ITA,"FW,MF",Fiorentina,19,1999,0.2,1,1,0,1,0,1,1,100.0,0,0,0,0,0,1,0,0,Matches
3626daea,Leonardo Spinazzola,it ITA,DF,Juventus,25,1993,6.7,9,4,4,2,3,4,8,50.0,4,5,0,5,3,12,7,0,Matches
9a560ebe,Nicolás Spolli,ar ARG,DF,Genoa,35,1983,6.0,7,6,3,4,0,0,2,0.0,2,8,6,2,7,14,39,1,Matches
ac4003af,Marco Sportiello,it ITA,GK,Frosinone,26,1992,35.0,1,0,1,0,0,1,1,100.0,0,1,0,1,0,1,8,2,Matches
bdd0692f,Mattia Sprocati,it ITA,"FW,MF",Parma,25,1993,7.2,10,4,5,5,0,5,11,45.5,6,6,0,6,7,17,6,0,Matches
edd6c8e9,Darijo Srna,hr CRO,DF,Cagliari,36,1982,23.2,24,16,6,13,5,9,14,64.3,5,24,5,19,18,42,66,0,Matches
7b536033,Mariusz Stępiński,pl POL,FW,Chievo,23,1995,27.5,18,13,1,11,6,1,17,5.9,16,10,2,8,5,23,20,0,Matches
339fe0e8,Thomas Strakosha,al ALB,GK,Lazio,23,1995,35.0,1,1,1,0,0,1,1,100.0,0,0,0,0,1,2,8,1,Matches
ef2e5e1a,Kevin Strootman,nl NED,MF,Roma,28,1990,1.0,2,2,1,0,1,0,1,0.0,1,5,0,5,2,4,2,0,Matches
f91e81c9,Jens Stryger Larsen,dk DEN,DF,Udinese,27,1991,35.9,42,20,24,14,4,22,44,50.0,22,27,8,19,26,68,98,1,Matches
92948398,Leo Štulac,si SVN,MF,Parma,23,1994,16.1,21,13,10,10,1,4,17,23.5,13,29,13,16,34,55,31,1,Matches
2334478a,Stefano Sturaro,it ITA,"MF,FW",Genoa,25,1993,2.4,4,3,0,3,1,2,9,22.2,7,3,1,2,3,7,2,0,Matches
4e219ad2,Suso,es ESP,"FW,MF",Milan,24,1993,33.5,28,18,10,14,4,10,41,24.4,31,26,1,25,16,44,3,0,Matches
92d83c27,Mattias Svanberg,se SWE,MF,Bologna,19,1999,13.1,22,11,14,7,1,11,25,44.0,14,25,6,19,11,33,16,2,Matches
01b8a2b2,Wojciech Szczęsny,pl POL,GK,Juventus,28,1990,28.0,2,1,2,0,0,1,1,100.0,0,0,0,0,1,3,8,2,Matches
618ab91f,Strahinja Tanasijević,rs SRB,"DF,MF",Chievo,21,1997,0.2,0,0,0,0,0,0,0,,0,0,0,0,0,0,0,0,Matches
f1675fdd,Júnior Tavares,br BRA,DF,Sampdoria,21,1996,2.0,2,1,1,1,0,2,4,50.0,2,0,0,0,2,4,1,0,Matches
7e81a17d,Łukasz Teodorczyk,pl POL,FW,Udinese,27,1991,4.4,4,2,2,2,0,2,8,25.0,6,8,2,6,1,5,4,0,Matches
18f9dbd0,Hidde ter Avest,nl NED,"DF,FW",Udinese,21,1997,10.8,26,14,17,6,3,14,20,70.0,6,14,3,11,10,36,39,1,Matches
e1b0a70d,Pietro Terracciano,it ITA,GK,Fiorentina,28,1990,2.0,0,0,0,0,0,0,0,,0,0,0,0,0,0,1,1,Matches
e1b0a70d,Pietro Terracciano,it ITA,GK,Empoli,28,1990,8.0,0,0,0,0,0,0,0,,0,0,0,0,1,1,4,0,Matches
4d3ab428,Cyril Théréau,fr FRA,"FW,MF",Fiorentina,35,1983,0.3,0,0,0,0,0,0,0,,0,0,0,0,0,0,1,0,Matches
4d3ab428,Cyril Théréau,fr FRA,FW,Cagliari,35,1983,1.5,1,1,0,1,0,1,1,100.0,0,0,0,0,0,1,2,0,Matches
c56dc39e,Rafael Tolói,it ITA,DF,Atalanta,27,1990,19.4,27,17,15,9,3,16,24,66.7,8,28,10,18,33,60,54,1,Matches
6aafdc27,Nenad Tomović,rs SRB,DF,Chievo,30,1987,8.2,9,7,5,4,0,7,10,70.0,3,5,1,4,13,22,34,0,Matches
8cc29864,Lorenzo Tonelli,it ITA,DF,Sampdoria,28,1990,18.4,31,22,19,9,3,15,19,78.9,4,27,21,6,24,55,92,0,Matches
7ed4921e,William Troost-Ekong,ng NGA,DF,Udinese,24,1993,34.0,31,15,21,9,1,13,24,54.2,11,53,41,12,40,71,200,2,Matches
acdad0aa,Marcello Trotta,it ITA,FW,Frosinone,25,1992,4.4,7,6,2,4,1,1,3,33.3,2,2,1,1,3,10,3,0,Matches
acdad0aa,Marcello Trotta,it ITA,MF,Sassuolo,25,1992,0.1,0,0,0,0,0,0,1,0.0,1,0,0,0,0,0,0,0,Matches
5bdd44d8,Marco Tumminello,it ITA,"FW,DF",Atalanta,19,1998,0.1,0,0,0,0,0,0,0,,0,0,0,0,0,0,0,0,Matches
fe154b26,Salih Uçan,tr TUR,MF,Empoli,24,1994,2.9,10,4,3,5,2,3,10,30.0,7,4,0,4,6,16,2,0,Matches
1880614f,Cengiz Ünder,tr TUR,FW,Roma,21,1997,15.3,6,3,3,3,0,2,11,18.2,9,7,0,7,13,19,5,0,Matches
3300c14c,Joel Untersee,ch SUI,DF,Empoli,24,1994,1.4,3,2,1,2,0,2,3,66.7,1,2,1,1,1,4,5,1,Matches
c710f7d5,Mirko Valdifiori,it ITA,MF,SPAL,32,1986,7.4,20,15,12,7,1,8,14,57.1,6,4,2,2,5,25,9,0,Matches
0e21fc3c,Borja Valero,es ESP,MF,Inter,33,1985,13.7,22,19,9,10,3,8,30,26.7,22,11,1,10,16,38,27,2,Matches
c414df9d,Mattia Valoti,it ITA,MF,SPAL,24,1993,13.6,33,19,13,14,6,13,29,44.8,16,23,0,23,19,52,17,1,Matches
2b28ba9f,Luca Valzania,it ITA,MF,Frosinone,22,1996,10.0,21,12,7,10,4,13,33,39.4,20,18,0,18,16,37,8,1,Matches
2b28ba9f,Luca Valzania,it ITA,MF,Atalanta,22,1996,0.8,5,4,2,3,0,3,5,60.0,2,0,0,0,1,6,0,0,Matches
44ac04e9,Matías Vecino,uy URU,MF,Inter,26,1991,22.4,50,39,18,23,9,26,53,49.1,27,38,9,29,17,67,22,0,Matches
ab1ca213,Miguel Veloso,pt POR,MF,Genoa,32,1986,14.0,31,20,14,13,4,9,26,34.6,17,12,1,11,13,44,21,0,Matches
0497a545,Francesco Verde,it ITA,FW,Cagliari,19,1999,0.1,1,0,0,1,0,0,0,,0,0,0,0,0,1,0,0,Matches
0375723e,Simone Verdi,it ITA,"MF,FW",Napoli,26,1992,7.8,16,11,5,9,2,8,16,50.0,8,6,0,6,4,20,3,0,Matches
4a56052c,Jordan Veretout,fr FRA,MF,Fiorentina,25,1993,32.7,64,40,22,31,11,21,52,40.4,31,33,7,26,46,110,54,2,Matches
d541e703,Freddie Veseli,al ALB,DF,Empoli,25,1992,28.2,34,21,16,15,3,19,27,70.4,8,28,17,11,30,64,99,1,Matches
de045b15,Francesco Vicari,it ITA,DF,SPAL,23,1994,25.9,28,24,21,7,0,18,28,64.3,10,31,24,7,34,62,139,1,Matches
75e60d75,Ronaldo Vieira,gw GNB,MF,Sampdoria,20,1998,6.7,,10,,,,,,,,,,,7,,,,Matches
ec5dae45,Emanuel Vignato,it ITA,"MF,FW",Chievo,17,2000,7.3,8,4,4,3,1,0,6,0.0,6,4,0,4,10,18,0,0,Matches
2258c078,Federico Viviani,it ITA,MF,Frosinone,26,1992,3.7,6,5,2,3,1,3,8,37.5,5,6,3,3,8,14,2,0,Matches
03760df0,Emiliano Viviano,it ITA,GK,SPAL,32,1985,16.9,0,0,0,0,0,0,0,,0,0,0,0,0,0,5,2,Matches
0412b9cd,Felipe Vizeu,br BRA,"FW,DF",Udinese,21,1997,0.4,0,0,0,0,0,0,0,,0,0,0,0,0,0,0,0,Matches
79443529,Dušan Vlahović,rs SRB,FW,Fiorentina,18,2000,1.8,0,0,0,0,0,0,0,,0,2,0,2,0,0,4,0,Matches
b32e8c5f,Rai Vloet,nl NED,MF,Frosinone,23,1995,1.4,4,2,1,2,1,0,3,0.0,3,4,0,4,0,4,1,0,Matches
d0d8dd44,Stefan de Vrij,nl NED,DF,Inter,26,1992,28.0,25,16,14,10,1,8,15,53.3,7,32,23,9,25,50,95,1,Matches
46a8347f,Šime Vrsaljko,hr CRO,DF,Inter,26,1992,8.1,20,14,8,6,6,9,14,64.3,5,5,1,4,11,31,27,1,Matches
a440d8ca,Molla Wagué,ml MLI,DF,Udinese,27,1991,1.1,1,1,1,0,0,0,1,0.0,1,1,0,1,4,5,5,0,Matches
d61b3354,Wallace,br BRA,DF,Lazio,23,1994,13.7,17,13,11,6,0,8,17,47.1,9,13,7,6,30,47,60,2,Matches
2876eaa3,Ben Wilmot,eng ENG,"DF,MF",Udinese,18,1999,2.2,0,0,0,0,0,0,2,0.0,2,2,2,0,2,2,11,0,Matches
228f73ae,Amin Younes,de GER,"MF,FW",Napoli,24,1993,5.5,11,6,3,6,2,3,6,50.0,3,7,0,7,2,13,0,0,Matches
83e4643e,Miha Zajc,si SVN,"MF,FW",Empoli,24,1994,13.0,6,4,1,1,4,2,11,18.2,9,15,4,11,5,11,8,0,Matches
8e45910b,Francesco Zampano,it ITA,"DF,MF",Frosinone,24,1993,23.4,35,25,23,9,3,15,31,48.4,16,24,4,20,13,48,48,0,Matches
9907b1c8,Nicolò Zaniolo,it ITA,"MF,FW",Roma,19,1999,19.6,35,21,7,18,10,7,37,18.9,30,14,0,14,13,48,8,0,Matches
b1deecf8,Cristián Zapata,co COL,DF,Milan,31,1986,11.4,23,16,15,7,1,9,10,90.0,1,18,15,3,8,31,59,0,Matches
d3de9af0,Duván Zapata,co COL,FW,Atalanta,27,1991,32.2,9,5,3,2,4,1,9,11.1,8,26,6,20,4,13,25,0,Matches
9592289a,Simone Zaza,it ITA,"FW,MF",Torino,27,1991,16.0,20,9,3,12,5,1,8,12.5,7,12,1,11,4,24,9,0,Matches
8abd0c03,Marvin Zeegelaar,nl NED,DF,Udinese,27,1990,10.6,30,23,21,6,3,16,24,66.7,8,11,2,9,17,47,38,0,Matches
a5296e55,Piotr Zieliński,pl POL,MF,Napoli,24,1994,31.9,41,25,11,20,10,13,34,38.2,21,30,4,26,20,61,18,0,Matches
1253a12e,Ervin Zukanović,ba BIH,DF,Genoa,31,1987,21.8,28,16,20,7,1,17,30,56.7,13,17,9,8,19,47,96,0,Matches
dfb933e0,Filip Đorđević,rs SRB,FW,Chievo,30,1987,7.0,11,6,3,6,2,3,12,25.0,9,7,1,6,2,13,8,1,Matches
eccbe56a,Filip Đuričić,rs SRB,"FW,MF",Sassuolo,26,1992,13.9,17,13,2,11,4,5,22,22.7,17,20,1,19,8,25,8,1,Matches
