id,Player,Nation,Pos,Squad,Age,Born,90s,Tkl,TklW,Def 3rd,Mid 3rd,Att 3rd,Tkl.1,Att,Tkl%,Lost,Blocks,Sh,Pass,Int,Tkl+Int,Clr,Err,Matches
b96b595c,Francesco Acerbi,it ITA,DF,Lazio,31,1988,35.1,59,29,42,12,5,14,20,70.0,6,40,27,13,42,101,109,1,Matches
3ed84b2c,Bobby Adekanye,nl NED,FW,Lazio,20,1999,2.1,3,2,0,3,0,0,5,0.0,5,0,0,0,2,5,1,0,Matches
ce5b170a,Claud Adjapong,it ITA,DF,Hellas Verona,21,1998,2.6,5,3,4,1,0,2,3,66.7,1,4,3,1,3,8,7,0,Matches
8bc8829a,Lucien Agoume,fr FRA,MF,Inter,17,2002,0.8,3,2,0,2,1,0,0,,0,3,1,2,0,3,0,0,Matches
46fa7204,Kevin Agudelo,co COL,"MF,FW",Fiorentina,20,1998,0.7,2,1,0,1,1,0,1,0.0,1,1,0,1,1,3,0,0,Matches
46fa7204,Kevin Agudelo,co COL,"MF,FW",Genoa,20,1998,7.4,23,14,9,12,2,10,20,50.0,10,12,1,11,6,29,2,0,Matches
fe0b8f0e,Emmanuel Agyemang-Badu,gh GHA,MF,Hellas Verona,28,1990,2.6,1,1,0,1,0,1,2,50.0,1,2,2,0,1,2,6,0,Matches
246d153b,Ola Aina,ng NGA,DF,Torino,22,1996,23.1,45,24,23,18,4,17,37,45.9,20,24,6,18,41,86,61,0,Matches
5294a83f,Luis Alberto,es ESP,MF,Lazio,26,1992,34.6,50,30,21,19,10,27,82,32.9,55,32,1,31,21,71,9,1,Matches
95adf1e1,Enrico Alfonso,it ITA,GK,Brescia,31,1988,3.1,0,0,0,0,0,0,0,,0,0,0,0,0,0,2,0,Matches
cc700722,Allan,br BRA,MF,Napoli,28,1991,14.2,50,27,20,21,9,18,54,33.3,36,19,3,16,16,66,11,1,Matches
585a73a8,Bruno Alves,pt POR,DF,Parma,37,1981,29.7,17,11,12,5,0,8,13,61.5,5,30,21,9,25,42,150,2,Matches
5a2cb25d,Sofyan Amrabat,ma MAR,MF,Hellas Verona,22,1996,32.4,58,36,26,21,11,26,55,47.3,29,29,10,19,31,89,15,1,Matches
ca241ad3,Djavan Anderson,nl NED,"FW,DF",Lazio,24,1995,1.9,0,0,0,0,0,0,0,,0,1,0,1,3,3,3,0,Matches
fe471a89,Lorenzo Andrenacci,it ITA,GK,Brescia,24,1995,5.9,1,0,1,0,0,1,3,33.3,2,0,0,0,0,1,0,0,Matches
df525574,Peter Ankersen,dk DEN,DF,Genoa,28,1990,11.8,16,4,7,7,2,4,13,30.8,9,19,5,14,9,25,25,1,Matches
bbafc0c4,Cristian Ansaldi,ar ARG,"DF,MF",Torino,32,1986,19.6,37,25,24,7,6,19,34,55.9,15,23,3,20,14,51,20,4,Matches
91976866,Mirko Antonucci,it ITA,"FW,MF",Roma,20,1999,0.9,4,3,1,0,3,3,3,100.0,0,2,0,2,2,6,1,0,Matches
2b15a82a,Guilherme Arana,br BRA,DF,Atalanta,22,1997,0.9,4,4,1,3,0,3,5,60.0,2,0,0,0,2,6,0,0,Matches
2f7407fa,Nicolò Armini,it ITA,DF,Lazio,18,2001,0.0,1,1,1,0,0,1,1,100.0,0,0,0,0,0,1,1,0,Matches
089550f5,Kwadwo Asamoah,gh GHA,"DF,FW",Inter,30,1988,7.1,10,8,4,5,1,6,14,42.9,8,8,1,7,9,19,13,0,Matches
a69cc629,Kristoffer Askildsen,no NOR,MF,Sampdoria,18,2001,0.8,1,1,1,0,0,0,0,,0,1,0,1,1,2,0,0,Matches
649b01d8,Emil Audero,it ITA,GK,Sampdoria,22,1997,36.0,1,1,1,0,0,1,3,33.3,2,0,0,0,0,1,21,1,Matches
3cd3b384,Tommaso Augello,it ITA,DF,Sampdoria,24,1994,12.6,14,9,6,3,5,5,7,71.4,2,8,0,8,15,29,21,1,Matches
718b8afd,Florian Ayé,fr FRA,"FW,MF",Brescia,22,1997,15.3,17,9,9,5,3,6,13,46.2,7,17,2,15,4,21,18,1,Matches
422ec08a,Khouma Babacar,sn SEN,FW,Lecce,26,1993,15.8,12,8,2,6,4,1,7,14.3,6,12,3,9,3,15,34,0,Matches
e8c930bb,Milan Badelj,hr CRO,MF,Fiorentina,30,1989,17.6,29,17,10,16,3,15,50,30.0,35,21,3,18,45,74,34,1,Matches
8cb494c9,Marco Ballarini,it ITA,MF,Udinese,18,2001,0.0,0,0,0,0,0,0,0,,0,0,0,0,0,0,0,0,Matches
8ff07990,Mario Balotelli,it ITA,FW,Brescia,28,1990,15.6,2,2,0,2,0,0,2,0.0,2,1,1,0,8,10,22,0,Matches
0821331c,Mattia Bani,it ITA,DF,Bologna,25,1993,24.5,47,28,27,19,1,25,36,69.4,11,29,15,14,52,99,92,2,Matches
01efac19,Antonín Barák,cz CZE,"MF,FW",Udinese,24,1994,2.2,5,4,3,0,2,1,5,20.0,4,6,1,5,0,5,4,0,Matches
01efac19,Antonín Barák,cz CZE,MF,Lecce,24,1994,15.2,19,10,9,10,0,6,24,25.0,18,18,1,17,9,28,20,2,Matches
6928979a,Nicolò Barella,it ITA,MF,Inter,22,1997,22.4,36,21,14,15,7,8,37,21.6,29,20,5,15,14,50,14,0,Matches
a64cbd35,Antonino Barillà,it ITA,MF,Parma,31,1988,18.8,43,31,22,19,2,16,45,35.6,29,26,8,18,17,60,32,0,Matches
6a189491,Antonio Barreca,it ITA,"DF,FW",Genoa,24,1995,12.2,10,7,5,3,2,4,5,80.0,1,12,7,5,1,11,22,0,Matches
43a1bea5,Édgar Barreto,py PAR,MF,Sampdoria,35,1984,1.0,4,3,0,1,3,2,3,66.7,1,1,0,1,0,4,0,0,Matches
e5bf73f3,Musa Barrow,gm GAM,"FW,MF",Bologna,20,1998,15.0,20,13,11,7,2,6,20,30.0,14,15,0,15,5,25,11,0,Matches
e5bf73f3,Musa Barrow,gm GAM,"FW,MF",Atalanta,20,1998,2.1,1,1,0,0,1,1,4,25.0,3,4,0,4,0,1,1,0,Matches
ea06dd97,Daniele Baselli,it ITA,MF,Torino,27,1992,14.2,43,23,17,19,7,13,40,32.5,27,20,4,16,25,68,25,0,Matches
75b86fb3,Alessandro Bastoni,it ITA,DF,Inter,20,1999,21.3,32,17,14,11,7,15,24,62.5,9,18,9,9,26,58,54,0,Matches
c01c66d9,Bastos,ao ANG,DF,Lazio,28,1991,8.5,9,5,6,3,0,4,11,36.4,7,13,8,5,13,22,26,0,Matches
19e4eab9,Rodrigo Becão,br BRA,DF,Udinese,23,1996,24.6,56,25,34,19,3,26,46,56.5,20,40,20,20,45,101,77,0,Matches
7b4de647,Asmir Begović,ba BIH,GK,Milan,32,1987,1.4,0,0,0,0,0,0,0,,0,0,0,0,0,0,0,0,Matches
d3d758d8,Valon Behrami,ch SUI,MF,Genoa,34,1985,12.3,34,26,13,17,4,8,32,25.0,24,25,10,15,9,43,16,0,Matches
e3756e72,Raoul Bellanova,it ITA,DF,Atalanta,19,2000,0.2,0,0,0,0,0,0,0,,0,0,0,0,0,0,0,0,Matches
d705ba44,Andrea Belotti,it ITA,FW,Torino,25,1993,33.4,29,16,7,17,5,5,31,16.1,26,23,5,18,5,34,20,1,Matches
0000acda,Marco Benassi,it ITA,MF,Fiorentina,24,1994,10.9,18,12,9,5,4,10,24,41.7,14,11,1,10,4,22,9,0,Matches
db092d3b,Ismaël Bennacer,dz ALG,MF,Milan,21,1997,27.6,67,47,21,34,12,29,73,39.7,44,25,7,18,54,121,15,2,Matches
3b8674e6,Rodrigo Bentancur,uy URU,MF,Juventus,22,1997,24.4,58,32,27,18,13,31,66,47.0,35,44,9,35,32,90,34,1,Matches
2e3596d1,Romario Benzar,ro ROU,DF,Lecce,27,1992,1.1,2,2,1,1,0,2,3,66.7,1,1,0,1,0,2,2,0,Matches
53a0e358,Domenico Berardi,it ITA,FW,Sassuolo,24,1994,27.7,32,16,19,8,5,13,59,22.0,46,31,3,28,33,65,27,0,Matches
dc1c2fce,Álex Berenguer,es ESP,"MF,DF",Torino,24,1995,20.3,20,6,6,13,1,8,33,24.2,25,17,1,16,18,38,17,0,Matches
61b3978f,Bartosz Bereszyński,pl POL,DF,Sampdoria,27,1992,26.7,53,35,25,23,5,26,52,50.0,26,38,16,22,35,88,88,1,Matches
ee833569,Etrit Berisha,al ALB,GK,SPAL,30,1989,26.0,3,2,3,0,0,2,3,66.7,1,0,0,0,1,4,9,0,Matches
d5575935,Valon Berisha,xk KVX,MF,Lazio,26,1993,0.4,1,1,0,1,0,1,2,50.0,1,0,0,0,0,1,1,0,Matches
ee93c1a9,Federico Bernardeschi,it ITA,"MF,FW",Juventus,25,1994,17.5,13,5,4,5,4,5,25,20.0,20,11,0,11,13,26,12,1,Matches
c75b6a02,Andrea Bertolacci,it ITA,MF,Sampdoria,28,1991,5.9,7,4,2,3,2,1,8,12.5,7,4,1,3,2,9,13,0,Matches
5710a281,Lucas Biglia,ar ARG,MF,Milan,33,1986,7.6,13,7,7,6,0,4,15,26.7,11,12,4,8,7,20,10,1,Matches
9e1577aa,Cristiano Biraghi,it ITA,DF,Inter,26,1992,17.5,22,6,10,8,4,10,24,41.7,14,21,7,14,13,35,41,0,Matches
64cd167d,Davide Biraschi,it ITA,DF,Genoa,25,1994,21.9,32,17,17,13,2,15,26,57.7,11,22,12,10,34,66,69,0,Matches
455a2b79,Valter Birsa,si SVN,"MF,FW",Cagliari,32,1986,4.8,10,6,3,6,1,7,21,33.3,14,6,1,5,4,14,3,0,Matches
16569fef,Dimitri Bisoli,it ITA,MF,Brescia,25,1994,23.9,64,35,34,20,10,30,49,61.2,19,41,7,34,25,89,49,0,Matches
da13074e,Birkir Bjarnason,is ISL,"MF,FW",Brescia,31,1988,8.9,5,3,1,3,1,2,13,15.4,11,9,4,5,5,10,4,0,Matches
f4ec4fd0,Kevin-Prince Boateng,gh GHA,FW,Fiorentina,32,1987,6.7,3,1,0,2,1,2,8,25.0,6,3,0,3,1,4,7,0,Matches
faa1b07d,Salvatore Bocchetti,it ITA,DF,Hellas Verona,32,1986,3.4,5,3,3,2,0,2,3,66.7,1,2,2,0,17,22,23,0,Matches
fe012aca,Jeremie Boga,ci CIV,FW,Sassuolo,22,1997,27.9,12,7,3,8,1,6,20,30.0,14,24,0,24,3,15,4,0,Matches
d995ed27,Giacomo Bonaventura,it ITA,"MF,FW",Milan,29,1989,14.9,16,9,5,6,5,5,17,29.4,12,8,3,5,7,23,10,0,Matches
bf57eaab,Federico Bonazzoli,it ITA,FW,Sampdoria,22,1997,8.3,7,5,1,4,2,0,7,0.0,7,3,0,3,5,12,2,0,Matches
fb77bfef,Kevin Bonifazi,it ITA,DF,Torino,23,1996,2.7,9,8,6,3,0,5,6,83.3,1,3,2,1,5,14,10,0,Matches
fb77bfef,Kevin Bonifazi,it ITA,DF,SPAL,23,1996,13.2,16,9,15,1,0,9,18,50.0,9,20,12,8,35,51,50,2,Matches
f8f0744b,Federico Bonini,it ITA,DF,Bologna,17,2001,0.1,0,0,0,0,0,0,0,,0,0,0,0,0,0,0,0,Matches
52ec54d0,Leonardo Bonucci,it ITA,DF,Juventus,32,1987,34.2,28,17,18,8,2,12,17,70.6,5,32,29,3,31,59,94,2,Matches
ef5b337e,Fabio Borini,it ITA,"MF,FW",Hellas Verona,28,1991,9.0,2,1,2,0,0,0,4,0.0,4,3,0,3,13,15,6,0,Matches
ef5b337e,Fabio Borini,it ITA,MF,Milan,28,1991,0.8,2,2,0,0,2,0,2,0.0,2,1,0,1,0,2,3,0,Matches
0d077b88,Mehdi Bourabia,ma MAR,MF,Sassuolo,27,1991,10.3,19,9,8,10,1,9,22,40.9,13,12,2,10,22,41,23,0,Matches
d4890c25,Federico Brancolini,it ITA,GK,Fiorentina,18,2001,0.1,0,0,0,0,0,0,0,,0,0,0,0,0,0,0,0,Matches
5fd5ed86,Gleison Bremer,br BRA,DF,Torino,22,1997,25.2,63,36,37,20,6,20,34,58.8,14,48,22,26,74,137,118,1,Matches
dfd56738,Marco Brescianini,it ITA,MF,Milan,19,2000,0.3,1,1,1,0,0,0,0,,0,0,0,0,2,3,0,0,Matches
33b8d077,Marcelo Brozović,hr CRO,MF,Inter,26,1992,30.0,67,35,26,31,10,19,71,26.8,52,26,9,17,46,113,46,2,Matches
e947ee4a,Gastón Brugman,uy URU,MF,Parma,26,1992,16.2,47,24,25,15,7,19,46,41.3,27,33,15,18,27,74,19,2,Matches
e40d028b,Gianluigi Buffon,it ITA,GK,Juventus,41,1978,9.0,0,0,0,0,0,0,0,,0,0,0,0,0,0,3,1,Matches
00b0bb87,Fabrizio Cacciatore,it ITA,DF,Cagliari,32,1986,12.8,14,4,9,4,1,6,9,66.7,3,10,6,4,16,30,44,0,Matches
e94d79e3,Martín Cáceres,uy URU,DF,Fiorentina,32,1987,26.2,47,31,34,11,2,16,34,47.1,18,29,13,16,31,78,74,2,Matches
93b891d1,Felipe Caicedo,ec ECU,FW,Lazio,30,1988,15.6,17,10,4,7,6,2,11,18.2,9,9,1,8,4,21,2,0,Matches
2146785a,Davide Calabria,it ITA,DF,Milan,22,1996,18.0,52,33,28,22,2,17,41,41.5,24,23,5,18,21,73,47,1,Matches
aded8e6f,Riccardo Calafiori,it ITA,DF,Roma,17,2002,0.7,0,0,0,0,0,0,1,0.0,1,0,0,0,2,2,0,0,Matches
ac7e640b,Mattia Caldara,it ITA,DF,Atalanta,25,1994,10.7,21,11,12,8,1,5,11,45.5,6,9,5,4,30,51,22,1,Matches
652811aa,Marco Calderoni,it ITA,DF,Lecce,30,1989,22.9,38,25,22,13,3,20,39,51.3,19,27,10,17,37,75,54,1,Matches
cd0fa27b,Hakan Çalhanoğlu,tr TUR,"MF,FW",Milan,25,1994,30.0,42,21,15,21,6,12,35,34.3,23,26,2,24,26,68,26,1,Matches
78841da9,José Callejón,es ESP,"FW,MF",Napoli,32,1987,24.1,13,9,3,7,3,9,25,36.0,16,15,3,12,10,23,14,1,Matches
a65ce836,Emre Can,de GER,MF,Juventus,25,1994,3.2,10,7,5,3,2,3,10,30.0,7,4,0,4,2,12,3,0,Matches
356c9002,Antonio Candreva,it ITA,DF,Inter,32,1987,22.1,11,6,9,1,1,7,29,24.1,22,26,10,16,14,25,33,1,Matches
a36084cd,Gianmarco Cangiano,it ITA,"FW,MF",Bologna,17,2001,0.2,1,1,0,1,0,0,0,,0,0,0,0,1,2,0,0,Matches
54e53b7e,Gianluca Caprari,it ITA,"FW,MF",Sampdoria,26,1993,7.4,9,7,1,6,2,4,13,30.8,9,5,0,5,7,16,1,0,Matches
54e53b7e,Gianluca Caprari,it ITA,"FW,MF",Parma,26,1993,6.5,1,1,0,1,0,0,5,0.0,5,7,2,5,4,5,2,0,Matches
5bd72174,Francesco Caputo,it ITA,FW,Sassuolo,31,1987,32.6,7,4,3,2,2,3,11,27.3,8,15,0,15,1,8,8,0,Matches
f7e2af2c,Andrea Carboni,it ITA,DF,Cagliari,18,2001,4.1,8,4,3,5,0,3,4,75.0,1,6,6,0,7,15,20,0,Matches
96960855,Francesco Cassata,it ITA,MF,Genoa,22,1997,16.2,20,10,12,5,3,9,30,30.0,21,12,2,10,11,31,11,0,Matches
197640fd,Timothy Castagne,be BEL,DF,Atalanta,23,1995,19.7,31,20,9,16,6,13,25,52.0,12,34,5,29,17,48,23,0,Matches
130a7a3f,Samu Castillejo,es ESP,"FW,MF",Milan,24,1995,13.4,24,15,10,11,3,9,42,21.4,33,17,2,15,24,48,5,0,Matches
56b2957b,Lucas Castro,ar ARG,MF,SPAL,30,1989,4.7,13,5,5,5,3,2,4,50.0,2,4,0,4,2,15,3,0,Matches
56b2957b,Lucas Castro,ar ARG,MF,Cagliari,30,1989,6.7,7,3,3,4,0,1,12,8.3,11,6,1,5,8,15,14,0,Matches
0728bebe,Gaetano Castrovilli,it ITA,MF,Fiorentina,22,1997,29.7,59,31,25,23,11,18,53,34.0,35,29,2,27,15,74,31,1,Matches
ba3d3bea,Danilo Cataldi,it ITA,MF,Lazio,24,1994,6.6,17,11,10,5,2,10,20,50.0,10,7,1,6,13,30,10,0,Matches
d9624b51,Federico Ceccherini,it ITA,DF,Fiorentina,27,1992,9.3,14,8,11,3,0,10,10,100.0,0,9,5,4,13,27,37,1,Matches
d2fd20d6,Christian Celesia,it ITA,DF,Torino,17,2002,0.0,0,0,0,0,0,0,0,,0,0,0,0,0,0,0,0,Matches
7d50454d,Luca Ceppitelli,it ITA,DF,Cagliari,29,1989,13.8,22,15,16,6,0,6,11,54.5,5,23,17,6,23,45,66,2,Matches
1079c685,Alberto Cerri,it ITA,FW,SPAL,23,1996,4.7,2,1,0,2,0,1,3,33.3,2,1,0,1,0,2,3,0,Matches
1079c685,Alberto Cerri,it ITA,FW,Cagliari,23,1996,2.7,3,1,1,0,2,2,6,33.3,4,1,0,1,2,5,4,0,Matches
ae7058f9,Julian Chabot,de GER,DF,Sampdoria,21,1998,6.3,11,7,6,5,0,6,11,54.5,5,3,2,1,15,26,26,0,Matches
84b6acaa,Jhon Chancellor,ve VEN,DF,Brescia,27,1992,24.9,30,14,22,8,0,11,22,50.0,11,34,29,5,34,64,145,3,Matches
e85fb9b8,Giorgio Chiellini,it ITA,DF,Juventus,34,1984,2.2,3,0,3,0,0,1,1,100.0,0,2,2,0,1,4,9,0,Matches
b0f7e36c,Federico Chiesa,it ITA,"FW,DF",Fiorentina,21,1997,29.3,38,22,13,15,10,10,52,19.2,42,19,0,19,6,44,6,0,Matches
c316607a,Vlad Chiricheș,ro ROU,DF,Sassuolo,29,1989,7.9,14,9,12,2,0,7,10,70.0,3,13,8,5,11,25,28,2,Matches
ae64d449,Luca Cigarini,it ITA,MF,Cagliari,33,1986,17.8,37,20,23,13,1,16,40,40.0,24,28,10,18,20,57,29,0,Matches
46f5c54d,Thiago Cionek,pl POL,DF,SPAL,33,1986,24.1,53,32,36,12,5,22,53,41.5,31,30,11,19,46,99,91,2,Matches
fe6a7685,Andrea Cistana,it ITA,DF,Brescia,22,1997,20.4,20,8,13,7,0,6,17,35.3,11,38,34,4,33,53,96,1,Matches
91c9de34,Denilho Cleonise,nl NED,FW,Genoa,17,2001,0.5,1,0,1,0,0,0,0,,0,0,0,0,1,2,0,0,Matches
bf356094,Ebrima Colley,gm GAM,FW,Atalanta,19,2000,0.9,2,1,1,0,1,1,2,50.0,1,1,0,1,1,3,0,0,Matches
8b95acda,Omar Colley,gm GAM,DF,Sampdoria,26,1992,30.8,42,26,27,14,1,12,24,50.0,12,33,22,11,59,101,155,1,Matches
72be9309,Simone Colombi,it ITA,GK,Parma,28,1991,4.0,0,0,0,0,0,0,0,,0,0,0,0,0,0,1,0,Matches
04df29a5,Lorenzo Colombo,it ITA,FW,Milan,17,2002,0.1,0,0,0,0,0,0,0,,0,0,0,0,0,0,0,0,Matches
8cabdc1e,Andrea Consigli,it ITA,GK,Sassuolo,32,1987,31.0,0,0,0,0,0,0,1,0.0,1,0,0,0,4,4,19,2,Matches
8fef5412,Andrea Conti,it ITA,DF,Milan,25,1994,19.2,41,25,23,15,3,21,49,42.9,28,21,8,13,43,84,42,1,Matches
091795f2,Gabriele Corbo,it ITA,DF,Bologna,19,2000,1.4,1,1,1,0,0,0,3,0.0,3,2,2,0,4,5,5,0,Matches
c693347d,Andreas Cornelius,dk DEN,FW,Parma,26,1993,16.6,9,4,2,5,2,4,11,36.4,7,7,0,7,2,11,26,0,Matches
45b9b619,Joaquín Correa,ar ARG,FW,Lazio,24,1994,22.2,13,7,3,7,3,5,24,20.8,19,5,1,4,7,20,10,0,Matches
4fa7cb9b,Douglas Costa,br BRA,"FW,MF",Juventus,28,1990,8.9,2,1,1,1,0,1,12,8.3,11,7,0,7,5,7,5,0,Matches
18736214,Angelo da Costa Júnior,br BRA,GK,Bologna,35,1983,1.0,0,0,0,0,0,0,0,,0,0,0,0,0,0,0,0,Matches
f554e29b,Alessio Cragno,it ITA,GK,Cagliari,25,1994,16.0,0,0,0,0,0,0,0,,0,0,0,0,0,0,10,0,Matches
35dd6d80,Domenico Criscito,it ITA,DF,Genoa,32,1986,22.8,53,33,34,12,7,24,56,42.9,32,25,13,12,53,106,81,1,Matches
16657b95,Bryan Cristante,it ITA,MF,Roma,24,1995,18.0,25,15,6,14,5,8,27,29.6,19,13,4,9,22,47,23,0,Matches
3c05c659,Sebastián Cristóforo,uy URU,MF,Fiorentina,25,1993,1.0,5,5,2,2,1,1,5,20.0,4,2,1,1,1,6,0,0,Matches
0ab1f153,Juan Cuadrado,co COL,"DF,FW",Juventus,31,1988,29.5,67,43,32,28,7,35,62,56.5,27,22,8,14,35,102,47,0,Matches
934e264d,Jaume Cuéllar,bo BOL,"MF,FW",SPAL,17,2001,0.8,1,0,0,0,1,0,1,0.0,1,0,0,0,0,1,0,0,Matches
8913a9f9,Felipe Curcio,br BRA,DF,Brescia,25,1993,0.1,0,0,0,0,0,0,0,,0,0,0,0,0,0,0,0,Matches
a4fe8cda,Patrick Cutrone,it ITA,FW,Fiorentina,21,1998,9.3,4,2,2,1,1,1,15,6.7,14,6,1,5,2,6,6,0,Matches
7ba1f1ef,Lennart-Marten Czyborra,de GER,DF,Atalanta,20,1999,0.2,0,0,0,0,0,0,0,,0,2,0,2,0,0,0,0,Matches
060606ec,Marco D'Alessandro,it ITA,"MF,DF",SPAL,28,1991,8.7,11,8,5,3,3,5,8,62.5,3,11,0,11,5,16,6,0,Matches
44eb9093,Danilo D'Ambrosio,it ITA,DF,Inter,30,1988,15.6,30,16,16,12,2,16,33,48.5,17,15,4,11,14,44,25,0,Matches
0c35d28d,Felice D'Amico,it ITA,MF,Sampdoria,18,2000,0.0,1,1,0,0,1,0,0,,0,0,0,0,0,1,0,0,Matches
9591723b,Jacopo Da Riva,it ITA,MF,Atalanta,18,2000,0.0,0,0,0,0,0,0,0,,0,0,0,0,0,0,0,0,Matches
c53083ad,Bryan Dabo,bf BFA,MF,SPAL,27,1992,12.5,18,10,13,4,1,5,15,33.3,10,13,2,11,9,27,14,0,Matches
8cea6319,Felipe dal Belo,br BRA,DF,SPAL,35,1984,11.1,13,6,9,4,0,9,15,60.0,6,14,12,2,9,22,30,0,Matches
f32df091,Christian Dalle Mura,it ITA,FW,Fiorentina,17,2002,0.0,0,0,0,0,0,0,0,,0,0,0,0,0,0,0,0,Matches
94b2001f,Danilo,br BRA,DF,Juventus,28,1991,16.0,30,20,16,12,2,18,30,60.0,12,12,3,9,26,56,44,0,Matches
263b855a,Andrea Danzi,it ITA,MF,Hellas Verona,20,1999,0.0,0,0,0,0,0,0,0,,0,0,0,0,0,0,0,0,Matches
96e0490d,Matteo Darmian,it ITA,DF,Parma,29,1989,29.8,81,42,48,30,3,40,83,48.2,43,38,16,22,25,106,78,1,Matches
16bb656a,Paweł Dawidowicz,pl POL,DF,Hellas Verona,24,1995,7.7,15,12,11,4,0,5,11,45.5,6,6,5,1,12,27,26,0,Matches
952a03fe,Sebastien De Maio,fr FRA,DF,Udinese,32,1987,16.7,18,11,11,7,0,7,11,63.6,4,28,20,8,32,50,86,2,Matches
162efffd,Rodrigo De Paul,ar ARG,MF,Udinese,25,1994,31.4,61,31,31,26,4,27,65,41.5,38,38,3,35,29,90,8,1,Matches
ae4e2852,Mattia De Sciglio,it ITA,DF,Juventus,26,1992,5.2,10,8,6,4,0,6,14,42.9,8,5,2,3,8,18,18,1,Matches
e74f0e59,Lorenzo De Silvestri,it ITA,DF,Torino,31,1988,24.9,15,8,4,7,4,11,27,40.7,16,20,7,13,19,34,72,0,Matches
854ee61a,Grégoire Defrel,mq MTQ,"FW,MF",Sassuolo,28,1991,10.9,12,8,4,6,2,4,15,26.7,11,9,0,9,3,15,5,0,Matches
7f267d66,Alessandro Deiola,it ITA,MF,Cagliari,23,1995,0.0,0,0,0,0,0,0,0,,0,0,0,0,1,1,0,0,Matches
7f267d66,Alessandro Deiola,it ITA,MF,Lecce,23,1995,8.0,16,9,9,7,0,9,24,37.5,15,12,4,8,8,24,14,1,Matches
b0243215,Cristian Dell'Orco,it ITA,DF,Lecce,25,1994,11.2,22,12,14,7,1,8,14,57.1,6,11,7,4,16,38,33,0,Matches
e3cceee6,Merih Demiral,tr TUR,DF,Juventus,21,1998,4.6,8,7,5,3,0,1,3,33.3,2,4,3,1,4,12,16,1,Matches
dc3fa3b5,Diego Demme,de GER,MF,Napoli,27,1991,10.0,18,8,14,3,1,8,23,34.8,15,9,1,8,8,26,9,0,Matches
5832ebfe,Stefano Denswil,nl NED,DF,Bologna,26,1993,24.9,49,28,29,19,1,26,44,59.1,18,23,8,15,31,80,68,0,Matches
d97f2e8d,Fabio Depaoli,it ITA,"MF,DF",Sampdoria,22,1997,20.6,41,28,26,10,5,17,31,54.8,14,29,3,26,16,57,39,0,Matches
2990c466,Kastriot Dermaku,al ALB,DF,Parma,27,1992,11.4,13,5,10,3,0,3,5,60.0,2,20,16,4,12,25,61,1,Matches
02b2937c,Daniele Dessena,it ITA,MF,Brescia,32,1987,20.8,21,11,5,14,2,6,25,24.0,19,11,1,10,11,32,21,0,Matches
d7d32194,Mattia Destro,it ITA,FW,Bologna,28,1991,2.1,3,2,1,2,0,1,3,33.3,2,1,0,1,0,3,0,0,Matches
d7d32194,Mattia Destro,it ITA,"FW,MF",Genoa,28,1991,1.7,0,0,0,0,0,0,0,,0,0,0,0,0,0,1,0,Matches
ef94dc2f,Samuel Di Carmine,it ITA,"FW,MF",Hellas Verona,30,1988,14.4,2,1,0,0,2,0,8,0.0,8,3,0,3,1,3,10,0,Matches
1fca9171,Federico Di Francesco,it ITA,FW,SPAL,25,1994,12.0,11,5,2,6,3,3,15,20.0,12,9,1,8,3,14,2,1,Matches
230a2fac,Giovanni Di Lorenzo,it ITA,DF,Napoli,25,1993,33.0,59,35,27,19,13,32,61,52.5,29,27,11,16,28,87,54,0,Matches
9dc96f10,Amad Diallo,ci CIV,FW,Atalanta,17,2002,0.3,1,1,0,1,0,0,0,,0,0,0,0,0,1,0,0,Matches
bf309d24,Amadou Diawara,gn GUI,MF,Roma,22,1997,16.9,40,25,14,20,6,8,30,26.7,22,10,1,9,33,73,16,2,Matches
0a3065c8,Mitchell Dijks,nl NED,DF,Bologna,26,1993,11.2,13,10,6,5,2,8,12,66.7,4,5,1,4,10,23,23,0,Matches
970b8574,Federico Dimarco,it ITA,DF,Hellas Verona,21,1997,5.8,11,5,4,4,3,6,10,60.0,4,3,2,1,4,15,11,0,Matches
970b8574,Federico Dimarco,it ITA,DF,Inter,21,1997,0.3,1,0,0,1,0,0,0,,0,0,0,0,1,2,1,0,Matches
933d3b51,Koffi Djidji,ci CIV,DF,Torino,26,1992,9.5,27,12,19,8,0,8,18,44.4,10,28,23,5,15,42,53,1,Matches
6eee05f1,Berat Djimsiti,al ALB,DF,Atalanta,26,1993,30.9,42,23,17,23,2,22,39,56.4,17,21,14,7,49,91,92,0,Matches
20b3a502,Nicolás Domínguez,ar ARG,MF,Bologna,21,1998,7.8,21,14,15,5,1,7,18,38.9,11,12,2,10,12,33,7,0,Matches
22051fbe,Giulio Donati,it ITA,DF,Lecce,29,1990,19.6,32,21,22,8,2,15,28,53.6,13,19,10,9,25,57,42,0,Matches
5592007b,Alfredo Donnarumma,it ITA,FW,Brescia,28,1990,18.7,17,9,3,9,5,6,18,33.3,12,7,0,7,5,22,1,0,Matches
08f5afaa,Gianluigi Donnarumma,it ITA,GK,Milan,20,1999,35.6,1,0,1,0,0,1,2,50.0,1,0,0,0,3,4,25,7,Matches
085e71a7,Bartłomiej Drągowski,pl POL,GK,Fiorentina,21,1997,31.0,0,0,0,0,0,0,1,0.0,1,0,0,0,3,3,8,1,Matches
73ddc40c,Léo Duarte,br BRA,DF,Milan,23,1996,4.5,4,3,0,3,1,1,4,25.0,3,9,6,3,3,7,9,0,Matches
c59f90b0,Edgaras Dubickas,lt LTU,DF,Lecce,21,1998,0.0,0,0,0,0,0,0,0,,0,0,0,0,0,0,0,0,Matches
528492ea,Alfred Duncan,gh GHA,MF,Fiorentina,26,1993,9.9,12,9,11,1,0,2,19,10.5,17,4,0,4,5,17,12,0,Matches
528492ea,Alfred Duncan,gh GHA,MF,Sassuolo,26,1993,9.4,19,12,8,7,4,6,16,37.5,10,7,0,7,9,28,13,0,Matches
e0921a4f,Paulo Dybala,ar ARG,"FW,MF",Juventus,25,1993,23.9,19,10,6,9,4,9,39,23.1,30,15,0,15,13,32,3,0,Matches
3bb7f478,Edin Džeko,ba BIH,FW,Roma,33,1986,31.7,16,11,2,7,7,2,13,15.4,11,11,4,7,6,22,33,0,Matches
756959aa,Blerim Džemaili,ch SUI,MF,Bologna,33,1986,7.8,19,12,3,13,3,4,22,18.2,18,9,3,6,7,26,6,0,Matches
8697c095,Simone Edera,it ITA,"MF,FW",Torino,22,1997,4.4,13,5,3,7,3,2,12,16.7,10,1,0,1,1,14,3,0,Matches
f503ea63,Albin Ekdal,se SWE,MF,Sampdoria,30,1989,26.5,51,25,18,31,2,24,68,35.3,44,35,14,21,33,84,46,1,Matches
cf007308,Elif Elmas,mk MKD,MF,Napoli,19,1999,12.6,16,7,5,6,5,5,20,25.0,15,11,1,10,11,27,4,0,Matches
825b8997,Alan Empereur,br BRA,DF,Hellas Verona,25,1994,9.5,16,8,11,4,1,6,10,60.0,4,19,12,7,22,38,36,0,Matches
980522ec,Christian Eriksen,dk DEN,MF,Inter,27,1992,7.8,11,6,2,8,1,5,20,25.0,15,3,0,3,0,11,0,0,Matches
7ff93107,Sebastiano Esposito,it ITA,FW,Inter,17,2002,2.2,3,2,0,2,1,0,5,0.0,5,3,0,3,3,6,1,0,Matches
ae82fa48,Valentin Eysseric,fr FRA,"MF,FW",Hellas Verona,27,1992,3.9,4,4,1,2,1,0,4,0.0,4,3,0,3,1,5,2,0,Matches
ae82fa48,Valentin Eysseric,fr FRA,"FW,MF",Fiorentina,27,1992,0.5,0,0,0,0,0,0,0,,0,1,0,1,0,0,0,0,Matches
ca8fa0c0,Luca Falbo,it ITA,DF,Lazio,19,2000,0.0,0,0,0,0,0,0,0,,0,0,0,0,0,0,0,0,Matches
e23f56c1,Filippo Falco,it ITA,"FW,MF",Lecce,27,1992,22.4,13,7,4,5,4,5,18,27.8,13,11,1,10,2,15,1,0,Matches
9f5a610b,Wladimiro Falcone,it ITA,GK,Sampdoria,24,1995,2.0,0,0,0,0,0,0,0,,0,0,0,0,0,0,0,0,Matches
440c84ed,Iago Falque,es ESP,"FW,MF",Torino,29,1990,1.1,0,0,0,0,0,0,1,0.0,1,1,0,1,0,0,0,0,Matches
440c84ed,Iago Falque,es ESP,MF,Genoa,29,1990,5.8,7,3,1,4,2,4,8,50.0,4,7,0,7,1,8,4,0,Matches
61f2f56a,Andri Fannar Baldursson,is ISL,MF,Bologna,17,2002,1.6,1,0,0,1,0,0,1,0.0,1,2,0,2,1,2,3,0,Matches
9085dd7c,Paolo Faragò,it ITA,"DF,MF",Cagliari,26,1993,14.9,41,28,21,15,5,23,46,50.0,23,18,9,9,10,51,58,0,Matches
aae9d04a,Davide Faraoni,it ITA,DF,Hellas Verona,27,1991,35.9,67,37,43,19,5,30,67,44.8,37,50,15,35,36,103,115,0,Matches
b7a5bc86,Mohamed Fares,dz ALG,"DF,MF",SPAL,23,1996,4.7,6,4,3,2,1,2,10,20.0,8,5,3,2,5,11,8,0,Matches
157d29b6,Diego Farias,br BRA,"MF,FW",Lecce,29,1990,9.2,9,6,3,5,1,5,18,27.8,13,7,0,7,4,13,4,0,Matches
44510fde,Andrea Favilli,it ITA,FW,Genoa,22,1997,7.3,8,7,2,3,3,4,11,36.4,7,5,1,4,0,8,7,0,Matches
4e358a2d,Federico Fazio,ar ARG,DF,Roma,32,1987,13.5,19,11,12,6,1,6,11,54.5,5,8,6,2,19,38,52,0,Matches
15d0c248,Luiz Felipe,it ITA,DF,Lazio,22,1997,22.5,42,24,24,15,3,19,32,59.4,13,39,30,9,41,83,69,2,Matches
85e51909,Lucas Felippe,br BRA,"MF,DF",Hellas Verona,19,2000,0.3,1,1,1,0,0,1,1,100.0,0,0,0,0,0,1,0,0,Matches
d0dbca9f,Alex Ferrari,it ITA,DF,Sampdoria,25,1994,11.2,18,13,13,5,0,7,12,58.3,5,13,8,5,12,30,31,0,Matches
df301450,Sergio Floccari,it ITA,FW,SPAL,37,1981,10.5,8,3,3,1,4,0,13,0.0,13,9,1,8,5,13,1,0,Matches
e288d4b3,Alessandro Florenzi,it ITA,"DF,FW",Roma,28,1991,11.1,14,11,8,4,2,7,20,35.0,13,9,3,6,16,30,19,0,Matches
5313ed43,Seko Fofana,ci CIV,MF,Udinese,24,1995,25.0,17,12,8,8,1,9,35,25.7,26,20,1,19,17,34,19,0,Matches
d80b1835,Gianluca Frabotta,it ITA,DF,Juventus,20,1999,1.0,3,1,0,2,1,2,2,100.0,0,2,0,2,1,4,2,0,Matches
98d2c2c4,Remo Freuler,ch SUI,MF,Atalanta,27,1992,26.0,51,30,18,25,8,22,63,34.9,41,41,6,35,28,79,26,0,Matches
82328faf,Daniel Fuzato,br BRA,GK,Roma,22,1997,1.0,0,0,0,0,0,0,0,,0,0,0,0,0,0,0,0,Matches
c235e803,Matteo Gabbia,it ITA,DF,Milan,19,1999,7.6,7,5,5,2,0,5,8,62.5,3,6,6,0,9,16,21,0,Matches
8f866fe8,Manolo Gabbiadini,it ITA,FW,Sampdoria,27,1991,22.6,9,7,2,3,4,1,7,14.3,6,12,0,12,10,19,11,0,Matches
f93ed0df,Gabriel,br BRA,GK,Lecce,26,1992,33.3,2,1,2,0,0,2,3,66.7,1,0,0,0,0,2,11,10,Matches
1d00a56c,Luca Gagliano,it ITA,FW,Cagliari,19,2000,0.6,0,0,0,0,0,0,0,,0,0,0,0,1,1,0,0,Matches
ce30bfc8,Roberto Gagliardini,it ITA,MF,Inter,25,1994,20.0,38,19,12,18,8,14,41,34.1,27,28,8,20,30,68,20,1,Matches
173061c0,Riccardo Gagliolo,se SWE,DF,Parma,29,1990,28.9,57,32,37,12,8,30,60,50.0,30,35,18,17,53,110,100,0,Matches
13f89eaa,Daniele Gastaldello,it ITA,DF,Brescia,36,1983,4.3,8,5,5,3,0,2,3,66.7,1,6,3,3,5,13,29,1,Matches
e468c053,Gervinho,ci CIV,FW,Parma,32,1987,25.2,12,6,5,6,1,6,17,35.3,11,4,0,4,5,17,3,0,Matches
dc3a9a0d,Rachid Ghezzal,dz ALG,"MF,FW",Fiorentina,27,1992,9.2,27,15,14,10,3,10,33,30.3,23,6,0,6,11,38,9,0,Matches
c840baa2,Andrea Ghezzi,it ITA,"FW,MF",Brescia,18,2001,0.4,2,0,0,1,1,1,1,100.0,0,0,0,0,0,2,0,0,Matches
71dc23da,Paolo Ghiglione,it ITA,"DF,FW",Genoa,22,1997,19.1,31,16,15,13,3,18,35,51.4,17,17,2,15,9,40,42,1,Matches
7f24b3eb,Andrea Ghion,it ITA,"FW,MF",Sassuolo,19,2000,0.5,3,1,1,2,0,1,1,100.0,0,0,0,0,0,3,0,0,Matches
c5adc293,Faouzi Ghoulam,dz ALG,DF,Napoli,28,1991,4.2,6,4,1,4,1,2,5,40.0,3,3,2,1,4,10,8,0,Matches
fc4f85b1,Diego Godín,uy URU,DF,Inter,33,1986,18.1,38,29,19,16,3,18,32,56.3,14,17,7,10,45,83,60,1,Matches
4b029b31,Edoardo Goldaniga,it ITA,DF,Genoa,25,1993,8.7,4,3,3,1,0,2,5,40.0,3,11,6,5,18,22,25,1,Matches
f0f7f62f,Pierluigi Gollini,it ITA,GK,Atalanta,24,1995,32.0,0,0,0,0,0,0,2,0.0,2,0,0,0,0,0,13,2,Matches
6e4df551,Papu Gómez,ar ARG,"MF,FW",Atalanta,31,1988,31.6,27,13,5,13,9,13,45,28.9,32,24,0,24,17,44,6,1,Matches
2d970560,Robin Gosens,de GER,DF,Atalanta,25,1994,29.1,53,27,19,26,8,23,51,45.1,28,38,10,28,39,92,40,0,Matches
6cc97b6a,Alberto Grassi,it ITA,MF,Parma,24,1995,7.1,10,4,7,3,0,5,13,38.5,8,5,2,3,19,29,9,1,Matches
ac1f056e,Sinan Gümüş,tr TUR,"FW,MF",Genoa,25,1994,1.1,0,0,0,0,0,0,4,0.0,4,0,0,0,0,0,1,0,Matches
f1f1f238,Koray Günter,de GER,DF,Hellas Verona,24,1994,30.4,39,25,22,15,2,19,29,65.5,10,45,39,6,55,94,131,1,Matches
74419746,Samir Handanović,si SVN,GK,Inter,35,1984,35.0,1,1,1,0,0,0,1,0.0,1,0,0,0,0,1,8,3,Matches
5c397195,Lukáš Haraslín,sk SVK,FW,Sassuolo,23,1996,4.3,5,2,1,3,1,2,9,22.2,7,5,0,5,4,9,1,0,Matches
3b333ac3,Hans Hateboer,nl NED,DF,Atalanta,25,1994,26.2,36,23,20,9,7,18,38,47.4,20,22,7,15,10,46,32,1,Matches
d7918b13,Liam Henderson,sct SCO,MF,Hellas Verona,23,1996,2.2,3,2,0,3,0,2,3,66.7,1,1,0,1,0,3,4,0,Matches
f45f9427,Dalbert Henrique,br BRA,"DF,MF",Fiorentina,25,1993,27.6,52,25,35,12,5,18,51,35.3,33,34,4,30,19,71,65,0,Matches
d4c9725f,Theo Hernández,fr FRA,DF,Milan,21,1997,31.3,56,39,32,18,6,33,53,62.3,20,34,6,28,43,99,62,2,Matches
6f5ead86,Hernani,br BRA,MF,Parma,25,1994,26.9,61,31,25,31,5,30,112,26.8,82,53,11,42,50,111,51,1,Matches
8a08491a,Gonzalo Higuaín,ar ARG,FW,Juventus,31,1987,20.7,13,7,2,6,5,4,31,12.9,27,12,0,12,6,19,14,0,Matches
4ce8f4a3,Krisztofer Horváth,hu HUN,"FW,DF",SPAL,17,2002,0.5,1,1,0,1,0,0,0,,0,0,0,0,0,1,0,0,Matches
2f3452eb,Elseid Hysaj,al ALB,DF,Napoli,25,1994,16.5,18,9,13,4,1,12,26,46.2,14,16,3,13,24,42,26,0,Matches
63071a3f,Simone Iacoponi,it ITA,DF,Parma,32,1987,33.9,49,25,36,12,1,26,42,61.9,16,37,29,8,35,84,140,2,Matches
82efe6fa,Roger Ibanez,br BRA,DF,Roma,20,1998,6.8,11,8,6,3,2,5,7,71.4,2,9,6,3,18,29,21,1,Matches
4cde5509,Zlatan Ibrahimović,se SWE,FW,Milan,37,1981,15.1,5,1,0,2,3,1,13,7.7,12,4,3,1,5,10,21,0,Matches
a4e85758,Igor,br BRA,DF,SPAL,21,1998,14.9,24,16,13,10,1,14,20,70.0,6,17,9,8,24,48,37,1,Matches
a4e85758,Igor,br BRA,DF,Fiorentina,21,1998,6.8,12,10,8,2,2,6,7,85.7,1,10,4,6,7,19,16,0,Matches
68252d6d,Josip Iličić,si SVN,"FW,MF",Atalanta,31,1988,18.5,26,19,7,10,9,7,28,25.0,21,9,0,9,9,35,4,0,Matches
b86fe156,Giannelli Imbula,cd COD,MF,Lecce,26,1992,1.4,2,0,2,0,0,0,1,0.0,1,4,1,3,2,4,0,0,Matches
4431aed2,Ciro Immobile,it ITA,FW,Lazio,29,1990,35.2,8,6,2,4,2,0,24,0.0,24,10,2,8,11,19,7,0,Matches
6c1f7328,Roberto Inglese,it ITA,FW,Parma,27,1991,8.5,9,6,2,2,5,2,10,20.0,8,8,2,6,2,11,1,0,Matches
2f557579,Lorenzo Insigne,it ITA,"FW,MF",Napoli,28,1991,31.2,21,15,6,8,7,6,35,17.1,29,13,0,13,30,51,4,1,Matches
cedb3e36,Artur Ioniță,md MDA,MF,Cagliari,28,1990,21.1,38,23,12,22,4,12,37,32.4,25,32,10,22,18,56,24,2,Matches
103b7264,Jakub Iskra,pl POL,DF,SPAL,16,2002,0.9,0,0,0,0,0,0,0,,0,0,0,0,1,1,2,0,Matches
89976232,Armando Izzo,it ITA,DF,Torino,27,1992,29.8,42,24,24,14,4,17,35,48.6,18,44,29,15,71,113,121,1,Matches
4cdcbc14,Filip Jagiełło,pl POL,MF,Genoa,21,1997,6.1,7,2,0,3,4,3,7,42.9,4,4,0,4,5,12,4,0,Matches
8c65eb5f,Mato Jajalo,ba BIH,MF,Udinese,31,1988,18.3,44,19,19,22,3,14,38,36.8,24,20,7,13,19,63,19,2,Matches
9866afec,Marko Janković,me MNE,"FW,DF",SPAL,24,1995,1.3,2,1,0,0,2,1,2,50.0,1,2,1,1,0,2,0,0,Matches
1ea5f91c,Jakub Jankto,cz CZE,"MF,FW",Sampdoria,23,1996,23.3,27,13,14,10,3,10,42,23.8,32,30,3,27,22,49,22,0,Matches
79083382,Juan Jesus,br BRA,DF,Roma,28,1991,1.5,2,1,2,0,0,0,3,0.0,3,1,0,1,1,3,7,0,Matches
244f57b9,Jony,es ESP,"DF,FW",Lazio,28,1991,13.1,13,9,7,4,2,5,23,21.7,18,11,2,9,14,27,17,0,Matches
7f66ea09,Jesse Joronen,fi FIN,GK,Brescia,26,1993,29.0,3,1,3,0,0,3,3,100.0,0,0,0,0,6,9,22,0,Matches
570bb4b9,Hamed Junior Traorè,ci CIV,"MF,FW",Sassuolo,19,2000,17.4,31,15,10,15,6,14,39,35.9,25,22,1,21,11,42,7,0,Matches
7737dee2,Musa Juwara,gm GAM,"FW,MF",Bologna,17,2001,1.7,4,2,1,1,2,1,5,20.0,4,2,1,1,0,4,1,0,Matches
d4931a5a,Nikola Kalinić,hr CRO,FW,Roma,31,1988,6.3,2,1,0,2,0,0,0,,0,2,0,2,1,3,1,0,Matches
8b66d9cc,Yann Karamoh,fr FRA,"FW,MF",Parma,21,1998,6.4,10,7,5,4,1,3,9,33.3,6,5,0,5,2,12,3,0,Matches
05e19d6a,Franck Kessié,ci CIV,MF,Milan,22,1996,32.3,54,29,28,18,8,16,52,30.8,36,34,5,29,34,88,32,2,Matches
38ac43d3,Sami Khedira,de GER,MF,Juventus,32,1987,7.6,14,7,3,8,3,4,19,21.1,15,12,1,11,3,17,13,0,Matches
8b8a56ce,Simon Kjær,dk DEN,DF,Atalanta,30,1989,3.2,9,6,1,8,0,3,4,75.0,1,5,4,1,7,16,10,1,Matches
8b8a56ce,Simon Kjær,dk DEN,DF,Milan,30,1989,13.8,22,13,17,5,0,10,18,55.6,8,20,16,4,15,37,52,0,Matches
008a6e6d,Ragnar Klavan,ee EST,DF,Cagliari,33,1985,26.2,29,16,20,9,0,14,28,50.0,14,29,19,10,25,54,118,1,Matches
4c3a6744,Justin Kluivert,nl NED,FW,Roma,20,1999,16.8,17,11,4,8,5,7,16,43.8,9,15,0,15,6,23,7,0,Matches
eda40760,Aleksandar Kolarov,rs SRB,DF,Roma,33,1985,30.4,37,28,16,16,5,20,37,54.1,17,20,9,11,31,68,57,0,Matches
58e933d2,Christian Kouamé,ci CIV,"FW,MF",Fiorentina,21,1997,3.3,3,2,0,3,0,0,1,0.0,1,5,1,4,1,4,1,0,Matches
58e933d2,Christian Kouamé,ci CIV,FW,Genoa,21,1997,10.2,2,1,0,1,1,0,8,0.0,8,8,2,6,1,3,13,0,Matches
da974c7b,Kalidou Koulibaly,sn SEN,DF,Napoli,28,1991,23.4,51,33,30,17,4,17,28,60.7,11,28,16,12,31,82,61,1,Matches
58027adc,Ladislav Krejčí,cz CZE,DF,Bologna,27,1992,11.7,15,10,6,7,2,9,19,47.4,10,7,4,3,10,25,23,0,Matches
817c6964,Rade Krunić,ba BIH,"MF,FW",Milan,25,1993,6.0,16,8,8,5,3,9,16,56.3,7,5,0,5,9,25,5,0,Matches
5aaef9ef,Juraj Kucka,sk SVK,"MF,FW",Parma,32,1987,21.5,43,22,21,16,6,14,61,23.0,47,21,4,17,29,72,36,0,Matches
df3cda47,Dejan Kulusevski,se SWE,"FW,MF",Parma,19,2000,32.6,41,21,10,24,7,19,64,29.7,45,25,1,24,23,64,17,0,Matches
a40819d9,Marash Kumbulla,al ALB,DF,Hellas Verona,19,2000,21.7,40,24,21,17,2,19,36,52.8,17,33,24,9,50,90,86,3,Matches
144607cc,Jasmin Kurtić,si SVN,MF,SPAL,30,1989,15.7,20,7,8,8,4,6,27,22.2,21,14,2,12,10,30,20,1,Matches
144607cc,Jasmin Kurtić,si SVN,"MF,FW",Parma,30,1989,18.5,32,23,19,10,3,13,35,37.1,22,19,5,14,15,47,27,2,Matches
0a483542,Giorgos Kyriakopoulos,gr GRE,DF,Sassuolo,23,1996,18.3,35,18,22,7,6,18,32,56.3,14,19,6,13,18,53,41,0,Matches
822a7761,Antonino La Gumina,it ITA,FW,Sampdoria,23,1996,2.1,0,0,0,0,0,0,0,,0,0,0,0,0,0,1,0,Matches
c375dfa5,Andrea La Mantia,it ITA,FW,Lecce,28,1991,6.1,1,0,1,0,0,1,5,20.0,4,3,0,3,7,8,11,0,Matches
ff4296df,Riccardo Ladinetti,it ITA,MF,Cagliari,18,2000,1.4,2,2,0,2,0,1,1,100.0,0,0,0,0,4,6,0,1,Matches
2ead2809,Gianluca Lapadula,pe PER,FW,Lecce,29,1990,19.8,15,8,6,8,1,5,16,31.3,11,2,0,2,1,16,14,0,Matches
fed5f993,Danilo Larangeira,br BRA,DF,Bologna,35,1984,29.3,34,17,19,15,0,16,28,57.1,12,54,39,15,30,64,99,0,Matches
09538fdb,Kevin Lasagna,it ITA,FW,Udinese,26,1992,28.5,27,14,7,13,7,6,31,19.4,25,23,1,22,10,37,18,1,Matches
3535098b,Vincent Laurini,fr FRA,DF,Parma,30,1989,9.8,26,22,11,11,4,14,18,77.8,4,10,3,7,11,37,29,0,Matches
f26e3c59,Diego Laxalt,uy URU,"DF,MF",Torino,26,1993,6.6,19,10,10,6,3,6,20,30.0,14,12,4,8,6,25,20,0,Matches
f26e3c59,Diego Laxalt,uy URU,DF,Milan,26,1993,1.9,3,3,3,0,0,1,3,33.3,2,4,0,4,0,3,3,0,Matches
016ff750,Valentino Lazaro,at AUT,DF,Inter,23,1996,3.6,6,5,3,2,1,4,8,50.0,4,5,0,5,1,7,8,1,Matches
5128bde4,Darko Lazović,rs SRB,DF,Hellas Verona,28,1990,36.0,26,16,14,8,4,14,27,51.9,13,15,4,11,23,49,53,0,Matches
02caf6e0,Manuel Lazzari,it ITA,DF,Lazio,25,1993,28.3,20,11,10,7,3,10,31,32.3,21,11,1,10,8,28,34,0,Matches
20730eae,Rafael Leão,pt POR,FW,Milan,20,1999,15.6,7,4,2,5,0,3,9,33.3,6,4,0,4,0,7,5,0,Matches
4c78b5ed,Lucas Leiva,br BRA,MF,Lazio,32,1987,20.1,60,35,25,31,4,28,72,38.9,44,29,6,23,47,107,34,1,Matches
1b82f8df,Lukas Lerager,dk DEN,MF,Genoa,26,1993,15.4,29,19,13,12,4,10,34,29.4,24,20,5,15,8,37,15,1,Matches
7d3cbc67,Mehdi Léris,dz ALG,"MF,FW",Sampdoria,21,1998,5.7,13,11,4,2,7,7,19,36.8,12,12,4,8,6,19,6,0,Matches
4a6914ff,Karlo Letica,hr CRO,GK,SPAL,22,1997,10.0,0,0,0,0,0,0,2,0.0,2,0,0,0,0,0,4,3,Matches
d6e53a3a,Matthijs de Ligt,nl NED,DF,Juventus,19,1999,27.2,25,15,14,10,1,13,23,56.5,10,30,23,7,25,50,101,2,Matches
59be3a74,Anderson Lima,br BRA,"MF,DF",Lazio,19,1999,0.7,4,0,3,1,0,1,1,100.0,0,4,0,4,0,4,0,0,Matches
d023d70f,Karol Linetty,pl POL,MF,Sampdoria,24,1995,22.4,61,32,24,25,12,21,65,32.3,44,26,3,23,26,87,17,0,Matches
ff800ed8,Pol Lirola,es ESP,DF,Fiorentina,21,1997,29.4,34,20,18,10,6,21,38,55.3,17,16,4,12,26,60,52,0,Matches
82dbf623,Fernando Llorente,es ESP,FW,Napoli,34,1985,5.6,0,0,0,0,0,0,1,0.0,1,4,0,4,1,1,3,0,Matches
e1cbb531,Stanislav Lobotka,sk SVK,MF,Napoli,24,1994,8.4,11,9,3,5,3,5,12,41.7,7,3,1,2,9,20,2,0,Matches
a8a874f1,Manuel Locatelli,it ITA,MF,Sassuolo,21,1998,28.7,76,50,35,37,4,33,69,47.8,36,42,14,28,33,109,36,0,Matches
20b9f052,Pau López,es ESP,GK,Roma,24,1994,32.0,1,0,1,0,0,1,5,20.0,4,0,0,0,1,2,10,3,Matches
5fa57166,Matteo Lovato,it ITA,DF,Hellas Verona,19,2000,0.1,0,0,0,0,0,0,0,,0,0,0,0,0,0,1,0,Matches
a69e4806,Hirving Lozano,mx MEX,"FW,MF",Napoli,24,1995,11.4,6,4,1,5,0,2,15,13.3,13,13,0,13,5,11,5,0,Matches
8efa621b,Fabio Lucioni,it ITA,DF,Lecce,31,1987,34.8,29,13,20,9,0,14,32,43.8,18,48,38,10,36,65,169,5,Matches
921f6058,José Luis Palomino,ar ARG,DF,Atalanta,29,1990,27.6,81,44,46,33,2,28,54,51.9,26,39,14,25,61,142,74,2,Matches
0cd0e21b,Jordan Lukaku,be BEL,DF,Lazio,25,1994,4.4,4,2,1,1,2,2,4,50.0,2,2,1,1,0,4,9,0,Matches
5eae500a,Romelu Lukaku,be BEL,FW,Inter,26,1993,33.1,13,7,4,7,2,3,10,30.0,7,14,6,8,1,14,28,0,Matches
c6e8cf1f,Saša Lukić,rs SRB,MF,Torino,22,1996,20.7,29,17,8,19,2,10,35,28.6,25,21,7,14,29,58,15,0,Matches
7fd58fe3,Senad Lulić,ba BIH,DF,Lazio,33,1986,17.5,21,13,10,7,4,11,41,26.8,30,20,4,16,21,42,28,1,Matches
997fff07,Sebastiano Luperto,it ITA,DF,Napoli,22,1996,5.9,12,9,7,3,2,6,9,66.7,3,5,3,2,6,18,16,0,Matches
b5bf1770,Lyanco,br BRA,DF,Torino,22,1997,13.1,23,13,9,12,2,7,13,53.8,6,29,19,10,23,46,54,2,Matches
5efc5389,Charalambos Lykogiannis,gr GRE,DF,Cagliari,25,1993,14.9,14,9,9,3,2,7,18,38.9,11,25,9,16,23,37,71,0,Matches
07767f42,Francesco Magnanelli,it ITA,MF,Sassuolo,34,1984,15.5,25,13,9,12,4,11,35,31.4,24,12,6,6,19,44,23,1,Matches
cce9f582,Giangiacomo Magnani,it ITA,DF,Brescia,23,1995,1.3,0,0,0,0,0,0,1,0.0,1,2,2,0,2,2,6,0,Matches
cce9f582,Giangiacomo Magnani,it ITA,DF,Sassuolo,23,1995,1.6,0,0,0,0,0,0,0,,0,2,1,1,2,2,7,0,Matches
bf13975c,Žan Majer,si SVN,MF,Lecce,27,1992,18.5,39,18,19,12,8,17,56,30.4,39,27,6,21,26,65,18,1,Matches
16b9d5cf,Nikola Maksimović,rs SRB,DF,Napoli,27,1991,20.0,35,24,21,14,0,10,21,47.6,11,19,11,8,30,65,64,1,Matches
d6a889ea,Kévin Malcuit,ma MAR,DF,Napoli,28,1991,2.8,8,6,4,3,1,5,6,83.3,1,4,1,3,3,11,2,0,Matches
801831fe,Daniel Maldini,it ITA,"FW,MF",Milan,17,2001,0.3,0,0,0,0,0,0,2,0.0,2,1,0,1,1,1,0,0,Matches
48d5bd33,Ruslan Malinovskyi,ua UKR,"MF,FW",Atalanta,26,1993,17.1,22,14,2,17,3,9,31,29.0,22,13,2,11,5,27,5,0,Matches
5aa53281,Gianluca Mancini,it ITA,"DF,MF",Roma,23,1996,30.4,49,26,26,18,5,22,44,50.0,22,32,15,17,60,109,98,1,Matches
2c3a6c21,Marco Mancosu,it ITA,"MF,FW",Lecce,30,1988,27.1,32,18,11,16,5,10,46,21.7,36,34,9,25,16,48,15,1,Matches
c7259b83,Rolando Mandragora,it ITA,MF,Udinese,22,1997,22.8,47,24,15,25,7,15,55,27.3,40,30,5,25,26,73,25,0,Matches
33914f14,Massimiliano Mangraviti,it ITA,DF,Brescia,21,1998,10.8,8,6,1,6,1,3,6,50.0,3,11,6,5,8,16,43,0,Matches
c707411f,Kostas Manolas,gr GRE,DF,Napoli,28,1991,24.2,23,15,13,10,0,10,17,58.8,7,19,14,5,25,48,76,1,Matches
d8dfae8a,Giacomo Manzari,it ITA,"FW,MF",Sassuolo,18,2000,0.2,0,0,0,0,0,0,0,,0,0,0,0,0,0,0,0,Matches
8650af85,Gian Marco Ferrari,it ITA,DF,Sassuolo,27,1992,21.1,9,5,6,3,0,4,8,50.0,4,25,22,3,26,35,41,1,Matches
66a9470c,Federico Marigosu,it ITA,MF,Cagliari,18,2001,0.3,0,0,0,0,0,0,0,,0,0,0,0,0,0,1,0,Matches
cdf65d12,Marlon,br BRA,DF,Sassuolo,23,1995,20.2,40,23,24,15,1,17,27,63.0,10,20,13,7,35,75,69,0,Matches
e01ca8f4,Gonzalo Maroni,ar ARG,"MF,FW",Sampdoria,20,1999,2.0,3,1,1,1,1,3,7,42.9,4,1,0,1,3,6,0,0,Matches
1e12c53b,Bruno Martella,it ITA,DF,Brescia,26,1992,14.1,18,9,14,3,1,9,16,56.3,7,13,7,6,17,35,48,1,Matches
f7036e1c,Lautaro Martínez,ar ARG,FW,Inter,21,1997,27.2,22,7,2,8,12,4,34,11.8,30,30,2,28,15,37,11,0,Matches
d4535821,Adam Marušić,me MNE,DF,Lazio,26,1992,10.5,11,6,7,4,0,4,11,36.4,7,14,2,12,14,25,16,0,Matches
e0314d87,Andrea Masiello,it ITA,DF,Genoa,33,1986,14.7,26,15,17,8,1,16,32,50.0,16,8,2,6,26,52,55,2,Matches
e0314d87,Andrea Masiello,it ITA,DF,Atalanta,33,1986,6.0,11,4,6,4,1,7,14,50.0,7,6,4,2,10,21,13,0,Matches
deb748c9,Aleš Matějů,cz CZE,DF,Brescia,23,1996,28.3,48,27,33,9,6,23,45,51.1,22,41,24,17,37,85,109,3,Matches
58d97e77,Alessandro Matri,it ITA,"FW,MF",Brescia,34,1984,1.0,1,0,0,0,1,0,0,,0,1,0,1,0,1,1,0,Matches
fba81826,Federico Mattiello,it ITA,DF,Cagliari,24,1995,10.3,30,21,19,7,4,11,27,40.7,16,20,7,13,18,48,22,0,Matches
c0cddebe,Blaise Matuidi,fr FRA,MF,Juventus,32,1987,24.9,48,27,13,27,8,13,34,38.2,21,35,6,29,22,70,16,0,Matches
dc61b402,Luca Mazzitelli,it ITA,MF,Sassuolo,23,1995,0.1,1,1,0,1,0,1,1,100.0,0,0,0,0,0,1,0,0,Matches
cfbf9881,Ibrahima Mbaye,sn SEN,DF,Bologna,24,1994,16.7,19,10,13,4,2,7,17,41.2,10,22,11,11,15,34,42,0,Matches
1eeeff8a,Biagio Meccariello,it ITA,DF,Lecce,28,1991,8.5,23,13,15,6,2,12,29,41.4,17,14,2,12,10,33,25,0,Matches
563a68ad,Gary Medel,cl CHI,MF,Bologna,31,1987,19.8,43,22,15,24,4,16,43,37.2,27,24,8,16,34,77,31,2,Matches
5cec2c74,Soualiho Meïté,fr FRA,MF,Torino,25,1994,24.5,32,18,14,13,5,12,35,34.3,23,31,6,25,24,56,36,0,Matches
9413b19f,Alex Meret,it ITA,GK,Napoli,22,1997,21.7,0,0,0,0,0,0,2,0.0,2,1,0,1,1,1,7,2,Matches
c730da00,Yıldırım Mert Çetin,tr TUR,DF,Roma,22,1997,2.9,5,1,4,1,0,3,5,60.0,2,4,3,1,4,9,8,1,Matches
89b2c8a9,Dries Mertens,be BEL,FW,Napoli,32,1987,18.8,13,9,1,8,4,2,27,7.4,25,10,1,9,7,20,4,0,Matches
e63e122d,Kingsley Michael,ng NGA,MF,Bologna,19,1999,0.8,2,1,0,2,0,0,0,,0,0,0,0,1,3,1,0,Matches
bee704fc,Nikola Milenković,rs SRB,DF,Fiorentina,21,1997,36.2,46,25,30,16,0,11,31,35.5,20,39,21,18,29,75,129,1,Matches
85613cf0,Arkadiusz Milik,pl POL,FW,Napoli,25,1994,19.4,12,5,4,1,7,3,11,27.3,8,11,1,10,2,14,12,0,Matches
4e6dbac4,Sergej Milinković-Savić,rs SRB,MF,Lazio,24,1995,33.7,60,35,25,24,11,15,79,19.0,64,67,16,51,37,97,60,1,Matches
6817095b,Vincenzo Millico,it ITA,"MF,FW",Torino,18,2000,2.4,1,0,1,0,0,1,3,33.3,2,2,0,2,0,1,1,0,Matches
30223b33,Antonio Mirante,it ITA,GK,Roma,36,1983,5.0,0,0,0,0,0,0,1,0.0,1,0,0,0,0,0,2,1,Matches
331c0a43,Simone Missiroli,it ITA,MF,SPAL,33,1986,31.1,42,27,18,20,4,13,43,30.2,30,42,27,15,54,96,62,1,Matches
dd0daf32,Henrikh Mkhitaryan,am ARM,"MF,FW",Roma,30,1989,17.0,32,22,10,17,5,19,45,42.2,26,27,3,24,11,43,6,0,Matches
c4efe2b4,Gabriele Moncini,it ITA,"FW,MF",SPAL,23,1996,1.7,1,0,0,1,0,0,0,,0,2,1,1,1,2,0,0,Matches
31b252fc,Ilario Monterisi,it ITA,DF,Lecce,17,2001,0.0,0,0,0,0,0,0,0,,0,0,0,0,0,0,0,0,Matches
919dd4b1,Raúl Moro,es ESP,FW,Lazio,16,2002,0.0,0,0,0,0,0,0,0,,0,0,0,0,0,0,0,0,Matches
d89b0ebb,Leonardo Morosini,it ITA,"FW,DF",Brescia,23,1995,0.3,1,1,1,0,0,0,0,,0,1,0,1,1,2,1,0,Matches
e726e11e,Victor Moses,ng NGA,DF,Inter,28,1990,4.7,4,3,1,2,1,2,8,25.0,6,4,0,4,0,4,4,0,Matches
1295552e,Mert Müldür,tr TUR,DF,Sassuolo,20,1999,14.1,47,27,33,8,6,27,42,64.3,15,10,0,10,22,69,42,0,Matches
04989945,Simone Muratore,it ITA,MF,Juventus,21,1998,1.8,2,0,0,1,1,1,3,33.3,2,1,0,1,3,5,0,0,Matches
fb2c533b,Alessandro Murgia,it ITA,MF,SPAL,22,1996,19.4,27,17,16,8,3,14,34,41.2,20,10,3,7,18,45,15,0,Matches
eb2fe5b6,Luis Muriel,co COL,FW,Atalanta,28,1991,14.0,15,9,3,8,4,3,14,21.4,11,12,0,12,4,19,0,0,Matches
b233e8e4,Jeison Murillo,co COL,DF,Sampdoria,27,1992,7.4,18,6,14,4,0,10,19,52.6,9,8,4,4,10,28,28,0,Matches
d183e9d6,Nicola Murru,it ITA,DF,Sampdoria,24,1994,25.1,40,22,24,8,8,21,41,51.2,20,22,4,18,27,67,58,0,Matches
91899ca8,Mateo Musacchio,ar ARG,DF,Milan,28,1990,16.3,15,8,11,4,0,7,20,35.0,13,10,7,3,22,37,50,0,Matches
a111cf41,Juan Musso,ar ARG,GK,Udinese,25,1994,38.0,0,0,0,0,0,0,1,0.0,1,0,0,0,1,1,18,2,Matches
1f9328da,Radja Nainggolan,be BEL,MF,Cagliari,31,1988,23.0,30,18,9,12,9,9,29,31.0,20,25,6,19,13,43,30,0,Matches
95facda1,Nahitan Nández,uy URU,"MF,DF",Cagliari,23,1995,32.2,58,38,37,17,4,25,69,36.2,44,30,1,29,25,83,26,0,Matches
599d91d0,Michel Ndary Adopo,fr FRA,"DF,MF",Torino,19,2000,0.0,0,0,0,0,0,0,0,,0,1,1,0,0,0,0,0,Matches
482145e9,Emanuele Ndoj,al ALB,MF,Brescia,22,1996,6.2,9,6,2,6,1,3,13,23.1,10,7,0,7,5,14,5,0,Matches
b1236c63,Ilija Nestorovski,mk MKD,FW,Udinese,29,1990,13.9,10,7,5,5,0,6,21,28.6,15,13,2,11,4,14,12,0,Matches
93cf32a8,Nicolas Nkoulou,cm CMR,DF,Torino,29,1990,29.9,34,24,21,11,2,16,22,72.7,6,40,18,22,70,104,138,2,Matches
e33f36d5,Bram Nuytinck,nl NED,DF,Udinese,29,1990,24.7,46,32,30,13,3,17,27,63.0,10,50,32,18,27,73,96,1,Matches
ba1e04b3,Pedro Obiang,gq EQG,MF,Sassuolo,27,1992,18.6,46,31,21,19,6,19,40,47.5,21,24,10,14,21,67,31,1,Matches
601ef102,Stefano Okaka,it ITA,FW,Udinese,29,1989,26.8,19,11,6,8,5,7,27,25.9,20,23,2,21,8,27,28,0,Matches
d3b888e3,Christian Oliva,uy URU,MF,Cagliari,23,1996,5.2,13,7,9,4,0,5,15,33.3,10,5,0,5,7,20,14,0,Matches
32a33c68,Maximiliano Olivera,uy URU,MF,Fiorentina,27,1992,0.1,1,0,1,0,0,0,0,,0,0,0,0,0,1,0,0,Matches
f5ba8903,Marco Olivieri,it ITA,FW,Juventus,20,1999,0.3,1,1,1,0,0,1,2,50.0,1,0,0,0,0,1,0,0,Matches
e7ee38c3,Robin Olsen,se SWE,GK,Cagliari,29,1990,16.9,0,0,0,0,0,0,1,0.0,1,0,0,0,0,0,8,0,Matches
b871bf55,Nicholas Opoku,gh GHA,DF,Udinese,21,1997,5.3,13,8,8,3,2,6,11,54.5,5,6,4,2,4,17,19,0,Matches
e14ec482,Riccardo Orsolini,it ITA,"FW,MF",Bologna,22,1997,29.8,36,22,21,10,5,12,47,25.5,35,23,1,22,16,52,20,0,Matches
82b1198a,David Ospina,co COL,GK,Napoli,30,1988,16.3,0,0,0,0,0,0,0,,0,0,0,0,0,0,2,1,Matches
cf1c23d8,Daniele Padelli,it ITA,GK,Inter,33,1985,3.0,0,0,0,0,0,0,0,,0,0,0,0,0,0,1,1,Matches
5df4ef30,Marko Pajač,hr CRO,"DF,FW",Genoa,26,1993,8.4,8,4,4,3,1,7,16,43.8,9,6,0,6,8,16,9,0,Matches
8d8178ac,Rodrigo Palacio,ar ARG,FW,Bologna,37,1982,28.0,19,11,0,9,10,4,27,14.8,23,17,3,14,5,24,38,2,Matches
b5cae4e6,Alberto Paloschi,it ITA,FW,SPAL,29,1990,4.9,3,0,3,0,0,2,8,25.0,6,3,0,3,0,3,2,0,Matches
b5cae4e6,Alberto Paloschi,it ITA,"FW,MF",Cagliari,29,1990,2.3,0,0,0,0,0,0,1,0.0,1,1,0,1,1,1,3,0,Matches
f8d41a8c,Martin Palumbo,no NOR,MF,Udinese,17,2002,0.0,0,0,0,0,0,0,0,,0,0,0,0,0,0,0,0,Matches
d711d04f,Goran Pandev,mk MKD,"FW,MF",Genoa,36,1983,18.7,12,8,2,7,3,3,25,12.0,22,4,1,3,0,12,5,1,Matches
4195b8b6,Andrea Papetti,it ITA,DF,Brescia,17,2002,10.2,9,7,8,1,0,4,14,28.6,10,15,11,4,15,24,39,0,Matches
9b6f7fd5,Lucas Paquetá,br BRA,"MF,FW",Milan,21,1997,12.3,33,19,12,17,4,14,37,37.8,23,17,2,15,8,41,9,0,Matches
ed5886d2,Marco Parolo,it ITA,MF,Lazio,34,1985,18.9,54,26,19,27,8,18,46,39.1,28,44,15,29,26,80,49,0,Matches
e599253a,Mario Pašalić,hr CRO,MF,Atalanta,24,1995,26.9,47,21,17,18,12,16,52,30.8,36,27,7,20,27,74,22,2,Matches
881ef58c,Javier Pastore,ar ARG,MF,Roma,30,1989,5.7,14,10,3,5,6,5,12,41.7,7,4,0,4,5,19,5,0,Matches
f7223718,Patric,es ESP,DF,Lazio,26,1993,18.6,34,20,24,7,3,18,25,72.0,7,19,9,10,15,49,45,0,Matches
d37b0350,Leonardo Pavoletti,it ITA,FW,Cagliari,30,1988,0.5,0,0,0,0,0,0,0,,0,0,0,0,1,1,3,0,Matches
42b1a58a,Nehuén Paz,ar ARG,DF,Bologna,26,1993,1.3,1,1,0,1,0,0,2,0.0,2,3,3,0,5,6,12,0,Matches
42b1a58a,Nehuén Paz,ar ARG,DF,Lecce,26,1993,9.4,14,5,11,3,0,10,12,83.3,2,12,6,6,20,34,38,1,Matches
6ca663b4,Giampaolo Pazzini,it ITA,"FW,MF",Hellas Verona,34,1984,3.4,1,0,0,1,0,0,4,0.0,4,2,0,2,1,2,4,0,Matches
1ab6fad3,Pedro,br BRA,FW,Fiorentina,22,1997,0.7,1,1,0,0,1,0,0,,0,1,0,1,0,1,0,0,Matches
81255c03,João Pedro,it ITA,"FW,MF",Cagliari,27,1992,35.0,17,11,5,7,5,4,24,16.7,20,35,8,27,9,26,39,0,Matches
e83f8ebb,Daouda Peeters,be BEL,MF,Juventus,20,1999,0.2,1,0,0,1,0,1,1,100.0,0,0,0,0,0,1,0,0,Matches
f058ed1f,Gianluca Pegolo,it ITA,GK,Sassuolo,38,1981,5.0,0,0,0,0,0,0,0,,0,0,0,0,0,0,4,0,Matches
4a5a45c7,Lorenzo Pellegrini,it ITA,MF,Roma,23,1996,23.3,30,13,9,13,8,12,33,36.4,21,28,0,28,15,45,18,0,Matches
3b61c9ec,Luca Pellegrini,it ITA,DF,Cagliari,20,1999,21.2,31,15,20,7,4,15,38,39.5,23,19,2,17,21,52,45,2,Matches
4f2908e5,Federico Peluso,it ITA,DF,Sassuolo,35,1984,16.8,19,16,8,8,3,8,9,88.9,1,14,9,5,22,41,58,1,Matches
7ec7738e,Gastón Pereiro,uy URU,"MF,FW",Cagliari,24,1995,3.9,2,2,2,0,0,1,4,25.0,3,1,0,1,0,2,1,1,Matches
852351df,Bruno Peres,br BRA,DF,Roma,29,1990,11.7,14,10,10,3,1,8,21,38.1,13,12,3,9,15,29,19,2,Matches
a8f21b9f,Carles Pérez,es ESP,"FW,MF",Roma,21,1998,6.3,12,8,4,6,2,3,10,30.0,7,6,1,5,3,15,1,0,Matches
4c62d0c8,Mattia Perin,it ITA,GK,Genoa,26,1992,21.0,1,1,1,0,0,1,1,100.0,0,1,0,1,0,1,5,1,Matches
a40d5a0c,Diego Perotti,ar ARG,"FW,MF",Roma,31,1988,9.7,16,13,5,8,3,5,20,25.0,15,14,0,14,3,19,6,0,Matches
780e3631,Matteo Pessina,it ITA,MF,Hellas Verona,22,1997,27.7,35,21,9,20,6,12,33,36.4,21,28,8,20,25,60,40,2,Matches
03f946ed,Andrea Petagna,it ITA,FW,SPAL,24,1995,33.7,9,4,2,7,0,3,17,17.6,14,11,5,6,1,10,27,0,Matches
909bce7f,Jacopo Petriccione,it ITA,MF,Lecce,24,1995,23.8,38,20,29,9,0,15,57,26.3,42,20,7,13,28,66,25,2,Matches
8c725b43,Germán Pezzella,ar ARG,DF,Fiorentina,28,1991,31.4,36,18,26,9,1,14,32,43.8,18,31,20,11,55,91,134,1,Matches
149c5f5d,Giuseppe Pezzella,it ITA,DF,Udinese,21,1997,0.9,0,0,0,0,0,0,0,,0,0,0,0,1,1,4,0,Matches
149c5f5d,Giuseppe Pezzella,it ITA,DF,Parma,21,1997,10.5,20,12,17,3,0,11,19,57.9,8,13,9,4,6,26,30,0,Matches
17f3620a,Krzysztof Piątek,pl POL,FW,Milan,24,1995,13.1,9,4,0,7,2,3,11,27.3,8,5,2,3,3,12,10,0,Matches
6010ba04,Stefano Piccinini,it ITA,DF,Sassuolo,16,2002,0.1,0,0,0,0,0,0,0,,0,0,0,0,0,0,0,0,Matches
1cadaf34,Roberto Piccoli,it ITA,FW,Atalanta,18,2001,0.2,0,0,0,0,0,0,0,,0,1,0,1,0,0,0,0,Matches
08aa9cd1,Andrea Pinamonti,it ITA,FW,Genoa,20,1999,24.8,19,12,1,7,11,5,25,20.0,20,19,2,17,9,28,25,0,Matches
6523afa4,Simone Pinna,it ITA,DF,Cagliari,21,1997,1.0,1,1,0,1,0,0,0,,0,3,1,2,5,6,4,1,Matches
f6a06749,Carlo Pinsoglio,it ITA,GK,Juventus,29,1990,0.2,0,0,0,0,0,0,0,,0,0,0,0,0,0,0,0,Matches
caec77da,Lorenzo Pirola,it ITA,DF,Inter,17,2002,0.1,0,0,0,0,0,0,0,,0,0,0,0,1,1,0,0,Matches
56400c01,Fabio Pisacane,it ITA,DF,Cagliari,33,1986,27.1,32,21,22,10,0,21,37,56.8,16,36,28,8,27,59,110,2,Matches
ad6df2d5,Miralem Pjanić,ba BIH,MF,Juventus,29,1990,25.3,46,21,16,23,7,21,63,33.3,42,29,12,17,32,78,30,0,Matches
b3fd7075,Andrea Poli,it ITA,MF,Bologna,29,1989,21.3,44,24,19,21,4,16,52,30.8,36,19,3,16,40,84,11,0,Matches
5e861944,Matteo Politano,it ITA,FW,Napoli,25,1993,8.3,12,6,8,2,2,5,14,35.7,9,6,0,6,5,17,3,0,Matches
5e861944,Matteo Politano,it ITA,"FW,MF",Inter,25,1993,2.9,0,0,0,0,0,0,2,0.0,2,1,0,1,0,0,1,0,Matches
4611e028,Erick Pulgar,cl CHI,MF,Fiorentina,25,1994,32.8,73,46,25,41,7,22,96,22.9,74,45,15,30,49,122,53,1,Matches
62437b4f,Ignacio Pussetto,ar ARG,"FW,MF",Udinese,23,1995,3.8,8,4,4,3,1,1,4,25.0,3,3,0,3,4,12,7,0,Matches
ee4f2f3b,Fabio Quagliarella,it ITA,FW,Sampdoria,36,1983,25.3,9,5,0,6,3,2,30,6.7,28,13,0,13,8,17,15,0,Matches
8794e251,Adrien Rabiot,fr FRA,MF,Juventus,24,1995,21.2,47,31,16,19,12,15,41,36.6,26,36,6,30,32,79,19,0,Matches
023937a9,Ivan Radovanović,rs SRB,MF,Genoa,30,1988,14.6,27,14,18,9,0,10,26,38.5,16,17,3,14,8,35,39,0,Matches
67f649be,Ionuț Radu,ro ROU,GK,Genoa,22,1997,17.0,0,0,0,0,0,0,2,0.0,2,0,0,0,1,1,7,1,Matches
53de807a,Ștefan Radu,ro ROU,DF,Lazio,32,1986,25.6,43,25,24,15,4,28,43,65.1,15,19,9,10,34,77,85,0,Matches
0dfce079,Boris Radunović,rs SRB,GK,Hellas Verona,23,1996,3.0,0,0,0,0,0,0,0,,0,0,0,0,0,0,1,0,Matches
dd06d56c,Rafael,br BRA,GK,Cagliari,37,1982,5.0,0,0,0,0,0,0,0,,0,0,0,0,0,0,3,0,Matches
282b3a4d,Daniele Ragatzu,it ITA,"MF,FW",Cagliari,27,1991,3.5,3,2,0,2,1,1,3,33.3,2,1,0,1,1,4,5,0,Matches
2c851997,Gastón Ramírez,uy URU,"MF,FW",Sampdoria,28,1990,15.5,32,21,7,16,9,8,30,26.7,22,28,2,26,11,43,10,0,Matches
ef619b0b,Aaron Ramsey,wls WAL,MF,Juventus,28,1990,11.7,20,15,6,8,6,6,24,25.0,18,18,3,15,11,31,12,0,Matches
8c63fae5,Luca Ranieri,it ITA,DF,Fiorentina,20,1999,2.6,2,2,2,0,0,2,3,66.7,1,1,0,1,2,4,7,0,Matches
539230cf,Andrea Ranocchia,it ITA,DF,Inter,31,1988,5.8,17,10,10,7,0,5,8,62.5,3,11,6,5,8,25,18,0,Matches
6e058f06,Giacomo Raspadori,it ITA,"MF,FW",Sassuolo,19,2000,2.9,8,6,5,2,1,3,4,75.0,1,5,0,5,1,9,0,0,Matches
536cebe5,Ante Rebić,hr CRO,"FW,MF",Milan,25,1993,15.5,16,11,4,9,3,7,34,20.6,27,14,1,13,3,19,12,0,Matches
6213fd82,Arkadiusz Reca,pl POL,DF,SPAL,24,1995,21.4,38,23,22,10,6,13,39,33.3,26,15,2,13,32,70,48,1,Matches
339c6ed4,Vasco Regini,it ITA,DF,Sampdoria,28,1990,1.9,4,2,3,1,0,0,0,,0,4,2,2,1,5,6,0,Matches
339c6ed4,Vasco Regini,it ITA,DF,Parma,28,1990,0.6,0,0,0,0,0,0,0,,0,0,0,0,0,0,3,0,Matches
e358587b,Pepe Reina,es ESP,GK,Milan,36,1982,1.0,0,0,0,0,0,0,0,,0,0,0,0,0,0,0,1,Matches
f61c7c4e,Franck Ribéry,fr FRA,FW,Fiorentina,36,1983,15.7,20,14,7,10,3,4,20,20.0,16,9,0,9,3,23,3,0,Matches
7b4b9221,Davide Riccardi,it ITA,DF,Lecce,23,1996,0.2,0,0,0,0,0,0,1,0.0,1,0,0,0,0,0,1,0,Matches
a1216563,Emiliano Rigoni,ar ARG,"MF,FW",Sampdoria,26,1993,4.8,5,4,2,1,2,3,10,30.0,7,5,1,4,3,8,1,0,Matches
f1cfc209,Tomás Rincón,ve VEN,MF,Torino,31,1988,30.0,56,25,23,25,8,23,65,35.4,42,20,3,17,36,92,62,0,Matches
39ee6cb6,Andrea Rispoli,it ITA,DF,Lecce,30,1988,21.2,24,18,14,9,1,15,30,50.0,15,28,7,21,32,56,62,1,Matches
7f78ad23,Ricardo Rodríguez,ch SUI,DF,Milan,26,1992,4.3,6,1,2,2,2,2,6,33.3,4,3,2,1,5,11,17,0,Matches
b6b2b820,Marko Rog,hr CRO,MF,Cagliari,24,1995,25.7,69,47,31,29,9,22,84,26.2,62,40,12,28,22,91,23,0,Matches
10e7f486,Rogério,br BRA,DF,Sassuolo,21,1998,11.3,22,14,12,8,2,16,23,69.6,7,13,3,10,9,31,34,0,Matches
84594618,Filippo Romagna,it ITA,DF,Sassuolo,22,1997,16.4,7,6,2,5,0,5,6,83.3,1,24,17,7,10,17,69,0,Matches
3ead85f9,Alessio Romagnoli,it ITA,DF,Milan,24,1995,34.3,46,25,28,15,3,16,27,59.3,11,32,18,14,56,102,157,1,Matches
a3d94a58,Cristian Romero,ar ARG,DF,Genoa,21,1998,28.6,52,35,36,12,4,12,41,29.3,29,59,33,26,75,127,116,2,Matches
07abb358,Rômulo,it ITA,MF,Brescia,32,1987,19.1,30,19,12,14,4,12,34,35.3,22,18,1,17,8,38,12,1,Matches
07abb358,Rômulo,it ITA,DF,Genoa,32,1987,0.2,2,1,1,1,0,0,0,,0,0,0,0,0,2,1,0,Matches
dea698d9,Cristiano Ronaldo,pt POR,FW,Juventus,34,1985,32.4,14,10,3,3,8,4,20,20.0,16,10,3,7,6,20,21,1,Matches
2a1beb34,Marten de Roon,nl NED,"MF,DF",Atalanta,28,1991,30.2,77,43,36,29,12,34,75,45.3,41,32,8,24,46,123,45,0,Matches
28a15394,Antonio Rosati,it ITA,GK,Torino,36,1983,1.0,0,0,0,0,0,0,0,,0,0,0,0,0,0,0,1,Matches
47a500ae,Luca Rossettini,it ITA,DF,Lecce,34,1985,25.1,25,14,18,7,0,17,34,50.0,17,31,22,9,35,60,126,1,Matches
7b5f516f,Francesco Rossi,it ITA,GK,Atalanta,28,1991,0.1,0,0,0,0,0,0,0,,0,0,0,0,0,0,0,0,Matches
e58cbfd5,Nicolò Rovella,it ITA,MF,Genoa,17,2001,1.2,0,0,0,0,0,0,1,0.0,1,0,0,0,4,4,0,0,Matches
4b3e1a38,Amir Rrahmani,xk KVX,DF,Hellas Verona,25,1994,35.9,50,31,26,19,5,26,46,56.5,20,50,31,19,30,80,151,1,Matches
f239e6dd,Dion Ruffo Luci,it ITA,MF,Bologna,18,2001,0.0,0,0,0,0,0,0,0,,0,0,0,0,0,0,0,0,Matches
14b8fcdf,Daniele Rugani,it ITA,DF,Juventus,25,1994,7.7,8,6,4,4,0,4,5,80.0,1,4,4,0,11,19,18,0,Matches
0b5a292a,Mário Rui,pt POR,DF,Napoli,28,1991,21.8,31,17,12,12,7,11,29,37.9,18,24,5,19,21,52,43,0,Matches
c0c7ff58,Fabián Ruiz Peña,es ESP,MF,Napoli,23,1996,29.8,43,26,19,18,6,24,65,36.9,41,32,4,28,32,75,18,2,Matches
0ccac09c,Stefano Sabelli,it ITA,DF,Brescia,26,1993,35.2,83,44,51,28,4,50,106,47.2,56,40,13,27,58,141,107,0,Matches
ee251371,Alexis Saelemaekers,be BEL,"FW,DF",Milan,20,1999,7.6,14,8,5,7,2,6,20,30.0,14,13,1,12,8,22,1,0,Matches
da5a981b,Jacopo Sala,it ITA,DF,SPAL,27,1991,9.5,29,24,17,11,1,17,31,54.8,14,4,0,4,13,42,15,1,Matches
9b30df1e,Bartosz Salamon,pl POL,DF,SPAL,28,1991,3.8,2,1,2,0,0,1,2,50.0,1,4,4,0,6,8,14,0,Matches
0489bb30,Eddie Salcedo,it ITA,"FW,MF",Hellas Verona,17,2001,7.6,3,1,2,0,1,0,5,0.0,5,4,0,4,1,4,2,0,Matches
0a447501,Antonio Sanabria,py PAR,FW,Genoa,23,1996,15.4,14,11,2,7,5,3,14,21.4,11,13,1,12,5,19,12,1,Matches
2c0f8e9e,Alexis Sánchez,cl CHI,FW,Inter,30,1988,10.3,9,7,1,4,4,5,13,38.5,8,7,0,7,3,12,1,0,Matches
0d82903c,Alex Sandro,br BRA,DF,Juventus,28,1991,26.5,44,26,23,14,7,12,33,36.4,21,26,6,20,47,91,46,3,Matches
7eb97a8e,Nicola Sansone,it ITA,"FW,MF",Bologna,27,1991,25.2,34,20,12,18,4,15,59,25.4,44,21,0,21,11,45,9,0,Matches
df85d472,Federico Santander,py PAR,FW,Bologna,28,1991,8.6,13,8,3,0,10,1,4,25.0,3,3,0,3,7,20,12,0,Matches
88c89891,Davide Santon,it ITA,DF,Roma,28,1991,6.9,11,6,6,5,0,6,17,35.3,11,2,1,1,11,22,13,0,Matches
92b4758e,Samir Santos,br BRA,DF,Udinese,24,1994,17.2,35,27,24,8,3,12,23,52.2,11,16,6,10,33,68,64,1,Matches
3bb7af3b,Riccardo Saponara,it ITA,"MF,FW",Genoa,27,1991,1.9,4,3,2,2,0,0,2,0.0,2,2,1,1,0,4,2,0,Matches
3bb7af3b,Riccardo Saponara,it ITA,"MF,FW",Lecce,27,1991,10.5,12,8,4,8,0,6,13,46.2,7,2,0,2,5,17,7,0,Matches
c3a8bcd8,Lasse Schöne,dk DEN,MF,Genoa,33,1986,27.0,42,26,16,22,4,15,48,31.3,33,22,6,16,37,79,25,2,Matches
2cfae697,Jerdy Schouten,nl NED,MF,Bologna,22,1997,12.0,26,16,13,11,2,10,26,38.5,16,19,7,12,26,52,22,0,Matches
ea164f99,Matteo Scozzarella,it ITA,MF,Parma,31,1988,10.2,23,15,8,13,2,14,29,48.3,15,19,14,5,27,50,28,0,Matches
1770bd68,Ken Sema,se SWE,"DF,MF",Udinese,25,1993,27.3,59,41,43,15,1,36,68,52.9,32,26,6,20,17,76,41,1,Matches
dd29f81d,Alessandro Semprini,it ITA,DF,Brescia,21,1998,7.0,10,4,7,3,0,7,9,77.8,2,10,3,7,9,19,16,0,Matches
b70bde8f,Stefano Sensi,it ITA,MF,Inter,23,1995,8.0,18,10,10,7,1,6,22,27.3,16,15,1,14,9,27,4,0,Matches
343f753a,Luigi Sepe,it ITA,GK,Parma,28,1991,34.0,1,0,1,0,0,1,2,50.0,1,0,0,0,0,1,6,2,Matches
ff764de3,Yevhen Shakhov,ua UKR,"MF,FW",Lecce,28,1990,12.1,28,16,12,13,3,8,27,29.6,19,11,3,8,14,42,9,1,Matches
1cac99dc,Luca Siligardi,it ITA,"MF,FW",Parma,31,1988,3.7,6,2,3,2,1,4,8,50.0,4,3,0,3,3,9,5,0,Matches
3effaa34,André Silva,pt POR,FW,Milan,23,1995,0.7,2,1,0,0,2,0,1,0.0,1,0,0,0,0,2,0,0,Matches
0d422df7,Marco Silvestri,it ITA,GK,Hellas Verona,28,1991,35.0,1,0,1,0,0,1,2,50.0,1,0,0,0,4,5,11,1,Matches
343c0d52,Giovanni Simeone,ar ARG,FW,Cagliari,24,1995,32.5,24,13,9,10,5,5,32,15.6,27,24,7,17,11,35,16,1,Matches
8b609c34,Wilfried Singo,ci CIV,DF,Torino,18,2000,1.5,1,0,0,1,0,0,0,,0,0,0,0,1,2,2,0,Matches
10dc46f0,Salvatore Sirigu,it ITA,GK,Torino,32,1987,36.0,0,0,0,0,0,0,0,,0,0,0,0,2,2,12,0,Matches
ab4449d6,Łukasz Skorupski,pl POL,GK,Bologna,28,1991,37.0,1,0,1,0,0,0,1,0.0,1,0,0,0,2,3,15,5,Matches
c50cee19,Andreas Skov Olsen,dk DEN,"FW,MF",Bologna,19,1999,8.4,11,8,5,5,1,4,12,33.3,8,10,1,9,8,19,5,0,Matches
45af5134,Simon Skrabb,fi FIN,"FW,MF",Brescia,24,1995,2.9,7,6,2,4,1,6,12,50.0,6,4,1,3,0,7,3,0,Matches
30f5ffa9,Milan Škriniar,sk SVK,DF,Inter,24,1995,29.2,39,20,24,14,1,14,33,42.4,19,19,11,8,28,67,85,1,Matches
b6964eb6,Chris Smalling,eng ENG,DF,Roma,29,1989,28.5,25,16,15,9,1,10,13,76.9,3,44,35,9,56,81,126,2,Matches
9d4c45d6,Roberto Soriano,it ITA,MF,Bologna,28,1991,27.4,43,25,15,21,7,10,46,21.7,36,19,0,19,17,60,23,1,Matches
94816803,Riccardo Sottil,it ITA,"FW,DF",Fiorentina,20,1999,5.7,6,4,4,2,0,3,10,30.0,7,4,0,4,0,6,0,0,Matches
7b075c75,Adama Soumaoro,fr FRA,DF,Genoa,27,1992,7.1,3,2,3,0,0,1,3,33.3,2,12,12,0,11,14,32,0,Matches
9e90fb5d,Nikolas Špalek,sk SVK,"MF,FW",Brescia,22,1997,17.5,24,10,6,11,7,7,31,22.6,24,15,1,14,6,30,10,0,Matches
3626daea,Leonardo Spinazzola,it ITA,DF,Roma,26,1993,17.2,24,12,11,8,5,12,21,57.1,9,13,5,8,20,44,41,0,Matches
ac4003af,Marco Sportiello,it ITA,GK,Atalanta,27,1992,5.8,0,0,0,0,0,0,0,,0,0,0,0,0,0,3,0,Matches
bdd0692f,Mattia Sprocati,it ITA,"FW,MF",Parma,26,1993,6.6,4,2,3,1,0,0,1,0.0,1,5,1,4,2,6,2,0,Matches
7b536033,Mariusz Stępiński,pl POL,"FW,MF",Hellas Verona,24,1995,7.8,5,3,2,1,2,1,2,50.0,1,3,1,2,1,6,7,0,Matches
339fe0e8,Thomas Strakosha,al ALB,GK,Lazio,24,1995,38.0,0,0,0,0,0,0,1,0.0,1,0,0,0,0,0,7,2,Matches
674cfc5a,Gabriel Strefezza,br BRA,"DF,MF",SPAL,22,1997,23.4,64,40,28,26,10,22,54,40.7,32,29,3,26,21,85,17,0,Matches
f91e81c9,Jens Stryger Larsen,dk DEN,DF,Udinese,28,1991,31.0,27,19,15,9,3,17,30,56.7,13,20,5,15,20,47,52,0,Matches
2334478a,Stefano Sturaro,it ITA,MF,Genoa,26,1993,13.9,38,22,14,19,5,15,39,38.5,24,16,4,12,10,48,26,1,Matches
4e219ad2,Suso,es ESP,"FW,MF",Milan,25,1993,15.1,7,3,2,3,2,2,10,20.0,8,5,0,5,8,15,3,0,Matches
1d0bb7e4,Bosko Sutalo,hr CRO,DF,Atalanta,19,2000,3.1,3,2,2,1,0,0,2,0.0,2,4,0,4,6,9,6,1,Matches
92d83c27,Mattias Svanberg,se SWE,MF,Bologna,20,1999,11.7,13,8,9,4,0,6,31,19.4,25,15,4,11,13,26,10,0,Matches
01b8a2b2,Wojciech Szczęsny,pl POL,GK,Juventus,29,1990,28.8,0,0,0,0,0,0,0,,0,0,0,0,1,1,10,1,Matches
b59e02da,Andrea Tabanelli,it ITA,MF,Lecce,29,1990,10.7,22,13,10,9,3,8,28,28.6,20,13,2,11,11,33,19,0,Matches
e26bd2f4,Panagiotis Tachtsidis,gr GRE,MF,Lecce,28,1991,22.3,52,27,26,20,6,20,56,35.7,36,27,11,16,35,87,32,2,Matches
8da74c05,Adrien Tameze,cm CMR,MF,Atalanta,25,1994,2.3,4,3,1,1,2,1,2,50.0,1,3,1,2,3,7,4,1,Matches
7e81a17d,Łukasz Teodorczyk,pl POL,FW,Udinese,28,1991,2.5,7,5,1,5,1,3,7,42.9,4,2,0,2,0,7,1,0,Matches
18f9dbd0,Hidde ter Avest,nl NED,DF,Udinese,22,1997,7.6,18,9,13,3,2,14,17,82.4,3,6,1,5,9,27,27,0,Matches
e1b0a70d,Pietro Terracciano,it ITA,GK,Fiorentina,29,1990,6.9,0,0,0,0,0,0,0,,0,0,0,0,0,0,4,0,Matches
3ef0a2d7,Aleksa Terzić,rs SRB,MF,Fiorentina,19,1999,0.1,0,0,0,0,0,0,0,,0,0,0,0,0,0,0,0,Matches
0f47717b,Demba Thiam,sn SEN,GK,SPAL,21,1998,2.0,0,0,0,0,0,0,0,,0,0,0,0,1,1,0,0,Matches
d1b49282,Morten Thorsby,no NOR,"MF,DF",Sampdoria,23,1996,20.7,53,34,17,23,13,27,52,51.9,25,24,6,18,17,70,34,0,Matches
a96e5dc0,Jeremy Toljan,de GER,DF,Sassuolo,24,1994,24.3,37,21,24,10,3,18,35,51.4,17,23,12,11,18,55,58,1,Matches
c56dc39e,Rafael Tolói,it ITA,DF,Atalanta,28,1990,29.0,56,29,28,23,5,33,76,43.4,43,31,17,14,45,101,80,0,Matches
b3af9be1,Takehiro Tomiyasu,jp JPN,DF,Bologna,20,1998,28.1,42,24,25,13,4,22,41,53.7,19,34,9,25,49,91,78,1,Matches
6aafdc27,Nenad Tomović,rs SRB,DF,SPAL,31,1987,19.5,26,19,18,6,2,10,21,47.6,11,32,23,9,30,56,65,1,Matches
0db169ae,Sandro Tonali,it ITA,MF,Brescia,19,2000,33.5,39,25,16,20,3,16,55,29.1,39,36,14,22,41,80,42,0,Matches
8cc29864,Lorenzo Tonelli,it ITA,DF,Sampdoria,29,1990,7.8,13,9,13,0,0,4,10,40.0,6,10,7,3,4,17,23,0,Matches
bf39bdec,Ernesto Torregrossa,ve VEN,FW,Brescia,27,1992,20.5,17,7,5,10,2,6,22,27.3,16,10,2,8,5,22,22,0,Matches
ed65da8c,Luca Tremolada,it ITA,MF,Brescia,27,1991,0.2,0,0,0,0,0,0,0,,0,0,0,0,0,0,0,0,Matches
4571fa88,Alessandro Tripaldelli,it ITA,DF,Sassuolo,20,1999,1.5,4,4,1,3,0,1,3,33.3,2,1,0,1,3,7,3,0,Matches
7ed4921e,William Troost-Ekong,ng NGA,DF,Udinese,25,1993,28.6,37,19,25,12,0,10,18,55.6,8,41,29,12,31,68,135,2,Matches
7aa84ac5,Georgi Tunjov,ee EST,MF,SPAL,18,2001,3.2,4,4,3,1,0,1,11,9.1,10,3,1,2,1,5,0,0,Matches
bf168004,Stefano Turati,it ITA,GK,Sassuolo,17,2001,2.0,0,0,0,0,0,0,0,,0,0,0,0,0,0,1,0,Matches
8b303bcb,Gennaro Tutino,it ITA,"FW,MF",Hellas Verona,22,1996,2.5,0,0,0,0,0,0,0,,0,0,0,0,2,2,1,0,Matches
96640846,Samir Ujkani,xk KVX,GK,Torino,31,1988,1.0,0,0,0,0,0,0,0,,0,0,0,0,0,0,1,0,Matches
1880614f,Cengiz Ünder,tr TUR,FW,Roma,22,1997,9.7,10,6,4,4,2,2,9,22.2,7,7,2,5,8,18,7,0,Matches
c710f7d5,Mirko Valdifiori,it ITA,MF,SPAL,33,1986,15.6,31,15,14,17,0,16,33,48.5,17,8,3,5,4,35,25,0,Matches
0e21fc3c,Borja Valero,es ESP,MF,Inter,34,1985,10.3,18,7,9,3,6,6,24,25.0,18,12,3,9,8,26,9,0,Matches
c414df9d,Mattia Valoti,it ITA,"MF,FW",SPAL,25,1993,17.0,48,30,21,25,2,16,43,37.2,27,27,6,21,16,64,18,0,Matches
08990838,Denis Vavro,sk SVK,DF,Lazio,23,1996,3.6,3,3,2,1,0,1,3,33.3,2,8,6,2,5,8,10,0,Matches
44ac04e9,Matías Vecino,uy URU,MF,Inter,27,1991,14.2,31,20,14,11,6,9,36,25.0,27,20,3,17,15,46,26,0,Matches
ab1ca213,Miguel Veloso,pt POR,MF,Hellas Verona,33,1986,31.2,52,29,20,28,4,18,60,30.0,42,36,12,24,32,84,46,1,Matches
983ff2c7,Lorenzo Venuti,it ITA,"DF,MF",Fiorentina,24,1995,9.5,20,10,12,6,2,13,19,68.4,6,5,1,4,11,31,15,0,Matches
80c718dd,Brayan Vera,co COL,"DF,FW",Lecce,20,1999,1.7,4,1,2,1,1,3,7,42.9,4,1,0,1,1,5,4,0,Matches
0375723e,Simone Verdi,it ITA,"MF,FW",Torino,27,1992,23.0,19,10,4,12,3,9,38,23.7,29,14,0,14,7,26,1,0,Matches
4a56052c,Jordan Veretout,fr FRA,MF,Roma,26,1993,29.2,36,18,13,16,7,14,43,32.6,29,35,5,30,18,54,31,1,Matches
33ecf462,Valerio Verre,it ITA,"MF,FW",Hellas Verona,25,1994,19.7,25,15,4,11,10,9,23,39.1,14,5,0,5,13,38,9,0,Matches
de045b15,Francesco Vicari,it ITA,DF,SPAL,24,1994,32.2,27,13,20,6,1,12,25,48.0,13,48,37,11,38,65,145,1,Matches
75e60d75,Ronaldo Vieira,gw GNB,MF,Sampdoria,21,1998,20.2,,21,,,,,,,,,,,22,,,,Matches
582a251c,Mauro Vigorito,it ITA,GK,Lecce,29,1990,4.7,0,0,0,0,0,0,0,,0,0,0,0,0,0,3,1,Matches
bdc74a8f,Gonzalo Villar,es ESP,MF,Roma,21,1998,3.3,5,3,4,0,1,2,4,50.0,2,2,0,2,2,7,3,0,Matches
fe479e17,Luigi Vitale,it ITA,DF,Hellas Verona,31,1987,0.5,1,0,0,1,0,0,0,,0,1,0,1,0,1,0,0,Matches
360b2bb1,Mattia Viviani,it ITA,MF,Brescia,18,2000,3.8,3,1,0,3,0,1,8,12.5,7,3,3,0,9,12,2,1,Matches
79443529,Dušan Vlahović,rs SRB,FW,Fiorentina,19,2000,16.7,6,2,1,4,1,4,13,30.8,9,5,2,3,7,13,6,0,Matches
d0d8dd44,Stefan de Vrij,nl NED,DF,Inter,27,1992,31.4,33,18,20,12,1,14,27,51.9,13,34,24,10,52,85,121,1,Matches
bf4d31d3,Giacomo Vrioni,al ALB,FW,Juventus,20,1998,0.1,0,0,0,0,0,0,0,,0,0,0,0,0,0,0,0,Matches
26db8853,Walace,br BRA,MF,Udinese,24,1995,12.7,28,9,19,6,3,13,42,31.0,29,14,6,8,33,61,19,0,Matches
217875a4,Sebastian Walukiewicz,pl POL,DF,Cagliari,19,2000,12.9,25,11,17,8,0,14,22,63.6,8,21,14,7,14,39,41,0,Matches
f6f6b6e8,Jawad El Yamiq,ma MAR,DF,Genoa,27,1992,2.2,3,2,3,0,0,1,4,25.0,3,3,2,1,1,4,3,0,Matches
caffaf5a,Maya Yoshida,jp JPN,DF,Sampdoria,30,1988,13.2,4,3,2,2,0,2,6,33.3,4,15,12,3,27,31,72,0,Matches
228f73ae,Amin Younes,de GER,"FW,MF",Napoli,25,1993,2.0,3,2,1,2,0,2,4,50.0,2,2,0,2,0,3,1,0,Matches
be927d03,Ashley Young,eng ENG,DF,Inter,34,1985,13.2,11,5,3,5,3,6,19,31.6,13,11,3,8,14,25,24,0,Matches
d85c238b,Mattia Zaccagni,it ITA,"MF,FW",Hellas Verona,24,1995,23.5,20,11,10,5,5,3,15,20.0,12,14,3,11,20,40,21,0,Matches
5e834dce,Luca Zanimacchia,it ITA,"FW,MF",Juventus,21,1998,1.3,5,1,1,2,2,1,2,50.0,1,1,0,1,0,5,0,0,Matches
9907b1c8,Nicolò Zaniolo,it ITA,"FW,MF",Roma,20,1999,16.7,15,11,4,7,4,3,24,12.5,21,14,0,14,5,20,5,0,Matches
b1deecf8,Cristián Zapata,co COL,DF,Genoa,32,1986,19.1,23,17,16,7,0,8,16,50.0,8,29,17,12,24,47,75,0,Matches
d3de9af0,Duván Zapata,co COL,FW,Atalanta,28,1991,22.5,7,3,1,2,4,1,6,16.7,5,18,7,11,2,9,11,0,Matches
7fe90ccd,Davide Zappacosta,it ITA,DF,Roma,27,1992,5.0,7,3,2,3,2,4,8,50.0,4,3,1,2,6,13,8,1,Matches
9592289a,Simone Zaza,it ITA,FW,Torino,28,1991,18.2,15,10,6,4,5,3,10,30.0,7,11,0,11,9,24,13,1,Matches
8abd0c03,Marvin Zeegelaar,nl NED,DF,Udinese,28,1990,6.6,15,9,8,4,3,6,11,54.5,5,9,2,7,5,20,10,0,Matches
a5296e55,Piotr Zieliński,pl POL,MF,Napoli,25,1994,32.5,26,16,10,11,5,12,30,40.0,18,28,5,23,21,47,15,0,Matches
cbec1196,Jaromír Zmrhal,cz CZE,MF,Brescia,25,1993,12.5,10,4,2,5,3,5,18,27.8,13,8,1,7,4,14,11,0,Matches
1253a12e,Ervin Zukanović,ba BIH,DF,SPAL,32,1987,2.3,1,0,0,0,1,1,1,100.0,0,3,1,2,3,4,15,0,Matches
4e1d5e59,Szymon Żurkowski,pl POL,MF,Fiorentina,21,1997,0.1,1,0,0,0,1,0,2,0.0,2,0,0,0,0,1,1,0,Matches
eccbe56a,Filip Đuričić,rs SRB,"MF,FW",Sassuolo,27,1992,18.1,23,14,2,10,11,3,19,15.8,16,20,3,17,8,31,14,0,Matches
