id,Player,Nation,Pos,Squad,Age,Born,90s,Tkl,TklW,Def 3rd,Mid 3rd,Att 3rd,Tkl.1,Att,Tkl%,Lost,Blocks,Sh,Pass,Int,Tkl+Int,Clr,Err,Matches
4b7a9fcc,James Abankwah,ie IRL,DF,Udinese,19-099,2004,0.1,1,1,0,1,0,0,0,,0,0,0,0,0,1,0,0,Matches
8f5cdf66,Oliver Abildgaard,dk DEN,MF,Hellas Verona,26-319,1996,2.2,4,3,2,1,1,3,7,42.9,4,3,0,3,1,5,7,0,Matches
f586779e,Tammy Abraham,eng ENG,FW,Roma,25-205,1997,21.2,12,7,3,5,4,3,14,21.4,11,10,4,6,3,15,11,0,Matches
771a2cfe,Christian Acella,it ITA,MF,Cremonese,20-292,2002,0.2,1,0,1,0,0,0,2,0.0,2,0,0,0,0,1,0,0,Matches
b96b595c,Francesco Acerbi,it ITA,DF,Inter,35-074,1988,21.3,27,15,17,6,4,16,22,72.7,6,15,9,6,31,58,64,0,Matches
26777636,Yacine Adli,fr FRA,"MF,FW",Milan,22-270,2000,1.4,6,3,2,4,0,2,2,100.0,0,2,0,2,1,7,1,0,Matches
f9c927de,Michel Aebischer,ch SUI,"FW,MF",Bologna,26-109,1997,13.2,10,4,3,4,3,2,14,14.3,12,13,2,11,6,16,6,0,Matches
0154d290,Felix Afena-Gyan,gh GHA,"FW,MF",Cremonese,20-096,2003,7.4,6,3,4,1,1,2,7,28.6,5,5,1,4,1,7,3,0,Matches
46fa7204,Kevin Agudelo,co COL,"MF,FW",Spezia,24-162,1998,20.7,66,34,19,28,19,21,53,39.6,32,36,5,31,9,75,6,0,Matches
246d153b,Ola Aina,ng NGA,DF,Torino,26-199,1996,9.0,15,11,5,7,3,8,14,57.1,6,11,2,9,9,24,26,0,Matches
d810c13b,Emanuel Aiwum,at AUT,DF,Cremonese,22-121,2000,16.4,48,29,29,17,2,28,42,66.7,14,25,15,10,24,72,50,3,Matches
fdf4b948,Jean-Daniel Akpa-Akpro,ci CIV,MF,Empoli,30-196,1992,10.7,37,28,18,14,5,13,22,59.1,9,29,4,25,12,49,23,0,Matches
5294a83f,Luis Alberto,es ESP,MF,Lazio,30-209,1992,20.1,33,18,14,13,6,16,52,30.8,36,27,5,22,7,40,3,0,Matches
ab472696,Agustín Álvarez Martínez,uy URU,"FW,MF",Sassuolo,21-341,2001,3.7,6,3,0,5,1,1,4,25.0,3,4,1,3,3,9,3,0,Matches
bcc81786,Kelvin Amian,fr FRA,DF,Spezia,25-076,1998,20.7,45,28,27,10,8,19,26,73.1,7,26,11,15,21,66,66,1,Matches
2df7cc43,Bruno Amione,ar ARG,DF,Hellas Verona,21-112,2002,0.6,1,1,1,0,0,1,2,50.0,1,1,0,1,0,1,4,0,Matches
2df7cc43,Bruno Amione,ar ARG,DF,Sampdoria,21-112,2002,18.6,44,28,30,14,0,17,33,51.5,16,21,11,10,21,65,49,1,Matches
10b9fa99,Ethan Ampadu,wls WAL,"DF,MF",Spezia,22-223,2000,23.0,54,30,24,25,5,13,33,39.4,20,38,17,21,28,82,76,0,Matches
5a2cb25d,Sofyan Amrabat,ma MAR,MF,Fiorentina,26-247,1996,19.5,31,19,13,12,6,14,26,53.8,12,22,5,17,20,51,15,2,Matches
9f1893b9,Felipe Anderson,br BRA,FW,Lazio,30-010,1993,27.4,58,38,20,32,6,21,62,33.9,41,45,4,41,20,78,19,0,Matches
38d9ce53,Janis Antiste,fr FRA,FW,Sassuolo,20-250,2002,0.6,1,0,1,0,0,1,1,100.0,0,0,0,0,0,1,0,0,Matches
108fe016,Marcos Antônio,br BRA,MF,Lazio,22-316,2000,4.0,5,4,3,2,0,5,10,50.0,5,2,0,2,6,11,11,0,Matches
8f68aa41,Valentin Antov,bg BUL,DF,Monza,22-167,2000,3.2,6,5,3,3,0,1,5,20.0,4,5,4,1,2,8,10,1,Matches
00459419,Marko Arnautović,at AUT,FW,Bologna,34-006,1989,13.7,8,5,2,4,2,1,5,20.0,4,9,1,8,2,10,8,0,Matches
963a328b,Tolgay Arslan,de GER,MF,Udinese,32-252,1990,10.9,23,14,11,11,1,10,28,35.7,18,13,0,13,7,30,9,1,Matches
a820e429,Arthur,br BRA,FW,Fiorentina,25-000,1998,14.2,8,2,1,3,4,4,8,50.0,4,10,1,9,1,9,11,0,Matches
e26fcca3,Santiago Ascacíbar,ar ARG,MF,Cremonese,26-059,1997,8.1,29,14,17,10,2,14,35,40.0,21,14,2,12,13,42,11,0,Matches
a69cc629,Kristoffer Askildsen,no NOR,MF,Lecce,22-106,2001,7.0,7,3,2,3,2,4,8,50.0,4,11,3,8,11,18,6,0,Matches
0fdcef0e,Kristjan Asllani,al ALB,MF,Inter,21-047,2002,5.0,9,5,1,6,2,6,7,85.7,1,2,0,2,5,14,3,0,Matches
649b01d8,Emil Audero,it ITA,GK,Sampdoria,26-097,1997,25.0,0,0,0,0,0,0,2,0.0,2,0,0,0,0,0,7,1,Matches
3cd3b384,Tommaso Augello,it ITA,DF,Sampdoria,28-238,1994,27.0,15,12,11,2,2,7,14,50.0,7,20,7,13,10,25,46,1,Matches
2200181e,Kaan Ayhan,tr TUR,DF,Sassuolo,28-166,1994,6.1,10,4,6,4,0,7,7,100.0,0,5,4,1,5,15,26,1,Matches
dfd24c07,Jaime Báez,uy URU,DF,Cremonese,28-000,1995,1.1,4,2,3,0,1,3,6,50.0,3,0,0,0,0,4,2,1,Matches
f42d6c13,Nedim Bajrami,al ALB,"MF,FW",Empoli,24-056,1999,10.4,8,4,3,3,2,4,6,66.7,2,5,0,5,7,15,4,0,Matches
f42d6c13,Nedim Bajrami,al ALB,"FW,MF",Sassuolo,24-056,1999,5.6,5,2,3,2,0,3,6,50.0,3,6,1,5,6,11,5,0,Matches
59bf127b,Tiemoué Bakayoko,fr FRA,MF,Milan,28-251,1994,0.5,5,5,4,1,0,3,3,100.0,0,0,0,0,0,5,0,1,Matches
102e2599,Tommaso Baldanzi,it ITA,MF,Empoli,20-033,2003,16.5,19,9,8,10,1,6,25,24.0,19,17,1,16,2,21,4,0,Matches
f449640d,Fodé Ballo-Touré,sn SEN,DF,Milan,26-112,1997,4.2,11,6,6,5,0,4,5,80.0,1,10,3,7,1,12,3,0,Matches
8a6de8c7,Lameck Banda,zm ZAM,"FW,MF",Lecce,22-086,2001,14.5,25,15,11,11,3,11,33,33.3,22,21,2,19,3,28,3,0,Matches
d44360be,Filippo Bandinelli,it ITA,MF,Empoli,28-027,1995,22.6,48,29,17,23,8,14,35,40.0,21,18,6,12,12,60,35,0,Matches
01efac19,Antonín Barák,cz CZE,MF,Hellas Verona,28-143,1994,0.3,0,0,0,0,0,0,0,,0,0,0,0,0,0,0,0,Matches
01efac19,Antonín Barák,cz CZE,MF,Fiorentina,28-143,1994,16.4,20,9,5,6,9,5,15,33.3,10,13,1,12,3,23,10,0,Matches
32ebfe1e,Andrea Barberis,it ITA,MF,Monza,29-135,1993,3.8,7,2,4,3,0,5,11,45.5,6,0,0,0,8,15,1,0,Matches
6f1d7aa8,Tommaso Barbieri,it ITA,DF,Juventus,20-242,2002,0.6,2,2,2,0,0,2,4,50.0,2,2,0,2,0,2,2,0,Matches
0acda699,Francesco Bardi,it ITA,GK,Bologna,31-097,1992,1.0,0,0,0,0,0,0,0,,0,0,0,0,0,0,0,0,Matches
6928979a,Nicolò Barella,it ITA,MF,Inter,26-077,1997,25.2,39,20,14,20,5,21,43,48.8,22,24,4,20,9,48,10,0,Matches
6caffe81,Enzo Barrenechea,ar ARG,MF,Juventus,21-338,2001,1.8,8,3,3,4,1,3,5,60.0,2,3,0,3,2,10,3,0,Matches
e5bf73f3,Musa Barrow,gm GAM,"FW,MF",Bologna,24-162,1998,15.9,16,3,8,5,3,6,9,66.7,3,18,1,17,1,17,5,0,Matches
5a08ee41,Federico Baschirotto,it ITA,DF,Lecce,26-217,1996,30.0,34,24,30,4,0,17,24,70.8,7,38,23,15,34,68,159,0,Matches
80556f08,Toma Bašić,hr CRO,MF,Lazio,26-151,1996,5.0,5,3,3,1,1,2,6,33.3,4,9,0,9,7,12,8,0,Matches
2ce215f2,Alberto Basso,it ITA,MF,Cremonese,18-300,2004,0.2,0,0,0,0,0,0,0,,0,0,0,0,0,0,0,0,Matches
75b86fb3,Alessandro Bastoni,it ITA,DF,Inter,24-012,1999,19.8,37,18,18,12,7,10,21,47.6,11,21,9,12,20,57,35,0,Matches
1ac232b8,Simone Bastoni,it ITA,"MF,DF",Spezia,26-171,1996,11.8,42,22,20,17,5,12,27,44.4,15,17,5,12,8,50,12,0,Matches
78e6bf2c,Brian Bayeye,fr FRA,DF,Torino,22-299,2000,0.6,3,0,3,0,0,1,1,100.0,0,1,1,0,1,4,2,0,Matches
19e4eab9,Rodrigo Becão,br BRA,DF,Udinese,27-096,1996,23.6,65,32,48,14,3,39,49,79.6,10,39,21,18,18,83,58,1,Matches
e892c325,Julius Beck,dk DEN,MF,Spezia,17-363,2005,0.1,2,1,1,1,0,0,0,,0,0,0,0,0,2,0,0,Matches
e3756e72,Raoul Bellanova,it ITA,DF,Inter,22-343,2000,2.9,8,5,6,1,1,5,7,71.4,2,4,1,3,3,11,10,0,Matches
d705ba44,Andrea Belotti,it ITA,FW,Roma,29-126,1993,8.1,9,5,3,2,4,3,8,37.5,5,8,1,7,3,12,2,0,Matches
0000acda,Marco Benassi,it ITA,DF,Fiorentina,28-229,1994,1.0,3,3,2,0,1,3,4,75.0,1,0,0,0,1,4,1,0,Matches
0000acda,Marco Benassi,it ITA,MF,Cremonese,28-229,1994,9.5,22,12,8,8,6,14,22,63.6,8,11,0,11,10,32,10,0,Matches
db092d3b,Ismaël Bennacer,dz ALG,MF,Milan,25-145,1997,20.0,56,30,25,29,2,28,47,59.6,19,21,7,14,24,80,15,1,Matches
53a0e358,Domenico Berardi,it ITA,FW,Sassuolo,28-267,1994,14.6,18,12,7,6,5,7,30,23.3,23,9,0,9,13,31,14,0,Matches
61b3978f,Bartosz Bereszyński,pl POL,DF,Sampdoria,30-287,1992,13.3,28,18,15,11,2,17,26,65.4,9,18,4,14,21,49,25,0,Matches
ed5c0319,Beto,gw GNB,FW,Udinese,25-084,1998,21.5,16,9,0,9,7,4,15,26.7,11,16,2,14,4,20,25,0,Matches
b3a20f18,Matteo Bianchetti,it ITA,DF,Cremonese,30-039,1993,21.8,32,19,21,9,2,20,32,62.5,12,29,17,12,17,49,106,0,Matches
d65cf468,Alessandro Bianco,it ITA,MF,Fiorentina,20-206,2002,1.3,3,1,1,2,0,2,2,100.0,0,1,0,1,0,3,0,0,Matches
6fdac234,Jaka Bijol,si SVN,DF,Udinese,24-079,1999,24.4,27,16,22,5,0,11,21,52.4,10,35,20,15,25,52,142,0,Matches
9e1577aa,Cristiano Biraghi,it ITA,DF,Fiorentina,30-236,1992,25.2,58,33,27,27,4,29,55,52.7,26,27,7,20,14,72,40,1,Matches
204ac005,Samuele Birindelli,it ITA,DF,Monza,23-280,1999,12.7,25,13,15,8,2,16,24,66.7,8,22,7,15,14,39,24,0,Matches
79370f8c,Kristijan Bistrović,hr CRO,MF,Lecce,25-016,1998,5.1,3,1,3,0,0,0,5,0.0,5,3,0,3,0,3,4,0,Matches
c69ef855,Alexis Blin,fr FRA,MF,Lecce,26-221,1996,20.4,57,30,22,26,9,33,60,55.0,27,45,13,32,28,85,68,0,Matches
fe012aca,Jeremie Boga,ci CIV,"MF,FW",Atalanta,26-112,1997,7.8,8,4,2,2,4,2,4,50.0,2,6,0,6,1,9,1,0,Matches
c83c203f,Emil Bohinen,no NOR,MF,Salernitana,24-044,1999,6.4,19,10,11,6,2,10,18,55.6,8,14,5,9,11,30,15,0,Matches
d995ed27,Giacomo Bonaventura,it ITA,MF,Fiorentina,33-246,1989,19.6,33,21,14,15,4,22,34,64.7,12,14,0,14,15,48,4,1,Matches
bf57eaab,Federico Bonazzoli,it ITA,"FW,MF",Salernitana,25-339,1997,12.4,5,3,0,3,2,0,9,0.0,9,9,1,8,3,8,0,0,Matches
0def2376,Warren Bondo,fr FRA,MF,Monza,19-222,2003,0.7,1,0,1,0,0,0,0,,0,1,0,1,0,1,0,0,Matches
fb77bfef,Kevin Bonifazi,it ITA,DF,Bologna,26-341,1996,4.6,6,4,4,2,0,3,6,50.0,3,6,4,2,6,12,21,0,Matches
52ec54d0,Leonardo Bonucci,it ITA,DF,Juventus,35-359,1987,7.7,5,4,1,4,0,2,4,50.0,2,10,7,3,9,14,24,0,Matches
3d13d9e4,Erik Botheim,no NOR,"FW,MF",Salernitana,23-105,2000,4.9,7,5,1,4,2,4,5,80.0,1,1,0,1,0,7,1,0,Matches
0d077b88,Mehdi Bourabia,ma MAR,MF,Spezia,31-261,1991,26.4,37,17,13,19,5,17,35,48.6,18,35,12,23,29,66,45,0,Matches
ae94a6c5,Edoardo Bove,it ITA,MF,Roma,20-344,2002,5.4,17,8,4,9,4,8,22,36.4,14,6,1,5,4,21,6,0,Matches
c609e90e,Jayden Braaf,nl NED,MF,Hellas Verona,20-237,2002,2.5,5,3,2,3,0,0,0,,0,1,0,1,2,7,0,0,Matches
8bbe2df5,Domagoj Bradarić,hr CRO,DF,Salernitana,23-136,1999,21.1,20,15,11,7,2,7,14,50.0,7,17,3,14,18,38,37,0,Matches
d4a2533d,Josip Brekalo,hr CRO,"FW,MF",Fiorentina,24-306,1998,1.3,2,1,0,1,1,1,2,50.0,1,0,0,0,0,2,0,0,Matches
5fd5ed86,Gleison Bremer,br BRA,DF,Juventus,26-038,1997,25.4,25,16,20,4,1,17,23,73.9,6,40,21,19,35,60,110,2,Matches
edd81e2a,Dylan Bronn,tn TUN,DF,Salernitana,27-310,1995,16.7,31,16,17,13,1,19,29,65.5,10,31,20,11,18,49,53,1,Matches
33b8d077,Marcelo Brozović,hr CRO,MF,Inter,30-160,1992,13.5,20,12,6,12,2,6,24,25.0,18,17,7,10,17,37,21,0,Matches
f3a9fa26,Cristian Buonaiuto,it ITA,"MF,FW",Cremonese,30-117,1992,8.5,15,9,4,6,5,7,17,41.2,10,9,0,9,11,26,6,0,Matches
4ae67f27,Alessandro Buongiorno,it ITA,DF,Torino,23-323,1999,23.2,31,20,19,12,0,12,22,54.5,10,30,15,15,45,76,77,2,Matches
ef6eef89,Juan Cabal,co COL,DF,Hellas Verona,22-107,2001,1.9,3,3,3,0,0,3,4,75.0,1,5,4,1,3,6,5,0,Matches
dd86e8e4,Liberato Cacace,nz NZL,DF,Empoli,22-210,2000,4.4,19,7,10,6,3,8,12,66.7,4,10,5,5,4,23,11,0,Matches
2146785a,Davide Calabria,it ITA,DF,Milan,26-140,1996,13.3,55,31,25,24,6,32,50,64.0,18,15,4,11,20,75,27,0,Matches
ac7e640b,Mattia Caldara,it ITA,DF,Spezia,28-355,1994,13.9,23,14,10,11,2,9,20,45.0,11,23,16,7,17,40,88,2,Matches
226008f1,Luca Caldirola,it ITA,DF,Monza,32-083,1991,20.8,22,11,15,4,3,9,21,42.9,12,22,12,10,19,41,49,0,Matches
cd0fa27b,Hakan Çalhanoğlu,tr TUR,MF,Inter,29-076,1994,22.6,40,21,15,21,4,13,38,34.2,25,26,4,22,22,62,10,1,Matches
13ea2544,Mohamed Camara,gn GUI,MF,Roma,26-056,1997,4.6,10,9,3,6,1,4,9,44.4,5,2,0,2,7,17,4,0,Matches
91ff775f,Nicolò Cambiaghi,it ITA,"FW,MF",Empoli,22-118,2000,8.0,16,12,8,4,4,3,12,25.0,9,9,1,8,6,22,5,0,Matches
247ed022,Andrea Cambiaso,it ITA,DF,Bologna,23-064,2000,18.0,42,24,23,17,2,18,44,40.9,26,20,2,18,21,63,27,1,Matches
b6a1cdf9,Matteo Cancellieri,it ITA,FW,Lazio,21-072,2002,2.7,9,4,5,2,2,4,8,50.0,4,4,0,4,1,10,2,0,Matches
356c9002,Antonio Candreva,it ITA,"DF,MF",Salernitana,36-056,1987,26.8,13,5,11,1,1,10,35,28.6,25,6,2,4,16,29,30,0,Matches
54e53b7e,Gianluca Caprari,it ITA,"MF,FW",Monza,29-269,1993,22.4,15,6,3,10,2,8,23,34.8,15,19,1,18,7,22,3,0,Matches
5bd72174,Francesco Caputo,it ITA,FW,Sampdoria,35-262,1987,12.2,3,1,0,0,3,0,3,0.0,3,0,0,0,1,4,3,0,Matches
5bd72174,Francesco Caputo,it ITA,FW,Empoli,35-262,1987,14.2,2,2,0,1,1,0,1,0.0,1,5,2,3,1,3,5,0,Matches
f7e2af2c,Andrea Carboni,it ITA,DF,Monza,22-080,2001,1.9,3,2,2,0,1,2,5,40.0,3,3,2,1,3,6,2,1,Matches
b033f803,Franco Carboni,it ITA,DF,Monza,20-021,2003,0.6,1,1,1,0,0,0,2,0.0,2,2,0,2,1,2,0,0,Matches
707b98f1,Valentin Carboni,it ITA,"MF,DF",Inter,18-051,2005,0.3,1,1,0,1,0,1,3,33.3,2,1,0,1,0,1,0,0,Matches
8d3cd59d,Carlos,br BRA,DF,Monza,24-108,1999,27.3,51,28,29,16,6,27,43,62.8,16,19,5,14,18,69,69,1,Matches
8ec56e62,Marco Carnesecchi,it ITA,GK,Cremonese,22-298,2000,22.0,0,0,0,0,0,0,1,0.0,1,0,0,0,0,0,8,1,Matches
3f5f38fb,Nicolò Casale,it ITA,DF,Lazio,25-070,1998,20.9,35,17,21,14,0,17,27,63.0,10,16,9,7,14,49,53,0,Matches
6c4307ee,Tommaso Cassandro,it ITA,DF,Lecce,23-106,2000,0.1,1,1,0,1,0,0,0,,0,1,1,0,0,1,0,0,Matches
ad92526f,Michele Castagnetti,it ITA,MF,Cremonese,33-119,1989,11.8,32,16,15,16,1,12,38,31.6,26,9,2,7,13,45,17,0,Matches
0728bebe,Gaetano Castrovilli,it ITA,MF,Fiorentina,26-067,1997,4.2,7,5,0,5,2,2,8,25.0,6,4,1,3,3,10,2,0,Matches
ba3d3bea,Danilo Cataldi,it ITA,MF,Lazio,28-262,1994,20.6,23,14,6,14,3,14,40,35.0,26,22,9,13,24,47,32,0,Matches
4d1efb48,Pietro Ceccaroni,it ITA,DF,Lecce,27-125,1995,0.3,0,0,0,0,0,0,0,,0,1,1,0,3,3,1,0,Matches
d9624b51,Federico Ceccherini,it ITA,DF,Hellas Verona,30-349,1992,13.4,20,15,11,8,1,10,17,58.8,7,15,8,7,15,35,47,0,Matches
07f8bcc8,Assan Ceesay,gm GAM,FW,Lecce,29-039,1994,15.7,21,16,7,7,7,7,15,46.7,8,12,2,10,3,24,24,0,Matches
98a84572,Emil Ceide,no NOR,FW,Sassuolo,21-234,2001,4.1,4,1,4,0,0,3,4,75.0,1,2,0,2,1,5,0,0,Matches
31a62dc7,Zeki Çelik,tr TUR,DF,Roma,26-067,1997,13.1,33,16,16,15,2,20,29,69.0,9,26,5,21,13,46,30,1,Matches
b0f7e36c,Federico Chiesa,it ITA,"DF,MF",Juventus,25-182,1997,5.3,14,5,5,5,4,4,8,50.0,4,8,1,7,0,14,1,0,Matches
c316607a,Vlad Chiricheș,ro ROU,DF,Cremonese,33-162,1989,8.1,27,15,20,6,1,10,17,58.8,7,21,12,9,16,43,30,0,Matches
b09a3ecc,Daniel Ciofani,it ITA,FW,Cremonese,37-268,1985,7.9,5,3,1,2,2,3,6,50.0,3,5,1,4,0,5,3,0,Matches
039a4fb6,Tio Cipot,si SVN,"FW,DF",Spezia,20-005,2003,1.0,8,6,3,3,2,4,6,66.7,2,0,0,0,0,8,2,0,Matches
5de3866c,Patrick Ciurria,it ITA,"DF,MF",Monza,28-075,1995,23.8,27,15,17,9,1,14,28,50.0,14,20,2,18,3,30,26,0,Matches
8b95acda,Omar Colley,gm GAM,DF,Sampdoria,30-183,1992,15.4,17,10,10,7,0,9,12,75.0,3,9,5,4,22,39,69,1,Matches
04df29a5,Lorenzo Colombo,it ITA,FW,Lecce,21-048,2002,14.2,13,5,1,7,5,4,11,36.4,7,19,0,19,2,15,5,0,Matches
6499048c,Andrea Colpani,it ITA,MF,Monza,23-349,1999,8.4,14,9,6,5,3,8,12,66.7,4,14,2,12,3,17,4,0,Matches
8cabdc1e,Andrea Consigli,it ITA,GK,Sassuolo,36-088,1987,29.0,1,0,1,0,0,0,1,0.0,1,0,0,0,0,1,12,3,Matches
8fef5412,Andrea Conti,it ITA,DF,Sampdoria,29-054,1994,0.3,0,0,0,0,0,0,0,,0,0,0,0,0,0,0,0,Matches
22ae86f9,Diego Coppola,it ITA,DF,Hellas Verona,19-118,2003,11.8,22,16,13,9,0,10,17,58.8,7,18,6,12,13,35,34,0,Matches
45b9b619,Joaquín Correa,ar ARG,FW,Inter,28-255,1994,7.9,11,7,2,6,3,3,8,37.5,5,3,0,3,1,12,0,0,Matches
bfc359ed,Alessandro Cortinovis,it ITA,MF,Hellas Verona,22-090,2001,0.1,1,0,1,0,0,0,0,,0,1,0,1,0,1,0,0,Matches
85a44ecc,Lassana Coulibaly,ml MLI,MF,Salernitana,27-015,1996,25.6,67,39,33,28,6,24,57,42.1,33,26,5,21,16,83,23,2,Matches
f554e29b,Alessio Cragno,it ITA,GK,Monza,28-301,1994,1.0,0,0,0,0,0,0,1,0.0,1,0,0,0,0,0,0,0,Matches
16657b95,Bryan Cristante,it ITA,MF,Roma,28-053,1995,27.1,97,54,47,42,8,49,79,62.0,30,36,8,28,13,110,39,0,Matches
22cd43d2,Domen Črnigoj,si SVN,MF,Salernitana,27-158,1995,3.3,8,3,0,7,1,1,2,50.0,1,9,1,8,9,17,6,0,Matches
0ab1f153,Juan Cuadrado,co COL,"DF,FW",Juventus,34-334,1988,17.5,38,25,26,11,1,19,49,38.8,30,12,1,11,17,55,24,0,Matches
5722eced,Mickaël Cuisance,fr FRA,MF,Sampdoria,23-252,1999,5.8,12,9,6,5,1,4,21,19.0,17,8,0,8,4,16,4,0,Matches
060606ec,Marco D'Alessandro,it ITA,"DF,FW",Monza,32-067,1991,3.2,4,4,3,1,0,2,5,40.0,3,2,0,2,1,5,3,0,Matches
44eb9093,Danilo D'Ambrosio,it ITA,DF,Inter,34-228,1988,4.1,16,9,12,3,1,10,16,62.5,6,8,3,5,9,25,10,0,Matches
f778fe3f,Luca D'Andrea,it ITA,FW,Sassuolo,18-231,2004,3.5,4,0,2,1,1,1,4,25.0,3,2,0,2,1,5,1,0,Matches
7ef972c3,Flavius Daniliuc,at AUT,DF,Salernitana,21-363,2001,19.1,45,23,30,13,2,20,35,57.1,15,28,12,16,23,68,69,0,Matches
94b2001f,Danilo,br BRA,DF,Juventus,31-284,1991,29.4,73,47,49,17,7,37,54,68.5,17,32,17,15,37,110,93,1,Matches
96e0490d,Matteo Darmian,it ITA,DF,Inter,33-144,1989,18.9,46,25,22,12,12,26,39,66.7,13,29,5,24,19,65,28,0,Matches
16bb656a,Paweł Dawidowicz,pl POL,DF,Hellas Verona,27-340,1995,15.6,43,28,26,14,3,21,29,72.4,8,12,8,4,18,61,60,0,Matches
2ef7c612,Charles De Ketelaere,be BEL,"MF,FW",Milan,22-046,2001,10.8,23,10,6,13,4,11,26,42.3,15,13,2,11,3,26,8,0,Matches
60e3603d,Manuel De Luca,it ITA,"FW,MF",Sampdoria,24-282,1998,0.5,0,0,0,0,0,0,0,,0,0,0,0,0,0,0,0,Matches
ae4e2852,Mattia De Sciglio,it ITA,DF,Juventus,30-187,1992,11.2,12,6,6,3,3,8,13,61.5,5,9,3,6,4,16,18,0,Matches
e74f0e59,Lorenzo De Silvestri,it ITA,DF,Bologna,34-337,1988,6.0,2,2,1,0,1,2,5,40.0,3,5,5,0,2,4,17,0,Matches
f4797849,Koni De Winter,be BEL,DF,Empoli,20-317,2002,11.4,14,9,11,3,0,5,13,38.5,8,14,12,2,6,20,65,0,Matches
854ee61a,Grégoire Defrel,mq MTQ,FW,Sassuolo,31-312,1991,9.3,9,7,5,2,2,4,9,44.4,5,8,0,8,1,10,5,0,Matches
0e0d6c53,Duccio Degl'Innocenti,it ITA,MF,Empoli,19-362,2003,0.0,0,0,0,0,0,0,0,,0,0,0,0,1,1,0,0,Matches
e3cceee6,Merih Demiral,tr TUR,DF,Atalanta,25-051,1998,16.7,39,27,29,10,0,25,35,71.4,10,24,7,17,23,62,56,1,Matches
dc3fa3b5,Diego Demme,de GER,MF,Napoli,31-155,1991,1.0,1,0,1,0,0,0,3,0.0,3,2,0,2,0,1,1,0,Matches
d97f2e8d,Fabio Depaoli,it ITA,DF,Hellas Verona,26-001,1997,19.3,39,23,24,11,4,19,32,59.4,13,25,6,19,12,51,27,2,Matches
d97f2e8d,Fabio Depaoli,it ITA,"DF,MF",Sampdoria,26-001,1997,1.5,5,3,2,3,0,3,4,75.0,1,1,0,1,1,6,4,0,Matches
2990c466,Kastriot Dermaku,al ALB,DF,Lecce,31-100,1992,0.4,0,0,0,0,0,0,0,,0,0,0,0,0,0,0,0,Matches
dcb38abe,Cyriel Dessers,ng NGA,FW,Cremonese,28-138,1994,17.4,11,4,4,4,3,2,6,33.3,4,14,2,12,3,14,5,0,Matches
5976f83e,Sergiño Dest,us USA,DF,Milan,22-173,2000,3.7,12,6,3,5,4,3,4,75.0,1,1,0,1,4,16,2,0,Matches
d7d32194,Mattia Destro,it ITA,FW,Empoli,32-036,1991,5.3,1,1,0,1,0,0,0,,0,2,0,2,1,2,5,0,Matches
39583cfd,Gerard Deulofeu,es ESP,FW,Udinese,29-043,1994,13.5,8,5,5,1,2,5,15,33.3,10,8,1,7,2,10,1,0,Matches
ef94dc2f,Samuel Di Carmine,it ITA,"FW,MF",Cremonese,34-208,1988,0.3,0,0,0,0,0,0,0,,0,0,0,0,0,0,0,0,Matches
1fca9171,Federico Di Francesco,it ITA,"FW,MF",Lecce,28-315,1994,18.9,25,15,7,11,7,8,18,44.4,10,15,0,15,7,32,12,0,Matches
4e0c8d66,Michele Di Gregorio,it ITA,GK,Monza,25-272,1997,30.0,0,0,0,0,0,0,1,0.0,1,0,0,0,3,3,16,2,Matches
230a2fac,Giovanni Di Lorenzo,it ITA,DF,Napoli,29-264,1993,30.9,52,26,30,16,6,22,43,51.2,21,27,7,20,26,78,54,0,Matches
19cda00b,Ángel Di María,ar ARG,"FW,MF",Juventus,35-070,1988,11.8,8,4,2,5,1,3,16,18.8,13,12,0,12,5,13,0,0,Matches
244bc2c8,Boulaye Dia,sn SEN,"FW,MF",Salernitana,26-160,1996,23.0,10,4,3,4,3,1,6,16.7,5,4,0,4,5,15,24,1,Matches
407feb71,Brahim Díaz,es ESP,MF,Milan,23-265,1999,16.6,24,11,4,17,3,3,9,33.3,6,10,0,10,5,29,5,0,Matches
970b8574,Federico Dimarco,it ITA,DF,Inter,25-166,1997,19.0,25,19,6,14,5,9,17,52.9,8,15,4,11,15,40,20,0,Matches
933d3b51,Koffi Djidji,ci CIV,DF,Torino,30-146,1992,22.7,41,21,28,12,1,14,26,53.8,12,24,11,13,32,73,65,0,Matches
6eee05f1,Berat Djimsiti,al ALB,DF,Atalanta,30-065,1993,13.2,25,15,17,8,0,13,18,72.2,5,13,6,7,21,46,49,1,Matches
b5f7d10b,Dodô,br BRA,DF,Fiorentina,24-159,1998,22.3,33,19,16,12,5,20,39,51.3,19,21,2,19,23,56,35,0,Matches
2f69d881,Josh Doig,sct SCO,DF,Hellas Verona,20-342,2002,14.5,18,7,5,7,6,5,15,33.3,10,24,6,18,10,28,12,1,Matches
20b3a502,Nicolás Domínguez,ar ARG,MF,Bologna,24-301,1998,20.3,63,40,27,28,8,31,62,50.0,31,22,2,20,18,81,25,1,Matches
22051fbe,Giulio Donati,it ITA,DF,Monza,33-079,1990,4.7,4,1,1,1,2,3,6,50.0,3,3,1,2,4,8,11,0,Matches
085e71a7,Bartłomiej Drągowski,pl POL,GK,Spezia,25-249,1997,26.7,1,0,1,0,0,1,5,20.0,4,0,0,0,0,1,15,3,Matches
79ca3e23,Ondrej Duda,sk SVK,MF,Hellas Verona,28-141,1994,10.4,20,13,7,11,2,9,15,60.0,6,10,0,10,12,32,8,0,Matches
481c9ece,Denzel Dumfries,nl NED,DF,Inter,27-007,1996,20.6,27,13,12,11,4,17,29,58.6,12,28,8,20,12,39,23,0,Matches
528492ea,Alfred Duncan,gh GHA,MF,Fiorentina,30-046,1993,7.1,14,8,0,14,0,8,15,53.3,7,6,0,6,5,19,6,0,Matches
e0921a4f,Paulo Dybala,ar ARG,"MF,FW",Roma,29-161,1993,18.1,14,4,1,8,5,8,26,30.8,18,11,0,11,8,22,4,0,Matches
3bb7f478,Edin Džeko,ba BIH,FW,Inter,37-039,1986,17.7,2,2,0,2,0,0,4,0.0,4,14,1,13,3,5,23,0,Matches
dbfa4f16,Festy Ebosele,ie IRL,DF,Udinese,20-266,2002,2.8,11,8,6,5,0,2,6,33.3,4,3,0,3,1,12,4,0,Matches
9ba7b4fa,Enzo Ebosse,cm CMR,DF,Udinese,24-045,1999,10.3,15,9,11,4,0,9,13,69.2,4,27,6,21,11,26,29,0,Matches
6af30900,Tyronne Ebuehi,ng NGA,DF,Empoli,27-130,1995,15.6,16,10,7,6,3,6,10,60.0,4,18,11,7,7,23,55,1,Matches
a9202def,Éderson,br BRA,MF,Atalanta,23-292,1999,20.1,60,32,17,37,6,26,52,50.0,26,47,6,41,29,89,22,0,Matches
76b2817e,Kingsley Ehizibue,nl NED,DF,Udinese,27-335,1995,15.2,44,29,25,13,6,28,43,65.1,15,17,3,14,10,54,37,1,Matches
f503ea63,Albin Ekdal,se SWE,MF,Spezia,33-271,1989,14.3,30,18,11,17,2,15,38,39.5,23,20,1,19,22,52,34,0,Matches
c20892ee,Emmanuel Ekong,se SWE,"FW,MF",Empoli,20-304,2002,0.2,0,0,0,0,0,0,0,,0,0,0,0,0,0,0,0,Matches
c55967eb,Mikael Ellertsson,is ISL,"MF,DF",Spezia,21-045,2002,1.9,4,2,1,3,0,0,3,0.0,3,2,1,1,2,6,0,0,Matches
cf007308,Elif Elmas,mk MKD,"MF,FW",Napoli,23-213,1999,13.6,16,9,5,8,3,7,12,58.3,5,10,1,9,11,27,4,0,Matches
0fee6bda,Martin Erlic,hr CRO,DF,Sassuolo,25-091,1998,20.9,20,10,14,5,1,9,19,47.4,10,31,20,11,26,46,97,1,Matches
3f79a1c8,Gonzalo Escalante,ar ARG,MF,Cremonese,30-029,1993,6.2,16,8,8,8,0,10,13,76.9,3,7,1,6,10,26,4,0,Matches
5cf5c9ad,Salvatore Esposito,it ITA,MF,Spezia,22-200,2000,4.6,7,7,3,3,1,3,11,27.3,8,5,1,4,8,15,11,0,Matches
366be751,Nicolò Fagioli,it ITA,MF,Juventus,22-072,2001,13.6,23,15,9,12,2,8,21,38.1,13,12,2,10,8,31,6,1,Matches
9f5a610b,Wladimiro Falcone,it ITA,GK,Lecce,28-013,1995,31.0,2,0,2,0,0,2,2,100.0,0,0,0,0,2,4,19,3,Matches
aae9d04a,Davide Faraoni,it ITA,DF,Hellas Verona,31-182,1991,12.2,25,16,12,11,2,13,34,38.2,21,24,9,15,11,36,28,0,Matches
4e358a2d,Federico Fazio,ar ARG,DF,Salernitana,36-039,1987,11.9,15,12,8,7,0,4,11,36.4,7,9,4,5,28,43,61,0,Matches
06b08c45,Jacopo Fazzini,it ITA,MF,Empoli,20-040,2003,6.5,25,14,16,7,2,14,28,50.0,14,13,2,11,7,32,18,0,Matches
ee64a822,Lewis Ferguson,sct SCO,MF,Bologna,23-244,1999,20.7,35,22,14,17,4,17,32,53.1,15,17,6,11,16,51,19,0,Matches
d0dbca9f,Alex Ferrari,it ITA,DF,Sampdoria,28-298,1994,9.6,9,5,7,2,0,4,8,50.0,4,21,10,11,19,28,25,0,Matches
d0dbca9f,Alex Ferrari,it ITA,DF,Cremonese,28-298,1994,8.3,30,18,26,4,0,21,29,72.4,8,13,3,10,19,49,33,1,Matches
eb76987d,Salvador Ferrer,es ESP,DF,Spezia,25-094,1998,1.1,2,1,0,2,0,1,1,100.0,0,1,1,0,1,3,2,0,Matches
e288d4b3,Alessandro Florenzi,it ITA,DF,Milan,32-045,1991,2.2,6,4,3,2,1,4,6,66.7,2,1,0,1,3,9,2,0,Matches
2a7d27c1,Davide Frattesi,it ITA,MF,Sassuolo,23-185,1999,27.3,53,29,19,27,7,17,32,53.1,15,19,3,16,12,65,39,0,Matches
c235e803,Matteo Gabbia,it ITA,DF,Milan,23-186,1999,6.8,17,10,12,5,0,6,8,75.0,2,8,3,5,5,22,29,0,Matches
8f866fe8,Manolo Gabbiadini,it ITA,"FW,MF",Sampdoria,31-150,1991,19.7,12,7,3,5,4,3,12,25.0,9,11,1,10,4,16,21,0,Matches
3b387cc7,Gianluca Gaetano,it ITA,MF,Napoli,22-355,2000,0.4,3,2,1,2,0,0,0,,0,1,0,1,0,3,0,0,Matches
ce30bfc8,Roberto Gagliardini,it ITA,MF,Inter,29-018,1994,5.9,15,5,8,6,1,10,20,50.0,10,8,2,6,1,16,9,0,Matches
8dfed6e9,Adolfo Gaich,ar ARG,FW,Hellas Verona,24-058,1999,6.4,5,3,0,3,2,1,4,25.0,3,6,2,4,2,7,6,1,Matches
dd403465,Pablo Galdames Millán,cl CHI,"MF,DF",Cremonese,26-116,1996,3.0,9,6,6,1,2,4,21,19.0,17,7,1,6,4,13,4,0,Matches
c74d63ac,Antonino Gallo,it ITA,DF,Lecce,23-110,2000,21.9,49,31,31,10,8,33,47,70.2,14,28,3,25,11,60,53,0,Matches
18dd3219,Federico Gatti,it ITA,DF,Juventus,24-305,1998,11.0,11,8,8,2,1,6,10,60.0,4,14,9,5,15,26,46,1,Matches
822ed0ec,Valentin Gendrey,fr FRA,DF,Lecce,22-308,2000,28.9,76,48,48,20,8,34,61,55.7,27,42,4,38,35,111,72,0,Matches
71dc23da,Paolo Ghiglione,it ITA,DF,Cremonese,26-082,1997,6.8,13,9,9,3,1,8,16,50.0,8,9,4,5,4,17,11,0,Matches
9c435456,Mario Gila,es ESP,DF,Lazio,22-239,2000,1.0,3,1,3,0,0,0,1,0.0,1,0,0,0,3,6,3,0,Matches
548bd0de,Gvidas Gineitis,lt LTU,MF,Torino,19-010,2004,1.5,3,1,0,2,1,1,2,50.0,1,0,0,0,0,3,1,0,Matches
16ceb862,Olivier Giroud,fr FRA,FW,Milan,36-207,1986,18.6,7,5,2,3,2,1,7,14.3,6,10,3,7,2,9,19,0,Matches
f0f7f62f,Pierluigi Gollini,it ITA,GK,Fiorentina,28-038,1995,3.0,1,0,1,0,0,1,1,100.0,0,0,0,0,0,1,2,0,Matches
f0f7f62f,Pierluigi Gollini,it ITA,GK,Napoli,28-038,1995,1.0,0,0,0,0,0,0,0,,0,0,0,0,0,0,0,0,Matches
f025eade,Joan Gonzàlez,es ESP,MF,Lecce,21-083,2002,22.6,47,28,20,18,9,17,48,35.4,31,37,8,29,15,62,27,0,Matches
2374aaca,Nicolás González,ar ARG,"FW,MF",Fiorentina,25-019,1998,11.4,10,5,2,5,3,2,10,20.0,8,11,0,11,2,12,5,0,Matches
2d970560,Robin Gosens,de GER,DF,Inter,28-294,1994,10.7,30,15,12,9,9,14,22,63.6,8,13,1,12,21,51,12,0,Matches
6cc97b6a,Alberto Grassi,it ITA,MF,Empoli,28-049,1995,7.0,18,16,9,9,0,10,13,76.9,3,13,8,5,19,37,30,0,Matches
49136c42,Andrew Gravillon,gp GLP,DF,Torino,25-076,1998,3.5,3,3,0,3,0,0,0,,0,4,2,2,9,12,16,0,Matches
f1f1f238,Koray Günter,de GER,DF,Hellas Verona,28-252,1994,11.1,10,6,1,8,1,4,7,57.1,3,24,15,9,30,40,46,0,Matches
f1f1f238,Koray Günter,de GER,"DF,MF",Sampdoria,28-252,1994,3.6,5,4,3,2,0,4,5,80.0,1,6,4,2,4,9,20,0,Matches
f9758dae,Emmanuel Gyasi,gh GHA,"FW,DF",Spezia,29-104,1994,25.0,17,11,7,8,2,8,28,28.6,20,21,6,15,8,25,20,0,Matches
0be276c6,Norbert Gyömbér,sk SVK,DF,Salernitana,30-296,1992,16.6,27,20,21,5,1,13,20,65.0,7,31,21,10,31,58,80,0,Matches
9250bcff,Christian Gytkjær,dk DEN,"FW,MF",Monza,32-354,1990,5.8,6,2,1,4,1,2,5,40.0,3,3,1,2,0,6,1,0,Matches
fa449bba,Nicolas Haas,ch SUI,MF,Empoli,27-092,1996,11.7,25,11,14,6,5,10,21,47.6,11,13,4,9,7,32,26,0,Matches
74419746,Samir Handanović,si SVN,GK,Inter,38-285,1984,11.0,0,0,0,0,0,0,0,,0,0,0,0,0,0,3,0,Matches
65fd099c,Abdou Harroui,nl NED,MF,Sassuolo,25-102,1998,4.9,15,5,5,6,4,2,7,28.6,5,6,1,5,1,16,9,0,Matches
3b333ac3,Hans Hateboer,nl NED,DF,Atalanta,29-106,1994,15.5,21,13,11,8,2,11,27,40.7,16,23,4,19,12,33,25,0,Matches
d7918b13,Liam Henderson,sct SCO,MF,Empoli,27-000,1996,8.8,9,8,4,4,1,4,19,21.1,15,8,2,6,9,18,8,0,Matches
ffed43e3,Jack Hendry,sct SCO,DF,Cremonese,27-353,1995,2.4,0,0,0,0,0,0,1,0.0,1,2,1,1,1,1,7,0,Matches
a2d9f138,Matheus Henrique,br BRA,MF,Sassuolo,25-127,1997,16.1,15,9,7,5,3,4,11,36.4,7,13,4,9,10,25,8,0,Matches
9ef42479,Thomas Henry,fr FRA,FW,Hellas Verona,28-217,1994,11.4,5,3,1,1,3,1,5,20.0,4,6,2,4,0,5,14,0,Matches
d4c9725f,Theo Hernández,fr FRA,DF,Milan,25-201,1997,25.3,39,22,24,14,1,20,31,64.5,11,32,7,25,14,53,27,1,Matches
12806697,Isak Hien,se SWE,DF,Hellas Verona,24-102,1999,22.3,60,28,44,16,0,30,50,60.0,20,29,11,18,22,82,71,1,Matches
d4456fb3,Morten Hjulmand,dk DEN,MF,Lecce,23-304,1999,27.6,76,43,42,34,0,31,57,54.4,26,39,10,29,64,140,50,0,Matches
c2357b65,Emil Holm,se SWE,DF,Spezia,22-347,2000,15.5,26,15,13,8,5,16,31,51.6,15,21,6,15,9,35,41,0,Matches
b85bf253,Martin Hongla,cm CMR,MF,Hellas Verona,25-040,1998,5.8,8,5,4,4,0,5,5,100.0,0,7,1,6,6,14,9,0,Matches
d8800a46,Petko Hristov,bg BUL,DF,Spezia,24-055,1999,4.1,6,4,2,4,0,5,8,62.5,3,4,2,2,4,10,12,0,Matches
1f2d714c,Ajdin Hrustic,au AUS,MF,Hellas Verona,26-294,1996,2.5,2,1,1,1,0,1,2,50.0,1,2,0,2,0,2,2,1,Matches
2f3452eb,Elseid Hysaj,al ALB,DF,Lazio,29-064,1994,16.7,28,14,17,7,4,15,28,53.6,13,20,6,14,15,43,37,0,Matches
491a433d,Rasmus Højlund,dk DEN,FW,Atalanta,20-080,2003,16.4,4,3,0,2,2,1,4,25.0,3,8,0,8,1,5,5,0,Matches
82efe6fa,Roger Ibanez,br BRA,DF,Roma,24-153,1998,26.3,59,29,33,23,3,28,42,66.7,14,23,8,15,56,115,87,1,Matches
4cde5509,Zlatan Ibrahimović,se SWE,FW,Milan,41-204,1981,1.6,0,0,0,0,0,0,0,,0,1,1,0,0,0,2,0,Matches
a4e85758,Igor,br BRA,DF,Fiorentina,25-077,1998,18.1,32,19,16,12,4,13,20,65.0,7,30,13,17,20,52,47,2,Matches
42eaa028,Jonathan Ikone,fr FRA,FW,Fiorentina,24-358,1998,18.8,14,6,5,5,4,4,10,40.0,6,17,1,16,4,18,3,0,Matches
bb376bed,Ivan Ilić,rs SRB,MF,Hellas Verona,22-039,2001,9.5,16,10,9,7,0,6,11,54.5,5,10,1,9,8,24,14,0,Matches
bb376bed,Ivan Ilić,rs SRB,MF,Torino,22-039,2001,6.4,6,3,2,3,1,3,12,25.0,9,10,2,8,3,9,8,0,Matches
ba492306,Samuel Iling-Junior,eng ENG,"DF,FW",Juventus,19-203,2003,1.3,2,1,1,0,1,2,3,66.7,1,1,0,1,1,3,3,0,Matches
a47c6309,Emirhan İlkhan,tr TUR,MF,Torino,18-328,2004,1.0,1,1,0,1,0,1,1,100.0,0,3,1,2,2,3,2,0,Matches
a47c6309,Emirhan İlkhan,tr TUR,MF,Sampdoria,18-328,2004,0.7,2,1,1,0,1,1,2,50.0,1,3,0,3,0,2,2,0,Matches
4431aed2,Ciro Immobile,it ITA,FW,Lazio,33-064,1990,18.3,8,5,2,4,2,3,6,50.0,3,9,1,8,1,9,10,0,Matches
6b635f5c,Ardian Ismajli,al ALB,DF,Empoli,26-207,1996,20.6,38,30,23,15,0,17,22,77.3,5,45,29,16,26,64,109,0,Matches
89976232,Armando Izzo,it ITA,DF,Monza,31-054,1992,20.9,57,39,34,21,2,20,31,64.5,11,20,10,10,40,97,69,0,Matches
8c65eb5f,Mato Jajalo,ba BIH,MF,Udinese,34-335,1988,0.7,0,0,0,0,0,0,1,0.0,1,0,0,0,0,0,2,0,Matches
4a537185,Jesé,es ESP,FW,Sampdoria,30-058,1993,2.1,1,0,0,1,0,0,1,0.0,1,3,1,2,1,2,2,0,Matches
79083382,Juan Jesus,br BRA,DF,Napoli,31-319,1991,8.9,12,8,7,4,1,7,9,77.8,2,15,8,7,9,21,26,0,Matches
dc765618,Þórir Jóhann Helgason,is ISL,MF,Lecce,22-209,2000,2.4,2,2,1,0,1,2,3,66.7,1,3,1,2,3,5,3,0,Matches
4d8cd038,Luka Jović,rs SRB,"FW,MF",Fiorentina,25-123,1997,13.3,5,2,1,3,1,2,8,25.0,6,7,2,5,2,7,8,0,Matches
570bb4b9,Hamed Junior Traorè,ci CIV,"MF,FW",Sassuolo,23-068,2000,6.6,11,6,4,6,1,4,11,36.4,7,4,0,4,2,13,0,1,Matches
f95f49d2,Yayah Kallon,sl SLE,"MF,FW",Hellas Verona,21-299,2001,8.9,14,10,5,4,5,7,12,58.3,5,9,0,9,8,22,5,0,Matches
85f7d1be,Pierre Kalulu,fr FRA,DF,Milan,22-324,2000,25.6,51,35,29,19,3,23,35,65.7,12,39,15,24,38,89,49,1,Matches
8b66d9cc,Yann Karamoh,fr FRA,"MF,FW",Torino,24-291,1998,5.2,5,2,3,2,0,1,5,20.0,4,4,0,4,0,5,2,0,Matches
9f84febe,Rick Karsdorp,nl NED,DF,Roma,28-073,1995,7.9,21,13,11,7,3,13,22,59.1,9,0,0,0,7,28,15,1,Matches
7ae36711,Denso Kasius,nl NED,DF,Bologna,20-201,2002,3.8,12,6,7,4,1,8,10,80.0,2,6,3,3,3,15,6,0,Matches
2a82aa85,Grigoris Kastanos,cy CYP,"MF,DF",Salernitana,25-085,1998,9.5,25,16,10,13,2,8,23,34.8,15,13,3,10,7,32,5,0,Matches
3d50bcdb,Moise Kean,it ITA,FW,Juventus,23-056,2000,9.7,8,6,2,5,1,3,6,50.0,3,2,0,2,4,12,2,0,Matches
dc3e663e,Jakub Kiwior,pl POL,DF,Spezia,23-069,2000,16.0,22,17,15,7,0,6,24,25.0,18,26,18,8,24,46,71,1,Matches
8b8a56ce,Simon Kjær,dk DEN,DF,Milan,34-030,1989,8.8,11,5,6,5,0,4,7,57.1,3,10,8,2,8,19,22,1,Matches
a26fb8aa,Teun Koopmeiners,nl NED,MF,Atalanta,25-056,1998,24.8,36,21,12,19,5,21,41,51.2,20,33,5,28,17,53,31,1,Matches
b1cd37e6,Filip Kostić,rs SRB,"DF,FW",Juventus,30-175,1992,24.6,37,23,14,19,4,20,44,45.5,24,23,2,21,12,49,24,0,Matches
58e933d2,Christian Kouamé,ci CIV,FW,Fiorentina,25-140,1997,17.7,23,17,8,8,7,6,13,46.2,7,15,3,12,12,35,4,0,Matches
9d60028d,Viktor Kovalenko,ua UKR,MF,Spezia,27-070,1996,5.3,9,5,1,6,2,5,7,71.4,2,11,2,9,3,12,7,0,Matches
b804c280,Julian Kristoffersen,no NOR,FW,Salernitana,25-350,1997,0.2,0,0,0,0,0,0,0,,0,1,0,1,0,0,0,0,Matches
b4101c2e,Raimonds Krollis,lv LVA,FW,Spezia,21-179,2001,0.2,1,1,0,0,1,0,0,,0,0,0,0,0,1,0,0,Matches
817c6964,Rade Krunić,ba BIH,"MF,FW",Milan,29-200,1993,13.1,33,23,16,14,3,12,43,27.9,31,21,9,12,14,47,16,0,Matches
a40819d9,Marash Kumbulla,al ALB,DF,Roma,23-076,2000,2.7,4,4,2,2,0,2,3,66.7,1,2,1,1,4,8,6,0,Matches
dea88efd,Khvicha Kvaratskhelia,ge GEO,FW,Napoli,22-072,2001,22.4,35,19,11,6,18,14,32,43.8,18,16,0,16,4,39,6,1,Matches
0a483542,Giorgos Kyriakopoulos,gr GRE,"DF,FW",Bologna,27-079,1996,7.1,13,6,4,5,4,10,21,47.6,11,14,2,12,3,16,9,0,Matches
0a483542,Giorgos Kyriakopoulos,gr GRE,"FW,DF",Sassuolo,27-079,1996,8.5,21,8,7,9,5,10,14,71.4,4,7,1,6,11,32,12,1,Matches
c283ddef,Sam Lammers,nl NED,FW,Sampdoria,25-360,1997,9.8,12,5,2,7,3,6,14,42.9,8,10,3,7,4,16,11,0,Matches
c283ddef,Sam Lammers,nl NED,FW,Empoli,25-360,1997,9.8,20,10,5,9,6,7,11,63.6,4,4,1,3,3,23,8,0,Matches
09538fdb,Kevin Lasagna,it ITA,"FW,MF",Hellas Verona,30-258,1992,17.5,12,6,7,3,2,6,14,42.9,8,17,1,16,5,17,13,0,Matches
2d22cea7,Armand Lauriente,fr FRA,FW,Sassuolo,24-142,1998,21.8,17,11,3,7,7,7,17,41.2,10,20,0,20,11,28,7,0,Matches
016ff750,Valentino Lazaro,at AUT,DF,Torino,27-032,1996,12.8,10,5,6,0,4,6,10,60.0,4,15,3,12,2,12,21,0,Matches
93088fbb,Marko Lazetić,rs SRB,FW,Milan,19-093,2004,0.1,0,0,0,0,0,0,0,,0,0,0,0,0,0,0,0,Matches
5128bde4,Darko Lazović,rs SRB,"MF,DF",Hellas Verona,32-222,1990,20.5,23,12,9,11,3,12,26,46.2,14,12,3,9,12,35,19,0,Matches
02caf6e0,Manuel Lazzari,it ITA,DF,Lazio,29-147,1993,16.6,27,17,10,13,4,18,33,54.5,15,18,6,12,13,40,28,1,Matches
20730eae,Rafael Leão,pt POR,"FW,MF",Milan,23-319,1999,22.6,5,4,1,3,1,4,9,44.4,5,5,2,3,13,18,8,0,Matches
7d3cbc67,Mehdi Léris,dz ALG,"MF,DF",Sampdoria,24-337,1998,24.0,57,42,27,22,8,21,50,42.0,29,35,5,30,24,81,27,0,Matches
d023d70f,Karol Linetty,pl POL,MF,Torino,28-082,1995,19.8,31,16,7,21,3,13,24,54.2,11,28,8,20,18,49,25,0,Matches
a3695ac2,Marcin Listkowski,pl POL,"MF,FW",Lecce,25-074,1998,0.9,0,0,0,0,0,0,0,,0,0,0,0,3,3,2,0,Matches
bba30585,Diego Llorente,es ESP,DF,Roma,29-252,1993,4.4,6,2,4,2,0,3,8,37.5,5,0,0,0,6,12,14,0,Matches
e1cbb531,Stanislav Lobotka,sk SVK,MF,Napoli,28-151,1994,28.1,71,37,32,28,11,37,59,62.7,22,26,6,20,16,87,14,0,Matches
a8a874f1,Manuel Locatelli,it ITA,MF,Juventus,25-107,1998,22.6,49,26,22,21,6,26,43,60.5,17,40,19,21,25,74,49,0,Matches
c8ad0857,Luka Lochoshvili,ge GEO,DF,Cremonese,24-331,1998,15.6,39,16,28,8,3,19,27,70.4,8,25,7,18,18,57,62,0,Matches
7c104bb7,Ademola Lookman,ng NGA,"FW,MF",Atalanta,25-187,1997,18.1,11,3,2,6,3,3,14,21.4,11,18,0,18,4,15,0,0,Matches
20094685,Maxime Lopez,fr FRA,MF,Sassuolo,25-142,1997,20.6,38,16,23,11,4,13,52,25.0,39,22,6,16,20,58,20,0,Matches
5fa57166,Matteo Lovato,it ITA,DF,Salernitana,23-070,2000,5.8,11,9,9,2,0,10,21,47.6,11,8,5,3,9,20,20,2,Matches
966eea58,Sandi Lovrić,si SVN,MF,Udinese,25-028,1998,19.9,36,15,13,16,7,24,37,64.9,13,18,1,17,18,54,16,0,Matches
a69e4806,Hirving Lozano,mx MEX,FW,Napoli,27-269,1995,16.6,24,13,10,6,8,9,18,50.0,9,30,0,30,14,38,6,0,Matches
80490d7f,Jhon Lucumí,co COL,DF,Bologna,24-303,1998,26.2,47,31,34,12,1,23,38,60.5,15,35,24,11,31,78,92,1,Matches
921f6058,José Luis Palomino,ar ARG,DF,Atalanta,33-110,1990,8.0,20,12,14,6,0,9,16,56.3,7,10,4,6,28,48,19,0,Matches
5eae500a,Romelu Lukaku,be BEL,FW,Inter,29-347,1993,12.6,1,0,0,0,1,1,2,50.0,1,0,0,0,0,1,10,0,Matches
c6e8cf1f,Saša Lukić,rs SRB,MF,Torino,26-255,1996,13.3,21,14,10,10,1,9,15,60.0,6,17,7,10,13,34,10,0,Matches
997fff07,Sebastiano Luperto,it ITA,DF,Empoli,26-231,1996,27.8,28,17,21,7,0,8,18,44.4,10,44,32,12,32,60,136,1,Matches
5efc5389,Charalambos Lykogiannis,gr GRE,DF,Bologna,29-185,1993,11.9,15,7,4,6,5,5,13,38.5,8,9,4,5,15,30,30,0,Matches
957e4c87,Giulio Maggiore,it ITA,MF,Salernitana,25-044,1998,8.4,17,7,9,5,3,8,18,44.4,10,17,4,13,8,25,8,0,Matches
cce9f582,Giangiacomo Magnani,it ITA,DF,Hellas Verona,27-203,1995,11.8,27,18,17,8,2,16,17,94.1,1,18,13,5,18,45,57,0,Matches
fcb38f57,Mike Maignan,fr FRA,GK,Milan,27-296,1995,15.0,1,0,1,0,0,1,1,100.0,0,0,0,0,1,2,6,1,Matches
2e7dafe5,Jordan Majchrzak,pl POL,FW,Roma,18-199,2004,0.2,0,0,0,0,0,0,0,,0,0,0,0,0,0,0,0,Matches
22bfb57e,Jean-Victor Makengo,fr FRA,MF,Udinese,24-317,1998,8.9,16,13,7,7,2,5,9,55.6,4,8,2,6,9,25,3,0,Matches
2bffcbf2,Lorenzo Malagrida,it ITA,"DF,MF",Sampdoria,19-183,2003,0.6,1,0,0,0,1,1,2,50.0,1,1,0,1,0,1,1,0,Matches
801831fe,Daniel Maldini,it ITA,"FW,MF",Spezia,21-196,2001,7.0,12,5,3,4,5,4,11,36.4,7,9,0,9,1,13,8,0,Matches
4c8845f7,Youssef Maleh,it ITA,MF,Fiorentina,24-246,1998,3.3,3,1,0,3,0,0,4,0.0,4,5,0,5,1,4,3,0,Matches
4c8845f7,Youssef Maleh,it ITA,MF,Lecce,24-246,1998,6.1,15,6,3,5,7,5,13,38.5,8,16,1,15,4,19,7,0,Matches
48d5bd33,Ruslan Malinovskyi,ua UKR,"MF,FW",Atalanta,29-356,1993,6.1,14,8,5,6,3,6,17,35.3,11,8,1,7,5,19,2,0,Matches
5aa53281,Gianluca Mancini,it ITA,DF,Roma,27-008,1996,26.9,33,16,24,8,1,14,26,53.8,12,35,15,20,40,73,57,0,Matches
c7259b83,Rolando Mandragora,it ITA,MF,Fiorentina,25-300,1997,18.5,37,20,10,21,6,21,50,42.0,29,19,3,16,13,50,21,0,Matches
f794b426,Federico Marchetti,it ITA,GK,Spezia,40-077,1983,0.7,0,0,0,0,0,0,0,,0,0,0,0,0,0,0,0,Matches
91d0fabf,Riccardo Marchizza,it ITA,DF,Sassuolo,25-030,1998,2.1,2,2,1,1,0,2,4,50.0,2,1,0,1,1,3,6,0,Matches
8650af85,Gian Marco Ferrari,it ITA,DF,Sassuolo,31-069,1992,21.1,21,15,10,10,1,10,14,71.4,4,24,18,6,21,42,76,3,Matches
aa54ec6f,Pablo Marí,es ESP,DF,Monza,29-237,1993,22.6,27,12,23,4,0,14,20,70.0,6,17,11,6,21,48,91,3,Matches
7fac99d4,Răzvan Marin,ro ROU,MF,Empoli,26-337,1996,24.3,42,22,22,19,1,19,38,50.0,19,28,10,18,12,54,31,0,Matches
cdf65d12,Marlon,br BRA,DF,Monza,27-230,1995,14.3,29,16,16,13,0,11,23,47.8,12,8,2,6,18,47,43,0,Matches
ea468ea8,Luca Marrone,it ITA,DF,Monza,33-028,1990,1.5,0,0,0,0,0,0,2,0.0,2,2,2,0,0,0,4,1,Matches
f7036e1c,Lautaro Martínez,ar ARG,FW,Inter,25-246,1997,24.7,22,11,2,13,7,6,19,31.6,13,29,1,28,12,34,13,1,Matches
3ec3c1c9,Lucas Martínez Quarta,ar ARG,DF,Fiorentina,26-350,1996,20.6,72,42,40,29,3,37,56,66.1,19,34,16,18,40,112,71,1,Matches
d4535821,Adam Marušić,me MNE,DF,Lazio,30-190,1992,28.2,37,28,20,13,4,21,33,63.6,12,18,6,12,34,71,57,1,Matches
de0f152c,Adam Masina,ma MAR,DF,Udinese,29-113,1994,5.7,5,4,2,3,0,3,7,42.9,4,6,3,3,10,15,19,1,Matches
eb7822d7,Nemanja Matić,rs SRB,MF,Roma,34-267,1988,17.6,41,22,21,16,4,17,28,60.7,11,22,4,18,23,64,20,1,Matches
3318286e,Luís Maximiano,pt POR,GK,Lazio,24-110,1999,0.1,0,0,0,0,0,0,0,,0,0,0,0,0,0,0,0,Matches
eb0ec070,Pasquale Mazzocchi,it ITA,DF,Salernitana,27-272,1995,16.0,24,12,17,3,4,10,25,40.0,15,8,2,6,9,33,25,2,Matches
01c3aff5,Weston McKennie,us USA,"MF,DF",Juventus,24-240,1998,11.7,14,5,3,9,2,5,8,62.5,3,15,4,11,11,25,15,1,Matches
563a68ad,Gary Medel,cl CHI,"MF,DF",Bologna,35-265,1987,15.1,24,15,15,7,2,9,15,60.0,6,14,8,6,26,50,33,0,Matches
5cec2c74,Soualiho Meïté,fr FRA,MF,Cremonese,29-039,1994,19.3,36,24,19,11,6,19,38,50.0,19,20,4,16,20,56,26,0,Matches
9413b19f,Alex Meret,it ITA,GK,Napoli,26-034,1997,30.0,0,0,0,0,0,0,0,,0,0,0,0,0,0,6,1,Matches
c730da00,Yıldırım Mert Çetin,tr TUR,DF,Lecce,26-114,1997,0.2,1,0,1,0,0,0,0,,0,0,0,0,1,2,1,0,Matches
f49c4ae9,Junior Messias,br BRA,"FW,DF",Milan,31-347,1991,13.3,20,16,7,8,5,5,12,41.7,7,18,4,14,6,26,22,0,Matches
b2561711,Tommaso Milanese,it ITA,MF,Cremonese,20-268,2002,0.3,0,0,0,0,0,0,0,,0,1,1,0,0,0,0,0,Matches
bee704fc,Nikola Milenković,rs SRB,DF,Fiorentina,25-195,1997,20.2,32,20,15,14,3,15,22,68.2,7,25,13,12,20,52,62,0,Matches
85613cf0,Arkadiusz Milik,pl POL,FW,Juventus,29-056,1994,13.5,8,6,1,5,2,2,6,33.3,4,8,0,8,1,9,13,0,Matches
4e6dbac4,Sergej Milinković-Savić,rs SRB,MF,Lazio,28-057,1995,27.3,46,28,20,18,8,20,53,37.7,33,42,9,33,23,69,35,0,Matches
9fa26bc2,Vanja Milinković-Savić,rs SRB,GK,Torino,26-064,1997,31.0,2,1,2,0,0,2,2,100.0,0,0,0,0,1,3,15,1,Matches
e0f8151c,Kim Min-jae,kr KOR,DF,Napoli,26-161,1996,29.2,49,26,30,18,1,21,25,84.0,4,34,25,9,35,84,111,1,Matches
a9aa0d1d,Aleksei Miranchuk,ru RUS,MF,Torino,27-190,1995,18.8,8,4,1,4,3,2,10,20.0,8,8,0,8,1,9,3,0,Matches
34693494,Fabio Miretti,it ITA,"MF,FW",Juventus,19-265,2003,11.5,20,8,13,5,2,8,18,44.4,10,17,1,16,2,22,10,0,Matches
dd0daf32,Henrikh Mkhitaryan,am ARM,MF,Inter,34-094,1989,19.8,36,24,10,21,5,12,32,37.5,20,25,4,21,17,53,16,0,Matches
54ab971f,Salvatore Molina,it ITA,DF,Monza,31-114,1992,2.5,6,5,2,4,0,4,5,80.0,1,4,2,2,1,7,2,0,Matches
ca73910d,Daniele Montevago,it ITA,FW,Sampdoria,20-038,2003,2.6,1,0,0,0,1,0,1,0.0,1,2,1,1,0,1,1,0,Matches
c1d95617,Lorenzo Montipò,it ITA,GK,Hellas Verona,27-064,1996,30.0,1,0,1,0,0,0,2,0.0,2,1,0,1,0,1,24,2,Matches
ff579c7e,Nikola Moro,hr CRO,MF,Bologna,25-044,1998,10.1,26,17,8,13,5,12,31,38.7,19,13,1,12,7,33,12,0,Matches
efc9e31f,Dany Mota,pt POR,"FW,MF",Monza,24-358,1998,15.3,5,4,0,2,3,1,4,25.0,3,5,1,4,3,8,18,0,Matches
a0aee24e,João Moutinho,pt POR,"DF,FW",Spezia,25-103,1998,0.6,7,1,5,1,1,3,4,75.0,1,1,1,0,0,7,0,0,Matches
1295552e,Mert Müldür,tr TUR,DF,Sassuolo,24-022,1999,0.1,0,0,0,0,0,0,0,,0,0,0,0,0,0,0,0,Matches
eb2fe5b6,Luis Muriel,co COL,FW,Atalanta,32-009,1991,9.5,8,5,2,3,3,5,11,45.5,6,8,0,8,2,10,2,0,Matches
b233e8e4,Jeison Murillo,co COL,DF,Sampdoria,30-333,1992,11.0,20,11,14,6,0,16,24,66.7,8,21,13,8,7,27,33,0,Matches
d183e9d6,Nicola Murru,it ITA,DF,Sampdoria,28-130,1994,6.1,18,11,11,6,1,4,9,44.4,5,13,4,9,6,24,18,0,Matches
a111cf41,Juan Musso,ar ARG,GK,Atalanta,28-354,1994,22.1,1,1,1,0,0,1,1,100.0,0,0,0,0,0,1,11,1,Matches
c459a650,Joakim Mæhle,dk DEN,"DF,MF",Atalanta,25-340,1997,18.6,23,12,9,5,9,16,31,51.6,15,22,5,17,18,41,22,0,Matches
c39babc1,Herculano Nabian,pt POR,MF,Empoli,19-090,2004,0.0,0,0,0,0,0,0,0,,0,0,0,0,0,0,0,0,Matches
599d91d0,Michel Ndary Adopo,fr FRA,"MF,DF",Torino,22-280,2000,2.8,6,2,3,2,1,1,3,33.3,2,2,2,0,1,7,4,0,Matches
5cdddffa,Tanguy Ndombele,fr FRA,MF,Napoli,26-118,1996,8.3,14,8,4,8,2,4,7,57.1,3,8,1,7,6,20,7,1,Matches
b1236c63,Ilija Nestorovski,mk MKD,"FW,MF",Udinese,33-044,1990,2.0,3,0,0,1,2,3,6,50.0,3,2,0,2,0,3,3,0,Matches
2b8360f1,Cyril Ngonge,be BEL,"MF,FW",Hellas Verona,22-334,2000,4.2,5,2,1,2,2,1,6,16.7,5,4,0,4,2,7,2,0,Matches
b136c945,Hans Nicolussi Caviglia,it ITA,MF,Salernitana,22-311,2000,6.0,14,6,5,7,2,8,13,61.5,5,7,0,7,7,21,7,1,Matches
cf961d8d,Dimitris Nikolaou,gr GRE,DF,Spezia,24-255,1998,27.3,37,27,28,8,1,20,29,69.0,9,36,23,13,22,59,66,0,Matches
e33f36d5,Bram Nuytinck,nl NED,DF,Udinese,32-356,1990,4.3,7,4,3,4,0,4,8,50.0,4,6,6,0,5,12,22,0,Matches
e33f36d5,Bram Nuytinck,nl NED,DF,Sampdoria,32-356,1990,12.4,41,29,27,14,0,19,29,65.5,10,32,17,15,19,60,68,0,Matches
a4948e67,M'Bala Nzola,ao ANG,FW,Spezia,26-250,1996,25.1,12,5,0,6,6,3,9,33.3,6,19,5,14,6,18,20,0,Matches
ba1e04b3,Pedro Obiang,gq EQG,MF,Sassuolo,31-029,1992,7.8,25,16,11,12,2,10,16,62.5,6,9,1,8,7,32,13,0,Matches
1e9bde92,Guillermo Ochoa,mx MEX,GK,Salernitana,37-286,1985,14.0,0,0,0,0,0,0,1,0.0,1,0,0,0,0,0,3,0,Matches
3b9858f5,Marios Oikonomou,gr GRE,DF,Sampdoria,30-201,1992,0.3,0,0,0,0,0,0,0,,0,1,1,0,1,1,3,0,Matches
d125f22f,David Okereke,ng NGA,"FW,MF",Cremonese,25-239,1997,20.5,11,7,4,5,2,3,12,25.0,9,20,3,17,6,17,11,0,Matches
8ec109e6,Caleb Okoli,it ITA,DF,Atalanta,21-286,2001,9.4,21,17,14,6,1,10,23,43.5,13,9,5,4,26,47,41,3,Matches
41c12f75,Mathías Olivera,uy URU,DF,Napoli,25-176,1997,12.4,30,16,11,13,6,18,34,52.9,16,19,2,17,18,48,23,0,Matches
e9c0c1b2,André Onana,cm CMR,GK,Inter,27-023,1996,20.0,0,0,0,0,0,0,0,,0,0,0,0,0,0,5,0,Matches
43a166b4,Divock Origi,be BEL,"FW,MF",Milan,28-007,1995,9.6,8,3,4,1,3,4,8,50.0,4,4,2,2,0,8,12,0,Matches
e14ec482,Riccardo Orsolini,it ITA,FW,Bologna,26-091,1997,18.4,22,14,9,9,4,13,33,39.4,20,26,2,24,8,30,15,0,Matches
8c90fd7a,Victor Osimhen,ng NGA,FW,Napoli,24-117,1998,22.3,5,3,1,1,3,0,4,0.0,4,6,1,5,4,9,20,0,Matches
ea02beaf,Remi Oudin,fr FRA,"FW,MF",Lecce,26-158,1996,8.2,20,9,7,10,3,8,17,47.1,9,11,0,11,20,40,15,0,Matches
ed90babd,Adam Ounas,dz ALG,FW,Napoli,26-165,1996,0.2,0,0,0,0,0,0,0,,0,0,0,0,1,1,0,0,Matches
8daee720,Simone Pafundi,it ITA,MF,Udinese,17-070,2006,0.8,7,4,1,4,2,2,2,100.0,0,0,0,0,1,8,0,0,Matches
3d6cee81,Flavio Paoletti,it ITA,MF,Sampdoria,20-099,2003,1.4,2,2,0,2,0,1,4,25.0,3,0,0,0,4,6,6,0,Matches
dff153a4,Leandro Paredes,ar ARG,MF,Juventus,28-300,1994,7.9,16,10,6,9,1,8,16,50.0,8,5,0,5,12,28,17,0,Matches
0967845b,Fabiano Parisi,it ITA,DF,Empoli,22-167,2000,26.5,53,27,31,16,6,26,59,44.1,33,44,14,30,32,85,73,0,Matches
e599253a,Mario Pašalić,hr CRO,"MF,FW",Atalanta,28-075,1995,15.1,20,9,6,12,2,5,16,31.3,11,16,2,14,15,35,11,0,Matches
f7223718,Patric,es ESP,DF,Lazio,30-008,1993,13.7,15,10,10,3,2,9,13,69.2,4,17,12,5,10,25,47,1,Matches
79b0d6a0,Rui Patrício,pt POR,GK,Roma,35-069,1988,31.0,1,1,1,0,0,1,1,100.0,0,0,0,0,2,3,5,3,Matches
3ca7254a,Pedro,es ESP,FW,Lazio,35-271,1987,18.0,25,18,13,7,5,9,22,40.9,13,14,2,12,6,31,4,1,Matches
f058ed1f,Gianluca Pegolo,it ITA,GK,Sassuolo,42-031,1981,2.0,0,0,0,0,0,0,1,0.0,1,0,0,0,0,0,1,0,Matches
a44d3a3c,Pietro Pellegri,it ITA,FW,Torino,22-039,2001,4.5,5,1,1,2,2,1,2,50.0,1,4,1,3,0,5,2,0,Matches
4a5a45c7,Lorenzo Pellegrini,it ITA,MF,Roma,26-310,1996,23.5,44,25,21,20,3,18,36,50.0,18,27,4,23,22,66,17,0,Matches
3b61c9ec,Luca Pellegrini,it ITA,DF,Lazio,24-049,1999,0.2,0,0,0,0,0,0,0,,0,0,0,0,0,0,0,0,Matches
7afb1573,Pepín,gq EQG,MF,Monza,26-254,1996,11.2,23,15,8,9,6,6,23,26.1,17,13,3,10,11,34,15,0,Matches
75f2c59f,Roberto Pereyra,ar ARG,"DF,MF",Udinese,32-108,1991,24.4,33,19,18,12,3,15,33,45.5,18,18,4,14,14,47,23,0,Matches
f7c491f1,Nehuén Pérez,ar ARG,DF,Udinese,22-305,2000,25.3,59,30,42,15,2,33,43,76.7,10,39,18,21,30,89,91,1,Matches
b9e11c1d,Simone Perilli,it ITA,GK,Hellas Verona,28-108,1995,1.0,0,0,0,0,0,0,0,,0,0,0,0,0,0,0,0,Matches
4c62d0c8,Mattia Perin,it ITA,GK,Juventus,30-166,1992,9.5,0,0,0,0,0,0,0,,0,0,0,0,0,0,0,0,Matches
00a17eba,Samuele Perisan,it ITA,GK,Empoli,25-247,1997,7.0,0,0,0,0,0,0,0,,0,0,0,0,0,0,2,0,Matches
780e3631,Matteo Pessina,it ITA,MF,Monza,26-004,1997,25.7,46,28,21,19,6,20,49,40.8,29,40,10,30,29,75,23,1,Matches
03f946ed,Andrea Petagna,it ITA,FW,Monza,27-299,1995,15.1,7,5,2,3,2,3,4,75.0,1,14,4,10,2,9,16,0,Matches
149c5f5d,Giuseppe Pezzella,it ITA,DF,Lecce,25-147,1997,9.1,21,9,16,2,3,9,16,56.3,7,11,3,8,6,27,27,1,Matches
17f3620a,Krzysztof Piątek,pl POL,FW,Salernitana,27-298,1995,19.0,14,7,1,7,6,5,20,25.0,15,12,3,9,2,16,31,0,Matches
1cadaf34,Roberto Piccoli,it ITA,FW,Hellas Verona,22-088,2001,2.1,1,0,1,0,0,0,2,0.0,2,2,0,2,0,1,2,0,Matches
1cadaf34,Roberto Piccoli,it ITA,FW,Empoli,22-088,2001,3.9,0,0,0,0,0,0,3,0.0,3,2,1,1,1,1,8,0,Matches
f71ad8cb,Charles Pickel,ch SUI,MF,Cremonese,25-345,1997,23.0,48,20,22,22,4,27,50,54.0,23,34,5,29,21,69,31,1,Matches
08aa9cd1,Andrea Pinamonti,it ITA,FW,Sassuolo,23-341,1999,21.0,10,7,0,5,5,3,7,42.9,4,17,2,15,2,12,10,0,Matches
caec77da,Lorenzo Pirola,it ITA,DF,Salernitana,21-064,2002,15.2,29,25,17,12,0,16,21,76.2,5,37,27,10,25,54,63,1,Matches
2c38b327,Marko Pjaca,hr CRO,"MF,FW",Empoli,27-354,1995,5.1,2,1,1,1,0,2,4,50.0,2,1,0,1,1,3,0,0,Matches
55a1cac2,Tommaso Pobega,it ITA,MF,Milan,23-284,1999,8.4,20,11,5,11,4,9,15,60.0,6,9,2,7,8,28,8,0,Matches
867239d3,Paul Pogba,fr FRA,"MF,DF",Juventus,30-041,1993,0.5,0,0,0,0,0,0,0,,0,0,0,0,0,0,0,0,Matches
5e861944,Matteo Politano,it ITA,FW,Napoli,29-265,1993,12.5,18,9,9,5,4,11,24,45.8,13,6,0,6,7,25,7,0,Matches
2a6cd437,Marin Pongračić,hr CRO,DF,Lecce,25-226,1997,8.8,16,14,8,7,1,5,7,71.4,2,4,3,1,16,32,31,0,Matches
7f609bfc,Stefan Posch,at AUT,DF,Bologna,25-346,1997,22.9,72,38,37,25,10,38,61,62.3,23,34,11,23,30,102,59,0,Matches
277da414,Ivan Provedel,it ITA,GK,Lazio,29-039,1994,30.9,1,0,1,0,0,0,0,,0,0,0,0,0,1,15,1,Matches
62437b4f,Ignacio Pussetto,ar ARG,"MF,DF",Sampdoria,27-125,1995,1.7,6,3,2,3,1,3,4,75.0,1,4,0,4,0,6,3,0,Matches
88f53b75,Niklas Pyyhtiä,fi FIN,MF,Bologna,19-212,2003,0.7,1,0,0,1,0,0,1,0.0,1,0,0,0,1,2,2,0,Matches
ee4f2f3b,Fabio Quagliarella,it ITA,FW,Sampdoria,40-084,1983,4.6,1,1,0,1,0,0,4,0.0,4,4,0,4,0,1,6,0,Matches
1b9c7401,Giacomo Quagliata,it ITA,DF,Cremonese,23-065,2000,6.7,9,7,7,0,2,5,10,50.0,5,6,2,4,10,19,7,0,Matches
8794e251,Adrien Rabiot,fr FRA,MF,Juventus,28-022,1995,24.5,49,26,23,19,7,25,51,49.0,26,32,7,25,22,71,36,1,Matches
0630eb63,Nemanja Radonjić,rs SRB,"MF,FW",Torino,27-069,1996,16.2,2,1,2,0,0,0,4,0.0,4,3,0,3,2,4,4,0,Matches
023937a9,Ivan Radovanović,rs SRB,"MF,DF",Salernitana,34-239,1988,7.5,12,4,8,4,0,4,10,40.0,6,9,3,6,7,19,9,1,Matches
67f649be,Ionuț Radu,ro ROU,GK,Cremonese,25-332,1997,9.0,0,0,0,0,0,0,0,,0,0,0,0,0,0,1,3,Matches
ce1a6c7e,Antonio Raimondo,it ITA,FW,Bologna,19-038,2004,0.2,0,0,0,0,0,0,0,,0,0,0,0,0,0,1,0,Matches
8c63fae5,Luca Ranieri,it ITA,DF,Fiorentina,24-002,1999,3.3,6,2,4,2,0,4,6,66.7,2,2,1,1,6,12,11,1,Matches
539230cf,Andrea Ranocchia,it ITA,DF,Monza,35-068,1988,0.5,3,1,1,2,0,3,4,75.0,1,5,5,0,0,3,7,0,Matches
d9ebed1c,Filippo Ranocchia,it ITA,MF,Monza,21-346,2001,5.9,11,6,5,4,2,4,12,33.3,8,5,1,4,4,15,7,0,Matches
6e058f06,Giacomo Raspadori,it ITA,"FW,MF",Napoli,23-066,2000,8.2,9,7,0,5,4,3,9,33.3,6,6,0,6,4,13,3,0,Matches
6e058f06,Giacomo Raspadori,it ITA,FW,Sassuolo,23-066,2000,0.5,0,0,0,0,0,0,0,,0,0,0,0,0,0,0,0,Matches
d7a35008,Nicola Ravaglia,it ITA,GK,Sampdoria,34-134,1988,4.0,0,0,0,0,0,0,0,,0,0,0,0,0,0,2,0,Matches
536cebe5,Ante Rebić,hr CRO,"FW,MF",Milan,29-216,1993,9.9,9,7,1,2,6,3,11,27.3,8,5,0,5,1,10,4,0,Matches
6213fd82,Arkadiusz Reca,pl POL,DF,Spezia,27-312,1995,18.3,36,21,19,10,7,14,23,60.9,9,15,3,12,22,58,44,0,Matches
4bd00a50,Panagiotis Retsos,gr GRE,DF,Hellas Verona,24-259,1998,1.4,5,4,2,2,1,3,3,100.0,0,4,1,3,2,7,3,0,Matches
f61c7c4e,Franck Ribéry,fr FRA,MF,Salernitana,40-018,1983,0.4,0,0,0,0,0,0,0,,0,1,0,1,0,0,0,0,Matches
9823be92,Samuele Ricci,it ITA,MF,Torino,21-247,2001,16.9,23,14,10,8,5,14,17,82.4,3,16,5,11,13,36,20,1,Matches
f1cfc209,Tomás Rincón,ve VEN,MF,Sampdoria,35-102,1988,22.1,46,24,16,23,7,23,47,48.9,24,27,5,22,25,71,17,0,Matches
1d4e63b6,Pablo Rodríguez,es ESP,"FW,MF",Lecce,21-264,2001,0.6,2,1,2,0,0,0,2,0.0,2,3,0,3,0,2,0,0,Matches
7f78ad23,Ricardo Rodríguez,ch SUI,DF,Torino,30-243,1992,23.7,48,30,28,15,5,26,39,66.7,13,25,12,13,31,79,53,0,Matches
10e7f486,Rogério,br BRA,DF,Sassuolo,25-102,1998,27.2,33,19,19,7,7,16,30,53.3,14,28,7,21,30,63,60,0,Matches
3ead85f9,Alessio Romagnoli,it ITA,DF,Lazio,28-103,1995,26.7,32,15,19,13,0,11,22,50.0,11,28,22,6,27,59,95,0,Matches
09899de8,Simone Romagnoli,it ITA,DF,Lecce,33-075,1990,0.4,2,2,1,1,0,1,1,100.0,0,0,0,0,1,3,2,0,Matches
ca6edaa0,Luka Romero,ar ARG,FW,Lazio,18-158,2004,1.7,0,0,0,0,0,0,3,0.0,3,4,0,4,3,3,1,0,Matches
2a1beb34,Marten de Roon,nl NED,MF,Atalanta,32-027,1991,25.9,56,25,28,25,3,27,60,45.0,33,29,4,25,30,86,50,0,Matches
e58cbfd5,Nicolò Rovella,it ITA,MF,Monza,21-142,2001,14.7,35,25,18,16,1,11,28,39.3,17,16,1,15,35,70,16,0,Matches
e58cbfd5,Nicolò Rovella,it ITA,MF,Juventus,21-142,2001,0.3,1,1,0,1,0,1,1,100.0,0,0,0,0,0,1,0,0,Matches
4b3e1a38,Amir Rrahmani,xk KVX,DF,Napoli,29-060,1994,21.2,29,15,19,10,0,15,21,71.4,6,31,17,14,13,42,66,1,Matches
a378a02a,Ruan,br BRA,DF,Sassuolo,23-322,1999,14.3,28,19,20,7,1,16,22,72.7,6,21,13,8,19,47,69,2,Matches
14b8fcdf,Daniele Rugani,it ITA,DF,Juventus,28-270,1994,4.9,6,0,5,1,0,3,3,100.0,0,5,3,2,5,11,25,0,Matches
ae9898c5,Matteo Ruggeri,it ITA,"DF,MF",Atalanta,20-288,2002,9.2,17,12,5,9,3,8,16,50.0,8,14,3,11,12,29,16,0,Matches
0b5a292a,Mário Rui,pt POR,DF,Napoli,31-333,1991,18.6,31,20,16,11,4,20,40,50.0,20,17,4,13,15,46,24,1,Matches
4830e0af,Abdelhamid Sabiri,ma MAR,MF,Sampdoria,26-148,1996,11.7,17,7,5,8,4,4,13,30.8,9,17,3,14,2,19,5,0,Matches
ee251371,Alexis Saelemaekers,be BEL,"FW,DF",Milan,23-302,1999,12.0,28,18,12,14,2,17,33,51.5,16,11,1,10,13,41,9,0,Matches
da5a981b,Jacopo Sala,it ITA,MF,Spezia,31-141,1991,1.2,1,0,1,0,0,0,2,0.0,2,2,0,2,1,2,2,0,Matches
217c93a1,Lazar Samardzic,rs SRB,MF,Udinese,21-060,2002,14.8,29,14,7,18,4,15,34,44.1,19,8,0,8,9,38,10,0,Matches
24eb7ed6,Junior Sambia,fr FRA,DF,Salernitana,26-230,1996,6.5,11,5,6,4,1,6,9,66.7,3,9,3,6,4,15,16,1,Matches
0a447501,Antonio Sanabria,py PAR,FW,Torino,27-052,1996,20.7,8,4,1,3,4,1,5,20.0,4,7,2,5,3,11,7,0,Matches
4295f19c,Leandro Sanca,pt POR,"FW,MF",Spezia,23-111,2000,0.4,1,1,0,0,1,1,1,100.0,0,0,0,0,0,1,0,0,Matches
0d82903c,Alex Sandro,br BRA,DF,Juventus,32-089,1991,17.2,25,14,11,12,2,11,17,64.7,6,22,9,13,13,38,57,0,Matches
7eb97a8e,Nicola Sansone,it ITA,FW,Bologna,31-227,1991,7.4,11,4,5,4,2,5,10,50.0,5,0,0,0,0,11,3,0,Matches
3bb7af3b,Riccardo Saponara,it ITA,FW,Fiorentina,31-125,1991,11.5,10,5,3,6,1,5,9,55.6,4,6,1,5,4,14,8,0,Matches
86383d0e,Martin Satriano,uy URU,FW,Empoli,22-064,2001,18.4,13,8,5,6,2,6,12,50.0,6,5,0,5,3,16,21,0,Matches
1e9aa637,Giorgio Scalvini,it ITA,DF,Atalanta,19-135,2003,19.8,44,23,26,12,6,24,42,57.1,18,28,11,17,41,85,48,1,Matches
2cfae697,Jerdy Schouten,nl NED,MF,Bologna,26-103,1997,22.2,52,32,23,27,2,22,39,56.4,17,37,15,22,37,89,40,1,Matches
e613313c,Perr Schuurs,nl NED,DF,Torino,23-150,1999,21.1,41,20,22,15,4,11,20,55.0,9,23,14,9,24,65,88,0,Matches
16463a79,Demba Seck,sn SEN,"FW,MF",Torino,22-074,2001,4.4,5,2,3,2,0,2,3,66.7,1,3,1,2,1,6,1,0,Matches
3cb132e6,Jacopo Segre,it ITA,DF,Torino,26-067,1997,0.2,0,0,0,0,0,0,0,,0,0,0,0,0,0,0,0,Matches
b6baba31,Vivaldo Semedo,pt POR,FW,Udinese,18-087,2005,0.0,0,0,0,0,0,0,0,,0,0,0,0,0,0,0,0,Matches
b70bde8f,Stefano Sensi,it ITA,MF,Monza,27-263,1995,16.4,39,25,24,12,3,17,43,39.5,26,12,2,10,16,55,3,0,Matches
343f753a,Luigi Sepe,it ITA,GK,Salernitana,31-352,1991,17.0,0,0,0,0,0,0,1,0.0,1,0,0,0,0,0,0,0,Matches
dd7febd8,Leonardo Sernicola,it ITA,DF,Cremonese,25-269,1997,21.6,37,26,19,11,7,23,34,67.6,11,18,5,13,30,67,41,0,Matches
d3aaad90,Stephan El Shaarawy,it ITA,"DF,MF",Roma,30-180,1992,13.2,17,9,8,7,2,6,18,33.3,12,10,1,9,14,31,9,0,Matches
57469b2d,Eldor Shomurodov,uz UZB,FW,Spezia,27-300,1995,5.3,3,3,2,0,1,0,6,0.0,6,3,0,3,1,4,3,0,Matches
57469b2d,Eldor Shomurodov,uz UZB,FW,Roma,27-300,1995,1.3,1,0,1,0,0,0,2,0.0,2,1,0,1,1,2,0,0,Matches
0d422df7,Marco Silvestri,it ITA,GK,Udinese,32-054,1991,31.0,2,1,2,0,0,2,3,66.7,1,0,0,0,1,3,7,1,Matches
343c0d52,Giovanni Simeone,ar ARG,FW,Napoli,27-294,1995,3.6,12,3,3,5,4,3,8,37.5,5,2,1,1,1,13,3,0,Matches
8b609c34,Wilfried Singo,ci CIV,DF,Torino,22-121,2000,18.5,25,16,13,10,2,11,18,61.1,7,12,1,11,9,34,28,1,Matches
10dc46f0,Salvatore Sirigu,it ITA,GK,Fiorentina,36-103,1987,1.0,0,0,0,0,0,0,0,,0,0,0,0,0,0,1,0,Matches
b35a7399,Leo Skiri Østigård,no NOR,DF,Napoli,23-148,1999,2.7,4,1,3,1,0,1,1,100.0,0,0,0,0,4,8,10,0,Matches
ab4449d6,Łukasz Skorupski,pl POL,GK,Bologna,31-355,1991,30.0,2,1,2,0,0,1,2,50.0,1,0,0,0,0,2,13,1,Matches
30f5ffa9,Milan Škriniar,sk SVK,DF,Inter,28-073,1995,19.7,29,18,14,11,4,18,32,56.3,14,18,13,5,13,42,46,3,Matches
b6964eb6,Chris Smalling,eng ENG,DF,Roma,33-154,1989,28.7,23,13,13,10,0,10,18,55.6,8,45,33,12,38,61,118,0,Matches
78f13530,Ola Solbakken,no NOR,"MF,FW",Roma,24-230,1998,2.9,1,1,1,0,0,1,4,25.0,3,1,0,1,1,2,3,0,Matches
28f66c2e,Brandon Soppy,fr FRA,DF,Udinese,21-063,2002,1.0,1,1,0,1,0,0,0,,0,4,0,4,1,2,1,0,Matches
28f66c2e,Brandon Soppy,fr FRA,DF,Atalanta,21-063,2002,6.3,7,4,3,4,0,2,7,28.6,5,8,0,8,2,9,7,0,Matches
9d4c45d6,Roberto Soriano,it ITA,"FW,MF",Bologna,32-076,1991,14.7,31,16,9,16,6,13,25,52.0,12,23,2,21,6,37,14,0,Matches
50841bef,Joaquin Sosa,uy URU,DF,Bologna,21-105,2002,6.6,6,2,5,1,0,4,16,25.0,12,5,3,2,5,11,30,0,Matches
94816803,Riccardo Sottil,it ITA,FW,Fiorentina,23-326,1999,6.6,1,1,1,0,0,1,4,25.0,3,1,0,1,0,1,0,0,Matches
c13ddd3e,Matìas Soulé,ar ARG,"MF,FW",Juventus,20-010,2003,4.3,7,4,3,2,2,5,6,83.3,1,5,1,4,3,10,2,0,Matches
7b075c75,Adama Soumaoro,fr FRA,DF,Bologna,30-311,1992,19.3,23,15,10,11,2,4,6,66.7,2,16,11,5,15,38,66,1,Matches
3626daea,Leonardo Spinazzola,it ITA,DF,Roma,30-031,1993,15.9,15,8,7,6,2,8,22,36.4,14,12,3,9,8,23,25,0,Matches
ac4003af,Marco Sportiello,it ITA,GK,Atalanta,30-350,1992,8.9,1,0,1,0,0,1,2,50.0,1,0,0,0,0,1,2,0,Matches
13b44b02,Petar Stojanović,si SVN,DF,Empoli,27-200,1995,15.6,40,21,26,10,4,25,42,59.5,17,15,4,11,11,51,53,0,Matches
674cfc5a,Gabriel Strefezza,br BRA,"FW,MF",Lecce,26-007,1997,21.7,40,21,16,18,6,19,39,48.7,20,29,3,26,14,54,14,0,Matches
2cb9486d,Dávid Strelec,sk SVK,FW,Spezia,22-021,2001,1.9,2,2,0,1,1,2,2,100.0,0,0,0,0,0,2,0,0,Matches
f573a8bf,Isaac Success,ng NGA,FW,Udinese,27-108,1996,20.2,8,4,2,5,1,3,8,37.5,5,13,2,11,4,12,18,0,Matches
230c3f3a,Ibrahim Sulemana,gh GHA,MF,Hellas Verona,19-338,2003,4.1,11,7,6,4,1,3,6,50.0,3,4,2,2,9,20,8,0,Matches
01b8a2b2,Wojciech Szczęsny,pl POL,GK,Juventus,33-007,1990,21.5,1,0,1,0,0,0,1,0.0,1,0,0,0,0,1,5,0,Matches
eb3022c3,Benjamin Tahirovic,ba BIH,MF,Roma,20-053,2003,1.5,2,2,2,0,0,1,4,25.0,3,4,0,4,2,4,1,0,Matches
8da74c05,Adrien Tameze,cm CMR,MF,Hellas Verona,29-080,1994,27.3,43,25,19,20,4,23,55,41.8,32,45,13,32,30,73,49,2,Matches
b056e3da,Ciprian Tătărușanu,ro ROU,GK,Milan,37-075,1986,16.0,0,0,0,0,0,0,0,,0,0,0,0,1,1,2,0,Matches
5cbb5ad6,Filippo Terracciano,it ITA,"DF,MF",Hellas Verona,20-076,2003,7.2,13,9,7,4,2,8,12,66.7,4,4,3,1,8,21,11,0,Matches
e1b0a70d,Pietro Terracciano,it ITA,GK,Fiorentina,33-048,1990,27.0,2,1,2,0,0,2,3,66.7,1,0,0,0,1,3,13,0,Matches
3ef0a2d7,Aleksa Terzić,rs SRB,DF,Fiorentina,23-251,1999,6.5,12,6,8,3,1,8,14,57.1,6,12,4,8,4,16,11,0,Matches
2b9fdeea,Florian Thauvin,fr FRA,"FW,MF",Udinese,30-089,1993,3.2,1,0,0,1,0,1,5,20.0,4,3,0,3,1,2,1,0,Matches
ff5ea0bf,Malick Thiaw,de GER,DF,Milan,21-260,2001,10.1,20,17,16,4,0,8,15,53.3,7,10,5,5,10,30,46,1,Matches
76ff8d0d,Kristian Thorstvedt,no NOR,MF,Sassuolo,24-043,1999,11.5,15,7,4,8,3,5,14,35.7,9,16,4,12,12,27,13,0,Matches
a96e5dc0,Jeremy Toljan,de GER,DF,Sassuolo,28-260,1994,24.7,32,21,17,11,4,18,26,69.2,8,26,11,15,17,49,50,1,Matches
c56dc39e,Rafael Tolói,it ITA,DF,Atalanta,32-197,1990,23.9,50,34,28,22,0,26,51,51.0,25,31,14,17,49,99,69,1,Matches
7edfbb8a,Fikayo Tomori,eng ENG,DF,Milan,25-127,1997,25.4,62,31,40,21,1,17,27,63.0,10,37,19,18,25,87,65,1,Matches
0db169ae,Sandro Tonali,it ITA,MF,Milan,22-352,2000,24.1,54,36,29,20,5,23,36,63.9,13,24,8,16,22,76,19,1,Matches
8cc29864,Lorenzo Tonelli,it ITA,DF,Empoli,33-098,1990,0.2,0,0,0,0,0,0,1,0.0,1,0,0,0,0,0,0,0,Matches
7ed4921e,William Troost-Ekong,ng NGA,DF,Salernitana,29-236,1993,3.8,10,3,7,3,0,6,7,85.7,1,4,3,1,3,13,6,0,Matches
0588a092,Frank Tsadjout,it ITA,"FW,MF",Cremonese,23-271,1999,9.7,9,7,3,5,1,2,6,33.3,4,6,1,5,7,16,9,0,Matches
26c54058,Alessandro Tuia,it ITA,DF,Lecce,32-321,1990,5.7,10,6,6,4,0,3,9,33.3,6,3,1,2,15,25,29,0,Matches
14ae023f,Martin Turk,si SVN,GK,Sampdoria,19-247,2003,2.0,0,0,0,0,0,0,0,,0,0,0,0,0,0,1,0,Matches
7cd520e8,Iyenoma Udogie,it ITA,DF,Udinese,20-148,2002,26.0,64,39,38,21,5,32,54,59.3,22,31,5,26,31,95,22,0,Matches
3eed9821,Samuel Umtiti,fr FRA,DF,Lecce,29-162,1993,16.5,39,25,17,22,0,15,22,68.2,7,18,10,8,19,58,60,0,Matches
71005acd,Diego Valencia,cl CHI,"MF,FW",Salernitana,23-101,2000,2.6,8,5,4,2,2,2,9,22.2,7,10,1,9,1,9,2,0,Matches
ec52b661,Emanuele Valeri,it ITA,DF,Cremonese,24-139,1998,25.3,45,21,25,17,3,25,58,43.1,33,11,2,9,14,59,40,0,Matches
c414df9d,Mattia Valoti,it ITA,"MF,FW",Monza,29-231,1993,4.0,14,8,5,8,1,5,13,38.5,8,10,3,7,3,17,4,0,Matches
5eaed77a,Johan Vásquez,mx MEX,DF,Cremonese,24-185,1998,14.0,30,18,26,4,0,13,27,48.1,14,21,15,6,29,59,70,1,Matches
44ac04e9,Matías Vecino,uy URU,MF,Lazio,31-244,1991,15.1,38,23,10,20,8,19,36,52.8,17,27,8,19,13,51,30,0,Matches
ab1ca213,Miguel Veloso,pt POR,MF,Hellas Verona,36-349,1986,11.3,24,7,16,7,1,12,22,54.5,10,25,5,20,5,29,11,0,Matches
983ff2c7,Lorenzo Venuti,it ITA,DF,Fiorentina,28-013,1995,6.8,14,6,6,7,1,9,13,69.2,4,3,2,1,4,18,14,2,Matches
d3298c99,Daniele Verde,it ITA,"FW,MF",Spezia,26-309,1996,9.7,3,3,2,0,1,2,5,40.0,3,6,0,6,8,11,3,0,Matches
0375723e,Simone Verdi,it ITA,MF,Hellas Verona,30-287,1992,8.8,14,9,7,4,3,6,12,50.0,6,7,0,7,0,14,2,0,Matches
33ecf462,Valerio Verre,it ITA,MF,Sampdoria,29-104,1994,7.5,14,7,6,5,3,8,17,47.1,9,9,1,8,9,23,3,0,Matches
77d6fd4d,Guglielmo Vicario,it ITA,GK,Empoli,26-200,1996,24.0,0,0,0,0,0,0,1,0.0,1,0,0,0,0,0,12,2,Matches
75e60d75,Ronaldo Vieira,gw GNB,MF,Torino,24-280,1998,0.2,,0,,,,,,,,,,,0,,,,Matches
75e60d75,Ronaldo Vieira,gw GNB,MF,Sampdoria,24-280,1998,9.1,,10,,,,,,,,,,,13,,,,Matches
ec5dae45,Emanuel Vignato,it ITA,"MF,FW",Bologna,22-244,2000,2.7,4,4,2,2,0,2,4,50.0,2,2,0,2,3,7,0,0,Matches
ec5dae45,Emanuel Vignato,it ITA,"MF,FW",Empoli,22-244,2000,0.5,2,0,2,0,0,0,0,,0,0,0,0,0,2,1,0,Matches
a14d0ab0,Samuele Vignato,it ITA,"FW,MF",Monza,19-060,2004,0.2,0,0,0,0,0,0,0,,0,0,0,0,0,0,0,0,Matches
c7069d87,Tonny Vilhena,nl NED,MF,Salernitana,28-112,1995,21.1,39,19,12,23,4,17,38,44.7,21,13,5,8,14,53,17,0,Matches
bdc74a8f,Gonzalo Villar,es ESP,MF,Sampdoria,25-033,1998,7.7,13,7,4,8,1,7,15,46.7,8,11,3,8,4,17,9,1,Matches
08eb3b58,Matías Viña,uy URU,DF,Roma,25-167,1997,0.6,3,1,1,1,1,1,3,33.3,2,5,1,4,2,5,5,0,Matches
79443529,Dušan Vlahović,rs SRB,FW,Juventus,23-087,2000,18.3,9,5,0,5,4,3,8,37.5,5,9,3,6,3,12,7,1,Matches
aa8e289e,Nikola Vlašić,hr CRO,"MF,FW",Torino,25-203,1997,24.3,26,18,7,14,5,10,23,43.5,13,18,1,17,6,32,9,0,Matches
b3ef6517,Joel Voelkerling Persson,se SWE,FW,Lecce,20-100,2003,1.1,1,1,0,0,1,0,0,,0,1,0,1,0,1,0,0,Matches
be2706c0,Mërgim Vojvoda,xk KVX,DF,Torino,28-083,1995,14.2,18,10,12,5,1,10,17,58.8,7,7,1,6,9,27,23,1,Matches
72f87f25,Cristian Volpato,it ITA,MF,Roma,19-161,2003,2.3,3,2,1,1,1,0,1,0.0,1,2,0,2,2,5,0,0,Matches
f052fb01,Lukáš Vorlický,cz CZE,"MF,FW",Atalanta,21-097,2002,0.3,0,0,0,0,0,0,0,,0,0,0,0,1,1,0,0,Matches
f86cd5df,Aster Vranckx,be BEL,MF,Milan,20-203,2002,1.8,2,2,0,1,1,1,6,16.7,5,3,1,2,2,4,1,0,Matches
d0d8dd44,Stefan de Vrij,nl NED,DF,Inter,31-079,1992,17.4,23,14,14,9,0,6,11,54.5,5,13,8,5,34,57,64,0,Matches
26db8853,Walace,br BRA,MF,Udinese,28-021,1995,29.1,72,35,35,29,8,39,81,48.1,42,40,11,29,43,115,42,0,Matches
217875a4,Sebastian Walukiewicz,pl POL,DF,Empoli,23-020,2000,2.4,4,3,3,1,0,2,3,66.7,1,4,4,0,1,5,15,0,Matches
eb58eef0,Georginio Wijnaldum,nl NED,MF,Roma,32-165,1990,6.5,2,1,0,2,0,0,1,0.0,1,4,1,3,2,4,2,0,Matches
2f7acede,Harry Winks,eng ENG,MF,Sampdoria,27-082,1996,13.2,18,10,3,13,2,10,31,32.3,21,8,6,2,16,34,17,0,Matches
1bfe5ac9,Przemysław Wiśniewski,pl POL,DF,Spezia,24-272,1998,4.1,4,1,3,1,0,1,6,16.7,5,8,2,6,3,7,25,0,Matches
ee9040b4,Gerard Yepes,es ESP,MF,Sampdoria,20-243,2002,2.2,5,3,2,3,0,1,3,33.3,2,3,0,3,4,9,3,0,Matches
d85c238b,Mattia Zaccagni,it ITA,FW,Lazio,27-313,1995,24.9,34,21,16,14,4,11,28,39.3,17,31,3,28,20,54,10,1,Matches
384d58d9,Denis Zakaria,ch SUI,MF,Juventus,26-156,1996,1.4,6,3,1,4,1,2,2,100.0,0,2,0,2,2,8,1,0,Matches
45191c29,Nicola Zalewski,pl POL,DF,Roma,21-092,2002,18.9,35,19,19,13,3,17,56,30.4,39,24,1,23,24,59,16,0,Matches
6bb2c084,Andre-Frank Zambo Anguissa,cm CMR,MF,Napoli,27-160,1995,27.3,47,28,16,24,7,15,53,28.3,38,45,3,42,36,83,20,0,Matches
5e834dce,Luca Zanimacchia,it ITA,"MF,FW",Cremonese,24-280,1998,8.3,21,13,11,6,4,8,21,38.1,13,9,0,9,9,30,5,0,Matches
9907b1c8,Nicolò Zaniolo,it ITA,"MF,FW",Roma,23-297,1999,9.9,7,5,2,4,1,2,7,28.6,5,11,0,11,2,9,0,0,Matches
3b12b11f,Alessandro Zanoli,it ITA,DF,Sampdoria,22-204,2000,10.1,6,3,5,1,0,3,5,60.0,2,10,7,3,6,12,21,0,Matches
3b12b11f,Alessandro Zanoli,it ITA,DF,Napoli,22-204,2000,0.1,1,0,0,1,0,0,0,,0,0,0,0,0,1,1,0,Matches
875d65d1,Mattia Zanotti,it ITA,DF,Inter,20-104,2003,0.0,0,0,0,0,0,0,0,,0,0,0,0,0,0,0,0,Matches
d3de9af0,Duván Zapata,co COL,FW,Atalanta,32-024,1991,12.3,3,2,0,1,2,1,3,33.3,2,5,2,3,3,6,15,0,Matches
7fe90ccd,Davide Zappacosta,it ITA,DF,Atalanta,30-318,1992,9.7,21,14,11,7,3,8,13,61.5,5,15,1,14,6,27,9,0,Matches
2f45300d,Karim Zedadka,fr FRA,"FW,DF",Napoli,22-320,2000,0.1,0,0,0,0,0,0,0,,0,0,0,0,0,0,0,0,Matches
58a2e9f6,Deyovaisio Zeefuik,nl NED,DF,Hellas Verona,25-045,1998,0.1,1,1,0,1,0,0,0,,0,0,0,0,0,1,0,0,Matches
8abd0c03,Marvin Zeegelaar,nl NED,DF,Udinese,32-256,1990,1.0,2,1,1,1,0,1,1,100.0,0,1,0,1,1,3,2,0,Matches
d19ef4ef,Alessio Zerbin,it ITA,"FW,MF",Napoli,24-053,1999,0.8,8,3,4,3,1,3,4,75.0,1,2,0,2,0,8,2,0,Matches
a5296e55,Piotr Zieliński,pl POL,MF,Napoli,28-340,1994,20.4,14,8,1,9,4,10,18,55.6,8,11,4,7,14,28,6,0,Matches
acf7e795,David Zima,cz CZE,DF,Torino,22-168,2000,4.5,9,5,5,4,0,3,4,75.0,1,7,2,5,9,18,11,2,Matches
028e70b9,Joshua Zirkzee,nl NED,FW,Bologna,21-338,2001,7.7,4,2,1,1,2,2,7,28.6,5,2,1,1,4,8,3,0,Matches
cc1a0c57,Jeroen Zoet,nl NED,GK,Spezia,32-109,1991,2.7,1,1,1,0,0,1,1,100.0,0,0,0,0,0,1,0,0,Matches
82598b71,Nadir Zortea,it ITA,"DF,MF",Atalanta,23-310,1999,2.5,10,5,3,7,0,3,4,75.0,1,4,0,4,0,10,4,0,Matches
82598b71,Nadir Zortea,it ITA,DF,Sassuolo,23-310,1999,5.1,13,8,10,2,1,8,10,80.0,2,6,3,3,3,16,19,0,Matches
54f6afe3,Petar Zovko,ba BIH,GK,Spezia,21-031,2002,0.8,1,0,1,0,0,1,1,100.0,0,0,0,0,0,1,0,0,Matches
4e1d5e59,Szymon Żurkowski,pl POL,MF,Fiorentina,25-212,1997,0.4,0,0,0,0,0,0,0,,0,0,0,0,0,0,0,0,Matches
4e1d5e59,Szymon Żurkowski,pl POL,MF,Spezia,25-212,1997,2.7,6,3,1,4,1,1,9,11.1,8,6,2,4,4,10,6,0,Matches
405f6586,Milan Đurić,ba BIH,FW,Hellas Verona,32-338,1990,9.6,2,1,1,0,1,1,3,33.3,2,5,3,2,1,3,17,0,Matches
eccbe56a,Filip Đuričić,rs SRB,"MF,FW",Sampdoria,31-085,1992,20.8,38,20,14,20,4,11,26,42.3,15,14,4,10,7,45,6,0,Matches
