id,Player,Nation,Pos,Squad,Age,Born,90s,Tkl,TklW,Def 3rd,Mid 3rd,Att 3rd,Tkl.1,Att,Tkl%,Lost,Blocks,Sh,Pass,Int,Tkl+Int,Clr,Err,Matches
4b7a9fcc,James Abankwah,ie IRL,DF,Udinese,19-077,2004,0.1,1,1,0,1,0,0,0,,0,0,0,0,0,1,0,0,Matches
8f5cdf66,Oliver Abildgaard,dk DEN,"MF,DF",Hellas Verona,26-297,1996,0.9,2,2,1,0,1,1,4,25.0,3,2,0,2,1,3,3,0,Matches
f586779e,Tammy Abraham,eng ENG,FW,Roma,25-183,1997,20.0,12,7,3,5,4,3,13,23.1,10,10,4,6,3,15,10,0,Matches
771a2cfe,Christian Acella,it ITA,MF,Cremonese,20-270,2002,0.2,1,0,1,0,0,0,2,0.0,2,0,0,0,0,1,0,0,Matches
b96b595c,Francesco Acerbi,it ITA,DF,Inter,35-052,1988,18.8,26,14,17,5,4,16,22,72.7,6,13,7,6,25,51,56,0,Matches
26777636,Yacine Adli,fr FRA,"MF,FW",Milan,22-248,2000,1.4,6,3,2,4,0,2,2,100.0,0,2,0,2,1,7,1,0,Matches
f9c927de,Michel Aebischer,ch SUI,"FW,MF",Bologna,26-087,1997,11.9,10,4,3,4,3,2,12,16.7,10,12,2,10,6,16,6,0,Matches
0154d290,Felix Afena-Gyan,gh GHA,"FW,MF",Cremonese,20-074,2003,6.7,6,3,4,1,1,2,7,28.6,5,4,1,3,1,7,3,0,Matches
46fa7204,Kevin Agudelo,co COL,"MF,FW",Spezia,24-140,1998,20.3,63,33,17,27,19,22,53,41.5,31,35,5,30,9,72,6,0,Matches
246d153b,Ola Aina,ng NGA,DF,Torino,26-177,1996,9.0,15,11,5,7,3,8,14,57.1,6,11,2,9,9,24,26,0,Matches
d810c13b,Emanuel Aiwum,at AUT,DF,Cremonese,22-099,2000,15.4,48,29,29,17,2,29,43,67.4,14,21,12,9,22,70,46,2,Matches
fdf4b948,Jean-Daniel Akpa-Akpro,ci CIV,MF,Empoli,30-174,1992,10.2,36,27,18,13,5,12,21,57.1,9,28,4,24,12,48,23,0,Matches
5294a83f,Luis Alberto,es ESP,MF,Lazio,30-187,1992,17.1,30,16,13,12,5,14,48,29.2,34,23,5,18,6,36,2,0,Matches
ab472696,Agustín Álvarez Martínez,uy URU,"FW,MF",Sassuolo,21-319,2001,3.5,5,2,0,4,1,1,3,33.3,2,4,1,3,3,8,3,0,Matches
bcc81786,Kelvin Amian,fr FRA,DF,Spezia,25-054,1998,17.7,39,24,22,10,7,17,21,81.0,4,21,8,13,19,58,58,1,Matches
2df7cc43,Bruno Amione,ar ARG,DF,Hellas Verona,21-090,2002,0.6,1,1,1,0,0,1,2,50.0,1,1,0,1,0,1,4,0,Matches
2df7cc43,Bruno Amione,ar ARG,DF,Sampdoria,21-090,2002,15.8,40,27,27,13,0,16,28,57.1,12,18,9,9,17,57,42,1,Matches
10b9fa99,Ethan Ampadu,wls WAL,"DF,MF",Spezia,22-201,2000,21.1,51,29,23,24,4,13,30,43.3,17,34,14,20,27,78,64,0,Matches
5a2cb25d,Sofyan Amrabat,ma MAR,MF,Fiorentina,26-225,1996,18.7,30,18,13,11,6,14,25,56.0,11,22,5,17,19,49,15,2,Matches
9f1893b9,Felipe Anderson,br BRA,FW,Lazio,29-353,1993,24.4,53,34,18,30,5,19,52,36.5,33,41,4,37,18,71,17,0,Matches
38d9ce53,Janis Antiste,fr FRA,FW,Sassuolo,20-228,2002,0.6,1,0,1,0,0,1,1,100.0,0,0,0,0,0,1,0,0,Matches
108fe016,Marcos Antônio,br BRA,MF,Lazio,22-294,2000,3.5,5,4,3,2,0,5,10,50.0,5,2,0,2,3,8,11,0,Matches
8f68aa41,Valentin Antov,bg BUL,DF,Monza,22-145,2000,2.6,5,4,3,2,0,1,4,25.0,3,4,3,1,2,7,9,1,Matches
00459419,Marko Arnautović,at AUT,FW,Bologna,33-349,1989,13.7,8,5,2,4,2,1,5,20.0,4,9,1,8,2,10,8,0,Matches
963a328b,Tolgay Arslan,de GER,MF,Udinese,32-230,1990,10.5,20,11,9,10,1,8,25,32.0,17,12,0,12,7,27,9,0,Matches
a820e429,Arthur,br BRA,FW,Fiorentina,24-343,1998,11.3,7,2,1,2,4,4,7,57.1,3,8,1,7,0,7,8,0,Matches
e26fcca3,Santiago Ascacíbar,ar ARG,MF,Cremonese,26-037,1997,8.1,29,14,17,10,2,14,35,40.0,21,14,2,12,13,42,11,0,Matches
a69cc629,Kristoffer Askildsen,no NOR,MF,Lecce,22-084,2001,6.9,7,3,2,3,2,4,8,50.0,4,11,3,8,10,17,6,0,Matches
0fdcef0e,Kristjan Asllani,al ALB,MF,Inter,21-025,2002,3.4,7,4,0,5,2,4,4,100.0,0,2,0,2,2,9,3,0,Matches
649b01d8,Emil Audero,it ITA,GK,Sampdoria,26-075,1997,25.0,0,0,0,0,0,0,2,0.0,2,0,0,0,0,0,7,1,Matches
3cd3b384,Tommaso Augello,it ITA,DF,Sampdoria,28-216,1994,24.0,15,12,11,2,2,7,13,53.8,6,17,7,10,8,23,42,1,Matches
2200181e,Kaan Ayhan,tr TUR,DF,Sassuolo,28-144,1994,6.1,10,4,6,4,0,7,7,100.0,0,5,4,1,5,15,26,1,Matches
dfd24c07,Jaime Báez,uy URU,DF,Cremonese,27-343,1995,1.1,4,2,3,0,1,3,6,50.0,3,0,0,0,0,4,2,1,Matches
f42d6c13,Nedim Bajrami,al ALB,"MF,FW",Empoli,24-034,1999,10.4,8,4,3,3,2,4,6,66.7,2,5,0,5,7,15,4,0,Matches
f42d6c13,Nedim Bajrami,al ALB,FW,Sassuolo,24-034,1999,3.5,4,1,2,2,0,2,5,40.0,3,4,1,3,4,8,2,0,Matches
59bf127b,Tiemoué Bakayoko,fr FRA,MF,Milan,28-229,1994,0.5,5,5,4,1,0,2,2,100.0,0,0,0,0,0,5,0,1,Matches
102e2599,Tommaso Baldanzi,it ITA,MF,Empoli,20-011,2003,12.9,18,9,7,10,1,5,23,21.7,18,12,1,11,2,20,4,0,Matches
f449640d,Fodé Ballo-Touré,sn SEN,DF,Milan,26-090,1997,3.2,7,2,2,5,0,4,5,80.0,1,8,3,5,1,8,1,0,Matches
8a6de8c7,Lameck Banda,zm ZAM,"FW,MF",Lecce,22-064,2001,13.1,23,14,9,11,3,10,29,34.5,19,20,2,18,3,26,2,0,Matches
d44360be,Filippo Bandinelli,it ITA,MF,Empoli,28-005,1995,19.3,44,28,15,21,8,12,29,41.4,17,17,5,12,10,54,29,0,Matches
01efac19,Antonín Barák,cz CZE,MF,Hellas Verona,28-121,1994,0.3,0,0,0,0,0,0,0,,0,0,0,0,0,0,0,0,Matches
01efac19,Antonín Barák,cz CZE,MF,Fiorentina,28-121,1994,14.8,19,9,5,5,9,5,14,35.7,9,13,1,12,3,22,10,0,Matches
32ebfe1e,Andrea Barberis,it ITA,MF,Monza,29-113,1993,3.6,6,2,4,2,0,4,9,44.4,5,0,0,0,8,14,1,0,Matches
0acda699,Francesco Bardi,it ITA,GK,Bologna,31-075,1992,1.0,0,0,0,0,0,0,0,,0,0,0,0,0,0,0,0,Matches
6928979a,Nicolò Barella,it ITA,MF,Inter,26-055,1997,23.3,35,19,14,17,4,19,38,50.0,19,23,4,19,9,44,9,0,Matches
6caffe81,Enzo Barrenechea,ar ARG,MF,Juventus,21-316,2001,1.8,8,3,3,4,1,3,5,60.0,2,3,0,3,2,10,3,0,Matches
e5bf73f3,Musa Barrow,gm GAM,"FW,MF",Bologna,24-140,1998,14.0,13,2,5,5,3,5,7,71.4,2,15,1,14,1,14,4,0,Matches
5a08ee41,Federico Baschirotto,it ITA,DF,Lecce,26-195,1996,26.0,25,19,22,3,0,8,14,57.1,6,30,20,10,30,55,144,0,Matches
80556f08,Toma Bašić,hr CRO,MF,Lazio,26-129,1996,4.9,5,3,3,1,1,2,6,33.3,4,9,0,9,7,12,8,0,Matches
75b86fb3,Alessandro Bastoni,it ITA,DF,Inter,23-355,1999,18.8,36,18,17,12,7,10,20,50.0,10,19,7,12,20,56,35,0,Matches
1ac232b8,Simone Bastoni,it ITA,"MF,DF",Spezia,26-149,1996,10.7,37,18,16,16,5,9,20,45.0,11,16,4,12,7,44,9,0,Matches
78e6bf2c,Brian Bayeye,fr FRA,DF,Torino,22-277,2000,0.6,3,0,3,0,0,1,1,100.0,0,1,1,0,1,4,2,0,Matches
19e4eab9,Rodrigo Becão,br BRA,DF,Udinese,27-074,1996,20.7,62,30,46,13,3,37,46,80.4,9,37,21,16,16,78,53,1,Matches
e892c325,Julius Beck,dk DEN,MF,Spezia,17-341,2005,0.1,2,1,1,1,0,0,0,,0,0,0,0,0,2,0,0,Matches
e3756e72,Raoul Bellanova,it ITA,"DF,MF",Inter,22-321,2000,2.2,6,3,4,1,1,3,4,75.0,1,2,1,1,3,9,5,0,Matches
d705ba44,Andrea Belotti,it ITA,FW,Roma,29-104,1993,7.2,9,5,3,2,4,3,8,37.5,5,8,1,7,3,12,2,0,Matches
0000acda,Marco Benassi,it ITA,DF,Fiorentina,28-207,1994,1.0,3,3,2,0,1,3,4,75.0,1,0,0,0,1,4,1,0,Matches
0000acda,Marco Benassi,it ITA,MF,Cremonese,28-207,1994,8.2,17,11,8,5,4,11,19,57.9,8,11,0,11,9,26,9,0,Matches
db092d3b,Ismaël Bennacer,dz ALG,MF,Milan,25-123,1997,19.0,53,29,23,28,2,25,42,59.5,17,19,7,12,24,77,15,1,Matches
53a0e358,Domenico Berardi,it ITA,FW,Sassuolo,28-245,1994,13.0,16,11,7,5,4,7,27,25.9,20,9,0,9,12,28,12,0,Matches
61b3978f,Bartosz Bereszyński,pl POL,DF,Sampdoria,30-265,1992,13.3,28,18,15,11,2,17,26,65.4,9,18,4,14,21,49,25,0,Matches
ed5c0319,Beto,gw GNB,FW,Udinese,25-062,1998,20.0,16,9,0,9,7,4,15,26.7,11,14,1,13,3,19,24,0,Matches
b3a20f18,Matteo Bianchetti,it ITA,DF,Cremonese,30-017,1993,19.8,29,17,19,8,2,19,30,63.3,11,26,15,11,16,45,98,0,Matches
d65cf468,Alessandro Bianco,it ITA,MF,Fiorentina,20-184,2002,1.2,3,1,1,2,0,2,2,100.0,0,1,0,1,0,3,0,0,Matches
6fdac234,Jaka Bijol,si SVN,DF,Udinese,24-057,1999,21.4,23,15,18,5,0,9,17,52.9,8,32,18,14,23,46,133,0,Matches
9e1577aa,Cristiano Biraghi,it ITA,DF,Fiorentina,30-214,1992,23.0,54,32,26,24,4,29,52,55.8,23,23,6,17,11,65,35,1,Matches
204ac005,Samuele Birindelli,it ITA,DF,Monza,23-258,1999,12.1,25,13,15,8,2,16,23,69.6,7,21,7,14,13,38,23,0,Matches
79370f8c,Kristijan Bistrović,hr CRO,MF,Lecce,24-359,1998,5.1,3,1,3,0,0,0,5,0.0,5,3,0,3,0,3,4,0,Matches
c69ef855,Alexis Blin,fr FRA,"MF,DF",Lecce,26-199,1996,17.9,49,25,20,21,8,27,46,58.7,19,37,11,26,24,73,63,0,Matches
fe012aca,Jeremie Boga,ci CIV,"MF,FW",Atalanta,26-090,1997,7.0,7,4,2,1,4,2,4,50.0,2,6,0,6,1,8,1,0,Matches
c83c203f,Emil Bohinen,no NOR,MF,Salernitana,24-022,1999,5.7,18,10,11,5,2,9,16,56.3,7,12,5,7,12,30,15,0,Matches
d995ed27,Giacomo Bonaventura,it ITA,MF,Fiorentina,33-224,1989,18.3,32,20,14,14,4,21,33,63.6,12,13,0,13,15,47,4,1,Matches
bf57eaab,Federico Bonazzoli,it ITA,"FW,MF",Salernitana,25-317,1997,12.1,3,1,0,1,2,0,9,0.0,9,9,1,8,3,6,0,0,Matches
0def2376,Warren Bondo,fr FRA,MF,Monza,19-200,2003,0.7,1,0,1,0,0,0,0,,0,1,0,1,0,1,0,0,Matches
fb77bfef,Kevin Bonifazi,it ITA,DF,Bologna,26-319,1996,4.6,6,4,4,2,0,3,6,50.0,3,6,4,2,6,12,21,0,Matches
52ec54d0,Leonardo Bonucci,it ITA,DF,Juventus,35-337,1987,7.7,5,4,1,4,0,2,4,50.0,2,10,7,3,9,14,24,0,Matches
3d13d9e4,Erik Botheim,no NOR,FW,Salernitana,23-083,2000,3.9,4,3,0,2,2,2,2,100.0,0,1,0,1,0,4,1,0,Matches
0d077b88,Mehdi Bourabia,ma MAR,MF,Spezia,31-239,1991,24.2,34,15,12,17,5,16,33,48.5,17,35,12,23,26,60,43,0,Matches
ae94a6c5,Edoardo Bove,it ITA,MF,Roma,20-322,2002,3.7,12,5,3,6,3,6,15,40.0,9,6,1,5,2,14,6,0,Matches
c609e90e,Jayden Braaf,nl NED,MF,Hellas Verona,20-215,2002,2.5,5,3,2,3,0,0,0,,0,1,0,1,2,7,0,0,Matches
8bbe2df5,Domagoj Bradarić,hr CRO,DF,Salernitana,23-114,1999,18.1,17,11,9,6,2,8,14,57.1,6,13,3,10,14,31,34,0,Matches
d4a2533d,Josip Brekalo,hr CRO,FW,Fiorentina,24-284,1998,0.7,0,0,0,0,0,0,1,0.0,1,0,0,0,0,0,0,0,Matches
5fd5ed86,Gleison Bremer,br BRA,DF,Juventus,26-016,1997,23.4,20,14,16,3,1,13,19,68.4,6,38,21,17,34,54,103,2,Matches
edd81e2a,Dylan Bronn,tn TUN,DF,Salernitana,27-288,1995,15.8,31,16,17,13,1,19,29,65.5,10,30,19,11,18,49,49,1,Matches
33b8d077,Marcelo Brozović,hr CRO,MF,Inter,30-138,1992,12.1,19,11,6,11,2,6,20,30.0,14,17,7,10,16,35,18,0,Matches
f3a9fa26,Cristian Buonaiuto,it ITA,"MF,FW",Cremonese,30-095,1992,6.7,12,6,3,4,5,5,13,38.5,8,8,0,8,9,21,4,0,Matches
4ae67f27,Alessandro Buongiorno,it ITA,DF,Torino,23-301,1999,19.4,26,15,15,11,0,12,19,63.2,7,26,14,12,40,66,62,2,Matches
ef6eef89,Juan Cabal,co COL,DF,Hellas Verona,22-085,2001,1.9,4,3,4,0,0,3,3,100.0,0,5,4,1,3,7,5,0,Matches
dd86e8e4,Liberato Cacace,nz NZL,DF,Empoli,22-188,2000,4.3,19,7,10,6,3,8,12,66.7,4,10,5,5,4,23,11,0,Matches
2146785a,Davide Calabria,it ITA,DF,Milan,26-118,1996,12.3,52,28,24,22,6,30,48,62.5,18,14,4,10,18,70,24,0,Matches
ac7e640b,Mattia Caldara,it ITA,DF,Spezia,28-333,1994,13.9,23,14,10,11,2,9,20,45.0,11,23,16,7,16,39,89,2,Matches
226008f1,Luca Caldirola,it ITA,DF,Monza,32-061,1991,18.4,17,8,10,4,3,7,18,38.9,11,18,9,9,18,35,42,0,Matches
cd0fa27b,Hakan Çalhanoğlu,tr TUR,MF,Inter,29-054,1994,21.4,39,21,15,20,4,12,35,34.3,23,25,4,21,22,61,9,1,Matches
13ea2544,Mohamed Camara,gn GUI,MF,Roma,26-034,1997,4.6,10,9,3,6,1,4,9,44.4,5,2,0,2,7,17,4,0,Matches
91ff775f,Nicolò Cambiaghi,it ITA,"FW,MF",Empoli,22-096,2000,6.4,15,11,7,4,4,3,7,42.9,4,9,1,8,4,19,5,0,Matches
247ed022,Andrea Cambiaso,it ITA,DF,Bologna,23-042,2000,18.0,42,24,23,17,2,18,44,40.9,26,20,2,18,21,63,27,1,Matches
b6a1cdf9,Matteo Cancellieri,it ITA,FW,Lazio,21-050,2002,2.7,9,4,5,2,2,4,8,50.0,4,4,0,4,1,10,2,0,Matches
356c9002,Antonio Candreva,it ITA,"DF,MF",Salernitana,36-034,1987,23.8,11,3,10,0,1,9,33,27.3,24,6,2,4,15,26,28,0,Matches
54e53b7e,Gianluca Caprari,it ITA,"MF,FW",Monza,29-247,1993,20.9,14,6,3,9,2,7,20,35.0,13,16,1,15,7,21,3,0,Matches
5bd72174,Francesco Caputo,it ITA,FW,Sampdoria,35-240,1987,12.2,3,1,0,0,3,0,3,0.0,3,0,0,0,1,4,3,0,Matches
5bd72174,Francesco Caputo,it ITA,FW,Empoli,35-240,1987,10.7,2,2,0,1,1,0,0,,0,5,2,3,1,3,4,0,Matches
f7e2af2c,Andrea Carboni,it ITA,DF,Monza,22-058,2001,1.9,3,2,2,0,1,2,5,40.0,3,3,2,1,3,6,2,1,Matches
b033f803,Franco Carboni,it ITA,DF,Monza,19-364,2003,0.6,1,1,1,0,0,0,2,0.0,2,2,0,2,1,2,0,0,Matches
707b98f1,Valentin Carboni,it ITA,"MF,DF",Inter,18-029,2005,0.3,1,1,0,1,0,1,3,33.3,2,1,0,1,0,1,0,0,Matches
8d3cd59d,Carlos,br BRA,DF,Monza,24-086,1999,24.3,40,20,24,11,5,18,30,60.0,12,15,4,11,14,54,56,1,Matches
8ec56e62,Marco Carnesecchi,it ITA,GK,Cremonese,22-276,2000,19.0,0,0,0,0,0,0,1,0.0,1,0,0,0,0,0,8,1,Matches
3f5f38fb,Nicolò Casale,it ITA,DF,Lazio,25-048,1998,19.6,34,16,21,13,0,17,27,63.0,10,16,9,7,13,47,48,0,Matches
6c4307ee,Tommaso Cassandro,it ITA,DF,Lecce,23-084,2000,0.1,1,1,0,1,0,0,0,,0,1,1,0,0,1,0,0,Matches
ad92526f,Michele Castagnetti,it ITA,MF,Cremonese,33-097,1989,9.3,24,13,10,13,1,10,28,35.7,18,9,2,7,11,35,12,0,Matches
0728bebe,Gaetano Castrovilli,it ITA,MF,Fiorentina,26-045,1997,2.1,6,4,0,4,2,2,5,40.0,3,2,1,1,2,8,2,0,Matches
ba3d3bea,Danilo Cataldi,it ITA,MF,Lazio,28-240,1994,18.9,22,14,5,14,3,13,39,33.3,26,21,9,12,22,44,30,0,Matches
4d1efb48,Pietro Ceccaroni,it ITA,DF,Lecce,27-103,1995,0.3,0,0,0,0,0,0,0,,0,1,1,0,3,3,1,0,Matches
d9624b51,Federico Ceccherini,it ITA,DF,Hellas Verona,30-327,1992,12.2,19,15,10,8,1,9,13,69.2,4,11,4,7,12,31,41,0,Matches
07f8bcc8,Assan Ceesay,gm GAM,FW,Lecce,29-017,1994,13.1,20,16,7,6,7,7,12,58.3,5,10,1,9,2,22,21,0,Matches
98a84572,Emil Ceide,no NOR,FW,Sassuolo,21-212,2001,3.7,4,1,4,0,0,3,4,75.0,1,2,0,2,1,5,0,0,Matches
31a62dc7,Zeki Çelik,tr TUR,DF,Roma,26-045,1997,11.3,33,16,16,15,2,20,28,71.4,8,25,5,20,13,46,29,1,Matches
b0f7e36c,Federico Chiesa,it ITA,"DF,MF",Juventus,25-160,1997,4.4,12,5,5,5,2,4,7,57.1,3,4,1,3,0,12,1,0,Matches
c316607a,Vlad Chiricheș,ro ROU,DF,Cremonese,33-140,1989,8.1,27,15,20,6,1,10,17,58.8,7,21,12,9,16,43,30,0,Matches
b09a3ecc,Daniel Ciofani,it ITA,FW,Cremonese,37-246,1985,7.7,5,3,1,2,2,3,6,50.0,3,5,1,4,0,5,3,0,Matches
039a4fb6,Tio Cipot,si SVN,"FW,DF",Spezia,19-348,2003,0.7,5,4,2,1,2,1,2,50.0,1,0,0,0,0,5,1,0,Matches
5de3866c,Patrick Ciurria,it ITA,"DF,MF",Monza,28-053,1995,20.8,25,14,16,8,1,12,26,46.2,14,19,2,17,3,28,24,0,Matches
8b95acda,Omar Colley,gm GAM,DF,Sampdoria,30-161,1992,15.4,17,10,10,7,0,9,12,75.0,3,9,5,4,22,39,69,1,Matches
04df29a5,Lorenzo Colombo,it ITA,FW,Lecce,21-026,2002,13.2,11,4,0,6,5,3,8,37.5,5,19,0,19,2,13,5,0,Matches
6499048c,Andrea Colpani,it ITA,MF,Monza,23-327,1999,6.3,9,5,6,1,2,6,10,60.0,4,12,2,10,3,12,3,0,Matches
8cabdc1e,Andrea Consigli,it ITA,GK,Sassuolo,36-066,1987,25.0,1,0,1,0,0,0,1,0.0,1,0,0,0,0,1,11,1,Matches
8fef5412,Andrea Conti,it ITA,DF,Sampdoria,29-032,1994,0.3,0,0,0,0,0,0,0,,0,0,0,0,0,0,0,0,Matches
22ae86f9,Diego Coppola,it ITA,DF,Hellas Verona,19-096,2003,11.4,20,14,11,9,0,10,17,58.8,7,18,6,12,12,32,33,0,Matches
45b9b619,Joaquín Correa,ar ARG,FW,Inter,28-233,1994,5.7,8,5,1,5,2,2,4,50.0,2,2,0,2,0,8,0,0,Matches
bfc359ed,Alessandro Cortinovis,it ITA,MF,Hellas Verona,22-068,2001,0.1,1,0,1,0,0,0,0,,0,1,0,1,0,1,0,0,Matches
85a44ecc,Lassana Coulibaly,ml MLI,MF,Salernitana,26-358,1996,23.8,61,36,31,24,6,20,49,40.8,29,25,4,21,16,77,22,2,Matches
f554e29b,Alessio Cragno,it ITA,GK,Monza,28-279,1994,1.0,0,0,0,0,0,0,1,0.0,1,0,0,0,0,0,0,0,Matches
16657b95,Bryan Cristante,it ITA,MF,Roma,28-031,1995,24.1,86,45,42,37,7,44,70,62.9,26,34,8,26,9,95,35,0,Matches
22cd43d2,Domen Črnigoj,si SVN,MF,Salernitana,27-136,1995,3.3,8,3,0,7,1,1,2,50.0,1,9,1,8,9,17,6,0,Matches
0ab1f153,Juan Cuadrado,co COL,"DF,FW",Juventus,34-312,1988,15.4,36,23,25,10,1,17,39,43.6,22,11,1,10,16,52,19,0,Matches
5722eced,Mickaël Cuisance,fr FRA,MF,Sampdoria,23-230,1999,4.8,10,7,5,5,0,3,19,15.8,16,8,0,8,4,14,2,0,Matches
060606ec,Marco D'Alessandro,it ITA,"DF,FW",Monza,32-045,1991,3.2,4,4,3,1,0,2,5,40.0,3,2,0,2,1,5,3,0,Matches
44eb9093,Danilo D'Ambrosio,it ITA,DF,Inter,34-206,1988,3.1,13,7,10,2,1,8,14,57.1,6,7,3,4,6,19,7,0,Matches
f778fe3f,Luca D'Andrea,it ITA,FW,Sassuolo,18-209,2004,3.5,4,0,2,1,1,1,4,25.0,3,2,0,2,1,5,1,0,Matches
7ef972c3,Flavius Daniliuc,at AUT,DF,Salernitana,21-341,2001,17.5,41,21,29,10,2,19,32,59.4,13,26,11,15,19,60,64,0,Matches
94b2001f,Danilo,br BRA,DF,Juventus,31-262,1991,27.1,62,40,41,17,4,32,48,66.7,16,25,15,10,36,98,88,1,Matches
96e0490d,Matteo Darmian,it ITA,DF,Inter,33-122,1989,17.0,45,25,22,11,12,26,39,66.7,13,25,5,20,18,63,26,0,Matches
16bb656a,Paweł Dawidowicz,pl POL,DF,Hellas Verona,27-318,1995,13.6,40,26,23,14,3,19,24,79.2,5,12,8,4,15,55,47,0,Matches
2ef7c612,Charles De Ketelaere,be BEL,MF,Milan,22-024,2001,9.8,21,9,5,13,3,11,24,45.8,13,12,2,10,3,24,7,0,Matches
60e3603d,Manuel De Luca,it ITA,"FW,MF",Sampdoria,24-260,1998,0.5,0,0,0,0,0,0,0,,0,0,0,0,0,0,0,0,Matches
ae4e2852,Mattia De Sciglio,it ITA,DF,Juventus,30-165,1992,11.2,12,7,6,3,3,8,13,61.5,5,9,3,6,4,16,18,0,Matches
e74f0e59,Lorenzo De Silvestri,it ITA,DF,Bologna,34-315,1988,6.0,2,2,1,0,1,2,5,40.0,3,5,5,0,2,4,17,0,Matches
f4797849,Koni De Winter,be BEL,DF,Empoli,20-295,2002,9.9,13,8,10,3,0,4,9,44.4,5,10,10,0,6,19,51,0,Matches
854ee61a,Grégoire Defrel,mq MTQ,FW,Sassuolo,31-290,1991,7.6,7,6,3,2,2,2,4,50.0,2,4,0,4,1,8,4,0,Matches
0e0d6c53,Duccio Degl'Innocenti,it ITA,MF,Empoli,19-340,2003,0.0,0,0,0,0,0,0,0,,0,0,0,0,1,1,0,0,Matches
e3cceee6,Merih Demiral,tr TUR,DF,Atalanta,25-029,1998,16.1,37,25,28,9,0,23,30,76.7,7,23,7,16,22,59,55,1,Matches
dc3fa3b5,Diego Demme,de GER,MF,Napoli,31-133,1991,0.3,0,0,0,0,0,0,1,0.0,1,1,0,1,0,0,0,0,Matches
d97f2e8d,Fabio Depaoli,it ITA,DF,Hellas Verona,25-344,1997,17.3,36,21,22,10,4,18,29,62.1,11,23,6,17,12,48,23,2,Matches
d97f2e8d,Fabio Depaoli,it ITA,"DF,MF",Sampdoria,25-344,1997,1.5,5,3,2,3,0,3,4,75.0,1,1,0,1,1,6,4,0,Matches
2990c466,Kastriot Dermaku,al ALB,DF,Lecce,31-078,1992,0.4,0,0,0,0,0,0,0,,0,0,0,0,0,0,0,0,Matches
dcb38abe,Cyriel Dessers,ng NGA,FW,Cremonese,28-116,1994,15.0,9,3,3,4,2,2,4,50.0,2,13,2,11,3,12,5,0,Matches
5976f83e,Sergiño Dest,us USA,DF,Milan,22-151,2000,3.7,12,6,3,5,4,3,4,75.0,1,1,0,1,4,16,2,0,Matches
d7d32194,Mattia Destro,it ITA,FW,Empoli,32-014,1991,5.1,1,1,0,1,0,0,0,,0,2,0,2,1,2,4,0,Matches
39583cfd,Gerard Deulofeu,es ESP,FW,Udinese,29-021,1994,13.5,8,5,5,1,2,5,15,33.3,10,8,1,7,2,10,1,0,Matches
ef94dc2f,Samuel Di Carmine,it ITA,"FW,MF",Cremonese,34-186,1988,0.3,0,0,0,0,0,0,0,,0,0,0,0,0,0,0,0,Matches
1fca9171,Federico Di Francesco,it ITA,"FW,MF",Lecce,28-293,1994,15.7,21,13,6,8,7,6,14,42.9,8,11,0,11,6,27,11,0,Matches
4e0c8d66,Michele Di Gregorio,it ITA,GK,Monza,25-250,1997,27.0,0,0,0,0,0,0,1,0.0,1,0,0,0,3,3,15,2,Matches
230a2fac,Giovanni Di Lorenzo,it ITA,DF,Napoli,29-242,1993,27.9,48,24,27,15,6,19,38,50.0,19,24,6,18,23,71,47,0,Matches
19cda00b,Ángel Di María,ar ARG,"FW,MF",Juventus,35-048,1988,10.1,6,3,2,3,1,2,15,13.3,13,7,0,7,4,10,0,0,Matches
244bc2c8,Boulaye Dia,sn SEN,FW,Salernitana,26-138,1996,20.6,10,4,3,4,3,1,6,16.7,5,4,0,4,4,14,18,1,Matches
407feb71,Brahim Díaz,es ESP,MF,Milan,23-243,1999,15.2,22,10,4,15,3,3,9,33.3,6,9,0,9,5,27,5,0,Matches
970b8574,Federico Dimarco,it ITA,DF,Inter,25-144,1997,18.6,25,19,6,14,5,9,17,52.9,8,15,4,11,14,39,20,0,Matches
933d3b51,Koffi Djidji,ci CIV,DF,Torino,30-124,1992,20.3,37,19,26,10,1,13,22,59.1,9,18,10,8,27,64,56,0,Matches
6eee05f1,Berat Djimsiti,al ALB,DF,Atalanta,30-043,1993,10.4,21,12,14,7,0,11,14,78.6,3,9,4,5,19,40,37,1,Matches
b5f7d10b,Dodô,br BRA,DF,Fiorentina,24-137,1998,19.5,27,16,13,10,4,16,32,50.0,16,20,2,18,20,47,31,0,Matches
2f69d881,Josh Doig,sct SCO,DF,Hellas Verona,20-320,2002,14.0,18,7,5,7,6,5,13,38.5,8,22,6,16,9,27,11,1,Matches
20b3a502,Nicolás Domínguez,ar ARG,MF,Bologna,24-279,1998,17.9,56,35,26,23,7,28,56,50.0,28,19,2,17,13,69,17,1,Matches
22051fbe,Giulio Donati,it ITA,DF,Monza,33-057,1990,4.4,4,1,1,1,2,3,6,50.0,3,3,1,2,5,9,8,0,Matches
085e71a7,Bartłomiej Drągowski,pl POL,GK,Spezia,25-227,1997,24.7,1,0,1,0,0,1,5,20.0,4,0,0,0,0,1,14,3,Matches
79ca3e23,Ondrej Duda,sk SVK,MF,Hellas Verona,28-119,1994,7.9,15,12,4,9,2,8,13,61.5,5,10,0,10,9,24,5,0,Matches
481c9ece,Denzel Dumfries,nl NED,DF,Inter,26-350,1996,18.3,21,10,11,8,2,13,23,56.5,10,27,7,20,10,31,21,0,Matches
528492ea,Alfred Duncan,gh GHA,MF,Fiorentina,30-024,1993,6.8,12,7,0,12,0,8,14,57.1,6,5,0,5,4,16,4,0,Matches
e0921a4f,Paulo Dybala,ar ARG,"MF,FW",Roma,29-139,1993,16.9,14,4,1,8,5,8,21,38.1,13,10,0,10,7,21,4,0,Matches
3bb7f478,Edin Džeko,ba BIH,FW,Inter,37-017,1986,17.5,2,2,0,2,0,0,4,0.0,4,14,1,13,3,5,23,0,Matches
dbfa4f16,Festy Ebosele,ie IRL,DF,Udinese,20-244,2002,2.2,9,7,5,4,0,2,6,33.3,4,3,0,3,1,10,4,0,Matches
9ba7b4fa,Enzo Ebosse,cm CMR,DF,Udinese,24-023,1999,10.3,15,9,11,4,0,9,13,69.2,4,27,6,21,11,26,29,0,Matches
6af30900,Tyronne Ebuehi,ng NGA,DF,Empoli,27-108,1995,11.9,13,8,4,6,3,5,7,71.4,2,16,9,7,6,19,39,1,Matches
a9202def,Éderson,br BRA,MF,Atalanta,23-270,1999,17.1,53,31,15,32,6,22,44,50.0,22,38,4,34,24,77,20,0,Matches
76b2817e,Kingsley Ehizibue,nl NED,DF,Udinese,27-313,1995,12.7,37,26,22,10,5,26,38,68.4,12,13,2,11,6,43,32,1,Matches
f503ea63,Albin Ekdal,se SWE,MF,Spezia,33-249,1989,11.5,26,17,11,15,0,12,32,37.5,20,16,1,15,17,43,27,0,Matches
c20892ee,Emmanuel Ekong,se SWE,"FW,MF",Empoli,20-282,2002,0.2,0,0,0,0,0,0,0,,0,0,0,0,0,0,0,0,Matches
c55967eb,Mikael Ellertsson,is ISL,"MF,DF",Spezia,21-023,2002,1.9,4,2,1,3,0,0,3,0.0,3,2,1,1,2,6,0,0,Matches
cf007308,Elif Elmas,mk MKD,"FW,MF",Napoli,23-191,1999,11.6,15,8,5,7,3,7,11,63.6,4,5,0,5,10,25,4,0,Matches
0fee6bda,Martin Erlic,hr CRO,DF,Sassuolo,25-069,1998,18.9,20,10,14,5,1,9,16,56.3,7,29,18,11,25,45,85,1,Matches
3f79a1c8,Gonzalo Escalante,ar ARG,MF,Cremonese,30-007,1993,6.2,16,8,8,8,0,10,13,76.9,3,7,1,6,10,26,4,0,Matches
5cf5c9ad,Salvatore Esposito,it ITA,MF,Spezia,22-178,2000,2.4,3,3,2,1,0,2,9,22.2,7,2,0,2,3,6,3,0,Matches
366be751,Nicolò Fagioli,it ITA,MF,Juventus,22-050,2001,11.6,18,12,6,10,2,6,19,31.6,13,8,2,6,7,25,6,0,Matches
9f5a610b,Wladimiro Falcone,it ITA,GK,Lecce,27-356,1995,27.0,2,0,2,0,0,2,2,100.0,0,0,0,0,2,4,16,2,Matches
aae9d04a,Davide Faraoni,it ITA,DF,Hellas Verona,31-160,1991,9.7,21,13,9,10,2,10,26,38.5,16,17,4,13,9,30,17,0,Matches
4e358a2d,Federico Fazio,ar ARG,DF,Salernitana,36-017,1987,11.9,15,12,8,7,0,4,11,36.4,7,9,4,5,28,43,61,0,Matches
06b08c45,Jacopo Fazzini,it ITA,MF,Empoli,20-018,2003,4.1,17,9,13,3,1,9,15,60.0,6,10,2,8,5,22,8,0,Matches
ee64a822,Lewis Ferguson,sct SCO,MF,Bologna,23-222,1999,17.7,30,19,12,14,4,14,26,53.8,12,14,5,9,16,46,14,0,Matches
d0dbca9f,Alex Ferrari,it ITA,DF,Sampdoria,28-276,1994,9.6,9,5,7,2,0,4,8,50.0,4,21,10,11,19,28,25,0,Matches
d0dbca9f,Alex Ferrari,it ITA,DF,Cremonese,28-276,1994,7.6,30,18,26,4,0,21,27,77.8,6,10,3,7,17,47,30,1,Matches
eb76987d,Salvador Ferrer,es ESP,DF,Spezia,25-072,1998,1.1,2,1,0,2,0,1,1,100.0,0,1,1,0,1,3,2,0,Matches
e288d4b3,Alessandro Florenzi,it ITA,DF,Milan,32-023,1991,1.2,3,2,2,0,1,2,3,66.7,1,0,0,0,1,4,1,0,Matches
2a7d27c1,Davide Frattesi,it ITA,MF,Sassuolo,23-163,1999,23.9,49,26,17,26,6,17,30,56.7,13,18,3,15,9,58,30,0,Matches
c235e803,Matteo Gabbia,it ITA,DF,Milan,23-164,1999,6.7,17,10,12,5,0,6,8,75.0,2,8,3,5,5,22,28,0,Matches
8f866fe8,Manolo Gabbiadini,it ITA,"FW,MF",Sampdoria,31-128,1991,16.9,10,5,3,3,4,2,11,18.2,9,10,1,9,2,12,20,0,Matches
3b387cc7,Gianluca Gaetano,it ITA,MF,Napoli,22-333,2000,0.4,3,2,1,2,0,0,0,,0,1,0,1,0,3,0,0,Matches
ce30bfc8,Roberto Gagliardini,it ITA,MF,Inter,28-361,1994,4.6,14,5,7,6,1,9,18,50.0,9,7,2,5,1,15,8,0,Matches
8dfed6e9,Adolfo Gaich,ar ARG,FW,Hellas Verona,24-036,1999,5.1,5,3,0,3,2,1,4,25.0,3,3,1,2,3,8,6,0,Matches
dd403465,Pablo Galdames Millán,cl CHI,"MF,DF",Cremonese,26-094,1996,2.3,8,6,5,1,2,4,17,23.5,13,7,1,6,3,11,2,0,Matches
c74d63ac,Antonino Gallo,it ITA,DF,Lecce,23-088,2000,18.8,45,28,28,10,7,30,41,73.2,11,24,3,21,11,56,45,0,Matches
18dd3219,Federico Gatti,it ITA,DF,Juventus,24-283,1998,8.0,8,5,6,1,1,4,4,100.0,0,11,7,4,13,21,34,1,Matches
822ed0ec,Valentin Gendrey,fr FRA,DF,Lecce,22-286,2000,25.0,68,43,45,16,7,28,51,54.9,23,36,4,32,34,102,62,0,Matches
71dc23da,Paolo Ghiglione,it ITA,DF,Cremonese,26-060,1997,6.1,12,8,8,3,1,8,16,50.0,8,9,4,5,3,15,10,0,Matches
9c435456,Mario Gila,es ESP,DF,Lazio,22-217,2000,1.0,3,1,3,0,0,0,1,0.0,1,0,0,0,3,6,3,0,Matches
548bd0de,Gvidas Gineitis,lt LTU,MF,Torino,18-353,2004,0.5,0,0,0,0,0,0,1,0.0,1,0,0,0,0,0,0,0,Matches
16ceb862,Olivier Giroud,fr FRA,FW,Milan,36-185,1986,18.3,7,5,2,3,2,1,7,14.3,6,11,3,8,2,9,19,0,Matches
f0f7f62f,Pierluigi Gollini,it ITA,GK,Fiorentina,28-016,1995,3.0,1,0,1,0,0,1,1,100.0,0,0,0,0,0,1,2,0,Matches
f0f7f62f,Pierluigi Gollini,it ITA,GK,Napoli,28-016,1995,1.0,0,0,0,0,0,0,0,,0,0,0,0,0,0,0,0,Matches
f025eade,Joan Gonzàlez,es ESP,MF,Lecce,21-061,2002,20.6,39,21,17,16,6,14,44,31.8,30,30,6,24,14,53,26,0,Matches
2374aaca,Nicolás González,ar ARG,"FW,MF",Fiorentina,24-362,1998,10.1,9,4,2,5,2,1,7,14.3,6,10,0,10,2,11,4,0,Matches
2d970560,Robin Gosens,de GER,"DF,FW",Inter,28-272,1994,8.1,26,15,12,7,7,14,19,73.7,5,12,1,11,14,40,8,0,Matches
6cc97b6a,Alberto Grassi,it ITA,MF,Empoli,28-027,1995,6.3,17,15,9,8,0,10,13,76.9,3,12,8,4,17,34,25,0,Matches
49136c42,Andrew Gravillon,gp GLP,DF,Torino,25-054,1998,1.7,1,1,0,1,0,0,0,,0,2,1,1,8,9,6,0,Matches
f1f1f238,Koray Günter,de GER,DF,Hellas Verona,28-230,1994,11.1,10,6,1,8,1,4,7,57.1,3,24,15,9,30,40,46,0,Matches
f1f1f238,Koray Günter,de GER,"DF,MF",Sampdoria,28-230,1994,2.6,5,4,3,2,0,4,5,80.0,1,4,2,2,3,8,16,0,Matches
f9758dae,Emmanuel Gyasi,gh GHA,"FW,DF",Spezia,29-082,1994,22.4,14,8,6,7,1,6,24,25.0,18,19,5,14,8,22,18,0,Matches
0be276c6,Norbert Gyömbér,sk SVK,DF,Salernitana,30-274,1992,13.8,24,18,18,5,1,11,17,64.7,6,23,17,6,27,51,64,0,Matches
9250bcff,Christian Gytkjær,dk DEN,"FW,MF",Monza,32-332,1990,5.8,6,2,1,4,1,2,5,40.0,3,3,1,2,0,6,1,0,Matches
fa449bba,Nicolas Haas,ch SUI,MF,Empoli,27-070,1996,10.6,22,11,11,6,5,9,20,45.0,11,13,4,9,7,29,22,0,Matches
74419746,Samir Handanović,si SVN,GK,Inter,38-263,1984,10.0,0,0,0,0,0,0,0,,0,0,0,0,0,0,3,0,Matches
65fd099c,Abdou Harroui,nl NED,MF,Sassuolo,25-080,1998,3.8,8,1,4,2,2,1,6,16.7,5,3,1,2,0,8,6,0,Matches
3b333ac3,Hans Hateboer,nl NED,DF,Atalanta,29-084,1994,15.5,21,13,11,8,2,11,27,40.7,16,23,4,19,12,33,25,0,Matches
d7918b13,Liam Henderson,sct SCO,MF,Empoli,26-343,1996,8.7,9,8,4,4,1,4,17,23.5,13,8,2,6,8,17,8,0,Matches
ffed43e3,Jack Hendry,sct SCO,DF,Cremonese,27-331,1995,2.4,0,0,0,0,0,0,1,0.0,1,2,1,1,1,1,7,0,Matches
a2d9f138,Matheus Henrique,br BRA,MF,Sassuolo,25-105,1997,13.3,14,8,6,5,3,4,10,40.0,6,11,3,8,10,24,6,0,Matches
9ef42479,Thomas Henry,fr FRA,FW,Hellas Verona,28-195,1994,11.4,5,3,1,1,3,1,5,20.0,4,6,2,4,0,5,14,0,Matches
d4c9725f,Theo Hernández,fr FRA,DF,Milan,25-179,1997,23.3,38,21,24,13,1,19,30,63.3,11,32,7,25,13,51,24,1,Matches
12806697,Isak Hien,se SWE,DF,Hellas Verona,24-080,1999,19.3,50,24,36,14,0,25,42,59.5,17,27,10,17,20,70,57,1,Matches
d4456fb3,Morten Hjulmand,dk DEN,MF,Lecce,23-282,1999,23.6,65,35,36,29,0,23,44,52.3,21,29,7,22,56,121,46,0,Matches
c2357b65,Emil Holm,se SWE,DF,Spezia,22-325,2000,15.5,26,15,13,8,5,16,31,51.6,15,21,6,15,9,35,41,0,Matches
b85bf253,Martin Hongla,cm CMR,MF,Hellas Verona,25-018,1998,5.8,8,5,4,4,0,5,5,100.0,0,7,1,6,6,14,9,0,Matches
d8800a46,Petko Hristov,bg BUL,DF,Spezia,24-033,1999,4.1,6,4,2,4,0,5,8,62.5,3,4,2,2,4,10,12,0,Matches
1f2d714c,Ajdin Hrustic,au AUS,MF,Hellas Verona,26-272,1996,2.5,2,1,1,1,0,1,2,50.0,1,2,0,2,0,2,2,1,Matches
2f3452eb,Elseid Hysaj,al ALB,DF,Lazio,29-042,1994,14.0,26,14,15,7,4,13,25,52.0,12,19,6,13,12,38,30,0,Matches
491a433d,Rasmus Højlund,dk DEN,FW,Atalanta,20-058,2003,14.6,4,3,0,2,2,1,3,33.3,2,7,0,7,0,4,4,0,Matches
82efe6fa,Roger Ibanez,br BRA,DF,Roma,24-131,1998,25.3,58,28,32,23,3,27,39,69.2,12,22,8,14,53,111,85,1,Matches
4cde5509,Zlatan Ibrahimović,se SWE,FW,Milan,41-182,1981,1.6,0,0,0,0,0,0,0,,0,1,1,0,0,0,2,0,Matches
a4e85758,Igor,br BRA,DF,Fiorentina,25-055,1998,17.1,29,18,15,10,4,11,17,64.7,6,28,13,15,20,49,45,2,Matches
42eaa028,Jonathan Ikone,fr FRA,FW,Fiorentina,24-336,1998,17.6,11,4,4,4,3,3,7,42.9,4,15,1,14,4,15,3,0,Matches
bb376bed,Ivan Ilić,rs SRB,MF,Hellas Verona,22-017,2001,9.5,16,10,9,7,0,6,11,54.5,5,10,1,9,8,24,14,0,Matches
bb376bed,Ivan Ilić,rs SRB,MF,Torino,22-017,2001,4.4,6,3,2,3,1,3,9,33.3,6,6,1,5,3,9,4,0,Matches
ba492306,Samuel Iling-Junior,eng ENG,"DF,FW",Juventus,19-181,2003,1.3,2,1,1,0,1,2,3,66.7,1,1,0,1,1,3,3,0,Matches
a47c6309,Emirhan İlkhan,tr TUR,MF,Torino,18-306,2004,1.0,1,1,0,1,0,1,1,100.0,0,3,1,2,2,3,2,0,Matches
a47c6309,Emirhan İlkhan,tr TUR,MF,Sampdoria,18-306,2004,0.5,2,1,1,0,1,1,2,50.0,1,1,0,1,0,2,1,0,Matches
4431aed2,Ciro Immobile,it ITA,FW,Lazio,33-042,1990,16.4,8,5,2,4,2,3,5,60.0,2,9,1,8,1,9,10,0,Matches
6b635f5c,Ardian Ismajli,al ALB,DF,Empoli,26-185,1996,18.6,36,28,22,14,0,16,21,76.2,5,40,26,14,23,59,104,0,Matches
89976232,Armando Izzo,it ITA,DF,Monza,31-032,1992,18.0,56,38,34,20,2,20,29,69.0,9,16,7,9,32,88,59,0,Matches
8c65eb5f,Mato Jajalo,ba BIH,MF,Udinese,34-313,1988,0.7,0,0,0,0,0,0,1,0.0,1,0,0,0,0,0,2,0,Matches
4a537185,Jesé,es ESP,FW,Sampdoria,30-036,1993,1.3,1,0,0,1,0,0,0,,0,1,0,1,0,1,1,0,Matches
79083382,Juan Jesus,br BRA,DF,Napoli,31-297,1991,6.9,10,6,5,4,1,5,7,71.4,2,15,8,7,6,16,22,0,Matches
dc765618,Þórir Jóhann Helgason,is ISL,MF,Lecce,22-187,2000,1.9,1,1,0,0,1,1,2,50.0,1,2,1,1,3,4,3,0,Matches
4d8cd038,Luka Jović,rs SRB,FW,Fiorentina,25-101,1997,12.9,5,2,1,3,1,2,8,25.0,6,7,2,5,2,7,8,0,Matches
570bb4b9,Hamed Junior Traorè,ci CIV,"MF,FW",Sassuolo,23-046,2000,6.6,11,6,4,6,1,4,11,36.4,7,4,0,4,2,13,0,1,Matches
f95f49d2,Yayah Kallon,sl SLE,"MF,FW",Hellas Verona,21-277,2001,8.6,14,10,5,4,5,7,11,63.6,4,9,0,9,8,22,4,0,Matches
85f7d1be,Pierre Kalulu,fr FRA,DF,Milan,22-302,2000,23.6,48,33,27,18,3,22,33,66.7,11,38,15,23,35,83,46,1,Matches
8b66d9cc,Yann Karamoh,fr FRA,"MF,FW",Torino,24-269,1998,4.7,5,2,3,2,0,1,4,25.0,3,3,0,3,0,5,2,0,Matches
9f84febe,Rick Karsdorp,nl NED,DF,Roma,28-051,1995,7.9,21,13,11,7,3,13,22,59.1,9,0,0,0,7,28,15,1,Matches
7ae36711,Denso Kasius,nl NED,DF,Bologna,20-179,2002,3.8,12,6,7,4,1,8,10,80.0,2,6,3,3,3,15,6,0,Matches
2a82aa85,Grigoris Kastanos,cy CYP,"MF,DF",Salernitana,25-063,1998,6.6,18,11,6,10,2,3,14,21.4,11,10,3,7,4,22,3,0,Matches
3d50bcdb,Moise Kean,it ITA,FW,Juventus,23-034,2000,9.7,8,6,2,5,1,3,6,50.0,3,2,0,2,4,12,2,0,Matches
dc3e663e,Jakub Kiwior,pl POL,DF,Spezia,23-047,2000,16.0,22,17,15,7,0,6,24,25.0,18,26,18,8,24,46,71,1,Matches
8b8a56ce,Simon Kjær,dk DEN,DF,Milan,34-008,1989,8.4,11,6,6,5,0,4,7,57.1,3,10,8,2,8,19,22,1,Matches
a26fb8aa,Teun Koopmeiners,nl NED,MF,Atalanta,25-034,1998,22.8,33,19,10,18,5,20,38,52.6,18,30,4,26,16,49,31,1,Matches
b1cd37e6,Filip Kostić,rs SRB,"DF,FW",Juventus,30-153,1992,22.5,35,22,14,17,4,19,40,47.5,21,23,2,21,11,46,19,0,Matches
58e933d2,Christian Kouamé,ci CIV,FW,Fiorentina,25-118,1997,16.7,21,16,8,6,7,6,12,50.0,6,14,3,11,12,33,4,0,Matches
9d60028d,Viktor Kovalenko,ua UKR,MF,Spezia,27-048,1996,5.3,9,5,1,6,2,5,7,71.4,2,11,2,9,3,12,7,0,Matches
b804c280,Julian Kristoffersen,no NOR,FW,Salernitana,25-328,1997,0.2,0,0,0,0,0,0,0,,0,1,0,1,0,0,0,0,Matches
b4101c2e,Raimonds Krollis,lv LVA,FW,Spezia,21-157,2001,0.2,1,1,0,0,1,0,0,,0,0,0,0,0,1,0,0,Matches
817c6964,Rade Krunić,ba BIH,"MF,FW",Milan,29-178,1993,12.1,30,22,14,13,3,11,40,27.5,29,21,9,12,12,42,16,0,Matches
a40819d9,Marash Kumbulla,al ALB,DF,Roma,23-054,2000,2.7,4,4,2,2,0,2,3,66.7,1,2,1,1,4,8,6,0,Matches
dea88efd,Khvicha Kvaratskhelia,ge GEO,FW,Napoli,22-050,2001,20.2,31,16,9,6,16,12,27,44.4,15,14,0,14,2,33,5,1,Matches
0a483542,Giorgos Kyriakopoulos,gr GRE,"FW,DF",Bologna,27-057,1996,4.1,8,4,1,4,3,5,13,38.5,8,8,1,7,1,9,2,0,Matches
0a483542,Giorgos Kyriakopoulos,gr GRE,"FW,DF",Sassuolo,27-057,1996,8.5,21,8,7,9,5,10,14,71.4,4,7,1,6,11,32,12,1,Matches
c283ddef,Sam Lammers,nl NED,FW,Sampdoria,25-338,1997,8.0,11,5,1,7,3,6,14,42.9,8,7,1,6,3,14,7,0,Matches
c283ddef,Sam Lammers,nl NED,FW,Empoli,25-338,1997,9.8,20,10,5,9,6,7,11,63.6,4,4,1,3,3,23,8,0,Matches
09538fdb,Kevin Lasagna,it ITA,"FW,MF",Hellas Verona,30-236,1992,15.1,10,4,7,2,1,5,13,38.5,8,17,1,16,5,15,13,0,Matches
2d22cea7,Armand Lauriente,fr FRA,FW,Sassuolo,24-120,1998,18.2,14,9,2,6,6,5,12,41.7,7,17,0,17,10,24,7,0,Matches
016ff750,Valentino Lazaro,at AUT,DF,Torino,27-010,1996,11.8,9,5,6,0,3,5,9,55.6,4,11,2,9,2,11,18,0,Matches
93088fbb,Marko Lazetić,rs SRB,FW,Milan,19-071,2004,0.1,0,0,0,0,0,0,0,,0,0,0,0,0,0,0,0,Matches
5128bde4,Darko Lazović,rs SRB,"MF,DF",Hellas Verona,32-200,1990,19.9,21,12,8,10,3,10,24,41.7,14,11,3,8,12,33,19,0,Matches
02caf6e0,Manuel Lazzari,it ITA,DF,Lazio,29-125,1993,16.4,27,17,10,13,4,18,33,54.5,15,17,6,11,13,40,28,1,Matches
20730eae,Rafael Leão,pt POR,"FW,MF",Milan,23-297,1999,21.3,4,3,1,2,1,3,8,37.5,5,5,2,3,12,16,8,0,Matches
7d3cbc67,Mehdi Léris,dz ALG,"MF,DF",Sampdoria,24-315,1998,21.0,52,40,25,19,8,20,48,41.7,28,32,4,28,24,76,21,0,Matches
d023d70f,Karol Linetty,pl POL,MF,Torino,28-060,1995,17.8,30,16,6,21,3,12,22,54.5,10,22,7,15,16,46,24,0,Matches
a3695ac2,Marcin Listkowski,pl POL,"MF,FW",Lecce,25-052,1998,0.9,0,0,0,0,0,0,0,,0,0,0,0,3,3,2,0,Matches
bba30585,Diego Llorente,es ESP,DF,Roma,29-230,1993,1.4,2,2,1,1,0,1,1,100.0,0,0,0,0,2,4,6,0,Matches
e1cbb531,Stanislav Lobotka,sk SVK,MF,Napoli,28-129,1994,25.9,63,32,28,25,10,32,51,62.7,19,26,6,20,15,78,12,0,Matches
a8a874f1,Manuel Locatelli,it ITA,MF,Juventus,25-085,1998,20.9,45,25,18,21,6,22,37,59.5,15,39,18,21,24,69,45,0,Matches
c8ad0857,Luka Lochoshvili,ge GEO,DF,Cremonese,24-309,1998,14.0,34,13,23,8,3,19,24,79.2,5,24,6,18,16,50,54,0,Matches
7c104bb7,Ademola Lookman,ng NGA,"FW,MF",Atalanta,25-165,1997,17.6,11,3,2,6,3,3,14,21.4,11,18,0,18,3,14,0,0,Matches
20094685,Maxime Lopez,fr FRA,MF,Sassuolo,25-120,1997,16.8,35,14,21,10,4,11,44,25.0,33,17,3,14,17,52,17,0,Matches
5fa57166,Matteo Lovato,it ITA,DF,Salernitana,23-048,2000,4.8,9,7,7,2,0,8,14,57.1,6,8,5,3,7,16,18,2,Matches
966eea58,Sandi Lovrić,si SVN,MF,Udinese,25-006,1998,17.1,35,15,13,16,6,23,34,67.6,11,14,1,13,18,53,16,0,Matches
a69e4806,Hirving Lozano,mx MEX,FW,Napoli,27-247,1995,14.5,23,12,10,6,7,9,15,60.0,6,27,0,27,12,35,5,0,Matches
80490d7f,Jhon Lucumí,co COL,DF,Bologna,24-281,1998,23.2,42,29,30,11,1,21,36,58.3,15,29,19,10,26,68,78,1,Matches
921f6058,José Luis Palomino,ar ARG,DF,Atalanta,33-088,1990,6.6,14,6,10,4,0,6,10,60.0,4,7,4,3,24,38,16,0,Matches
5eae500a,Romelu Lukaku,be BEL,FW,Inter,29-325,1993,9.6,1,0,0,0,1,1,2,50.0,1,0,0,0,0,1,10,0,Matches
c6e8cf1f,Saša Lukić,rs SRB,MF,Torino,26-233,1996,13.3,21,14,10,10,1,9,15,60.0,6,17,7,10,13,34,10,0,Matches
997fff07,Sebastiano Luperto,it ITA,DF,Empoli,26-209,1996,24.0,22,12,15,7,0,5,12,41.7,7,39,28,11,27,49,118,1,Matches
5efc5389,Charalambos Lykogiannis,gr GRE,DF,Bologna,29-163,1993,11.7,15,7,4,6,5,5,13,38.5,8,8,3,5,15,30,28,0,Matches
957e4c87,Giulio Maggiore,it ITA,MF,Salernitana,25-022,1998,8.4,16,6,8,5,3,8,18,44.4,10,17,4,13,8,24,7,0,Matches
cce9f582,Giangiacomo Magnani,it ITA,DF,Hellas Verona,27-181,1995,10.0,22,15,15,7,0,13,14,92.9,1,14,10,4,17,39,52,0,Matches
fcb38f57,Mike Maignan,fr FRA,GK,Milan,27-274,1995,12.0,1,0,1,0,0,1,1,100.0,0,0,0,0,1,2,5,1,Matches
2e7dafe5,Jordan Majchrzak,pl POL,FW,Roma,18-177,2004,0.2,0,0,0,0,0,0,0,,0,0,0,0,0,0,0,0,Matches
22bfb57e,Jean-Victor Makengo,fr FRA,MF,Udinese,24-295,1998,8.9,16,13,7,7,2,5,9,55.6,4,8,2,6,9,25,3,0,Matches
2bffcbf2,Lorenzo Malagrida,it ITA,"DF,MF",Sampdoria,19-161,2003,0.6,1,0,0,0,1,1,2,50.0,1,1,0,1,0,1,1,0,Matches
801831fe,Daniel Maldini,it ITA,"FW,MF",Spezia,21-174,2001,5.6,8,4,2,3,3,3,9,33.3,6,6,0,6,1,9,7,0,Matches
4c8845f7,Youssef Maleh,it ITA,MF,Fiorentina,24-224,1998,3.3,3,1,0,3,0,0,4,0.0,4,5,0,5,1,4,3,0,Matches
4c8845f7,Youssef Maleh,it ITA,MF,Lecce,24-224,1998,4.9,15,6,3,5,7,5,13,38.5,8,12,0,12,3,18,6,0,Matches
48d5bd33,Ruslan Malinovskyi,ua UKR,"MF,FW",Atalanta,29-334,1993,6.1,14,8,5,6,3,6,17,35.3,11,8,1,7,5,19,2,0,Matches
5aa53281,Gianluca Mancini,it ITA,DF,Roma,26-351,1996,24.2,31,15,23,7,1,13,24,54.2,11,24,12,12,37,68,51,0,Matches
c7259b83,Rolando Mandragora,it ITA,MF,Fiorentina,25-278,1997,15.9,31,17,8,19,4,18,39,46.2,21,15,3,12,11,42,21,0,Matches
f794b426,Federico Marchetti,it ITA,GK,Spezia,40-055,1983,0.7,0,0,0,0,0,0,0,,0,0,0,0,0,0,0,0,Matches
91d0fabf,Riccardo Marchizza,it ITA,DF,Sassuolo,25-008,1998,2.0,2,2,1,1,0,2,4,50.0,2,1,0,1,1,3,6,0,Matches
8650af85,Gian Marco Ferrari,it ITA,DF,Sassuolo,31-047,1992,19.0,21,15,10,10,1,10,13,76.9,3,20,16,4,20,41,71,3,Matches
aa54ec6f,Pablo Marí,es ESP,DF,Monza,29-215,1993,19.6,26,12,22,4,0,13,18,72.2,5,13,8,5,17,43,83,3,Matches
7fac99d4,Răzvan Marin,ro ROU,MF,Empoli,26-315,1996,20.5,36,18,21,15,0,15,32,46.9,17,26,10,16,12,48,21,0,Matches
cdf65d12,Marlon,br BRA,DF,Monza,27-208,1995,14.1,28,16,15,13,0,11,23,47.8,12,8,2,6,18,46,38,0,Matches
ea468ea8,Luca Marrone,it ITA,DF,Monza,33-006,1990,1.5,0,0,0,0,0,0,2,0.0,2,2,2,0,0,0,4,1,Matches
f7036e1c,Lautaro Martínez,ar ARG,FW,Inter,25-224,1997,24.0,22,11,2,13,7,6,17,35.3,11,28,1,27,12,34,12,1,Matches
3ec3c1c9,Lucas Martínez Quarta,ar ARG,DF,Fiorentina,26-328,1996,17.6,61,34,33,26,2,31,45,68.9,14,31,16,15,34,95,65,1,Matches
d4535821,Adam Marušić,me MNE,DF,Lazio,30-168,1992,25.3,31,24,16,11,4,15,26,57.7,11,15,5,10,30,61,51,1,Matches
de0f152c,Adam Masina,ma MAR,DF,Udinese,29-091,1994,5.5,5,4,2,3,0,3,7,42.9,4,6,3,3,10,15,19,1,Matches
eb7822d7,Nemanja Matić,rs SRB,MF,Roma,34-245,1988,16.8,40,22,19,17,4,15,24,62.5,9,19,4,15,21,61,19,1,Matches
3318286e,Luís Maximiano,pt POR,GK,Lazio,24-088,1999,0.1,0,0,0,0,0,0,0,,0,0,0,0,0,0,0,0,Matches
eb0ec070,Pasquale Mazzocchi,it ITA,DF,Salernitana,27-250,1995,15.8,24,12,17,3,4,10,25,40.0,15,8,2,6,9,33,25,2,Matches
01c3aff5,Weston McKennie,us USA,"MF,DF",Juventus,24-218,1998,11.7,14,5,3,9,2,5,8,62.5,3,15,4,11,11,25,15,1,Matches
563a68ad,Gary Medel,cl CHI,"MF,DF",Bologna,35-243,1987,14.9,23,15,14,7,2,8,14,57.1,6,13,8,5,25,48,33,0,Matches
5cec2c74,Soualiho Meïté,fr FRA,MF,Cremonese,29-017,1994,16.3,32,21,16,10,6,17,35,48.6,18,16,2,14,17,49,19,0,Matches
9413b19f,Alex Meret,it ITA,GK,Napoli,26-012,1997,27.0,0,0,0,0,0,0,0,,0,0,0,0,0,0,6,1,Matches
c730da00,Yıldırım Mert Çetin,tr TUR,DF,Lecce,26-092,1997,0.2,1,0,1,0,0,0,0,,0,0,0,0,1,2,1,0,Matches
f49c4ae9,Junior Messias,br BRA,"FW,DF",Milan,31-325,1991,12.3,19,15,7,8,4,5,12,41.7,7,15,3,12,6,25,21,0,Matches
b2561711,Tommaso Milanese,it ITA,MF,Cremonese,20-246,2002,0.3,0,0,0,0,0,0,0,,0,1,1,0,0,0,0,0,Matches
bee704fc,Nikola Milenković,rs SRB,DF,Fiorentina,25-173,1997,18.2,25,16,13,9,3,13,18,72.2,5,24,12,12,18,43,54,0,Matches
85613cf0,Arkadiusz Milik,pl POL,FW,Juventus,29-034,1994,11.6,7,5,1,4,2,2,5,40.0,3,8,0,8,0,7,10,0,Matches
4e6dbac4,Sergej Milinković-Savić,rs SRB,MF,Lazio,28-035,1995,24.3,43,26,17,19,7,18,46,39.1,28,36,8,28,22,65,33,0,Matches
9fa26bc2,Vanja Milinković-Savić,rs SRB,GK,Torino,26-042,1997,27.0,2,1,2,0,0,2,2,100.0,0,0,0,0,1,3,13,1,Matches
e0f8151c,Kim Min-jae,kr KOR,DF,Napoli,26-139,1996,26.2,42,24,26,16,0,18,22,81.8,4,34,25,9,31,73,104,1,Matches
a9aa0d1d,Aleksei Miranchuk,ru RUS,MF,Torino,27-168,1995,16.8,6,3,1,3,2,1,9,11.1,8,7,0,7,1,7,3,0,Matches
34693494,Fabio Miretti,it ITA,"MF,FW",Juventus,19-243,2003,10.5,18,7,11,5,2,8,18,44.4,10,16,1,15,2,20,10,0,Matches
dd0daf32,Henrikh Mkhitaryan,am ARM,MF,Inter,34-072,1989,18.0,33,22,10,19,4,12,29,41.4,17,25,4,21,13,46,15,0,Matches
54ab971f,Salvatore Molina,it ITA,DF,Monza,31-092,1992,2.5,6,5,2,4,0,4,5,80.0,1,4,2,2,1,7,2,0,Matches
ca73910d,Daniele Montevago,it ITA,FW,Sampdoria,20-016,2003,2.6,1,0,0,0,1,0,1,0.0,1,2,1,1,0,1,1,0,Matches
c1d95617,Lorenzo Montipò,it ITA,GK,Hellas Verona,27-042,1996,27.0,1,0,1,0,0,0,2,0.0,2,1,0,1,0,1,24,2,Matches
ff579c7e,Nikola Moro,hr CRO,MF,Bologna,25-022,1998,8.5,23,14,8,11,4,11,24,45.8,13,9,1,8,5,28,10,0,Matches
efc9e31f,Dany Mota,pt POR,"FW,MF",Monza,24-336,1998,13.4,5,4,0,2,3,1,4,25.0,3,5,1,4,2,7,15,0,Matches
a0aee24e,João Moutinho,pt POR,"DF,FW",Spezia,25-081,1998,0.6,7,1,5,1,1,3,4,75.0,1,1,1,0,0,7,0,0,Matches
1295552e,Mert Müldür,tr TUR,DF,Sassuolo,24-000,1999,0.1,0,0,0,0,0,0,0,,0,0,0,0,0,0,0,0,Matches
eb2fe5b6,Luis Muriel,co COL,FW,Atalanta,31-352,1991,9.1,6,3,1,2,3,3,9,33.3,6,8,0,8,2,8,2,0,Matches
b233e8e4,Jeison Murillo,co COL,DF,Sampdoria,30-311,1992,9.8,19,10,14,5,0,15,20,75.0,5,19,12,7,7,26,29,0,Matches
d183e9d6,Nicola Murru,it ITA,DF,Sampdoria,28-108,1994,6.1,18,11,11,6,1,4,8,50.0,4,13,4,9,6,24,18,0,Matches
a111cf41,Juan Musso,ar ARG,GK,Atalanta,28-332,1994,21.1,1,1,1,0,0,1,1,100.0,0,0,0,0,0,1,10,1,Matches
c459a650,Joakim Mæhle,dk DEN,"DF,MF",Atalanta,25-318,1997,15.7,22,11,8,5,9,15,27,55.6,12,17,4,13,14,36,14,0,Matches
c39babc1,Herculano Nabian,pt POR,MF,Empoli,19-068,2004,0.0,0,0,0,0,0,0,0,,0,0,0,0,0,0,0,0,Matches
599d91d0,Michel Ndary Adopo,fr FRA,"MF,DF",Torino,22-258,2000,2.8,6,2,3,2,1,1,3,33.3,2,2,2,0,1,7,4,0,Matches
5cdddffa,Tanguy Ndombele,fr FRA,MF,Napoli,26-096,1996,7.2,11,5,3,7,1,3,5,60.0,2,5,0,5,6,17,7,1,Matches
b1236c63,Ilija Nestorovski,mk MKD,"FW,MF",Udinese,33-022,1990,1.8,3,0,0,1,2,3,6,50.0,3,2,0,2,0,3,3,0,Matches
2b8360f1,Cyril Ngonge,be BEL,"MF,FW",Hellas Verona,22-312,2000,3.7,3,2,0,2,1,1,6,16.7,5,3,0,3,2,5,2,0,Matches
b136c945,Hans Nicolussi Caviglia,it ITA,MF,Salernitana,22-289,2000,5.1,13,6,5,6,2,8,12,66.7,4,5,0,5,6,19,7,1,Matches
cf961d8d,Dimitris Nikolaou,gr GRE,DF,Spezia,24-233,1998,24.6,34,25,26,7,1,18,24,75.0,6,30,21,9,20,54,63,0,Matches
e33f36d5,Bram Nuytinck,nl NED,DF,Udinese,32-334,1990,4.3,7,4,3,4,0,4,8,50.0,4,6,6,0,5,12,22,0,Matches
e33f36d5,Bram Nuytinck,nl NED,DF,Sampdoria,32-334,1990,10.9,39,27,25,14,0,19,29,65.5,10,29,16,13,15,54,60,0,Matches
a4948e67,M'Bala Nzola,ao ANG,FW,Spezia,26-228,1996,22.1,9,4,0,5,4,1,7,14.3,6,16,4,12,5,14,19,0,Matches
ba1e04b3,Pedro Obiang,gq EQG,MF,Sassuolo,31-007,1992,7.8,25,16,11,12,2,10,16,62.5,6,9,1,8,7,32,13,0,Matches
1e9bde92,Guillermo Ochoa,mx MEX,GK,Salernitana,37-264,1985,11.0,0,0,0,0,0,0,1,0.0,1,0,0,0,0,0,3,0,Matches
d125f22f,David Okereke,ng NGA,"FW,MF",Cremonese,25-217,1997,19.8,11,7,4,5,2,3,12,25.0,9,20,3,17,5,16,10,0,Matches
8ec109e6,Caleb Okoli,it ITA,DF,Atalanta,21-264,2001,9.4,21,17,14,6,1,10,23,43.5,13,9,5,4,26,47,41,3,Matches
41c12f75,Mathías Olivera,uy URU,DF,Napoli,25-154,1997,10.3,25,13,9,11,5,15,29,51.7,14,15,2,13,12,37,20,0,Matches
e9c0c1b2,André Onana,cm CMR,GK,Inter,27-001,1996,18.0,0,0,0,0,0,0,0,,0,0,0,0,0,0,4,0,Matches
43a166b4,Divock Origi,be BEL,"FW,MF",Milan,27-350,1995,8.0,5,2,2,1,2,3,6,50.0,3,3,1,2,0,5,12,0,Matches
e14ec482,Riccardo Orsolini,it ITA,FW,Bologna,26-069,1997,17.4,22,14,9,9,4,13,30,43.3,17,26,2,24,7,29,14,0,Matches
8c90fd7a,Victor Osimhen,ng NGA,FW,Napoli,24-095,1998,21.1,5,3,1,1,3,0,4,0.0,4,6,1,5,3,8,19,0,Matches
ea02beaf,Remi Oudin,fr FRA,FW,Lecce,26-136,1996,5.3,15,7,4,9,2,5,10,50.0,5,9,0,9,14,29,7,0,Matches
ed90babd,Adam Ounas,dz ALG,FW,Napoli,26-143,1996,0.2,0,0,0,0,0,0,0,,0,0,0,0,1,1,0,0,Matches
8daee720,Simone Pafundi,it ITA,MF,Udinese,17-048,2006,0.3,2,2,1,1,0,0,0,,0,0,0,0,0,2,0,0,Matches
3d6cee81,Flavio Paoletti,it ITA,MF,Sampdoria,20-077,2003,1.4,2,2,0,2,0,1,4,25.0,3,0,0,0,4,6,6,0,Matches
dff153a4,Leandro Paredes,ar ARG,MF,Juventus,28-278,1994,6.6,16,10,6,9,1,8,16,50.0,8,4,0,4,9,25,11,0,Matches
0967845b,Fabiano Parisi,it ITA,DF,Empoli,22-145,2000,22.5,49,26,29,15,5,25,52,48.1,27,39,14,25,25,74,63,0,Matches
e599253a,Mario Pašalić,hr CRO,"MF,FW",Atalanta,28-053,1995,13.9,20,9,6,12,2,5,15,33.3,10,15,2,13,14,34,9,0,Matches
f7223718,Patric,es ESP,DF,Lazio,29-351,1993,11.9,13,8,8,3,2,7,10,70.0,3,17,12,5,10,23,36,1,Matches
79b0d6a0,Rui Patrício,pt POR,GK,Roma,35-047,1988,28.0,1,1,1,0,0,1,1,100.0,0,0,0,0,2,3,5,2,Matches
3ca7254a,Pedro,es ESP,FW,Lazio,35-249,1987,16.8,25,18,13,7,5,9,22,40.9,13,13,2,11,6,31,4,1,Matches
f058ed1f,Gianluca Pegolo,it ITA,GK,Sassuolo,42-009,1981,2.0,0,0,0,0,0,0,1,0.0,1,0,0,0,0,0,1,0,Matches
a44d3a3c,Pietro Pellegri,it ITA,FW,Torino,22-017,2001,4.1,4,1,1,1,2,0,1,0.0,1,4,1,3,0,4,2,0,Matches
4a5a45c7,Lorenzo Pellegrini,it ITA,MF,Roma,26-288,1996,21.3,39,21,19,17,3,16,33,48.5,17,22,3,19,21,60,15,0,Matches
3b61c9ec,Luca Pellegrini,it ITA,DF,Lazio,24-027,1999,0.1,0,0,0,0,0,0,0,,0,0,0,0,0,0,0,0,Matches
7afb1573,Pepín,gq EQG,MF,Monza,26-232,1996,10.4,16,9,4,7,5,4,19,21.1,15,11,2,9,11,27,13,0,Matches
75f2c59f,Roberto Pereyra,ar ARG,"DF,MF",Udinese,32-086,1991,22.5,32,19,17,12,3,15,33,45.5,18,16,4,12,14,46,21,0,Matches
f7c491f1,Nehuén Pérez,ar ARG,DF,Udinese,22-283,2000,22.4,55,27,39,15,1,31,39,79.5,8,32,15,17,25,80,87,1,Matches
b9e11c1d,Simone Perilli,it ITA,GK,Hellas Verona,28-086,1995,1.0,0,0,0,0,0,0,0,,0,0,0,0,0,0,0,0,Matches
4c62d0c8,Mattia Perin,it ITA,GK,Juventus,30-144,1992,8.5,0,0,0,0,0,0,0,,0,0,0,0,0,0,0,0,Matches
00a17eba,Samuele Perisan,it ITA,GK,Empoli,25-225,1997,3.0,0,0,0,0,0,0,0,,0,0,0,0,0,0,0,0,Matches
780e3631,Matteo Pessina,it ITA,MF,Monza,25-347,1997,22.9,38,24,16,16,6,16,43,37.2,27,38,9,29,25,63,21,1,Matches
03f946ed,Andrea Petagna,it ITA,FW,Monza,27-277,1995,14.6,7,5,2,3,2,3,4,75.0,1,14,4,10,2,9,16,0,Matches
149c5f5d,Giuseppe Pezzella,it ITA,DF,Lecce,25-125,1997,8.2,20,9,15,2,3,9,16,56.3,7,9,2,7,6,26,26,1,Matches
17f3620a,Krzysztof Piątek,pl POL,FW,Salernitana,27-276,1995,17.4,14,7,1,7,6,5,19,26.3,14,11,2,9,0,14,28,0,Matches
1cadaf34,Roberto Piccoli,it ITA,FW,Hellas Verona,22-066,2001,2.1,1,0,1,0,0,0,2,0.0,2,2,0,2,0,1,2,0,Matches
1cadaf34,Roberto Piccoli,it ITA,"FW,MF",Empoli,22-066,2001,1.5,0,0,0,0,0,0,1,0.0,1,0,0,0,0,0,3,0,Matches
f71ad8cb,Charles Pickel,ch SUI,MF,Cremonese,25-323,1997,21.8,43,16,20,19,4,23,42,54.8,19,30,4,26,19,62,28,1,Matches
08aa9cd1,Andrea Pinamonti,it ITA,FW,Sassuolo,23-319,1999,18.2,7,5,0,4,3,3,5,60.0,2,15,1,14,2,9,9,0,Matches
caec77da,Lorenzo Pirola,it ITA,DF,Salernitana,21-042,2002,12.9,28,24,16,12,0,16,21,76.2,5,31,23,8,21,49,57,1,Matches
2c38b327,Marko Pjaca,hr CRO,"MF,FW",Empoli,27-332,1995,5.1,2,1,1,1,0,2,4,50.0,2,1,0,1,1,3,0,0,Matches
55a1cac2,Tommaso Pobega,it ITA,MF,Milan,23-262,1999,6.4,14,7,3,9,2,6,10,60.0,4,6,2,4,7,21,8,0,Matches
867239d3,Paul Pogba,fr FRA,"MF,DF",Juventus,30-019,1993,0.4,0,0,0,0,0,0,0,,0,0,0,0,0,0,0,0,Matches
5e861944,Matteo Politano,it ITA,FW,Napoli,29-243,1993,11.5,18,10,9,5,4,11,24,45.8,13,6,0,6,7,25,5,0,Matches
2a6cd437,Marin Pongračić,hr CRO,DF,Lecce,25-204,1997,8.8,16,14,8,7,1,5,7,71.4,2,4,3,1,16,32,31,0,Matches
7f609bfc,Stefan Posch,at AUT,DF,Bologna,25-324,1997,19.9,55,30,28,17,10,25,40,62.5,15,29,9,20,28,83,48,0,Matches
277da414,Ivan Provedel,it ITA,GK,Lazio,29-017,1994,27.9,1,0,1,0,0,0,0,,0,0,0,0,0,1,15,0,Matches
62437b4f,Ignacio Pussetto,ar ARG,"MF,DF",Sampdoria,27-103,1995,1.7,6,3,2,3,1,3,4,75.0,1,4,0,4,0,6,3,0,Matches
88f53b75,Niklas Pyyhtiä,fi FIN,MF,Bologna,19-190,2003,0.7,1,0,0,1,0,0,1,0.0,1,0,0,0,1,2,2,0,Matches
ee4f2f3b,Fabio Quagliarella,it ITA,FW,Sampdoria,40-062,1983,4.4,1,1,0,1,0,0,3,0.0,3,4,0,4,0,1,3,0,Matches
1b9c7401,Giacomo Quagliata,it ITA,DF,Cremonese,23-043,2000,5.5,8,7,6,0,2,4,7,57.1,3,5,2,3,8,16,5,0,Matches
8794e251,Adrien Rabiot,fr FRA,MF,Juventus,28-000,1995,21.5,41,23,18,16,7,19,40,47.5,21,32,7,25,20,61,31,1,Matches
0630eb63,Nemanja Radonjić,rs SRB,"MF,FW",Torino,27-047,1996,12.8,2,1,2,0,0,0,3,0.0,3,3,0,3,2,4,3,0,Matches
023937a9,Ivan Radovanović,rs SRB,"MF,DF",Salernitana,34-217,1988,7.5,12,4,8,4,0,4,10,40.0,6,9,3,6,7,19,9,1,Matches
67f649be,Ionuț Radu,ro ROU,GK,Cremonese,25-310,1997,9.0,0,0,0,0,0,0,0,,0,0,0,0,0,0,1,3,Matches
ce1a6c7e,Antonio Raimondo,it ITA,FW,Bologna,19-016,2004,0.2,0,0,0,0,0,0,0,,0,0,0,0,0,0,1,0,Matches
8c63fae5,Luca Ranieri,it ITA,DF,Fiorentina,23-345,1999,3.3,6,2,4,2,0,4,6,66.7,2,2,1,1,6,12,11,1,Matches
539230cf,Andrea Ranocchia,it ITA,DF,Monza,35-046,1988,0.5,3,1,1,2,0,3,4,75.0,1,5,5,0,0,3,7,0,Matches
d9ebed1c,Filippo Ranocchia,it ITA,MF,Monza,21-324,2001,5.9,11,6,5,4,2,4,12,33.3,8,5,1,4,4,15,7,0,Matches
6e058f06,Giacomo Raspadori,it ITA,"FW,MF",Napoli,23-044,2000,6.6,8,7,0,5,3,2,6,33.3,4,6,0,6,3,11,3,0,Matches
6e058f06,Giacomo Raspadori,it ITA,FW,Sassuolo,23-044,2000,0.5,0,0,0,0,0,0,0,,0,0,0,0,0,0,0,0,Matches
d7a35008,Nicola Ravaglia,it ITA,GK,Sampdoria,34-112,1988,1.0,0,0,0,0,0,0,0,,0,0,0,0,0,0,0,0,Matches
536cebe5,Ante Rebić,hr CRO,"FW,MF",Milan,29-194,1993,7.1,6,4,1,1,4,2,8,25.0,6,5,0,5,1,7,4,0,Matches
6213fd82,Arkadiusz Reca,pl POL,DF,Spezia,27-290,1995,17.9,35,21,19,9,7,13,21,61.9,8,15,3,12,21,56,43,0,Matches
4bd00a50,Panagiotis Retsos,gr GRE,DF,Hellas Verona,24-237,1998,1.4,5,4,2,2,1,3,3,100.0,0,4,1,3,2,7,3,0,Matches
f61c7c4e,Franck Ribéry,fr FRA,MF,Salernitana,39-361,1983,0.4,0,0,0,0,0,0,0,,0,1,0,1,0,0,0,0,Matches
9823be92,Samuele Ricci,it ITA,MF,Torino,21-225,2001,14.8,19,11,8,7,4,13,15,86.7,2,15,4,11,12,31,18,1,Matches
f1cfc209,Tomás Rincón,ve VEN,MF,Sampdoria,35-080,1988,19.1,43,21,14,23,6,22,41,53.7,19,24,3,21,22,65,11,0,Matches
1d4e63b6,Pablo Rodríguez,es ESP,"FW,MF",Lecce,21-242,2001,0.6,2,1,2,0,0,0,2,0.0,2,3,0,3,0,2,0,0,Matches
7f78ad23,Ricardo Rodríguez,ch SUI,DF,Torino,30-221,1992,19.7,40,24,23,12,5,20,31,64.5,11,20,11,9,26,66,39,0,Matches
10e7f486,Rogério,br BRA,DF,Sassuolo,25-080,1998,23.3,28,16,17,5,6,12,25,48.0,13,23,5,18,25,53,53,0,Matches
3ead85f9,Alessio Romagnoli,it ITA,DF,Lazio,28-081,1995,23.7,29,13,17,12,0,10,20,50.0,10,26,20,6,26,55,83,0,Matches
09899de8,Simone Romagnoli,it ITA,DF,Lecce,33-053,1990,0.3,1,1,0,1,0,0,0,,0,0,0,0,0,1,2,0,Matches
ca6edaa0,Luka Romero,ar ARG,FW,Lazio,18-136,2004,1.7,0,0,0,0,0,0,3,0.0,3,4,0,4,3,3,1,0,Matches
2a1beb34,Marten de Roon,nl NED,MF,Atalanta,32-005,1991,22.9,49,24,25,22,2,23,52,44.2,29,24,3,21,27,76,45,0,Matches
e58cbfd5,Nicolò Rovella,it ITA,MF,Monza,21-120,2001,12.2,30,22,16,13,1,10,24,41.7,14,14,1,13,30,60,11,0,Matches
e58cbfd5,Nicolò Rovella,it ITA,MF,Juventus,21-120,2001,0.3,1,1,0,1,0,1,1,100.0,0,0,0,0,0,1,0,0,Matches
4b3e1a38,Amir Rrahmani,xk KVX,DF,Napoli,29-038,1994,20.2,29,15,19,10,0,15,21,71.4,6,30,17,13,12,41,63,1,Matches
a378a02a,Ruan,br BRA,DF,Sassuolo,23-300,1999,10.3,24,19,17,6,1,12,15,80.0,3,14,9,5,13,37,53,2,Matches
14b8fcdf,Daniele Rugani,it ITA,DF,Juventus,28-248,1994,3.9,6,0,5,1,0,3,3,100.0,0,4,2,2,4,10,18,0,Matches
ae9898c5,Matteo Ruggeri,it ITA,"DF,MF",Atalanta,20-266,2002,9.2,17,12,5,9,3,8,16,50.0,8,14,3,11,12,29,16,0,Matches
0b5a292a,Mário Rui,pt POR,DF,Napoli,31-311,1991,17.6,31,20,16,11,4,20,38,52.6,18,17,4,13,15,46,23,1,Matches
4830e0af,Abdelhamid Sabiri,ma MAR,MF,Sampdoria,26-126,1996,11.2,17,7,5,8,4,4,13,30.8,9,15,2,13,2,19,5,0,Matches
ee251371,Alexis Saelemaekers,be BEL,"FW,DF",Milan,23-280,1999,10.1,25,17,11,12,2,15,30,50.0,15,9,1,8,9,34,9,0,Matches
da5a981b,Jacopo Sala,it ITA,MF,Spezia,31-119,1991,1.2,1,0,1,0,0,0,2,0.0,2,2,0,2,1,2,2,0,Matches
217c93a1,Lazar Samardzic,rs SRB,MF,Udinese,21-038,2002,12.5,21,11,5,12,4,12,27,44.4,15,7,0,7,9,30,10,0,Matches
24eb7ed6,Junior Sambia,fr FRA,DF,Salernitana,26-208,1996,6.5,11,6,6,4,1,6,10,60.0,4,9,3,6,4,15,16,1,Matches
0a447501,Antonio Sanabria,py PAR,FW,Torino,27-030,1996,17.1,8,4,1,3,4,1,5,20.0,4,5,2,3,3,11,4,0,Matches
4295f19c,Leandro Sanca,pt POR,"FW,MF",Spezia,23-089,2000,0.4,1,1,0,0,1,1,1,100.0,0,0,0,0,0,1,0,0,Matches
0d82903c,Alex Sandro,br BRA,DF,Juventus,32-067,1991,16.2,23,13,10,12,1,9,15,60.0,6,19,8,11,13,36,48,0,Matches
7eb97a8e,Nicola Sansone,it ITA,FW,Bologna,31-205,1991,5.8,7,4,4,2,1,4,7,57.1,3,0,0,0,0,7,2,0,Matches
3bb7af3b,Riccardo Saponara,it ITA,FW,Fiorentina,31-103,1991,10.9,10,5,3,6,1,5,9,55.6,4,6,1,5,4,14,8,0,Matches
86383d0e,Martin Satriano,uy URU,FW,Empoli,22-042,2001,18.0,13,8,5,6,2,6,12,50.0,6,5,0,5,3,16,19,0,Matches
1e9aa637,Giorgio Scalvini,it ITA,DF,Atalanta,19-113,2003,17.4,39,20,23,10,6,22,38,57.9,16,24,10,14,34,73,42,1,Matches
2cfae697,Jerdy Schouten,nl NED,MF,Bologna,26-081,1997,19.2,44,27,20,22,2,19,33,57.6,14,33,14,19,34,78,36,1,Matches
e613313c,Perr Schuurs,nl NED,DF,Torino,23-128,1999,18.1,34,16,19,11,4,10,17,58.8,7,20,11,9,19,53,78,0,Matches
16463a79,Demba Seck,sn SEN,"FW,MF",Torino,22-052,2001,4.3,5,2,3,2,0,2,2,100.0,0,3,1,2,1,6,1,0,Matches
3cb132e6,Jacopo Segre,it ITA,DF,Torino,26-045,1997,0.2,0,0,0,0,0,0,0,,0,0,0,0,0,0,0,0,Matches
b6baba31,Vivaldo Semedo,pt POR,FW,Udinese,18-065,2005,0.0,0,0,0,0,0,0,0,,0,0,0,0,0,0,0,0,Matches
b70bde8f,Stefano Sensi,it ITA,MF,Monza,27-241,1995,15.5,39,25,24,12,3,17,41,41.5,24,12,2,10,16,55,3,0,Matches
343f753a,Luigi Sepe,it ITA,GK,Salernitana,31-330,1991,17.0,0,0,0,0,0,0,1,0.0,1,0,0,0,0,0,0,0,Matches
dd7febd8,Leonardo Sernicola,it ITA,DF,Cremonese,25-247,1997,19.8,34,23,18,10,6,20,30,66.7,10,15,3,12,27,61,34,0,Matches
d3aaad90,Stephan El Shaarawy,it ITA,"DF,MF",Roma,30-158,1992,11.3,14,8,5,7,2,4,15,26.7,11,8,1,7,13,27,8,0,Matches
57469b2d,Eldor Shomurodov,uz UZB,FW,Spezia,27-278,1995,5.0,2,2,1,0,1,0,5,0.0,5,3,0,3,1,3,3,0,Matches
57469b2d,Eldor Shomurodov,uz UZB,FW,Roma,27-278,1995,1.3,1,0,1,0,0,0,2,0.0,2,1,0,1,1,2,0,0,Matches
0d422df7,Marco Silvestri,it ITA,GK,Udinese,32-032,1991,28.0,2,1,2,0,0,2,3,66.7,1,0,0,0,1,3,7,1,Matches
343c0d52,Giovanni Simeone,ar ARG,FW,Napoli,27-272,1995,3.4,12,3,3,5,4,3,8,37.5,5,1,1,0,1,13,3,0,Matches
8b609c34,Wilfried Singo,ci CIV,DF,Torino,22-099,2000,15.4,21,14,11,8,2,9,12,75.0,3,11,1,10,8,29,25,1,Matches
10dc46f0,Salvatore Sirigu,it ITA,GK,Fiorentina,36-081,1987,1.0,0,0,0,0,0,0,0,,0,0,0,0,0,0,1,0,Matches
b35a7399,Leo Skiri Østigård,no NOR,DF,Napoli,23-126,1999,2.7,4,1,3,1,0,1,1,100.0,0,0,0,0,4,8,10,0,Matches
ab4449d6,Łukasz Skorupski,pl POL,GK,Bologna,31-333,1991,27.0,2,1,2,0,0,1,2,50.0,1,0,0,0,0,2,13,1,Matches
30f5ffa9,Milan Škriniar,sk SVK,DF,Inter,28-051,1995,19.7,29,18,14,11,4,18,32,56.3,14,18,13,5,13,42,46,3,Matches
b6964eb6,Chris Smalling,eng ENG,DF,Roma,33-132,1989,26.7,21,12,13,8,0,9,17,52.9,8,41,30,11,37,58,112,0,Matches
78f13530,Ola Solbakken,no NOR,"MF,FW",Roma,24-208,1998,1.4,0,0,0,0,0,0,2,0.0,2,0,0,0,1,1,2,0,Matches
28f66c2e,Brandon Soppy,fr FRA,DF,Udinese,21-041,2002,1.0,1,1,0,1,0,0,0,,0,4,0,4,1,2,1,0,Matches
28f66c2e,Brandon Soppy,fr FRA,DF,Atalanta,21-041,2002,6.3,7,4,3,4,0,2,7,28.6,5,8,0,8,2,9,7,0,Matches
9d4c45d6,Roberto Soriano,it ITA,"FW,MF",Bologna,32-054,1991,14.2,29,15,9,14,6,13,24,54.2,11,23,2,21,5,34,14,0,Matches
50841bef,Joaquin Sosa,uy URU,DF,Bologna,21-083,2002,6.6,6,2,5,1,0,4,16,25.0,12,5,3,2,5,11,30,0,Matches
94816803,Riccardo Sottil,it ITA,FW,Fiorentina,23-304,1999,5.3,0,0,0,0,0,0,1,0.0,1,1,0,1,0,0,0,0,Matches
c13ddd3e,Matìas Soulé,ar ARG,"MF,DF",Juventus,19-353,2003,3.6,4,3,1,1,2,2,3,66.7,1,3,0,3,3,7,1,0,Matches
7b075c75,Adama Soumaoro,fr FRA,DF,Bologna,30-289,1992,16.7,18,11,7,9,2,3,4,75.0,1,13,9,4,15,33,56,1,Matches
3626daea,Leonardo Spinazzola,it ITA,DF,Roma,30-009,1993,14.5,11,6,5,4,2,6,16,37.5,10,11,3,8,7,18,23,0,Matches
ac4003af,Marco Sportiello,it ITA,GK,Atalanta,30-328,1992,6.9,1,0,1,0,0,1,2,50.0,1,0,0,0,0,1,1,0,Matches
13b44b02,Petar Stojanović,si SVN,DF,Empoli,27-178,1995,15.3,38,20,24,10,4,23,39,59.0,16,15,4,11,11,49,52,0,Matches
674cfc5a,Gabriel Strefezza,br BRA,FW,Lecce,25-350,1997,19.5,38,19,15,17,6,18,34,52.9,16,24,2,22,12,50,14,0,Matches
2cb9486d,Dávid Strelec,sk SVK,FW,Spezia,21-364,2001,1.9,2,2,0,1,1,2,2,100.0,0,0,0,0,0,2,0,0,Matches
f573a8bf,Isaac Success,ng NGA,FW,Udinese,27-086,1996,17.9,8,4,2,5,1,3,7,42.9,4,12,2,10,4,12,16,0,Matches
230c3f3a,Ibrahim Sulemana,gh GHA,MF,Hellas Verona,19-316,2003,4.0,11,7,6,4,1,3,5,60.0,2,3,2,1,7,18,8,0,Matches
01b8a2b2,Wojciech Szczęsny,pl POL,GK,Juventus,32-350,1990,19.5,1,0,1,0,0,0,1,0.0,1,0,0,0,0,1,5,0,Matches
eb3022c3,Benjamin Tahirovic,ba BIH,MF,Roma,20-031,2003,1.5,2,2,2,0,0,1,4,25.0,3,4,0,4,2,4,1,0,Matches
8da74c05,Adrien Tameze,cm CMR,MF,Hellas Verona,29-058,1994,24.3,37,21,16,17,4,18,44,40.9,26,39,11,28,26,63,44,2,Matches
b056e3da,Ciprian Tătărușanu,ro ROU,GK,Milan,37-053,1986,16.0,0,0,0,0,0,0,0,,0,0,0,0,1,1,2,0,Matches
5cbb5ad6,Filippo Terracciano,it ITA,"DF,MF",Hellas Verona,20-054,2003,6.1,11,8,5,4,2,7,11,63.6,4,4,3,1,6,17,11,0,Matches
e1b0a70d,Pietro Terracciano,it ITA,GK,Fiorentina,33-026,1990,24.0,2,1,2,0,0,2,2,100.0,0,0,0,0,1,3,11,0,Matches
3ef0a2d7,Aleksa Terzić,rs SRB,DF,Fiorentina,23-229,1999,5.6,10,6,6,3,1,7,13,53.8,6,10,3,7,4,14,8,0,Matches
2b9fdeea,Florian Thauvin,fr FRA,"FW,MF",Udinese,30-067,1993,3.0,1,0,0,1,0,1,4,25.0,3,2,0,2,1,2,1,0,Matches
ff5ea0bf,Malick Thiaw,de GER,DF,Milan,21-238,2001,7.6,18,15,14,4,0,7,12,58.3,5,9,5,4,5,23,38,1,Matches
76ff8d0d,Kristian Thorstvedt,no NOR,MF,Sassuolo,24-021,1999,11.1,14,7,4,8,2,5,13,38.5,8,14,3,11,12,26,13,0,Matches
a96e5dc0,Jeremy Toljan,de GER,DF,Sassuolo,28-238,1994,20.7,28,20,15,10,3,15,22,68.2,7,20,8,12,13,41,36,1,Matches
c56dc39e,Rafael Tolói,it ITA,DF,Atalanta,32-175,1990,21.9,40,28,22,18,0,21,41,51.2,20,28,12,16,46,86,60,1,Matches
7edfbb8a,Fikayo Tomori,eng ENG,DF,Milan,25-105,1997,23.4,59,29,37,21,1,16,26,61.5,10,34,18,16,24,83,58,0,Matches
0db169ae,Sandro Tonali,it ITA,MF,Milan,22-330,2000,22.4,47,30,25,18,4,20,32,62.5,12,23,8,15,21,68,17,1,Matches
7ed4921e,William Troost-Ekong,ng NGA,DF,Salernitana,29-214,1993,2.9,9,3,7,2,0,5,6,83.3,1,3,2,1,3,12,3,0,Matches
0588a092,Frank Tsadjout,it ITA,"FW,MF",Cremonese,23-249,1999,7.5,8,6,3,4,1,2,4,50.0,2,5,1,4,6,14,4,0,Matches
26c54058,Alessandro Tuia,it ITA,DF,Lecce,32-299,1990,4.7,9,5,6,3,0,2,6,33.3,4,1,0,1,13,22,20,0,Matches
14ae023f,Martin Turk,si SVN,GK,Sampdoria,19-225,2003,2.0,0,0,0,0,0,0,0,,0,0,0,0,0,0,1,0,Matches
7cd520e8,Iyenoma Udogie,it ITA,DF,Udinese,20-126,2002,23.0,61,37,36,20,5,29,49,59.2,20,28,5,23,25,86,22,0,Matches
3eed9821,Samuel Umtiti,fr FRA,DF,Lecce,29-140,1993,13.5,36,22,16,20,0,14,19,73.7,5,15,9,6,17,53,46,0,Matches
71005acd,Diego Valencia,cl CHI,"MF,FW",Salernitana,23-079,2000,2.6,8,5,4,2,2,2,9,22.2,7,10,1,9,1,9,2,0,Matches
ec52b661,Emanuele Valeri,it ITA,DF,Cremonese,24-117,1998,23.1,40,19,23,14,3,22,50,44.0,28,11,2,9,13,53,35,0,Matches
c414df9d,Mattia Valoti,it ITA,MF,Monza,29-209,1993,3.0,10,6,3,6,1,4,9,44.4,5,7,3,4,2,12,4,0,Matches
5eaed77a,Johan Vásquez,mx MEX,DF,Cremonese,24-163,1998,12.0,20,13,18,2,0,11,23,47.8,12,17,12,5,23,43,60,1,Matches
44ac04e9,Matías Vecino,uy URU,MF,Lazio,31-222,1991,14.2,37,22,10,19,8,19,32,59.4,13,25,8,17,13,50,29,0,Matches
ab1ca213,Miguel Veloso,pt POR,MF,Hellas Verona,36-327,1986,10.8,22,6,14,7,1,11,21,52.4,10,23,5,18,5,27,11,0,Matches
983ff2c7,Lorenzo Venuti,it ITA,DF,Fiorentina,27-356,1995,6.8,14,6,6,7,1,9,13,69.2,4,3,2,1,4,18,14,2,Matches
d3298c99,Daniele Verde,it ITA,"FW,MF",Spezia,26-287,1996,8.2,2,2,2,0,0,1,2,50.0,1,5,0,5,7,9,2,0,Matches
0375723e,Simone Verdi,it ITA,MF,Hellas Verona,30-265,1992,7.0,12,7,6,3,3,4,8,50.0,4,6,0,6,0,12,2,0,Matches
33ecf462,Valerio Verre,it ITA,MF,Sampdoria,29-082,1994,7.5,14,7,6,5,3,8,17,47.1,9,9,1,8,9,23,3,0,Matches
77d6fd4d,Guglielmo Vicario,it ITA,GK,Empoli,26-178,1996,24.0,0,0,0,0,0,0,1,0.0,1,0,0,0,0,0,12,2,Matches
75e60d75,Ronaldo Vieira,gw GNB,MF,Torino,24-258,1998,0.2,,0,,,,,,,,,,,0,,,,Matches
75e60d75,Ronaldo Vieira,gw GNB,MF,Sampdoria,24-258,1998,9.1,,10,,,,,,,,,,,13,,,,Matches
ec5dae45,Emanuel Vignato,it ITA,"MF,FW",Bologna,22-222,2000,2.7,4,4,2,2,0,2,4,50.0,2,2,0,2,3,7,0,0,Matches
ec5dae45,Emanuel Vignato,it ITA,"FW,MF",Empoli,22-222,2000,0.3,2,0,2,0,0,0,0,,0,0,0,0,0,2,0,0,Matches
a14d0ab0,Samuele Vignato,it ITA,"FW,MF",Monza,19-038,2004,0.2,0,0,0,0,0,0,0,,0,0,0,0,0,0,0,0,Matches
c7069d87,Tonny Vilhena,nl NED,MF,Salernitana,28-090,1995,18.4,36,19,10,22,4,14,32,43.8,18,12,5,7,11,47,16,0,Matches
bdc74a8f,Gonzalo Villar,es ESP,MF,Sampdoria,25-011,1998,7.7,13,7,4,8,1,7,15,46.7,8,11,3,8,4,17,9,1,Matches
08eb3b58,Matías Viña,uy URU,DF,Roma,25-145,1997,0.6,3,1,1,1,1,1,3,33.3,2,5,1,4,2,5,5,0,Matches
79443529,Dušan Vlahović,rs SRB,FW,Juventus,23-065,2000,16.6,7,4,0,3,4,3,7,42.9,4,7,2,5,3,10,6,1,Matches
aa8e289e,Nikola Vlašić,hr CRO,"MF,FW",Torino,25-181,1997,21.4,24,16,7,12,5,9,19,47.4,10,16,1,15,4,28,8,0,Matches
b3ef6517,Joel Voelkerling Persson,se SWE,FW,Lecce,20-078,2003,0.7,1,1,0,0,1,0,0,,0,1,0,1,0,1,0,0,Matches
be2706c0,Mërgim Vojvoda,xk KVX,DF,Torino,28-061,1995,13.1,18,10,12,5,1,10,16,62.5,6,6,1,5,8,26,23,1,Matches
72f87f25,Cristian Volpato,it ITA,MF,Roma,19-139,2003,2.3,3,2,1,1,1,0,1,0.0,1,2,0,2,2,5,0,0,Matches
f052fb01,Lukáš Vorlický,cz CZE,"MF,FW",Atalanta,21-075,2002,0.3,0,0,0,0,0,0,0,,0,0,0,0,1,1,0,0,Matches
f86cd5df,Aster Vranckx,be BEL,MF,Milan,20-181,2002,0.8,2,2,0,1,1,1,2,50.0,1,2,1,1,0,2,1,0,Matches
d0d8dd44,Stefan de Vrij,nl NED,DF,Inter,31-057,1992,14.9,21,12,14,7,0,6,11,54.5,5,9,6,3,30,51,53,0,Matches
26db8853,Walace,br BRA,MF,Udinese,27-364,1995,26.1,65,33,32,26,7,34,72,47.2,38,37,10,27,38,103,37,0,Matches
217875a4,Sebastian Walukiewicz,pl POL,DF,Empoli,22-363,2000,1.8,2,1,1,1,0,0,1,0.0,1,3,3,0,1,3,12,0,Matches
eb58eef0,Georginio Wijnaldum,nl NED,MF,Roma,32-143,1990,4.8,1,1,0,1,0,0,1,0.0,1,2,0,2,2,3,2,0,Matches
2f7acede,Harry Winks,eng ENG,MF,Sampdoria,27-060,1996,10.3,17,10,2,13,2,10,29,34.5,19,6,4,2,11,28,10,0,Matches
1bfe5ac9,Przemysław Wiśniewski,pl POL,DF,Spezia,24-250,1998,1.1,0,0,0,0,0,0,0,,0,5,2,3,1,1,9,0,Matches
ee9040b4,Gerard Yepes,es ESP,MF,Sampdoria,20-221,2002,2.2,5,3,2,3,0,1,3,33.3,2,3,0,3,4,9,3,0,Matches
d85c238b,Mattia Zaccagni,it ITA,FW,Lazio,27-291,1995,22.0,30,19,14,12,4,7,17,41.2,10,27,3,24,18,48,8,1,Matches
384d58d9,Denis Zakaria,ch SUI,MF,Juventus,26-134,1996,1.4,6,3,1,4,1,2,2,100.0,0,2,0,2,2,8,1,0,Matches
45191c29,Nicola Zalewski,pl POL,DF,Roma,21-070,2002,17.0,31,16,17,11,3,15,48,31.3,33,23,1,22,21,52,14,0,Matches
6bb2c084,Andre-Frank Zambo Anguissa,cm CMR,MF,Napoli,27-138,1995,24.3,45,27,14,24,7,14,49,28.6,35,40,3,37,31,76,20,0,Matches
5e834dce,Luca Zanimacchia,it ITA,"MF,FW",Cremonese,24-258,1998,8.3,21,13,11,6,4,8,21,38.1,13,9,0,9,9,30,5,0,Matches
9907b1c8,Nicolò Zaniolo,it ITA,"MF,FW",Roma,23-275,1999,9.9,7,5,2,4,1,2,7,28.6,5,11,0,11,2,9,0,0,Matches
3b12b11f,Alessandro Zanoli,it ITA,DF,Sampdoria,22-182,2000,7.8,3,2,2,1,0,1,2,50.0,1,5,4,1,5,8,16,0,Matches
3b12b11f,Alessandro Zanoli,it ITA,DF,Napoli,22-182,2000,0.1,1,0,0,1,0,0,0,,0,0,0,0,0,1,1,0,Matches
875d65d1,Mattia Zanotti,it ITA,DF,Inter,20-082,2003,0.0,0,0,0,0,0,0,0,,0,0,0,0,0,0,0,0,Matches
d3de9af0,Duván Zapata,co COL,FW,Atalanta,32-002,1991,10.0,1,1,0,0,1,1,2,50.0,1,3,0,3,1,2,12,0,Matches
7fe90ccd,Davide Zappacosta,it ITA,"DF,MF",Atalanta,30-296,1992,6.9,15,9,6,7,2,5,6,83.3,1,10,1,9,5,20,8,0,Matches
2f45300d,Karim Zedadka,fr FRA,DF,Napoli,22-298,2000,0.0,0,0,0,0,0,0,0,,0,0,0,0,0,0,0,0,Matches
58a2e9f6,Deyovaisio Zeefuik,nl NED,DF,Hellas Verona,25-023,1998,0.1,1,1,0,1,0,0,0,,0,0,0,0,0,1,0,0,Matches
8abd0c03,Marvin Zeegelaar,nl NED,DF,Udinese,32-234,1990,1.0,2,1,1,1,0,1,1,100.0,0,1,0,1,1,3,2,0,Matches
d19ef4ef,Alessio Zerbin,it ITA,"FW,MF",Napoli,24-031,1999,0.7,8,3,4,3,1,3,4,75.0,1,2,0,2,0,8,2,0,Matches
a5296e55,Piotr Zieliński,pl POL,MF,Napoli,28-318,1994,19.8,13,8,1,9,3,9,17,52.9,8,11,4,7,14,27,6,0,Matches
acf7e795,David Zima,cz CZE,DF,Torino,22-146,2000,4.5,9,5,5,4,0,3,4,75.0,1,7,2,5,9,18,11,2,Matches
028e70b9,Joshua Zirkzee,nl NED,FW,Bologna,21-316,2001,5.9,3,1,0,1,2,2,5,40.0,3,1,1,0,4,7,3,0,Matches
cc1a0c57,Jeroen Zoet,nl NED,GK,Spezia,32-087,1991,1.7,1,1,1,0,0,1,1,100.0,0,0,0,0,0,1,0,0,Matches
82598b71,Nadir Zortea,it ITA,"DF,MF",Atalanta,23-288,1999,2.5,10,5,3,7,0,3,4,75.0,1,4,0,4,0,10,4,0,Matches
82598b71,Nadir Zortea,it ITA,DF,Sassuolo,23-288,1999,5.0,12,7,9,2,1,8,10,80.0,2,6,3,3,3,15,17,0,Matches
54f6afe3,Petar Zovko,ba BIH,GK,Spezia,21-009,2002,0.8,1,0,1,0,0,1,1,100.0,0,0,0,0,0,1,0,0,Matches
4e1d5e59,Szymon Żurkowski,pl POL,MF,Fiorentina,25-190,1997,0.4,0,0,0,0,0,0,0,,0,0,0,0,0,0,0,0,Matches
4e1d5e59,Szymon Żurkowski,pl POL,MF,Spezia,25-190,1997,1.7,5,3,1,3,1,1,5,20.0,4,1,1,0,2,7,3,0,Matches
405f6586,Milan Đurić,ba BIH,FW,Hellas Verona,32-316,1990,8.5,2,1,1,0,1,1,1,100.0,0,5,3,2,0,2,13,0,Matches
eccbe56a,Filip Đuričić,rs SRB,"MF,FW",Sampdoria,31-063,1992,19.1,36,19,14,18,4,10,25,40.0,15,14,4,10,6,42,6,0,Matches
