id,Player,Nation,Pos,Squad,Age,Born,90s,Tkl,TklW,Def 3rd,Mid 3rd,Att 3rd,Tkl.1,Att,Tkl%,Lost,Blocks,Sh,Pass,Int,Tkl+Int,Clr,Err,Matches
8f5cdf66,Oliver Abildgaard,dk DEN,"MF,DF",Hellas Verona,26-282,1996,0.9,2,2,1,0,1,1,4,25.0,3,2,0,2,1,3,3,0,Matches
f586779e,Tammy Abraham,eng ENG,FW,Roma,25-168,1997,19.1,13,7,3,6,4,4,12,33.3,8,10,4,6,3,16,9,0,Matches
771a2cfe,Christian Acella,it ITA,MF,Cremonese,20-255,2002,0.2,1,0,1,0,0,0,2,0.0,2,0,0,0,0,1,0,0,Matches
b96b595c,Francesco Acerbi,it ITA,DF,Inter,35-037,1988,16.8,24,12,16,4,4,15,20,75.0,5,13,7,6,22,46,52,0,Matches
26777636,Yacine Adli,fr FRA,"MF,FW",Milan,22-233,2000,1.4,6,3,2,4,0,2,2,100.0,0,2,0,2,1,7,1,0,Matches
f9c927de,Michel Aebischer,ch SUI,"FW,MF",Bologna,26-072,1997,11.2,8,3,2,3,3,2,10,20.0,8,11,2,9,5,13,6,0,Matches
0154d290,Felix Afena-Gyan,gh GHA,"FW,MF",Cremonese,20-059,2003,6.7,6,3,4,1,1,2,7,28.6,5,4,1,3,1,7,3,0,Matches
46fa7204,Kevin Agudelo,co COL,"MF,FW",Spezia,24-125,1998,19.9,58,29,16,24,18,20,48,41.7,28,33,5,28,9,67,6,0,Matches
246d153b,Ola Aina,ng NGA,DF,Torino,26-162,1996,8.8,15,11,5,7,3,8,14,57.1,6,11,2,9,9,24,26,0,Matches
d810c13b,Emanuel Aiwum,at AUT,DF,Cremonese,22-084,2000,14.4,46,27,27,17,2,27,38,71.1,11,20,12,8,22,68,44,1,Matches
fdf4b948,Jean-Daniel Akpa-Akpro,ci CIV,MF,Empoli,30-159,1992,10.2,36,27,18,13,5,12,21,57.1,9,28,4,24,12,48,23,0,Matches
5294a83f,Luis Alberto,es ESP,MF,Lazio,30-172,1992,15.4,25,13,12,10,3,11,40,27.5,29,23,5,18,6,31,1,0,Matches
ab472696,Agustín Álvarez Martínez,uy URU,"FW,MF",Sassuolo,21-304,2001,3.5,5,2,0,4,1,1,3,33.3,2,4,1,3,3,8,3,0,Matches
bcc81786,Kelvin Amian,fr FRA,DF,Spezia,25-039,1998,16.7,37,22,20,10,7,16,20,80.0,4,21,8,13,18,55,51,1,Matches
2df7cc43,Bruno Amione,ar ARG,DF,Hellas Verona,21-075,2002,0.6,1,1,1,0,0,1,2,50.0,1,1,0,1,0,1,4,0,Matches
2df7cc43,Bruno Amione,ar ARG,DF,Sampdoria,21-075,2002,13.8,35,23,25,10,0,16,23,69.6,7,17,8,9,17,52,34,1,Matches
10b9fa99,Ethan Ampadu,wls WAL,"DF,MF",Spezia,22-186,2000,20.1,51,29,23,24,4,13,28,46.4,15,32,13,19,26,77,61,0,Matches
5a2cb25d,Sofyan Amrabat,ma MAR,MF,Fiorentina,26-210,1996,17.4,28,17,13,9,6,13,24,54.2,11,21,5,16,19,47,13,2,Matches
9f1893b9,Felipe Anderson,br BRA,FW,Lazio,29-338,1993,22.4,51,33,17,29,5,19,48,39.6,29,37,3,34,16,67,16,0,Matches
38d9ce53,Janis Antiste,fr FRA,FW,Sassuolo,20-213,2002,0.6,1,0,1,0,0,1,1,100.0,0,0,0,0,0,1,0,0,Matches
108fe016,Marcos Antônio,br BRA,MF,Lazio,22-279,2000,3.5,5,4,3,2,0,5,9,55.6,4,2,0,2,3,8,11,0,Matches
8f68aa41,Valentin Antov,bg BUL,DF,Monza,22-130,2000,2.2,5,4,3,2,0,1,3,33.3,2,4,3,1,0,5,7,1,Matches
00459419,Marko Arnautović,at AUT,FW,Bologna,33-334,1989,13.7,8,5,2,4,2,1,5,20.0,4,9,1,8,2,10,8,0,Matches
963a328b,Tolgay Arslan,de GER,MF,Udinese,32-215,1990,10.3,20,12,9,10,1,8,23,34.8,15,12,0,12,7,27,9,0,Matches
a820e429,Arthur,br BRA,FW,Fiorentina,24-328,1998,10.1,7,2,1,2,4,4,7,57.1,3,6,0,6,0,7,6,0,Matches
e26fcca3,Santiago Ascacíbar,ar ARG,MF,Cremonese,26-022,1997,8.1,30,14,18,10,2,15,32,46.9,17,14,2,12,13,43,11,0,Matches
a69cc629,Kristoffer Askildsen,no NOR,MF,Lecce,22-069,2001,6.9,7,3,2,3,2,4,8,50.0,4,11,3,8,10,17,6,0,Matches
0fdcef0e,Kristjan Asllani,al ALB,MF,Inter,21-010,2002,3.3,7,4,0,5,2,4,4,100.0,0,2,0,2,1,8,3,0,Matches
649b01d8,Emil Audero,it ITA,GK,Sampdoria,26-060,1997,25.0,0,0,0,0,0,0,2,0.0,2,0,0,0,0,0,7,1,Matches
3cd3b384,Tommaso Augello,it ITA,DF,Sampdoria,28-201,1994,22.0,11,8,7,2,2,5,9,55.6,4,17,7,10,8,19,38,1,Matches
2200181e,Kaan Ayhan,tr TUR,DF,Sassuolo,28-129,1994,6.1,10,4,6,4,0,7,7,100.0,0,5,4,1,5,15,26,1,Matches
dfd24c07,Jaime Báez,uy URU,DF,Cremonese,27-328,1995,1.1,4,2,3,0,1,3,6,50.0,3,0,0,0,0,4,2,1,Matches
f42d6c13,Nedim Bajrami,al ALB,"MF,FW",Empoli,24-019,1999,10.5,8,4,3,3,2,4,6,66.7,2,5,0,5,7,15,4,0,Matches
f42d6c13,Nedim Bajrami,al ALB,FW,Sassuolo,24-019,1999,3.5,4,1,2,2,0,2,5,40.0,3,4,1,3,4,8,2,0,Matches
59bf127b,Tiemoué Bakayoko,fr FRA,MF,Milan,28-214,1994,0.4,3,3,3,0,0,1,1,100.0,0,0,0,0,0,3,0,0,Matches
102e2599,Tommaso Baldanzi,it ITA,MF,Empoli,19-361,2003,12.9,19,9,7,11,1,5,22,22.7,17,12,1,11,2,21,4,0,Matches
f449640d,Fodé Ballo-Touré,sn SEN,DF,Milan,26-075,1997,3.2,7,3,2,5,0,4,5,80.0,1,8,3,5,1,8,1,0,Matches
8a6de8c7,Lameck Banda,zm ZAM,"FW,MF",Lecce,22-049,2001,13.1,23,14,9,11,3,10,29,34.5,19,20,2,18,3,26,2,0,Matches
d44360be,Filippo Bandinelli,it ITA,MF,Empoli,27-355,1995,19.3,44,28,15,21,8,12,29,41.4,17,17,5,12,10,54,29,0,Matches
01efac19,Antonín Barák,cz CZE,MF,Hellas Verona,28-106,1994,0.3,0,0,0,0,0,0,0,,0,0,0,0,0,0,0,0,Matches
01efac19,Antonín Barák,cz CZE,MF,Fiorentina,28-106,1994,13.7,16,9,5,5,6,4,10,40.0,6,12,1,11,3,19,10,0,Matches
32ebfe1e,Andrea Barberis,it ITA,MF,Monza,29-098,1993,3.5,6,2,4,2,0,4,9,44.4,5,0,0,0,8,14,1,0,Matches
6928979a,Nicolò Barella,it ITA,MF,Inter,26-040,1997,21.6,31,18,14,14,3,17,33,51.5,16,21,4,17,8,39,9,0,Matches
6caffe81,Enzo Barrenechea,ar ARG,MF,Juventus,21-301,2001,1.3,8,3,3,4,1,3,5,60.0,2,2,0,2,2,10,2,0,Matches
e5bf73f3,Musa Barrow,gm GAM,"FW,MF",Bologna,24-125,1998,13.3,13,2,5,5,3,5,7,71.4,2,15,1,14,1,14,4,0,Matches
5a08ee41,Federico Baschirotto,it ITA,DF,Lecce,26-180,1996,25.0,25,19,22,3,0,8,12,66.7,4,29,19,10,29,54,137,0,Matches
80556f08,Toma Bašić,hr CRO,MF,Lazio,26-114,1996,4.7,5,3,3,1,1,2,5,40.0,3,9,0,9,7,12,6,0,Matches
75b86fb3,Alessandro Bastoni,it ITA,DF,Inter,23-340,1999,18.1,35,17,17,11,7,10,19,52.6,9,18,6,12,20,55,35,0,Matches
1ac232b8,Simone Bastoni,it ITA,"MF,DF",Spezia,26-134,1996,10.5,37,18,16,16,5,9,19,47.4,10,16,4,12,7,44,9,0,Matches
78e6bf2c,Brian Bayeye,fr FRA,DF,Torino,22-262,2000,0.6,3,0,3,0,0,1,1,100.0,0,1,1,0,1,4,2,0,Matches
19e4eab9,Rodrigo Becão,br BRA,DF,Udinese,27-059,1996,20.7,62,30,46,13,3,37,46,80.4,9,37,21,16,16,78,54,1,Matches
e892c325,Julius Beck,dk DEN,MF,Spezia,17-326,2005,0.1,2,1,1,1,0,0,0,,0,0,0,0,0,2,0,0,Matches
e3756e72,Raoul Bellanova,it ITA,"DF,MF",Inter,22-306,2000,1.8,5,2,4,1,0,2,3,66.7,1,2,1,1,3,8,5,0,Matches
d705ba44,Andrea Belotti,it ITA,FW,Roma,29-089,1993,6.1,9,5,3,2,4,3,7,42.9,4,5,1,4,2,11,2,0,Matches
0000acda,Marco Benassi,it ITA,DF,Fiorentina,28-192,1994,1.0,3,3,2,0,1,3,4,75.0,1,0,0,0,1,4,1,0,Matches
0000acda,Marco Benassi,it ITA,MF,Cremonese,28-192,1994,7.4,14,9,6,4,4,10,18,55.6,8,11,0,11,9,23,8,0,Matches
db092d3b,Ismaël Bennacer,dz ALG,MF,Milan,25-108,1997,18.1,54,29,24,28,2,26,36,72.2,10,19,7,12,21,75,14,1,Matches
53a0e358,Domenico Berardi,it ITA,FW,Sassuolo,28-230,1994,13.0,17,11,7,6,4,8,27,29.6,19,9,0,9,12,29,12,0,Matches
61b3978f,Bartosz Bereszyński,pl POL,DF,Sampdoria,30-250,1992,13.3,28,18,15,11,2,17,26,65.4,9,18,4,14,21,49,25,0,Matches
ed5c0319,Beto,gw GNB,FW,Udinese,25-047,1998,19.0,15,9,0,9,6,4,15,26.7,11,14,1,13,3,18,23,0,Matches
b3a20f18,Matteo Bianchetti,it ITA,DF,Cremonese,30-002,1993,18.8,25,14,16,7,2,16,27,59.3,11,25,15,10,16,41,91,0,Matches
d65cf468,Alessandro Bianco,it ITA,MF,Fiorentina,20-169,2002,1.2,3,1,1,2,0,2,2,100.0,0,1,0,1,0,3,0,0,Matches
6fdac234,Jaka Bijol,si SVN,DF,Udinese,24-042,1999,20.4,23,15,19,4,0,10,16,62.5,6,31,17,14,22,45,132,0,Matches
9e1577aa,Cristiano Biraghi,it ITA,DF,Fiorentina,30-199,1992,21.0,45,27,20,22,3,25,41,61.0,16,19,5,14,8,53,31,1,Matches
204ac005,Samuele Birindelli,it ITA,DF,Monza,23-243,1999,12.1,25,13,15,8,2,16,22,72.7,6,21,7,14,13,38,23,0,Matches
79370f8c,Kristijan Bistrović,hr CRO,MF,Lecce,24-344,1998,5.1,3,1,3,0,0,0,5,0.0,5,3,0,3,0,3,4,0,Matches
c69ef855,Alexis Blin,fr FRA,"MF,DF",Lecce,26-184,1996,17.1,46,23,18,20,8,25,42,59.5,17,34,11,23,22,68,60,0,Matches
fe012aca,Jeremie Boga,ci CIV,"MF,FW",Atalanta,26-075,1997,6.5,5,3,2,0,3,1,3,33.3,2,5,0,5,1,6,1,0,Matches
c83c203f,Emil Bohinen,no NOR,MF,Salernitana,24-007,1999,5.5,17,10,10,5,2,8,11,72.7,3,11,4,7,10,27,12,0,Matches
d995ed27,Giacomo Bonaventura,it ITA,MF,Fiorentina,33-209,1989,17.2,32,20,14,14,4,21,33,63.6,12,10,0,10,15,47,4,1,Matches
bf57eaab,Federico Bonazzoli,it ITA,"FW,MF",Salernitana,25-302,1997,11.9,3,1,0,1,2,0,9,0.0,9,9,1,8,3,6,0,0,Matches
0def2376,Warren Bondo,fr FRA,MF,Monza,19-185,2003,0.7,1,0,1,0,0,0,0,,0,1,0,1,0,1,0,0,Matches
fb77bfef,Kevin Bonifazi,it ITA,DF,Bologna,26-304,1996,4.6,6,4,4,2,0,3,6,50.0,3,6,4,2,6,12,21,0,Matches
52ec54d0,Leonardo Bonucci,it ITA,DF,Juventus,35-322,1987,7.7,5,4,1,4,0,2,4,50.0,2,10,7,3,9,14,24,0,Matches
3d13d9e4,Erik Botheim,no NOR,FW,Salernitana,23-068,2000,3.9,4,3,0,2,2,2,2,100.0,0,1,0,1,0,4,1,0,Matches
0d077b88,Mehdi Bourabia,ma MAR,MF,Spezia,31-224,1991,23.2,34,15,12,17,5,16,32,50.0,16,32,12,20,26,60,42,0,Matches
ae94a6c5,Edoardo Bove,it ITA,MF,Roma,20-307,2002,3.7,12,5,3,6,3,6,15,40.0,9,6,1,5,2,14,6,0,Matches
c609e90e,Jayden Braaf,nl NED,"MF,FW",Hellas Verona,20-200,2002,1.6,3,2,2,1,0,0,0,,0,1,0,1,2,5,0,0,Matches
8bbe2df5,Domagoj Bradarić,hr CRO,DF,Salernitana,23-099,1999,17.1,16,11,8,6,2,7,12,58.3,5,13,3,10,14,30,33,0,Matches
d4a2533d,Josip Brekalo,hr CRO,FW,Fiorentina,24-269,1998,0.7,0,0,0,0,0,0,1,0.0,1,0,0,0,0,0,0,0,Matches
5fd5ed86,Gleison Bremer,br BRA,DF,Juventus,26-001,1997,21.4,20,14,16,3,1,13,17,76.5,4,36,20,16,32,52,87,2,Matches
edd81e2a,Dylan Bronn,tn TUN,DF,Salernitana,27-273,1995,15.8,31,16,17,13,1,19,29,65.5,10,30,19,11,18,49,49,1,Matches
33b8d077,Marcelo Brozović,hr CRO,MF,Inter,30-123,1992,10.3,16,9,5,11,0,3,15,20.0,12,13,4,9,16,32,16,0,Matches
f3a9fa26,Cristian Buonaiuto,it ITA,"MF,FW",Cremonese,30-080,1992,6.6,13,6,3,5,5,6,12,50.0,6,8,0,8,9,22,4,0,Matches
4ae67f27,Alessandro Buongiorno,it ITA,DF,Torino,23-286,1999,19.0,26,15,15,11,0,12,19,63.2,7,25,14,11,40,66,61,2,Matches
ef6eef89,Juan Cabal,co COL,DF,Hellas Verona,22-070,2001,1.6,2,2,2,0,0,2,2,100.0,0,5,4,1,3,5,5,0,Matches
dd86e8e4,Liberato Cacace,nz NZL,DF,Empoli,22-173,2000,4.3,19,7,10,6,3,8,12,66.7,4,10,5,5,4,23,11,0,Matches
2146785a,Davide Calabria,it ITA,DF,Milan,26-103,1996,11.3,50,26,23,21,6,28,45,62.2,17,14,4,10,18,68,20,0,Matches
ac7e640b,Mattia Caldara,it ITA,DF,Spezia,28-318,1994,12.9,23,14,10,11,2,9,20,45.0,11,20,13,7,15,38,77,2,Matches
226008f1,Luca Caldirola,it ITA,DF,Monza,32-046,1991,18.4,17,8,10,4,3,7,18,38.9,11,18,9,9,18,35,42,0,Matches
cd0fa27b,Hakan Çalhanoğlu,tr TUR,MF,Inter,29-039,1994,20.4,39,22,14,21,4,12,32,37.5,20,24,4,20,22,61,9,1,Matches
13ea2544,Mohamed Camara,gn GUI,MF,Roma,26-019,1997,4.6,10,9,3,6,1,4,9,44.4,5,2,0,2,7,17,4,0,Matches
91ff775f,Nicolò Cambiaghi,it ITA,"FW,MF",Empoli,22-081,2000,6.4,15,11,7,4,4,3,7,42.9,4,9,1,8,4,19,5,0,Matches
247ed022,Andrea Cambiaso,it ITA,DF,Bologna,23-027,2000,18.0,43,24,24,17,2,18,43,41.9,25,20,2,18,21,64,27,1,Matches
b6a1cdf9,Matteo Cancellieri,it ITA,FW,Lazio,21-035,2002,2.6,9,4,5,2,2,4,8,50.0,4,4,0,4,1,10,2,0,Matches
356c9002,Antonio Candreva,it ITA,"DF,MF",Salernitana,36-019,1987,23.1,12,3,11,0,1,10,32,31.3,22,6,2,4,15,27,27,0,Matches
54e53b7e,Gianluca Caprari,it ITA,"MF,FW",Monza,29-232,1993,20.1,14,6,3,9,2,7,19,36.8,12,17,1,16,7,21,3,0,Matches
5bd72174,Francesco Caputo,it ITA,FW,Sampdoria,35-225,1987,12.2,3,1,0,0,3,0,3,0.0,3,0,0,0,1,4,3,0,Matches
5bd72174,Francesco Caputo,it ITA,FW,Empoli,35-225,1987,10.7,2,2,0,1,1,0,0,,0,5,2,3,1,3,4,0,Matches
f7e2af2c,Andrea Carboni,it ITA,DF,Monza,22-043,2001,1.9,3,2,2,0,1,2,5,40.0,3,3,2,1,3,6,2,1,Matches
b033f803,Franco Carboni,it ITA,DF,Monza,19-349,2003,0.6,1,1,1,0,0,0,2,0.0,2,2,0,2,1,2,0,0,Matches
707b98f1,Valentin Carboni,it ITA,"MF,DF",Inter,18-014,2005,0.3,1,1,0,1,0,1,3,33.3,2,1,0,1,0,1,0,0,Matches
8d3cd59d,Carlos,br BRA,DF,Monza,24-071,1999,23.3,38,19,22,11,5,17,29,58.6,12,14,4,10,14,52,55,1,Matches
8ec56e62,Marco Carnesecchi,it ITA,GK,Cremonese,22-261,2000,18.0,0,0,0,0,0,0,1,0.0,1,0,0,0,0,0,7,1,Matches
3f5f38fb,Nicolò Casale,it ITA,DF,Lazio,25-033,1998,17.6,32,14,20,12,0,16,25,64.0,9,16,9,7,12,44,47,0,Matches
ad92526f,Michele Castagnetti,it ITA,MF,Cremonese,33-082,1989,8.4,25,13,9,15,1,11,23,47.8,12,7,2,5,10,35,12,0,Matches
0728bebe,Gaetano Castrovilli,it ITA,MF,Fiorentina,26-030,1997,1.4,5,4,0,3,2,1,3,33.3,2,1,0,1,1,6,1,0,Matches
ba3d3bea,Danilo Cataldi,it ITA,MF,Lazio,28-225,1994,17.2,20,12,5,13,2,11,36,30.6,25,18,8,10,19,39,25,0,Matches
4d1efb48,Pietro Ceccaroni,it ITA,DF,Lecce,27-088,1995,0.3,0,0,0,0,0,0,0,,0,1,1,0,3,3,1,0,Matches
d9624b51,Federico Ceccherini,it ITA,DF,Hellas Verona,30-312,1992,11.5,18,14,10,7,1,9,13,69.2,4,11,4,7,10,28,37,0,Matches
07f8bcc8,Assan Ceesay,gm GAM,FW,Lecce,29-002,1994,13.0,20,16,7,6,7,7,11,63.6,4,9,1,8,2,22,21,0,Matches
98a84572,Emil Ceide,no NOR,FW,Sassuolo,21-197,2001,3.7,4,1,4,0,0,3,4,75.0,1,2,0,2,1,5,0,0,Matches
31a62dc7,Zeki Çelik,tr TUR,DF,Roma,26-030,1997,11.3,34,16,17,15,2,21,28,75.0,7,25,5,20,13,47,29,1,Matches
b0f7e36c,Federico Chiesa,it ITA,"DF,MF",Juventus,25-145,1997,4.2,10,5,4,4,2,3,6,50.0,3,4,1,3,0,10,1,0,Matches
c316607a,Vlad Chiricheș,ro ROU,DF,Cremonese,33-125,1989,8.1,27,15,20,6,1,10,17,58.8,7,21,12,9,16,43,30,0,Matches
b09a3ecc,Daniel Ciofani,it ITA,FW,Cremonese,37-231,1985,7.0,5,3,1,2,2,3,5,60.0,2,3,0,3,0,5,3,0,Matches
039a4fb6,Tio Cipot,si SVN,"FW,DF",Spezia,19-333,2003,0.7,5,4,2,1,2,1,2,50.0,1,0,0,0,0,5,1,0,Matches
5de3866c,Patrick Ciurria,it ITA,"DF,MF",Monza,28-038,1995,19.8,25,14,16,8,1,12,25,48.0,13,19,2,17,3,28,24,0,Matches
8b95acda,Omar Colley,gm GAM,DF,Sampdoria,30-146,1992,15.4,17,10,10,7,0,9,12,75.0,3,9,5,4,22,39,69,1,Matches
04df29a5,Lorenzo Colombo,it ITA,FW,Lecce,21-011,2002,12.3,12,4,0,6,6,3,6,50.0,3,16,0,16,2,14,5,0,Matches
6499048c,Andrea Colpani,it ITA,MF,Monza,23-312,1999,6.0,7,5,5,1,1,5,9,55.6,4,12,2,10,3,10,3,0,Matches
8cabdc1e,Andrea Consigli,it ITA,GK,Sassuolo,36-051,1987,25.0,1,0,1,0,0,0,1,0.0,1,0,0,0,0,1,11,1,Matches
8fef5412,Andrea Conti,it ITA,DF,Sampdoria,29-017,1994,0.3,0,0,0,0,0,0,0,,0,0,0,0,0,0,0,0,Matches
22ae86f9,Diego Coppola,it ITA,DF,Hellas Verona,19-081,2003,10.4,20,14,11,9,0,10,16,62.5,6,18,6,12,9,29,31,0,Matches
45b9b619,Joaquín Correa,ar ARG,FW,Inter,28-218,1994,4.8,6,4,1,3,2,1,2,50.0,1,2,0,2,0,6,0,0,Matches
bfc359ed,Alessandro Cortinovis,it ITA,MF,Hellas Verona,22-053,2001,0.1,1,0,1,0,0,0,0,,0,1,0,1,0,1,0,0,Matches
85a44ecc,Lassana Coulibaly,ml MLI,MF,Salernitana,26-343,1996,22.8,57,31,29,22,6,20,44,45.5,24,24,3,21,14,71,22,2,Matches
f554e29b,Alessio Cragno,it ITA,GK,Monza,28-264,1994,1.0,0,0,0,0,0,0,1,0.0,1,0,0,0,0,0,0,0,Matches
16657b95,Bryan Cristante,it ITA,MF,Roma,28-016,1995,23.1,86,44,41,37,8,45,68,66.2,23,32,8,24,9,95,32,0,Matches
22cd43d2,Domen Črnigoj,si SVN,MF,Salernitana,27-121,1995,3.3,8,3,0,7,1,1,2,50.0,1,9,1,8,9,17,6,0,Matches
0ab1f153,Juan Cuadrado,co COL,"DF,FW",Juventus,34-297,1988,14.5,35,23,25,9,1,17,38,44.7,21,11,1,10,14,49,19,0,Matches
5722eced,Mickaël Cuisance,fr FRA,MF,Sampdoria,23-215,1999,3.5,8,5,5,3,0,3,13,23.1,10,7,0,7,3,11,1,0,Matches
060606ec,Marco D'Alessandro,it ITA,"DF,FW",Monza,32-030,1991,3.2,4,4,3,1,0,2,4,50.0,2,2,0,2,1,5,3,0,Matches
44eb9093,Danilo D'Ambrosio,it ITA,DF,Inter,34-191,1988,2.8,12,7,9,2,1,7,11,63.6,4,7,3,4,5,17,7,0,Matches
f778fe3f,Luca D'Andrea,it ITA,FW,Sassuolo,18-194,2004,3.5,4,0,2,1,1,1,4,25.0,3,2,0,2,1,5,1,0,Matches
7ef972c3,Flavius Daniliuc,at AUT,DF,Salernitana,21-326,2001,16.5,38,19,27,10,1,16,27,59.3,11,25,11,14,18,56,62,0,Matches
94b2001f,Danilo,br BRA,DF,Juventus,31-247,1991,25.1,58,38,37,17,4,30,44,68.2,14,23,14,9,32,90,80,1,Matches
96e0490d,Matteo Darmian,it ITA,DF,Inter,33-107,1989,15.1,41,23,20,9,12,24,34,70.6,10,23,5,18,15,56,20,0,Matches
16bb656a,Paweł Dawidowicz,pl POL,DF,Hellas Verona,27-303,1995,11.6,31,21,21,9,1,16,20,80.0,4,11,7,4,14,45,40,0,Matches
2ef7c612,Charles De Ketelaere,be BEL,MF,Milan,22-009,2001,9.7,18,9,4,11,3,10,22,45.5,12,12,2,10,3,21,7,0,Matches
60e3603d,Manuel De Luca,it ITA,"FW,MF",Sampdoria,24-245,1998,0.5,0,0,0,0,0,0,0,,0,0,0,0,0,0,0,0,Matches
ae4e2852,Mattia De Sciglio,it ITA,DF,Juventus,30-150,1992,9.4,10,6,4,3,3,8,12,66.7,4,5,2,3,4,14,12,0,Matches
e74f0e59,Lorenzo De Silvestri,it ITA,DF,Bologna,34-300,1988,5.8,2,2,1,0,1,2,5,40.0,3,5,5,0,2,4,16,0,Matches
f4797849,Koni De Winter,be BEL,DF,Empoli,20-280,2002,9.9,14,8,11,3,0,5,8,62.5,3,10,10,0,6,20,51,0,Matches
854ee61a,Grégoire Defrel,mq MTQ,FW,Sassuolo,31-275,1991,7.6,7,6,3,2,2,2,4,50.0,2,4,0,4,1,8,4,0,Matches
0e0d6c53,Duccio Degli Innocenti,it ITA,MF,Empoli,19-325,2003,0.0,0,0,0,0,0,0,0,,0,0,0,0,1,1,0,0,Matches
e3cceee6,Merih Demiral,tr TUR,DF,Atalanta,25-014,1998,16.0,37,25,28,9,0,23,30,76.7,7,23,7,16,22,59,55,1,Matches
dc3fa3b5,Diego Demme,de GER,MF,Napoli,31-118,1991,0.3,0,0,0,0,0,0,1,0.0,1,1,0,1,0,0,0,0,Matches
d97f2e8d,Fabio Depaoli,it ITA,DF,Hellas Verona,25-329,1997,16.3,32,17,19,9,4,15,26,57.7,11,20,5,15,10,42,23,2,Matches
d97f2e8d,Fabio Depaoli,it ITA,"DF,MF",Sampdoria,25-329,1997,1.5,5,3,2,3,0,3,4,75.0,1,1,0,1,1,6,4,0,Matches
2990c466,Kastriot Dermaku,al ALB,DF,Lecce,31-063,1992,0.4,0,0,0,0,0,0,0,,0,0,0,0,0,0,0,0,Matches
dcb38abe,Cyriel Dessers,ng NGA,FW,Cremonese,28-101,1994,14.8,9,3,3,4,2,2,4,50.0,2,13,2,11,3,12,5,0,Matches
5976f83e,Sergiño Dest,us USA,DF,Milan,22-136,2000,3.7,12,6,3,5,4,3,4,75.0,1,1,0,1,4,16,2,0,Matches
d7d32194,Mattia Destro,it ITA,FW,Empoli,31-364,1991,5.1,1,1,0,1,0,0,0,,0,2,0,2,1,2,4,0,Matches
39583cfd,Gerard Deulofeu,es ESP,FW,Udinese,29-006,1994,13.5,8,5,5,1,2,5,15,33.3,10,8,1,7,2,10,1,0,Matches
ef94dc2f,Samuel Di Carmine,it ITA,"FW,MF",Cremonese,34-171,1988,0.3,0,0,0,0,0,0,0,,0,0,0,0,0,0,0,0,Matches
1fca9171,Federico Di Francesco,it ITA,"FW,MF",Lecce,28-278,1994,14.7,20,13,6,7,7,5,13,38.5,8,11,0,11,6,26,11,0,Matches
4e0c8d66,Michele Di Gregorio,it ITA,GK,Monza,25-235,1997,26.0,0,0,0,0,0,0,1,0.0,1,0,0,0,3,3,14,2,Matches
230a2fac,Giovanni Di Lorenzo,it ITA,DF,Napoli,29-227,1993,25.9,40,20,20,15,5,18,36,50.0,18,22,6,16,20,60,44,0,Matches
19cda00b,Ángel Di María,ar ARG,"FW,MF",Juventus,35-033,1988,9.7,6,3,2,3,1,2,15,13.3,13,7,0,7,4,10,0,0,Matches
244bc2c8,Boulaye Dia,sn SEN,FW,Salernitana,26-123,1996,19.6,9,4,3,4,2,0,4,0.0,4,4,0,4,4,13,16,1,Matches
407feb71,Brahim Díaz,es ESP,MF,Milan,23-228,1999,14.5,21,9,3,15,3,3,8,37.5,5,9,0,9,5,26,4,0,Matches
970b8574,Federico Dimarco,it ITA,DF,Inter,25-129,1997,17.9,25,19,6,14,5,9,16,56.3,7,14,4,10,13,38,20,0,Matches
933d3b51,Koffi Djidji,ci CIV,DF,Torino,30-109,1992,19.9,36,18,25,10,1,12,20,60.0,8,18,10,8,27,63,56,0,Matches
6eee05f1,Berat Djimsiti,al ALB,DF,Atalanta,30-028,1993,10.4,21,12,14,7,0,11,14,78.6,3,9,4,5,19,40,37,1,Matches
b5f7d10b,Dodô,br BRA,DF,Fiorentina,24-122,1998,17.5,25,14,12,9,4,15,27,55.6,12,16,0,16,16,41,23,0,Matches
2f69d881,Josh Doig,sct SCO,DF,Hellas Verona,20-305,2002,13.3,18,6,4,7,7,5,11,45.5,6,19,4,15,9,27,10,1,Matches
20b3a502,Nicolás Domínguez,ar ARG,MF,Bologna,24-264,1998,17.6,56,35,26,23,7,28,56,50.0,28,19,2,17,12,68,17,1,Matches
22051fbe,Giulio Donati,it ITA,DF,Monza,33-042,1990,3.4,4,1,2,0,2,3,5,60.0,2,3,1,2,4,8,6,0,Matches
085e71a7,Bartłomiej Drągowski,pl POL,GK,Spezia,25-212,1997,23.7,1,0,1,0,0,1,5,20.0,4,0,0,0,0,1,14,3,Matches
79ca3e23,Ondrej Duda,sk SVK,MF,Hellas Verona,28-104,1994,5.9,13,10,3,8,2,6,9,66.7,3,7,0,7,8,21,5,0,Matches
481c9ece,Denzel Dumfries,nl NED,DF,Inter,26-335,1996,16.4,17,8,7,8,2,10,17,58.8,7,21,5,16,10,27,19,0,Matches
528492ea,Alfred Duncan,gh GHA,MF,Fiorentina,30-009,1993,6.7,12,7,0,12,0,8,14,57.1,6,5,0,5,4,16,4,0,Matches
e0921a4f,Paulo Dybala,ar ARG,"MF,FW",Roma,29-124,1993,15.4,12,3,1,7,4,7,16,43.8,9,10,0,10,6,18,3,0,Matches
3bb7f478,Edin Džeko,ba BIH,FW,Inter,37-002,1986,17.3,2,2,0,2,0,0,4,0.0,4,14,1,13,3,5,23,0,Matches
dbfa4f16,Festy Ebosele,ie IRL,"DF,FW",Udinese,20-229,2002,1.7,9,7,5,4,0,2,6,33.3,4,3,0,3,1,10,4,0,Matches
9ba7b4fa,Enzo Ebosse,cm CMR,DF,Udinese,24-008,1999,10.3,15,9,11,4,0,9,13,69.2,4,27,6,21,11,26,29,0,Matches
6af30900,Tyronne Ebuehi,ng NGA,DF,Empoli,27-093,1995,11.9,13,8,4,6,3,5,7,71.4,2,16,9,7,6,19,39,1,Matches
a9202def,Éderson,br BRA,MF,Atalanta,23-255,1999,16.1,49,27,13,30,6,20,41,48.8,21,36,4,32,22,71,19,0,Matches
76b2817e,Kingsley Ehizibue,nl NED,DF,Udinese,27-298,1995,11.7,32,22,19,9,4,23,34,67.6,11,12,1,11,5,37,29,1,Matches
f503ea63,Albin Ekdal,se SWE,MF,Spezia,33-234,1989,10.6,25,17,11,14,0,11,29,37.9,18,15,1,14,16,41,23,0,Matches
c20892ee,Emmanuel Ekong,se SWE,"FW,MF",Empoli,20-267,2002,0.2,0,0,0,0,0,0,0,,0,0,0,0,0,0,0,0,Matches
c55967eb,Mikael Ellertsson,is ISL,"MF,DF",Spezia,21-008,2002,1.9,4,2,1,3,0,0,3,0.0,3,2,1,1,2,6,0,0,Matches
cf007308,Elif Elmas,mk MKD,"FW,MF",Napoli,23-176,1999,11.0,13,7,5,5,3,7,10,70.0,3,5,0,5,10,23,4,0,Matches
0fee6bda,Martin Erlic,hr CRO,DF,Sassuolo,25-054,1998,18.9,20,10,14,5,1,9,16,56.3,7,29,18,11,25,45,85,1,Matches
3f79a1c8,Gonzalo Escalante,ar ARG,MF,Cremonese,29-357,1993,6.2,16,8,8,8,0,10,13,76.9,3,7,1,6,10,26,4,0,Matches
5cf5c9ad,Salvatore Esposito,it ITA,MF,Spezia,22-163,2000,2.4,3,3,2,1,0,2,9,22.2,7,2,0,2,3,6,3,0,Matches
366be751,Nicolò Fagioli,it ITA,MF,Juventus,22-035,2001,9.6,15,9,5,8,2,6,18,33.3,12,8,2,6,7,22,4,0,Matches
9f5a610b,Wladimiro Falcone,it ITA,GK,Lecce,27-341,1995,26.0,2,0,2,0,0,2,2,100.0,0,0,0,0,2,4,15,2,Matches
aae9d04a,Davide Faraoni,it ITA,DF,Hellas Verona,31-145,1991,7.8,15,10,5,8,2,8,21,38.1,13,14,4,10,9,24,15,0,Matches
4e358a2d,Federico Fazio,ar ARG,DF,Salernitana,36-002,1987,11.8,15,12,8,7,0,4,11,36.4,7,9,4,5,28,43,61,0,Matches
06b08c45,Jacopo Fazzini,it ITA,MF,Empoli,20-003,2003,4.1,17,9,13,3,1,9,15,60.0,6,10,2,8,5,22,8,0,Matches
ee64a822,Lewis Ferguson,sct SCO,MF,Bologna,23-207,1999,17.1,27,17,11,13,3,11,21,52.4,10,13,5,8,16,43,14,0,Matches
d0dbca9f,Alex Ferrari,it ITA,DF,Sampdoria,28-261,1994,9.6,9,5,7,2,0,4,8,50.0,4,21,10,11,19,28,25,0,Matches
d0dbca9f,Alex Ferrari,it ITA,DF,Cremonese,28-261,1994,7.6,30,18,26,4,0,21,26,80.8,5,10,3,7,17,47,30,1,Matches
eb76987d,Salvador Ferrer,es ESP,DF,Spezia,25-057,1998,1.1,2,1,0,2,0,1,1,100.0,0,1,1,0,1,3,2,0,Matches
e288d4b3,Alessandro Florenzi,it ITA,DF,Milan,32-008,1991,1.2,3,2,2,0,1,2,3,66.7,1,0,0,0,1,4,1,0,Matches
2a7d27c1,Davide Frattesi,it ITA,MF,Sassuolo,23-148,1999,23.9,49,26,17,26,6,17,30,56.7,13,18,3,15,9,58,30,0,Matches
c235e803,Matteo Gabbia,it ITA,DF,Milan,23-149,1999,6.7,17,10,12,5,0,6,8,75.0,2,8,3,5,5,22,28,0,Matches
8f866fe8,Manolo Gabbiadini,it ITA,"FW,MF",Sampdoria,31-113,1991,15.2,9,5,3,2,4,2,11,18.2,9,9,1,8,2,11,18,0,Matches
3b387cc7,Gianluca Gaetano,it ITA,MF,Napoli,22-318,2000,0.4,2,1,0,2,0,0,0,,0,0,0,0,0,2,0,0,Matches
ce30bfc8,Roberto Gagliardini,it ITA,MF,Inter,28-346,1994,4.6,14,5,7,6,1,9,18,50.0,9,7,2,5,1,15,8,0,Matches
8dfed6e9,Adolfo Gaich,ar ARG,FW,Hellas Verona,24-021,1999,3.5,3,2,0,3,0,1,3,33.3,2,2,1,1,1,4,5,0,Matches
dd403465,Pablo Galdames Millán,cl CHI,"MF,DF",Cremonese,26-079,1996,2.0,8,6,5,1,2,4,16,25.0,12,7,1,6,3,11,2,0,Matches
c74d63ac,Antonino Gallo,it ITA,DF,Lecce,23-073,2000,17.8,42,25,27,10,5,28,39,71.8,11,22,3,19,11,53,43,0,Matches
18dd3219,Federico Gatti,it ITA,DF,Juventus,24-268,1998,6.0,5,3,4,0,1,3,3,100.0,0,7,5,2,9,14,27,1,Matches
822ed0ec,Valentin Gendrey,fr FRA,DF,Lecce,22-271,2000,24.2,64,41,41,16,7,26,48,54.2,22,34,3,31,34,98,61,0,Matches
71dc23da,Paolo Ghiglione,it ITA,DF,Cremonese,26-045,1997,5.9,11,7,7,3,1,7,15,46.7,8,9,4,5,3,14,10,0,Matches
9c435456,Mario Gila,es ESP,DF,Lazio,22-202,2000,1.0,3,1,3,0,0,0,1,0.0,1,0,0,0,3,6,3,0,Matches
548bd0de,Gvidas Gineitis,lt LTU,MF,Torino,18-338,2004,0.5,0,0,0,0,0,0,1,0.0,1,0,0,0,0,0,0,0,Matches
16ceb862,Olivier Giroud,fr FRA,FW,Milan,36-170,1986,17.5,7,5,2,3,2,1,7,14.3,6,10,3,7,2,9,16,0,Matches
f0f7f62f,Pierluigi Gollini,it ITA,GK,Fiorentina,28-001,1995,3.0,1,0,1,0,0,1,1,100.0,0,0,0,0,0,1,2,0,Matches
f0f7f62f,Pierluigi Gollini,it ITA,GK,Napoli,28-001,1995,1.0,0,0,0,0,0,0,0,,0,0,0,0,0,0,0,0,Matches
f025eade,Joan Gonzàlez,es ESP,MF,Lecce,21-046,2002,19.7,39,21,17,16,6,14,39,35.9,25,30,6,24,13,52,25,0,Matches
2374aaca,Nicolás González,ar ARG,"FW,MF",Fiorentina,24-347,1998,9.1,8,4,1,5,2,0,6,0.0,6,10,0,10,2,10,4,0,Matches
2d970560,Robin Gosens,de GER,"DF,FW",Inter,28-257,1994,7.4,25,14,12,7,6,14,18,77.8,4,11,0,11,14,39,7,0,Matches
6cc97b6a,Alberto Grassi,it ITA,MF,Empoli,28-012,1995,6.3,18,15,10,8,0,10,12,83.3,2,12,8,4,17,35,25,0,Matches
49136c42,Andrew Gravillon,gp GLP,DF,Torino,25-039,1998,1.1,0,0,0,0,0,0,0,,0,2,1,1,7,7,4,0,Matches
f1f1f238,Koray Günter,de GER,DF,Hellas Verona,28-215,1994,11.1,10,6,1,8,1,4,7,57.1,3,24,15,9,30,40,46,0,Matches
f1f1f238,Koray Günter,de GER,"DF,MF",Sampdoria,28-215,1994,1.6,3,3,2,1,0,3,3,100.0,0,4,2,2,1,4,9,0,Matches
f9758dae,Emmanuel Gyasi,gh GHA,"FW,DF",Spezia,29-067,1994,21.9,14,8,6,7,1,6,24,25.0,18,19,5,14,7,21,18,0,Matches
0be276c6,Norbert Gyömbér,sk SVK,DF,Salernitana,30-259,1992,12.8,24,18,18,5,1,11,15,73.3,4,23,17,6,23,47,57,0,Matches
9250bcff,Christian Gytkjær,dk DEN,FW,Monza,32-317,1990,5.6,6,2,1,4,1,2,3,66.7,1,2,1,1,0,6,1,0,Matches
fa449bba,Nicolas Haas,ch SUI,MF,Empoli,27-055,1996,10.6,23,11,12,6,5,10,20,50.0,10,13,4,9,7,30,22,0,Matches
74419746,Samir Handanović,si SVN,GK,Inter,38-248,1984,10.0,0,0,0,0,0,0,0,,0,0,0,0,0,0,3,0,Matches
65fd099c,Abdou Harroui,nl NED,MF,Sassuolo,25-065,1998,3.8,8,1,4,2,2,1,6,16.7,5,3,1,2,0,8,6,0,Matches
3b333ac3,Hans Hateboer,nl NED,DF,Atalanta,29-069,1994,15.5,21,13,11,8,2,11,27,40.7,16,23,4,19,12,33,25,0,Matches
d7918b13,Liam Henderson,sct SCO,MF,Empoli,26-328,1996,8.7,9,8,4,4,1,4,16,25.0,12,8,2,6,8,17,8,0,Matches
ffed43e3,Jack Hendry,sct SCO,DF,Cremonese,27-316,1995,2.4,0,0,0,0,0,0,1,0.0,1,2,1,1,1,1,7,0,Matches
a2d9f138,Matheus Henrique,br BRA,MF,Sassuolo,25-090,1997,13.3,14,8,6,5,3,4,10,40.0,6,11,3,8,10,24,6,0,Matches
9ef42479,Thomas Henry,fr FRA,FW,Hellas Verona,28-180,1994,11.4,5,3,1,1,3,1,4,25.0,3,6,2,4,0,5,14,0,Matches
d4c9725f,Theo Hernández,fr FRA,DF,Milan,25-164,1997,22.3,37,21,23,13,1,18,28,64.3,10,29,6,23,11,48,22,1,Matches
12806697,Isak Hien,se SWE,DF,Hellas Verona,24-065,1999,19.3,51,24,37,14,0,26,41,63.4,15,27,10,17,20,71,57,1,Matches
d4456fb3,Morten Hjulmand,dk DEN,MF,Lecce,23-267,1999,22.6,63,34,34,29,0,22,41,53.7,19,28,7,21,53,116,44,0,Matches
c2357b65,Emil Holm,se SWE,DF,Spezia,22-310,2000,15.5,26,15,13,8,5,16,31,51.6,15,21,6,15,9,35,41,0,Matches
b85bf253,Martin Hongla,cm CMR,MF,Hellas Verona,25-003,1998,5.8,8,5,4,4,0,5,5,100.0,0,7,1,6,6,14,9,0,Matches
d8800a46,Petko Hristov,bg BUL,DF,Spezia,24-018,1999,4.1,6,4,2,4,0,5,8,62.5,3,4,2,2,4,10,12,0,Matches
1f2d714c,Ajdin Hrustic,au AUS,MF,Hellas Verona,26-257,1996,2.5,2,1,1,1,0,1,2,50.0,1,2,0,2,0,2,2,1,Matches
2f3452eb,Elseid Hysaj,al ALB,DF,Lazio,29-027,1994,12.0,26,14,15,7,4,13,22,59.1,9,18,6,12,11,37,29,0,Matches
491a433d,Rasmus Højlund,dk DEN,FW,Atalanta,20-043,2003,14.2,4,3,0,2,2,1,3,33.3,2,6,0,6,0,4,4,0,Matches
82efe6fa,Roger Ibanez,br BRA,DF,Roma,24-116,1998,25.0,58,28,32,23,3,27,38,71.1,11,22,8,14,52,110,84,1,Matches
4cde5509,Zlatan Ibrahimović,se SWE,FW,Milan,41-167,1981,1.6,0,0,0,0,0,0,0,,0,1,1,0,0,0,2,0,Matches
a4e85758,Igor,br BRA,DF,Fiorentina,25-040,1998,15.1,27,16,13,10,4,10,15,66.7,5,25,12,13,18,45,33,1,Matches
42eaa028,Jonathan Ikone,fr FRA,FW,Fiorentina,24-321,1998,16.7,10,3,4,3,3,2,6,33.3,4,14,1,13,4,14,3,0,Matches
bb376bed,Ivan Ilić,rs SRB,MF,Hellas Verona,22-002,2001,9.5,16,10,9,7,0,6,11,54.5,5,10,1,9,8,24,14,0,Matches
bb376bed,Ivan Ilić,rs SRB,MF,Torino,22-002,2001,4.0,4,2,1,3,0,3,9,33.3,6,6,1,5,3,7,4,0,Matches
ba492306,Samuel Iling-Junior,eng ENG,"DF,FW",Juventus,19-166,2003,1.3,2,1,1,0,1,2,3,66.7,1,1,0,1,1,3,3,0,Matches
a47c6309,Emirhan İlkhan,tr TUR,MF,Torino,18-291,2004,1.0,1,1,0,1,0,1,1,100.0,0,3,1,2,2,3,2,0,Matches
a47c6309,Emirhan İlkhan,tr TUR,MF,Sampdoria,18-291,2004,0.2,1,1,0,0,1,0,0,,0,1,0,1,0,1,0,0,Matches
4431aed2,Ciro Immobile,it ITA,FW,Lazio,33-027,1990,16.1,8,5,2,4,2,3,4,75.0,1,9,1,8,1,9,9,0,Matches
6b635f5c,Ardian Ismajli,al ALB,DF,Empoli,26-170,1996,18.6,36,28,22,14,0,16,21,76.2,5,40,26,14,23,59,104,0,Matches
89976232,Armando Izzo,it ITA,DF,Monza,31-017,1992,18.0,56,38,34,20,2,20,29,69.0,9,16,7,9,32,88,60,0,Matches
8c65eb5f,Mato Jajalo,ba BIH,MF,Udinese,34-298,1988,0.7,0,0,0,0,0,0,1,0.0,1,0,0,0,0,0,2,0,Matches
4a537185,Jesé,es ESP,FW,Sampdoria,30-021,1993,1.2,1,0,0,1,0,0,0,,0,1,0,1,0,1,1,0,Matches
79083382,Juan Jesus,br BRA,DF,Napoli,31-282,1991,6.8,10,6,5,4,1,5,7,71.4,2,14,7,7,6,16,22,0,Matches
dc765618,Þórir Jóhann Helgason,is ISL,MF,Lecce,22-172,2000,1.8,1,1,0,0,1,1,2,50.0,1,1,0,1,3,4,2,0,Matches
4d8cd038,Luka Jović,rs SRB,FW,Fiorentina,25-086,1997,12.9,5,2,1,3,1,2,8,25.0,6,7,2,5,2,7,8,0,Matches
570bb4b9,Hamed Junior Traorè,ci CIV,"MF,FW",Sassuolo,23-031,2000,6.6,11,6,4,6,1,4,11,36.4,7,4,0,4,2,13,0,1,Matches
f95f49d2,Yayah Kallon,sl SLE,"MF,FW",Hellas Verona,21-262,2001,8.5,14,10,5,4,5,7,11,63.6,4,9,0,9,8,22,4,0,Matches
85f7d1be,Pierre Kalulu,fr FRA,DF,Milan,22-287,2000,23.6,48,33,27,18,3,22,33,66.7,11,38,15,23,35,83,46,1,Matches
8b66d9cc,Yann Karamoh,fr FRA,"MF,FW",Torino,24-254,1998,4.7,5,2,3,2,0,1,4,25.0,3,3,0,3,0,5,2,0,Matches
9f84febe,Rick Karsdorp,nl NED,DF,Roma,28-036,1995,7.9,21,13,11,7,3,13,22,59.1,9,0,0,0,7,28,15,1,Matches
7ae36711,Denso Kasius,nl NED,DF,Bologna,20-164,2002,3.8,12,6,7,4,1,8,10,80.0,2,6,3,3,3,15,6,0,Matches
2a82aa85,Grigoris Kastanos,cy CYP,MF,Salernitana,25-048,1998,6.5,18,11,6,10,2,3,14,21.4,11,10,3,7,4,22,3,0,Matches
3d50bcdb,Moise Kean,it ITA,FW,Juventus,23-019,2000,9.0,8,6,2,5,1,3,6,50.0,3,2,0,2,4,12,2,0,Matches
dc3e663e,Jakub Kiwior,pl POL,DF,Spezia,23-032,2000,16.0,22,17,15,7,0,6,24,25.0,18,26,18,8,24,46,71,1,Matches
8b8a56ce,Simon Kjær,dk DEN,DF,Milan,33-358,1989,7.4,8,4,5,3,0,4,6,66.7,2,8,6,2,7,15,19,1,Matches
a26fb8aa,Teun Koopmeiners,nl NED,MF,Atalanta,25-019,1998,22.8,33,19,10,18,5,20,38,52.6,18,30,4,26,16,49,31,1,Matches
b1cd37e6,Filip Kostić,rs SRB,"DF,FW",Juventus,30-138,1992,21.2,33,22,13,16,4,19,38,50.0,19,21,2,19,8,41,16,0,Matches
58e933d2,Christian Kouamé,ci CIV,FW,Fiorentina,25-103,1997,16.0,17,14,7,5,5,5,11,45.5,6,13,3,10,12,29,3,0,Matches
9d60028d,Viktor Kovalenko,ua UKR,MF,Spezia,27-033,1996,4.8,8,4,1,5,2,4,5,80.0,1,11,2,9,3,11,7,0,Matches
b804c280,Julian Kristoffersen,no NOR,FW,Salernitana,25-313,1997,0.2,0,0,0,0,0,0,0,,0,1,0,1,0,0,0,0,Matches
b4101c2e,Raimonds Krollis,lv LVA,FW,Spezia,21-142,2001,0.2,1,1,0,0,1,0,0,,0,0,0,0,0,1,0,0,Matches
817c6964,Rade Krunić,ba BIH,"MF,FW",Milan,29-163,1993,11.2,28,21,12,13,3,11,36,30.6,25,19,7,12,11,39,14,0,Matches
a40819d9,Marash Kumbulla,al ALB,DF,Roma,23-039,2000,2.7,4,4,2,2,0,2,3,66.7,1,2,1,1,4,8,6,0,Matches
dea88efd,Khvicha Kvaratskhelia,ge GEO,FW,Napoli,22-035,2001,18.2,30,15,9,6,15,11,26,42.3,15,13,0,13,2,32,5,1,Matches
0a483542,Giorgos Kyriakopoulos,gr GRE,"FW,DF",Bologna,27-042,1996,3.1,4,2,1,2,1,2,9,22.2,7,4,0,4,1,5,1,0,Matches
0a483542,Giorgos Kyriakopoulos,gr GRE,"FW,DF",Sassuolo,27-042,1996,8.5,21,8,7,9,5,10,14,71.4,4,7,1,6,11,32,12,1,Matches
c283ddef,Sam Lammers,nl NED,FW,Sampdoria,25-323,1997,7.8,11,5,1,7,3,6,13,46.2,7,6,0,6,3,14,7,0,Matches
c283ddef,Sam Lammers,nl NED,FW,Empoli,25-323,1997,9.8,20,10,5,9,6,7,11,63.6,4,4,1,3,3,23,8,0,Matches
09538fdb,Kevin Lasagna,it ITA,"FW,MF",Hellas Verona,30-221,1992,13.7,10,4,7,2,1,5,12,41.7,7,15,1,14,4,14,12,0,Matches
2d22cea7,Armand Lauriente,fr FRA,FW,Sassuolo,24-105,1998,18.2,14,9,2,6,6,5,12,41.7,7,17,0,17,10,24,7,0,Matches
016ff750,Valentino Lazaro,at AUT,DF,Torino,26-360,1996,11.8,10,5,7,0,3,6,8,75.0,2,11,2,9,2,12,18,0,Matches
93088fbb,Marko Lazetić,rs SRB,FW,Milan,19-056,2004,0.1,0,0,0,0,0,0,0,,0,0,0,0,0,0,0,0,Matches
5128bde4,Darko Lazović,rs SRB,"MF,DF",Hellas Verona,32-185,1990,19.2,20,11,9,8,3,9,22,40.9,13,11,3,8,12,32,19,0,Matches
02caf6e0,Manuel Lazzari,it ITA,DF,Lazio,29-110,1993,15.5,27,17,10,13,4,18,33,54.5,15,16,5,11,13,40,27,1,Matches
20730eae,Rafael Leão,pt POR,"FW,MF",Milan,23-282,1999,20.4,4,3,1,2,1,3,8,37.5,5,3,1,2,11,15,7,0,Matches
7d3cbc67,Mehdi Léris,dz ALG,"DF,MF",Sampdoria,24-300,1998,19.1,46,36,24,15,7,18,42,42.9,24,31,3,28,23,69,19,0,Matches
d023d70f,Karol Linetty,pl POL,MF,Torino,28-045,1995,17.2,30,16,6,21,3,12,22,54.5,10,22,7,15,16,46,24,0,Matches
a3695ac2,Marcin Listkowski,pl POL,"MF,FW",Lecce,25-037,1998,0.9,0,0,0,0,0,0,0,,0,0,0,0,3,3,2,0,Matches
bba30585,Diego Llorente,es ESP,DF,Roma,29-215,1993,0.0,0,0,0,0,0,0,0,,0,0,0,0,0,0,0,0,Matches
e1cbb531,Stanislav Lobotka,sk SVK,MF,Napoli,28-114,1994,24.2,59,31,28,22,9,30,48,62.5,18,26,6,20,13,72,11,0,Matches
a8a874f1,Manuel Locatelli,it ITA,MF,Juventus,25-070,1998,18.9,40,22,18,17,5,18,30,60.0,12,35,16,19,22,62,37,0,Matches
c8ad0857,Luka Lochoshvili,ge GEO,DF,Cremonese,24-294,1998,13.3,33,12,22,8,3,18,23,78.3,5,22,4,18,14,47,50,0,Matches
7c104bb7,Ademola Lookman,ng NGA,"FW,MF",Atalanta,25-150,1997,17.1,10,3,2,5,3,3,11,27.3,8,18,0,18,3,13,0,0,Matches
20094685,Maxime Lopez,fr FRA,MF,Sassuolo,25-105,1997,16.8,35,14,21,10,4,11,44,25.0,33,17,3,14,17,52,17,0,Matches
5fa57166,Matteo Lovato,it ITA,DF,Salernitana,23-033,2000,4.8,9,7,7,2,0,8,14,57.1,6,8,5,3,7,16,18,2,Matches
966eea58,Sandi Lovrić,si SVN,MF,Udinese,24-356,1998,16.2,34,14,13,15,6,22,33,66.7,11,14,1,13,15,49,16,0,Matches
a69e4806,Hirving Lozano,mx MEX,FW,Napoli,27-232,1995,13.5,20,12,8,6,6,7,13,53.8,6,25,0,25,10,30,5,0,Matches
80490d7f,Jhon Lucumí,co COL,DF,Bologna,24-266,1998,22.2,40,28,28,11,1,19,31,61.3,12,27,18,9,25,65,75,1,Matches
921f6058,José Luis Palomino,ar ARG,DF,Atalanta,33-073,1990,5.6,12,5,9,3,0,6,9,66.7,3,4,2,2,21,33,14,0,Matches
5eae500a,Romelu Lukaku,be BEL,FW,Inter,29-310,1993,7.8,1,0,0,0,1,1,2,50.0,1,0,0,0,0,1,3,0,Matches
c6e8cf1f,Saša Lukić,rs SRB,MF,Torino,26-218,1996,13.3,21,14,10,10,1,9,15,60.0,6,17,7,10,13,34,10,0,Matches
997fff07,Sebastiano Luperto,it ITA,DF,Empoli,26-194,1996,24.0,23,12,15,8,0,6,12,50.0,6,39,28,11,27,50,118,1,Matches
5efc5389,Charalambos Lykogiannis,gr GRE,DF,Bologna,29-148,1993,11.7,15,7,4,6,5,5,13,38.5,8,8,3,5,16,31,28,0,Matches
957e4c87,Giulio Maggiore,it ITA,MF,Salernitana,25-007,1998,8.0,16,6,8,5,3,8,16,50.0,8,17,4,13,8,24,6,0,Matches
cce9f582,Giangiacomo Magnani,it ITA,DF,Hellas Verona,27-166,1995,8.4,19,12,13,6,0,10,11,90.9,1,12,8,4,16,35,39,0,Matches
fcb38f57,Mike Maignan,fr FRA,GK,Milan,27-259,1995,11.0,1,0,1,0,0,1,1,100.0,0,0,0,0,1,2,4,0,Matches
2e7dafe5,Jordan Majchrzak,pl POL,FW,Roma,18-162,2004,0.2,0,0,0,0,0,0,0,,0,0,0,0,0,0,0,0,Matches
22bfb57e,Jean-Victor Makengo,fr FRA,MF,Udinese,24-280,1998,8.9,16,13,7,7,2,5,9,55.6,4,8,2,6,9,25,3,0,Matches
2bffcbf2,Lorenzo Malagrida,it ITA,"DF,MF",Sampdoria,19-146,2003,0.5,0,0,0,0,0,0,1,0.0,1,1,0,1,0,0,1,0,Matches
801831fe,Daniel Maldini,it ITA,"FW,MF",Spezia,21-159,2001,5.1,9,4,2,3,4,4,8,50.0,4,6,0,6,1,10,6,0,Matches
4c8845f7,Youssef Maleh,it ITA,MF,Fiorentina,24-209,1998,3.3,3,1,0,3,0,0,4,0.0,4,5,0,5,1,4,3,0,Matches
4c8845f7,Youssef Maleh,it ITA,MF,Lecce,24-209,1998,4.7,15,6,3,5,7,5,13,38.5,8,12,0,12,2,17,5,0,Matches
48d5bd33,Ruslan Malinovskyi,ua UKR,"MF,FW",Atalanta,29-319,1993,6.1,14,8,5,6,3,6,17,35.3,11,8,1,7,5,19,2,0,Matches
5aa53281,Gianluca Mancini,it ITA,DF,Roma,26-336,1996,23.2,30,14,23,6,1,13,20,65.0,7,22,10,12,36,66,49,0,Matches
c7259b83,Rolando Mandragora,it ITA,MF,Fiorentina,25-263,1997,14.1,28,15,6,18,4,17,34,50.0,17,13,2,11,9,37,19,0,Matches
f794b426,Federico Marchetti,it ITA,GK,Spezia,40-040,1983,0.7,0,0,0,0,0,0,0,,0,0,0,0,0,0,0,0,Matches
91d0fabf,Riccardo Marchizza,it ITA,DF,Sassuolo,24-358,1998,2.0,2,2,1,1,0,2,4,50.0,2,1,0,1,1,3,6,0,Matches
8650af85,Gian Marco Ferrari,it ITA,DF,Sassuolo,31-032,1992,19.0,21,15,10,10,1,10,13,76.9,3,20,16,4,20,41,71,3,Matches
aa54ec6f,Pablo Marí,es ESP,DF,Monza,29-200,1993,18.6,26,12,22,4,0,13,18,72.2,5,10,7,3,17,43,83,3,Matches
7fac99d4,Răzvan Marin,ro ROU,MF,Empoli,26-300,1996,20.5,36,18,21,15,0,15,32,46.9,17,26,10,16,12,48,21,0,Matches
cdf65d12,Marlon,br BRA,DF,Monza,27-193,1995,13.5,28,16,15,13,0,11,21,52.4,10,8,2,6,18,46,38,0,Matches
ea468ea8,Luca Marrone,it ITA,DF,Monza,32-356,1990,1.5,0,0,0,0,0,0,2,0.0,2,2,2,0,0,0,4,1,Matches
f7036e1c,Lautaro Martínez,ar ARG,FW,Inter,25-209,1997,22.7,20,10,2,12,6,6,15,40.0,9,24,1,23,10,30,12,1,Matches
3ec3c1c9,Lucas Martínez Quarta,ar ARG,DF,Fiorentina,26-313,1996,17.1,60,34,33,25,2,30,43,69.8,13,31,16,15,34,94,62,1,Matches
d4535821,Adam Marušić,me MNE,DF,Lazio,30-153,1992,24.3,29,22,15,10,4,13,23,56.5,10,15,5,10,28,57,48,1,Matches
de0f152c,Adam Masina,ma MAR,DF,Udinese,29-076,1994,5.3,5,4,2,3,0,3,6,50.0,3,6,3,3,10,15,18,1,Matches
eb7822d7,Nemanja Matić,rs SRB,MF,Roma,34-230,1988,15.5,37,19,19,14,4,14,23,60.9,9,18,3,15,19,56,18,1,Matches
3318286e,Luís Maximiano,pt POR,GK,Lazio,24-073,1999,0.1,0,0,0,0,0,0,0,,0,0,0,0,0,0,0,0,Matches
eb0ec070,Pasquale Mazzocchi,it ITA,DF,Salernitana,27-235,1995,15.8,24,12,17,3,4,10,25,40.0,15,8,2,6,9,33,25,2,Matches
01c3aff5,Weston McKennie,us USA,"MF,DF",Juventus,24-203,1998,11.7,14,5,3,9,2,5,8,62.5,3,15,4,11,11,25,15,1,Matches
563a68ad,Gary Medel,cl CHI,"MF,DF",Bologna,35-228,1987,14.7,23,15,14,7,2,8,14,57.1,6,13,8,5,25,48,33,0,Matches
5cec2c74,Soualiho Meïté,fr FRA,MF,Cremonese,29-002,1994,15.4,32,20,17,12,3,16,32,50.0,16,15,2,13,17,49,18,0,Matches
9413b19f,Alex Meret,it ITA,GK,Napoli,25-362,1997,25.0,0,0,0,0,0,0,0,,0,0,0,0,0,0,6,1,Matches
c730da00,Yıldırım Mert Çetin,tr TUR,DF,Lecce,26-077,1997,0.2,1,0,1,0,0,0,0,,0,0,0,0,1,2,1,0,Matches
f49c4ae9,Junior Messias,br BRA,"FW,DF",Milan,31-310,1991,12.3,19,15,7,8,4,5,12,41.7,7,15,3,12,6,25,21,0,Matches
b2561711,Tommaso Milanese,it ITA,MF,Cremonese,20-231,2002,0.3,0,0,0,0,0,0,0,,0,1,1,0,0,0,0,0,Matches
bee704fc,Nikola Milenković,rs SRB,DF,Fiorentina,25-158,1997,16.7,25,16,13,9,3,13,18,72.2,5,20,9,11,18,43,47,0,Matches
85613cf0,Arkadiusz Milik,pl POL,FW,Juventus,29-019,1994,11.0,7,5,1,4,2,2,5,40.0,3,7,0,7,0,7,9,0,Matches
4e6dbac4,Sergej Milinković-Savić,rs SRB,MF,Lazio,28-020,1995,22.3,40,24,16,16,8,18,43,41.9,25,32,8,24,22,62,30,0,Matches
9fa26bc2,Vanja Milinković-Savić,rs SRB,GK,Torino,26-027,1997,26.0,2,1,2,0,0,2,2,100.0,0,0,0,0,1,3,13,1,Matches
e0f8151c,Kim Min-jae,kr KOR,DF,Napoli,26-124,1996,24.3,40,23,26,14,0,16,19,84.2,3,33,25,8,26,66,99,1,Matches
a9aa0d1d,Aleksei Miranchuk,ru RUS,MF,Torino,27-153,1995,16.8,6,3,1,3,2,1,9,11.1,8,7,0,7,1,7,3,0,Matches
34693494,Fabio Miretti,it ITA,"MF,FW",Juventus,19-228,2003,10.0,18,7,11,5,2,8,18,44.4,10,15,1,14,2,20,10,0,Matches
dd0daf32,Henrikh Mkhitaryan,am ARM,MF,Inter,34-057,1989,16.9,31,20,10,17,4,12,29,41.4,17,24,3,21,12,43,13,0,Matches
54ab971f,Salvatore Molina,it ITA,DF,Monza,31-077,1992,2.5,6,5,2,4,0,4,5,80.0,1,4,2,2,1,7,2,0,Matches
ca73910d,Daniele Montevago,it ITA,FW,Sampdoria,20-001,2003,2.6,1,0,0,0,1,0,0,,0,2,1,1,0,1,1,0,Matches
c1d95617,Lorenzo Montipò,it ITA,GK,Hellas Verona,27-027,1996,25.0,1,0,1,0,0,0,2,0.0,2,1,0,1,0,1,23,2,Matches
ff579c7e,Nikola Moro,hr CRO,MF,Bologna,25-007,1998,7.7,19,10,8,7,4,8,19,42.1,11,8,1,7,4,23,10,0,Matches
efc9e31f,Dany Mota,pt POR,"FW,MF",Monza,24-321,1998,13.0,5,4,0,2,3,1,3,33.3,2,5,1,4,2,7,15,0,Matches
a0aee24e,João Moutinho,pt POR,"DF,FW",Spezia,25-066,1998,0.6,7,1,5,1,1,3,4,75.0,1,1,1,0,0,7,0,0,Matches
1295552e,Mert Müldür,tr TUR,DF,Sassuolo,23-350,1999,0.1,0,0,0,0,0,0,0,,0,0,0,0,0,0,0,0,Matches
eb2fe5b6,Luis Muriel,co COL,FW,Atalanta,31-337,1991,8.6,6,3,1,2,3,3,8,37.5,5,7,0,7,2,8,2,0,Matches
b233e8e4,Jeison Murillo,co COL,DF,Sampdoria,30-296,1992,9.1,19,10,14,5,0,15,19,78.9,4,17,10,7,6,25,28,0,Matches
d183e9d6,Nicola Murru,it ITA,DF,Sampdoria,28-093,1994,5.5,17,10,10,6,1,4,7,57.1,3,12,4,8,5,22,16,0,Matches
a111cf41,Juan Musso,ar ARG,GK,Atalanta,28-317,1994,20.1,1,1,1,0,0,1,1,100.0,0,0,0,0,0,1,10,1,Matches
c459a650,Joakim Mæhle,dk DEN,"DF,MF",Atalanta,25-303,1997,15.4,22,11,8,5,9,15,26,57.7,11,17,4,13,14,36,14,0,Matches
c39babc1,Herculano Nabian,pt POR,MF,Empoli,19-053,2004,0.0,0,0,0,0,0,0,0,,0,0,0,0,0,0,0,0,Matches
599d91d0,Michel Ndary Adopo,fr FRA,"MF,DF",Torino,22-243,2000,2.8,6,2,3,2,1,1,3,33.3,2,2,2,0,1,7,4,0,Matches
5cdddffa,Tanguy Ndombele,fr FRA,MF,Napoli,26-081,1996,6.7,9,4,2,6,1,3,5,60.0,2,4,0,4,6,15,6,1,Matches
b1236c63,Ilija Nestorovski,mk MKD,"FW,MF",Udinese,33-007,1990,1.3,1,0,0,0,1,1,4,25.0,3,2,0,2,0,1,2,0,Matches
2b8360f1,Cyril Ngonge,be BEL,"MF,FW",Hellas Verona,22-297,2000,3.5,2,2,0,1,1,0,5,0.0,5,3,0,3,2,4,2,0,Matches
b136c945,Hans Nicolussi Caviglia,it ITA,MF,Salernitana,22-274,2000,5.1,13,6,5,6,2,8,12,66.7,4,5,0,5,6,19,7,1,Matches
cf961d8d,Dimitris Nikolaou,gr GRE,DF,Spezia,24-218,1998,23.8,32,23,25,6,1,17,22,77.3,5,30,21,9,20,52,59,0,Matches
e33f36d5,Bram Nuytinck,nl NED,DF,Udinese,32-319,1990,4.3,7,4,3,4,0,4,8,50.0,4,6,6,0,5,12,22,0,Matches
e33f36d5,Bram Nuytinck,nl NED,DF,Sampdoria,32-319,1990,9.9,35,23,23,12,0,19,27,70.4,8,25,14,11,14,49,51,0,Matches
a4948e67,M'Bala Nzola,ao ANG,FW,Spezia,26-213,1996,22.1,9,4,0,5,4,1,7,14.3,6,16,4,12,5,14,19,0,Matches
ba1e04b3,Pedro Obiang,gq EQG,MF,Sassuolo,30-357,1992,7.8,25,16,11,12,2,10,15,66.7,5,9,1,8,7,32,13,0,Matches
1e9bde92,Guillermo Ochoa,mx MEX,GK,Salernitana,37-249,1985,10.0,0,0,0,0,0,0,1,0.0,1,0,0,0,0,0,2,0,Matches
d125f22f,David Okereke,ng NGA,"FW,MF",Cremonese,25-202,1997,19.8,11,7,4,5,2,3,12,25.0,9,20,3,17,5,16,10,0,Matches
8ec109e6,Caleb Okoli,it ITA,DF,Atalanta,21-249,2001,9.4,21,17,14,6,1,10,23,43.5,13,9,5,4,26,47,41,3,Matches
41c12f75,Mathías Olivera,uy URU,DF,Napoli,25-139,1997,9.3,25,13,9,11,5,15,29,51.7,14,13,2,11,12,37,18,0,Matches
e9c0c1b2,André Onana,cm CMR,GK,Inter,26-351,1996,16.0,0,0,0,0,0,0,0,,0,0,0,0,0,0,2,0,Matches
43a166b4,Divock Origi,be BEL,"FW,MF",Milan,27-335,1995,7.8,5,2,2,1,2,3,6,50.0,3,3,1,2,0,5,12,0,Matches
e14ec482,Riccardo Orsolini,it ITA,FW,Bologna,26-054,1997,17.0,21,13,9,8,4,12,29,41.4,17,26,2,24,7,28,14,0,Matches
8c90fd7a,Victor Osimhen,ng NGA,FW,Napoli,24-080,1998,20.4,5,3,1,1,3,0,4,0.0,4,6,1,5,2,7,18,0,Matches
ea02beaf,Remi Oudin,fr FRA,FW,Lecce,26-121,1996,5.1,15,7,4,9,2,5,10,50.0,5,9,0,9,14,29,7,0,Matches
ed90babd,Adam Ounas,dz ALG,FW,Napoli,26-128,1996,0.2,0,0,0,0,0,0,0,,0,0,0,0,1,1,0,0,Matches
8daee720,Simone Pafundi,it ITA,MF,Udinese,17-033,2006,0.1,2,2,1,1,0,0,0,,0,0,0,0,0,2,0,0,Matches
3d6cee81,Flavio Paoletti,it ITA,MF,Sampdoria,20-062,2003,1.1,2,2,0,2,0,1,3,33.3,2,0,0,0,4,6,5,0,Matches
dff153a4,Leandro Paredes,ar ARG,MF,Juventus,28-263,1994,6.6,17,10,6,10,1,9,16,56.3,7,4,0,4,9,26,11,0,Matches
0967845b,Fabiano Parisi,it ITA,DF,Empoli,22-130,2000,22.5,50,26,30,15,5,26,51,51.0,25,39,14,25,25,75,63,0,Matches
e599253a,Mario Pašalić,hr CRO,"MF,FW",Atalanta,28-038,1995,13.4,20,9,6,12,2,5,15,33.3,10,13,2,11,14,34,9,0,Matches
f7223718,Patric,es ESP,DF,Lazio,29-336,1993,11.9,13,8,8,3,2,7,10,70.0,3,17,12,5,10,23,36,1,Matches
79b0d6a0,Rui Patrício,pt POR,GK,Roma,35-032,1988,26.0,1,1,1,0,0,1,1,100.0,0,0,0,0,2,3,5,2,Matches
3ca7254a,Pedro,es ESP,FW,Lazio,35-234,1987,15.1,19,14,10,4,5,8,21,38.1,13,13,2,11,5,24,3,1,Matches
f058ed1f,Gianluca Pegolo,it ITA,GK,Sassuolo,41-359,1981,2.0,0,0,0,0,0,0,1,0.0,1,0,0,0,0,0,1,0,Matches
a44d3a3c,Pietro Pellegri,it ITA,FW,Torino,22-002,2001,4.1,4,1,1,1,2,0,1,0.0,1,4,1,3,0,4,2,0,Matches
4a5a45c7,Lorenzo Pellegrini,it ITA,MF,Roma,26-273,1996,19.5,36,19,16,17,3,13,27,48.1,14,22,3,19,19,55,13,0,Matches
7afb1573,Pepín,gq EQG,MF,Monza,26-217,1996,9.6,15,8,4,6,5,3,15,20.0,12,10,2,8,11,26,13,0,Matches
75f2c59f,Roberto Pereyra,ar ARG,"DF,MF",Udinese,32-071,1991,21.5,32,19,17,12,3,15,32,46.9,17,16,4,12,14,46,21,0,Matches
f7c491f1,Nehuén Pérez,ar ARG,DF,Udinese,22-268,2000,22.4,55,27,39,15,1,31,40,77.5,9,32,15,17,25,80,87,1,Matches
b9e11c1d,Simone Perilli,it ITA,GK,Hellas Verona,28-071,1995,1.0,0,0,0,0,0,0,0,,0,0,0,0,0,0,0,0,Matches
4c62d0c8,Mattia Perin,it ITA,GK,Juventus,30-129,1992,8.5,0,0,0,0,0,0,0,,0,0,0,0,0,0,0,0,Matches
00a17eba,Samuele Perisan,it ITA,GK,Empoli,25-210,1997,3.0,0,0,0,0,0,0,0,,0,0,0,0,0,0,0,0,Matches
780e3631,Matteo Pessina,it ITA,MF,Monza,25-332,1997,22.9,39,24,16,17,6,17,46,37.0,29,38,9,29,25,64,20,1,Matches
03f946ed,Andrea Petagna,it ITA,FW,Monza,27-262,1995,14.0,7,5,2,3,2,3,4,75.0,1,13,4,9,2,9,16,0,Matches
149c5f5d,Giuseppe Pezzella,it ITA,DF,Lecce,25-110,1997,8.2,20,9,15,2,3,9,16,56.3,7,9,2,7,6,26,26,1,Matches
17f3620a,Krzysztof Piątek,pl POL,FW,Salernitana,27-261,1995,16.8,14,7,1,7,6,5,15,33.3,10,10,2,8,0,14,26,0,Matches
1cadaf34,Roberto Piccoli,it ITA,FW,Hellas Verona,22-051,2001,2.1,1,0,1,0,0,0,2,0.0,2,2,0,2,0,1,2,0,Matches
1cadaf34,Roberto Piccoli,it ITA,"FW,MF",Empoli,22-051,2001,1.5,0,0,0,0,0,0,1,0.0,1,0,0,0,0,0,3,0,Matches
f71ad8cb,Charles Pickel,ch SUI,MF,Cremonese,25-308,1997,20.8,42,16,19,19,4,22,41,53.7,19,27,4,23,18,60,26,1,Matches
08aa9cd1,Andrea Pinamonti,it ITA,FW,Sassuolo,23-304,1999,18.2,7,5,0,4,3,3,5,60.0,2,15,1,14,2,9,9,0,Matches
caec77da,Lorenzo Pirola,it ITA,DF,Salernitana,21-027,2002,12.0,26,22,15,11,0,15,20,75.0,5,29,22,7,20,46,54,0,Matches
2c38b327,Marko Pjaca,hr CRO,"MF,FW",Empoli,27-317,1995,5.1,2,1,1,1,0,2,4,50.0,2,1,0,1,1,3,0,0,Matches
55a1cac2,Tommaso Pobega,it ITA,MF,Milan,23-247,1999,6.4,14,7,3,9,2,6,10,60.0,4,6,2,4,7,21,8,0,Matches
867239d3,Paul Pogba,fr FRA,"MF,DF",Juventus,30-004,1993,0.4,0,0,0,0,0,0,0,,0,0,0,0,0,0,0,0,Matches
5e861944,Matteo Politano,it ITA,FW,Napoli,29-228,1993,10.8,17,9,9,4,4,10,22,45.5,12,5,0,5,7,24,5,0,Matches
2a6cd437,Marin Pongračić,hr CRO,DF,Lecce,25-189,1997,8.8,16,14,8,7,1,5,6,83.3,1,4,3,1,16,32,31,0,Matches
7f609bfc,Stefan Posch,at AUT,DF,Bologna,25-309,1997,19.1,51,29,26,17,8,24,38,63.2,14,28,8,20,26,77,45,0,Matches
277da414,Ivan Provedel,it ITA,GK,Lazio,29-002,1994,25.9,1,0,1,0,0,0,0,,0,0,0,0,0,1,15,0,Matches
62437b4f,Ignacio Pussetto,ar ARG,"MF,DF",Sampdoria,27-088,1995,1.7,6,3,2,3,1,3,4,75.0,1,4,0,4,0,6,3,0,Matches
88f53b75,Niklas Pyyhtiä,fi FIN,MF,Bologna,19-175,2003,0.7,1,0,0,1,0,0,1,0.0,1,0,0,0,1,2,2,0,Matches
ee4f2f3b,Fabio Quagliarella,it ITA,FW,Sampdoria,40-047,1983,4.4,1,1,0,1,0,0,3,0.0,3,4,0,4,0,1,3,0,Matches
1b9c7401,Giacomo Quagliata,it ITA,DF,Cremonese,23-028,2000,5.5,8,7,6,0,2,4,7,57.1,3,5,2,3,8,16,5,0,Matches
8794e251,Adrien Rabiot,fr FRA,MF,Juventus,27-350,1995,20.5,39,21,18,15,6,17,36,47.2,19,29,6,23,18,57,27,1,Matches
0630eb63,Nemanja Radonjić,rs SRB,"MF,FW",Torino,27-032,1996,11.8,1,1,1,0,0,0,1,0.0,1,3,0,3,2,3,3,0,Matches
023937a9,Ivan Radovanović,rs SRB,"MF,DF",Salernitana,34-202,1988,7.5,12,4,8,4,0,4,10,40.0,6,9,3,6,7,19,9,1,Matches
67f649be,Ionuț Radu,ro ROU,GK,Cremonese,25-295,1997,9.0,0,0,0,0,0,0,0,,0,0,0,0,0,0,1,3,Matches
ce1a6c7e,Antonio Raimondo,it ITA,FW,Bologna,19-001,2004,0.2,0,0,0,0,0,0,0,,0,0,0,0,0,0,1,0,Matches
8c63fae5,Luca Ranieri,it ITA,DF,Fiorentina,23-330,1999,3.1,6,2,4,2,0,4,6,66.7,2,2,1,1,6,12,8,1,Matches
539230cf,Andrea Ranocchia,it ITA,DF,Monza,35-031,1988,0.5,3,1,1,2,0,3,4,75.0,1,5,5,0,0,3,7,0,Matches
d9ebed1c,Filippo Ranocchia,it ITA,MF,Monza,21-309,2001,5.9,11,6,5,4,2,4,11,36.4,7,5,1,4,4,15,7,0,Matches
6e058f06,Giacomo Raspadori,it ITA,"FW,MF",Napoli,23-029,2000,6.4,8,7,0,5,3,2,6,33.3,4,6,0,6,2,10,3,0,Matches
6e058f06,Giacomo Raspadori,it ITA,FW,Sassuolo,23-029,2000,0.5,0,0,0,0,0,0,0,,0,0,0,0,0,0,0,0,Matches
536cebe5,Ante Rebić,hr CRO,"FW,MF",Milan,29-179,1993,6.9,6,4,1,1,4,2,8,25.0,6,5,0,5,1,7,4,0,Matches
6213fd82,Arkadiusz Reca,pl POL,DF,Spezia,27-275,1995,17.9,35,21,19,9,7,13,21,61.9,8,15,3,12,21,56,43,0,Matches
4bd00a50,Panagiotis Retsos,gr GRE,DF,Hellas Verona,24-222,1998,1.4,5,4,2,2,1,3,3,100.0,0,4,1,3,2,7,3,0,Matches
f61c7c4e,Franck Ribéry,fr FRA,MF,Salernitana,39-346,1983,0.4,0,0,0,0,0,0,0,,0,1,0,1,0,0,0,0,Matches
9823be92,Samuele Ricci,it ITA,MF,Torino,21-210,2001,13.8,17,9,8,5,4,11,13,84.6,2,15,4,11,10,27,15,0,Matches
f1cfc209,Tomás Rincón,ve VEN,MF,Sampdoria,35-065,1988,18.3,42,20,14,22,6,21,40,52.5,19,23,2,21,22,64,10,0,Matches
1d4e63b6,Pablo Rodríguez,es ESP,"FW,MF",Lecce,21-227,2001,0.6,2,1,2,0,0,0,0,,0,3,0,3,0,2,0,0,Matches
7f78ad23,Ricardo Rodríguez,ch SUI,DF,Torino,30-206,1992,18.7,40,23,22,12,6,20,30,66.7,10,19,10,9,23,63,38,0,Matches
10e7f486,Rogério,br BRA,DF,Sassuolo,25-065,1998,23.3,28,16,17,5,6,12,25,48.0,13,23,5,18,25,53,53,0,Matches
3ead85f9,Alessio Romagnoli,it ITA,DF,Lazio,28-066,1995,21.7,28,13,16,12,0,9,19,47.4,10,25,19,6,25,53,78,0,Matches
09899de8,Simone Romagnoli,it ITA,DF,Lecce,33-038,1990,0.3,1,1,0,1,0,0,0,,0,0,0,0,0,1,2,0,Matches
ca6edaa0,Luka Romero,ar ARG,FW,Lazio,18-121,2004,1.7,0,0,0,0,0,0,3,0.0,3,4,0,4,3,3,1,0,Matches
2a1beb34,Marten de Roon,nl NED,MF,Atalanta,31-355,1991,21.9,46,23,25,20,1,22,50,44.0,28,24,3,21,25,71,44,0,Matches
e58cbfd5,Nicolò Rovella,it ITA,MF,Monza,21-105,2001,11.5,30,22,16,13,1,10,23,43.5,13,13,1,12,26,56,10,0,Matches
e58cbfd5,Nicolò Rovella,it ITA,MF,Juventus,21-105,2001,0.3,1,1,0,1,0,1,1,100.0,0,0,0,0,0,1,0,0,Matches
4b3e1a38,Amir Rrahmani,xk KVX,DF,Napoli,29-023,1994,18.4,28,15,18,10,0,14,19,73.7,5,28,15,13,11,39,58,1,Matches
a378a02a,Ruan,br BRA,DF,Sassuolo,23-285,1999,10.3,24,19,17,6,1,12,15,80.0,3,14,9,5,13,37,53,2,Matches
14b8fcdf,Daniele Rugani,it ITA,DF,Juventus,28-233,1994,3.9,6,0,5,1,0,3,3,100.0,0,4,2,2,4,10,18,0,Matches
ae9898c5,Matteo Ruggeri,it ITA,"DF,MF",Atalanta,20-251,2002,8.2,17,12,5,9,3,8,15,53.3,7,14,3,11,10,27,14,0,Matches
0b5a292a,Mário Rui,pt POR,DF,Napoli,31-296,1991,16.6,29,19,15,11,3,18,33,54.5,15,16,3,13,15,44,22,1,Matches
4830e0af,Abdelhamid Sabiri,ma MAR,MF,Sampdoria,26-111,1996,11.2,17,7,5,8,4,4,13,30.8,9,15,2,13,2,19,5,0,Matches
ee251371,Alexis Saelemaekers,be BEL,"FW,DF",Milan,23-265,1999,9.7,26,18,11,13,2,16,28,57.1,12,9,1,8,8,34,8,0,Matches
da5a981b,Jacopo Sala,it ITA,MF,Spezia,31-104,1991,1.2,1,0,1,0,0,0,2,0.0,2,2,0,2,1,2,2,0,Matches
217c93a1,Lazar Samardzic,de GER,MF,Udinese,21-023,2002,11.7,20,11,5,11,4,11,25,44.0,14,7,0,7,9,29,10,0,Matches
24eb7ed6,Junior Sambia,fr FRA,DF,Salernitana,26-193,1996,5.6,9,4,4,4,1,4,5,80.0,1,9,3,6,4,13,15,1,Matches
0a447501,Antonio Sanabria,py PAR,FW,Torino,27-015,1996,16.1,7,4,1,3,3,1,5,20.0,4,5,2,3,3,10,4,0,Matches
4295f19c,Leandro Sanca,pt POR,"FW,MF",Spezia,23-074,2000,0.4,1,1,0,0,1,1,1,100.0,0,0,0,0,0,1,0,0,Matches
0d82903c,Alex Sandro,br BRA,DF,Juventus,32-052,1991,16.2,23,13,10,12,1,9,15,60.0,6,19,8,11,13,36,48,0,Matches
7eb97a8e,Nicola Sansone,it ITA,FW,Bologna,31-190,1991,4.8,5,3,4,0,1,3,4,75.0,1,0,0,0,0,5,2,0,Matches
3bb7af3b,Riccardo Saponara,it ITA,FW,Fiorentina,31-088,1991,9.4,9,4,3,5,1,4,8,50.0,4,5,1,4,4,13,5,0,Matches
86383d0e,Martin Satriano,uy URU,FW,Empoli,22-027,2001,18.0,13,8,5,6,2,6,9,66.7,3,5,0,5,3,16,19,0,Matches
1e9aa637,Giorgio Scalvini,it ITA,DF,Atalanta,19-098,2003,16.4,39,20,23,10,6,22,35,62.9,13,22,9,13,31,70,40,1,Matches
2cfae697,Jerdy Schouten,nl NED,MF,Bologna,26-066,1997,18.2,40,24,18,20,2,17,31,54.8,14,33,14,19,32,72,35,1,Matches
e613313c,Perr Schuurs,nl NED,DF,Torino,23-113,1999,17.1,32,15,17,11,4,10,16,62.5,6,19,11,8,19,51,74,0,Matches
16463a79,Demba Seck,sn SEN,"FW,MF",Torino,22-037,2001,4.2,5,2,3,2,0,2,2,100.0,0,3,1,2,1,6,1,0,Matches
3cb132e6,Jacopo Segre,it ITA,DF,Torino,26-030,1997,0.2,0,0,0,0,0,0,0,,0,0,0,0,0,0,0,0,Matches
b6baba31,Vivaldo Semedo,pt POR,FW,Udinese,18-050,2005,0.0,0,0,0,0,0,0,0,,0,0,0,0,0,0,0,0,Matches
b70bde8f,Stefano Sensi,it ITA,MF,Monza,27-226,1995,14.5,40,25,24,13,3,18,40,45.0,22,12,2,10,15,55,3,0,Matches
343f753a,Luigi Sepe,it ITA,GK,Salernitana,31-315,1991,17.0,0,0,0,0,0,0,1,0.0,1,0,0,0,0,0,0,0,Matches
dd7febd8,Leonardo Sernicola,it ITA,DF,Cremonese,25-232,1997,19.8,34,23,18,10,6,20,30,66.7,10,15,3,12,27,61,34,0,Matches
d3aaad90,Stephan El Shaarawy,it ITA,"DF,MF",Roma,30-143,1992,10.1,13,7,5,6,2,4,13,30.8,9,8,1,7,12,25,8,0,Matches
57469b2d,Eldor Shomurodov,uz UZB,FW,Spezia,27-263,1995,4.0,1,1,0,0,1,0,4,0.0,4,3,0,3,1,2,2,0,Matches
57469b2d,Eldor Shomurodov,uz UZB,FW,Roma,27-263,1995,1.3,1,0,1,0,0,0,2,0.0,2,1,0,1,1,2,0,0,Matches
0d422df7,Marco Silvestri,it ITA,GK,Udinese,32-017,1991,27.0,2,1,2,0,0,2,3,66.7,1,0,0,0,1,3,7,1,Matches
343c0d52,Giovanni Simeone,ar ARG,FW,Napoli,27-257,1995,2.3,12,3,3,5,4,3,6,50.0,3,1,1,0,1,13,3,0,Matches
8b609c34,Wilfried Singo,ci CIV,DF,Torino,22-084,2000,14.6,21,14,11,8,2,9,12,75.0,3,10,1,9,8,29,24,0,Matches
10dc46f0,Salvatore Sirigu,it ITA,GK,Fiorentina,36-066,1987,1.0,0,0,0,0,0,0,0,,0,0,0,0,0,0,1,0,Matches
b35a7399,Leo Skiri Østigård,no NOR,DF,Napoli,23-111,1999,2.4,3,0,2,1,0,1,1,100.0,0,0,0,0,3,6,10,0,Matches
ab4449d6,Łukasz Skorupski,pl POL,GK,Bologna,31-318,1991,27.0,2,1,2,0,0,1,2,50.0,1,0,0,0,0,2,13,1,Matches
30f5ffa9,Milan Škriniar,sk SVK,DF,Inter,28-036,1995,19.7,29,18,14,11,4,18,32,56.3,14,18,13,5,13,42,46,3,Matches
b6964eb6,Chris Smalling,eng ENG,DF,Roma,33-117,1989,24.7,21,12,13,8,0,9,16,56.3,7,38,28,10,37,58,103,0,Matches
78f13530,Ola Solbakken,no NOR,"MF,FW",Roma,24-193,1998,1.2,0,0,0,0,0,0,1,0.0,1,0,0,0,0,0,0,0,Matches
28f66c2e,Brandon Soppy,fr FRA,DF,Udinese,21-026,2002,1.0,1,1,0,1,0,0,0,,0,4,0,4,1,2,1,0,Matches
28f66c2e,Brandon Soppy,fr FRA,DF,Atalanta,21-026,2002,6.3,7,4,3,4,0,2,7,28.6,5,8,0,8,2,9,7,0,Matches
9d4c45d6,Roberto Soriano,it ITA,"FW,MF",Bologna,32-039,1991,13.9,28,14,9,13,6,12,22,54.5,10,23,2,21,5,33,14,0,Matches
50841bef,Joaquin Sosa,uy URU,DF,Bologna,21-068,2002,6.6,6,2,5,1,0,4,16,25.0,12,5,3,2,5,11,30,0,Matches
94816803,Riccardo Sottil,it ITA,FW,Fiorentina,23-289,1999,4.8,0,0,0,0,0,0,1,0.0,1,1,0,1,0,0,0,0,Matches
c13ddd3e,Matìas Soulé,ar ARG,"MF,DF",Juventus,19-338,2003,2.8,4,3,1,1,2,2,3,66.7,1,3,0,3,2,6,1,0,Matches
7b075c75,Adama Soumaoro,fr FRA,DF,Bologna,30-274,1992,15.7,17,11,7,8,2,3,4,75.0,1,13,9,4,15,32,51,1,Matches
3626daea,Leonardo Spinazzola,it ITA,DF,Roma,29-359,1993,12.5,11,6,5,4,2,6,14,42.9,8,11,3,8,4,15,20,0,Matches
ac4003af,Marco Sportiello,it ITA,GK,Atalanta,30-313,1992,6.9,1,0,1,0,0,1,2,50.0,1,0,0,0,0,1,1,0,Matches
13b44b02,Petar Stojanović,si SVN,DF,Empoli,27-163,1995,15.3,38,20,24,10,4,23,38,60.5,15,15,4,11,11,49,52,0,Matches
674cfc5a,Gabriel Strefezza,br BRA,FW,Lecce,25-335,1997,18.8,37,19,15,16,6,18,33,54.5,15,23,2,21,11,48,13,0,Matches
2cb9486d,Dávid Strelec,sk SVK,FW,Spezia,21-349,2001,1.9,2,2,0,1,1,2,2,100.0,0,0,0,0,0,2,0,0,Matches
f573a8bf,Isaac Success,ng NGA,FW,Udinese,27-071,1996,17.9,8,4,2,5,1,3,7,42.9,4,12,2,10,4,12,16,0,Matches
230c3f3a,Ibrahim Sulemana,gh GHA,MF,Hellas Verona,19-301,2003,4.0,11,7,6,4,1,3,5,60.0,2,3,2,1,7,18,8,0,Matches
01b8a2b2,Wojciech Szczęsny,pl POL,GK,Juventus,32-335,1990,17.5,1,0,1,0,0,0,1,0.0,1,0,0,0,0,1,4,0,Matches
eb3022c3,Benjamin Tahirovic,ba BIH,MF,Roma,20-016,2003,1.5,2,2,2,0,0,1,4,25.0,3,4,0,4,2,4,1,0,Matches
8da74c05,Adrien Tameze,cm CMR,MF,Hellas Verona,29-043,1994,22.4,30,15,15,11,4,13,37,35.1,24,37,11,26,24,54,42,2,Matches
b056e3da,Ciprian Tătărușanu,ro ROU,GK,Milan,37-038,1986,16.0,0,0,0,0,0,0,0,,0,0,0,0,1,1,2,0,Matches
5cbb5ad6,Filippo Terracciano,it ITA,"DF,MF",Hellas Verona,20-039,2003,5.9,10,7,4,4,2,6,10,60.0,4,4,3,1,6,16,11,0,Matches
e1b0a70d,Pietro Terracciano,it ITA,GK,Fiorentina,33-011,1990,22.0,2,1,2,0,0,2,2,100.0,0,0,0,0,1,3,10,0,Matches
3ef0a2d7,Aleksa Terzić,rs SRB,DF,Fiorentina,23-214,1999,5.6,10,6,6,3,1,7,13,53.8,6,10,3,7,4,14,8,0,Matches
2b9fdeea,Florian Thauvin,fr FRA,FW,Udinese,30-052,1993,2.2,1,0,0,1,0,1,3,33.3,2,2,0,2,2,3,1,0,Matches
ff5ea0bf,Malick Thiaw,de GER,DF,Milan,21-223,2001,7.6,18,15,14,4,0,8,13,61.5,5,9,5,4,5,23,38,1,Matches
76ff8d0d,Kristian Thorstvedt,no NOR,MF,Sassuolo,24-006,1999,11.1,14,7,4,8,2,5,13,38.5,8,14,3,11,12,26,13,0,Matches
a96e5dc0,Jeremy Toljan,de GER,DF,Sassuolo,28-223,1994,20.7,28,20,15,10,3,15,21,71.4,6,20,8,12,13,41,36,1,Matches
c56dc39e,Rafael Tolói,it ITA,DF,Atalanta,32-160,1990,21.1,39,27,22,17,0,21,41,51.2,20,25,11,14,46,85,56,0,Matches
7edfbb8a,Fikayo Tomori,eng ENG,DF,Milan,25-090,1997,22.4,57,28,36,20,1,14,23,60.9,9,33,17,16,24,81,55,0,Matches
0db169ae,Sandro Tonali,it ITA,MF,Milan,22-315,2000,21.4,42,27,23,15,4,18,30,60.0,12,19,6,13,21,63,14,1,Matches
7ed4921e,William Troost-Ekong,ng NGA,DF,Salernitana,29-199,1993,2.9,9,3,7,2,0,5,6,83.3,1,3,2,1,3,12,3,0,Matches
0588a092,Frank Tsadjout,it ITA,"FW,MF",Cremonese,23-234,1999,6.5,5,4,2,3,0,2,4,50.0,2,5,1,4,6,11,4,0,Matches
26c54058,Alessandro Tuia,it ITA,DF,Lecce,32-284,1990,4.7,9,5,6,3,0,2,6,33.3,4,1,0,1,13,22,20,0,Matches
14ae023f,Martin Turk,si SVN,GK,Sampdoria,19-210,2003,1.0,0,0,0,0,0,0,0,,0,0,0,0,0,0,0,0,Matches
7cd520e8,Iyenoma Udogie,it ITA,DF,Udinese,20-111,2002,22.2,59,36,36,19,4,28,48,58.3,20,28,5,23,24,83,21,0,Matches
3eed9821,Samuel Umtiti,fr FRA,DF,Lecce,29-125,1993,12.5,30,18,12,18,0,12,16,75.0,4,15,9,6,17,47,45,0,Matches
71005acd,Diego Valencia,cl CHI,"MF,FW",Salernitana,23-064,2000,2.6,8,5,4,2,2,2,9,22.2,7,10,1,9,1,9,2,0,Matches
ec52b661,Emanuele Valeri,it ITA,DF,Cremonese,24-102,1998,22.1,39,18,23,14,2,21,48,43.8,27,11,2,9,13,52,34,0,Matches
c414df9d,Mattia Valoti,it ITA,MF,Monza,29-194,1993,3.0,10,6,3,6,1,4,9,44.4,5,7,3,4,2,12,4,0,Matches
5eaed77a,Johan Vásquez,mx MEX,DF,Cremonese,24-148,1998,11.7,20,13,18,2,0,11,23,47.8,12,17,12,5,22,42,59,1,Matches
44ac04e9,Matías Vecino,uy URU,MF,Lazio,31-207,1991,14.0,37,22,10,19,8,19,31,61.3,12,25,8,17,13,50,29,0,Matches
ab1ca213,Miguel Veloso,pt POR,MF,Hellas Verona,36-312,1986,9.6,21,5,14,6,1,10,17,58.8,7,20,5,15,4,25,9,0,Matches
983ff2c7,Lorenzo Venuti,it ITA,DF,Fiorentina,27-341,1995,6.8,14,6,6,7,1,9,13,69.2,4,3,2,1,4,18,14,2,Matches
d3298c99,Daniele Verde,it ITA,"FW,MF",Spezia,26-272,1996,7.7,2,2,2,0,0,1,2,50.0,1,5,0,5,7,9,2,0,Matches
0375723e,Simone Verdi,it ITA,MF,Hellas Verona,30-250,1992,6.8,12,7,6,3,3,4,7,57.1,3,6,0,6,0,12,2,0,Matches
33ecf462,Valerio Verre,it ITA,MF,Sampdoria,29-067,1994,7.5,14,7,6,5,3,8,14,57.1,6,9,1,8,9,23,3,0,Matches
77d6fd4d,Guglielmo Vicario,it ITA,GK,Empoli,26-163,1996,24.0,0,0,0,0,0,0,1,0.0,1,0,0,0,0,0,12,2,Matches
75e60d75,Ronaldo Vieira,gw GNB,MF,Torino,24-243,1998,0.2,,0,,,,,,,,,,,0,,,,Matches
75e60d75,Ronaldo Vieira,gw GNB,MF,Sampdoria,24-243,1998,9.1,,10,,,,,,,,,,,13,,,,Matches
ec5dae45,Emanuel Vignato,it ITA,"MF,FW",Bologna,22-207,2000,2.7,4,4,2,2,0,2,4,50.0,2,2,0,2,3,7,0,0,Matches
ec5dae45,Emanuel Vignato,it ITA,"FW,MF",Empoli,22-207,2000,0.3,2,0,2,0,0,0,0,,0,0,0,0,0,2,0,0,Matches
a14d0ab0,Samuele Vignato,it ITA,"FW,MF",Monza,19-023,2004,0.2,0,0,0,0,0,0,0,,0,0,0,0,0,0,0,0,Matches
c7069d87,Tonny Vilhena,nl NED,MF,Salernitana,28-075,1995,17.6,33,17,8,22,3,13,27,48.1,14,12,5,7,10,43,11,0,Matches
bdc74a8f,Gonzalo Villar,es ESP,MF,Sampdoria,24-361,1998,7.7,13,7,4,8,1,7,15,46.7,8,11,3,8,4,17,9,1,Matches
08eb3b58,Matías Viña,uy URU,DF,Roma,25-130,1997,0.6,4,1,1,2,1,2,3,66.7,1,5,1,4,2,6,5,0,Matches
79443529,Dušan Vlahović,rs SRB,FW,Juventus,23-050,2000,15.2,7,4,0,3,4,3,7,42.9,4,7,2,5,3,10,6,1,Matches
aa8e289e,Nikola Vlašić,hr CRO,"MF,FW",Torino,25-166,1997,20.5,21,14,5,12,4,8,18,44.4,10,16,1,15,3,24,8,0,Matches
b3ef6517,Joel Voelkerling Persson,se SWE,FW,Lecce,20-063,2003,0.7,1,1,0,0,1,0,0,,0,1,0,1,0,1,0,0,Matches
be2706c0,Mërgim Vojvoda,xk KVX,DF,Torino,28-046,1995,12.5,17,10,11,5,1,10,16,62.5,6,6,1,5,8,25,20,1,Matches
72f87f25,Cristian Volpato,it ITA,MF,Roma,19-124,2003,2.3,3,2,1,1,1,0,1,0.0,1,2,0,2,2,5,0,0,Matches
f052fb01,Lukáš Vorlický,cz CZE,"MF,FW",Atalanta,21-060,2002,0.3,0,0,0,0,0,0,0,,0,0,0,0,1,1,0,0,Matches
f86cd5df,Aster Vranckx,be BEL,MF,Milan,20-166,2002,0.8,2,2,0,1,1,1,2,50.0,1,2,1,1,0,2,1,0,Matches
d0d8dd44,Stefan de Vrij,nl NED,DF,Inter,31-042,1992,13.6,16,9,11,5,0,6,8,75.0,2,7,5,2,30,46,48,0,Matches
26db8853,Walace,br BRA,MF,Udinese,27-349,1995,26.1,65,34,32,26,7,34,72,47.2,38,37,10,27,38,103,37,0,Matches
217875a4,Sebastian Walukiewicz,pl POL,DF,Empoli,22-348,2000,1.8,2,1,1,1,0,0,1,0.0,1,3,3,0,1,3,12,0,Matches
eb58eef0,Georginio Wijnaldum,nl NED,MF,Roma,32-128,1990,3.1,0,0,0,0,0,0,0,,0,2,0,2,0,0,1,0,Matches
2f7acede,Harry Winks,eng ENG,MF,Sampdoria,27-045,1996,8.3,15,8,2,11,2,8,24,33.3,16,6,4,2,8,23,10,0,Matches
1bfe5ac9,Przemysław Wiśniewski,pl POL,DF,Spezia,24-235,1998,1.1,0,0,0,0,0,0,0,,0,4,2,2,1,1,9,0,Matches
ee9040b4,Gerard Yepes,es ESP,MF,Sampdoria,20-206,2002,2.2,5,3,2,3,0,1,3,33.3,2,3,0,3,4,9,3,0,Matches
d85c238b,Mattia Zaccagni,it ITA,FW,Lazio,27-276,1995,20.1,29,18,14,11,4,8,16,50.0,8,27,3,24,16,45,8,1,Matches
384d58d9,Denis Zakaria,ch SUI,MF,Juventus,26-119,1996,1.4,6,3,1,4,1,2,2,100.0,0,2,0,2,2,8,1,0,Matches
45191c29,Nicola Zalewski,pl POL,DF,Roma,21-055,2002,15.0,28,14,14,11,3,14,43,32.6,29,20,1,19,18,46,10,0,Matches
6bb2c084,Andre-Frank Zambo Anguissa,cm CMR,MF,Napoli,27-123,1995,22.3,43,25,13,23,7,13,44,29.5,31,38,3,35,27,70,18,0,Matches
5e834dce,Luca Zanimacchia,it ITA,"MF,FW",Cremonese,24-243,1998,8.3,21,13,11,6,4,8,21,38.1,13,9,0,9,9,30,5,0,Matches
9907b1c8,Nicolò Zaniolo,it ITA,"MF,FW",Roma,23-260,1999,9.9,8,5,2,5,1,3,7,42.9,4,11,0,11,2,10,0,0,Matches
3b12b11f,Alessandro Zanoli,it ITA,DF,Sampdoria,22-167,2000,5.8,3,2,2,1,0,1,1,100.0,0,2,1,1,3,6,12,0,Matches
3b12b11f,Alessandro Zanoli,it ITA,DF,Napoli,22-167,2000,0.1,1,0,0,1,0,0,0,,0,0,0,0,0,1,1,0,Matches
875d65d1,Mattia Zanotti,it ITA,DF,Inter,20-067,2003,0.0,0,0,0,0,0,0,0,,0,0,0,0,0,0,0,0,Matches
d3de9af0,Duván Zapata,co COL,FW,Atalanta,31-352,1991,9.3,1,1,0,0,1,1,2,50.0,1,3,0,3,1,2,12,0,Matches
7fe90ccd,Davide Zappacosta,it ITA,"DF,MF",Atalanta,30-281,1992,6.2,14,8,6,6,2,5,6,83.3,1,8,1,7,5,19,6,0,Matches
2f45300d,Karim Zedadka,fr FRA,DF,Napoli,22-283,2000,0.0,0,0,0,0,0,0,0,,0,0,0,0,0,0,0,0,Matches
58a2e9f6,Deyovaisio Zeefuik,nl NED,DF,Hellas Verona,25-008,1998,0.1,1,1,0,1,0,0,0,,0,0,0,0,0,1,0,0,Matches
8abd0c03,Marvin Zeegelaar,nl NED,DF,Udinese,32-219,1990,0.0,0,0,0,0,0,0,0,,0,1,0,1,0,0,1,0,Matches
d19ef4ef,Alessio Zerbin,it ITA,"FW,MF",Napoli,24-016,1999,0.7,8,3,4,3,1,3,4,75.0,1,2,0,2,0,8,2,0,Matches
a5296e55,Piotr Zieliński,pl POL,MF,Napoli,28-303,1994,18.4,13,8,1,9,3,9,17,52.9,8,8,3,5,14,27,6,0,Matches
acf7e795,David Zima,cz CZE,DF,Torino,22-131,2000,4.5,9,5,5,4,0,3,4,75.0,1,7,2,5,9,18,11,2,Matches
028e70b9,Joshua Zirkzee,nl NED,FW,Bologna,21-301,2001,5.9,3,1,0,1,2,2,5,40.0,3,1,1,0,4,7,3,0,Matches
cc1a0c57,Jeroen Zoet,nl NED,GK,Spezia,32-072,1991,1.7,1,1,1,0,0,1,1,100.0,0,0,0,0,0,1,0,0,Matches
82598b71,Nadir Zortea,it ITA,"DF,MF",Atalanta,23-273,1999,2.5,10,5,3,7,0,3,4,75.0,1,4,0,4,0,10,4,0,Matches
82598b71,Nadir Zortea,it ITA,DF,Sassuolo,23-273,1999,5.0,12,7,9,2,1,8,10,80.0,2,6,3,3,3,15,17,0,Matches
54f6afe3,Petar Zovko,ba BIH,GK,Spezia,20-359,2002,0.8,1,0,1,0,0,1,1,100.0,0,0,0,0,0,1,0,0,Matches
4e1d5e59,Szymon Żurkowski,pl POL,MF,Fiorentina,25-175,1997,0.4,0,0,0,0,0,0,0,,0,0,0,0,0,0,0,0,Matches
4e1d5e59,Szymon Żurkowski,pl POL,MF,Spezia,25-175,1997,1.2,5,3,1,3,1,1,3,33.3,2,1,1,0,2,7,2,0,Matches
405f6586,Milan Đurić,ba BIH,FW,Hellas Verona,32-301,1990,8.1,2,1,1,0,1,1,1,100.0,0,5,3,2,0,2,11,0,Matches
eccbe56a,Filip Đuričić,rs SRB,"MF,FW",Sampdoria,31-048,1992,17.3,34,17,14,16,4,10,23,43.5,13,12,3,9,6,40,5,0,Matches
