id,Player,Nation,Pos,Squad,Age,Born,90s,Tkl,TklW,Def 3rd,Mid 3rd,Att 3rd,Tkl.1,Att,Tkl%,Lost,Blocks,Sh,Pass,Int,Tkl+Int,Clr,Err,Matches
8f5cdf66,Oliver Abildgaard,dk DEN,"MF,DF",Hellas Verona,26-292,1996,0.9,2,2,1,0,1,1,4,25.0,3,2,0,2,1,3,3,0,Matches
f586779e,Tammy Abraham,eng ENG,FW,Roma,25-178,1997,19.4,12,7,3,5,4,3,12,25.0,9,10,4,6,3,15,10,0,Matches
771a2cfe,Christian Acella,it ITA,MF,Cremonese,20-265,2002,0.2,1,0,1,0,0,0,2,0.0,2,0,0,0,0,1,0,0,Matches
b96b595c,Francesco Acerbi,it ITA,DF,Inter,35-047,1988,17.8,24,12,16,4,4,15,20,75.0,5,13,7,6,23,47,53,0,Matches
26777636,Yacine Adli,fr FRA,"MF,FW",Milan,22-243,2000,1.4,6,3,2,4,0,2,2,100.0,0,2,0,2,1,7,1,0,Matches
f9c927de,Michel Aebischer,ch SUI,"FW,MF",Bologna,26-082,1997,11.2,8,3,2,3,3,2,10,20.0,8,11,2,9,5,13,6,0,Matches
0154d290,Felix Afena-Gyan,gh GHA,"FW,MF",Cremonese,20-069,2003,6.7,6,3,4,1,1,2,7,28.6,5,4,1,3,1,7,3,0,Matches
46fa7204,Kevin Agudelo,co COL,"MF,FW",Spezia,24-135,1998,19.9,58,29,16,24,18,20,50,40.0,30,33,5,28,9,67,6,0,Matches
246d153b,Ola Aina,ng NGA,DF,Torino,26-172,1996,9.0,15,11,5,7,3,8,14,57.1,6,11,2,9,9,24,26,0,Matches
d810c13b,Emanuel Aiwum,at AUT,DF,Cremonese,22-094,2000,14.4,46,27,27,17,2,27,38,71.1,11,20,12,8,22,68,44,1,Matches
fdf4b948,Jean-Daniel Akpa-Akpro,ci CIV,MF,Empoli,30-169,1992,10.2,36,27,18,13,5,12,21,57.1,9,28,4,24,12,48,23,0,Matches
5294a83f,Luis Alberto,es ESP,MF,Lazio,30-182,1992,16.4,26,13,12,10,4,12,45,26.7,33,23,5,18,6,32,2,0,Matches
ab472696,Agustín Álvarez Martínez,uy URU,"FW,MF",Sassuolo,21-314,2001,3.5,5,2,0,4,1,1,3,33.3,2,4,1,3,3,8,3,0,Matches
bcc81786,Kelvin Amian,fr FRA,DF,Spezia,25-049,1998,16.7,37,22,20,10,7,16,20,80.0,4,21,8,13,18,55,51,1,Matches
2df7cc43,Bruno Amione,ar ARG,DF,Hellas Verona,21-085,2002,0.6,1,1,1,0,0,1,2,50.0,1,1,0,1,0,1,4,0,Matches
2df7cc43,Bruno Amione,ar ARG,DF,Sampdoria,21-085,2002,14.8,37,25,26,11,0,16,26,61.5,10,17,8,9,17,54,37,1,Matches
10b9fa99,Ethan Ampadu,wls WAL,"DF,MF",Spezia,22-196,2000,20.1,51,29,23,24,4,13,30,43.3,17,32,13,19,26,77,61,0,Matches
5a2cb25d,Sofyan Amrabat,ma MAR,MF,Fiorentina,26-220,1996,18.4,28,17,13,9,6,13,24,54.2,11,22,5,17,19,47,15,2,Matches
9f1893b9,Felipe Anderson,br BRA,FW,Lazio,29-348,1993,23.4,51,33,17,29,5,19,51,37.3,32,38,4,34,16,67,16,0,Matches
38d9ce53,Janis Antiste,fr FRA,FW,Sassuolo,20-223,2002,0.6,1,0,1,0,0,1,1,100.0,0,0,0,0,0,1,0,0,Matches
108fe016,Marcos Antônio,br BRA,MF,Lazio,22-289,2000,3.5,5,4,3,2,0,5,10,50.0,5,2,0,2,3,8,11,0,Matches
8f68aa41,Valentin Antov,bg BUL,DF,Monza,22-140,2000,2.2,5,4,3,2,0,1,3,33.3,2,4,3,1,0,5,7,1,Matches
00459419,Marko Arnautović,at AUT,FW,Bologna,33-344,1989,13.7,8,5,2,4,2,1,5,20.0,4,9,1,8,2,10,8,0,Matches
963a328b,Tolgay Arslan,de GER,MF,Udinese,32-225,1990,10.3,20,11,9,10,1,8,23,34.8,15,12,0,12,7,27,9,0,Matches
a820e429,Arthur,br BRA,FW,Fiorentina,24-338,1998,10.3,7,2,1,2,4,4,7,57.1,3,6,0,6,0,7,6,0,Matches
e26fcca3,Santiago Ascacíbar,ar ARG,MF,Cremonese,26-032,1997,8.1,29,14,17,10,2,14,35,40.0,21,14,2,12,13,42,11,0,Matches
a69cc629,Kristoffer Askildsen,no NOR,MF,Lecce,22-079,2001,6.9,7,3,2,3,2,4,8,50.0,4,11,3,8,10,17,6,0,Matches
0fdcef0e,Kristjan Asllani,al ALB,MF,Inter,21-020,2002,3.3,7,4,0,5,2,4,4,100.0,0,2,0,2,1,8,3,0,Matches
649b01d8,Emil Audero,it ITA,GK,Sampdoria,26-070,1997,25.0,0,0,0,0,0,0,2,0.0,2,0,0,0,0,0,7,1,Matches
3cd3b384,Tommaso Augello,it ITA,DF,Sampdoria,28-211,1994,23.0,13,10,9,2,2,5,10,50.0,5,17,7,10,8,21,39,1,Matches
2200181e,Kaan Ayhan,tr TUR,DF,Sassuolo,28-139,1994,6.1,10,4,6,4,0,7,7,100.0,0,5,4,1,5,15,26,1,Matches
dfd24c07,Jaime Báez,uy URU,DF,Cremonese,27-338,1995,1.1,4,2,3,0,1,3,6,50.0,3,0,0,0,0,4,2,1,Matches
f42d6c13,Nedim Bajrami,al ALB,"MF,FW",Empoli,24-029,1999,10.4,8,4,3,3,2,4,6,66.7,2,5,0,5,7,15,4,0,Matches
f42d6c13,Nedim Bajrami,al ALB,FW,Sassuolo,24-029,1999,3.5,4,1,2,2,0,2,5,40.0,3,4,1,3,4,8,2,0,Matches
59bf127b,Tiemoué Bakayoko,fr FRA,MF,Milan,28-224,1994,0.4,3,3,3,0,0,1,1,100.0,0,0,0,0,0,3,0,0,Matches
102e2599,Tommaso Baldanzi,it ITA,MF,Empoli,20-006,2003,12.9,18,9,7,10,1,5,23,21.7,18,12,1,11,2,20,4,0,Matches
f449640d,Fodé Ballo-Touré,sn SEN,DF,Milan,26-085,1997,3.2,7,2,2,5,0,4,5,80.0,1,8,3,5,1,8,1,0,Matches
8a6de8c7,Lameck Banda,zm ZAM,"FW,MF",Lecce,22-059,2001,13.1,23,14,9,11,3,10,29,34.5,19,20,2,18,3,26,2,0,Matches
d44360be,Filippo Bandinelli,it ITA,MF,Empoli,28-000,1995,19.3,44,28,15,21,8,12,29,41.4,17,17,5,12,10,54,29,0,Matches
01efac19,Antonín Barák,cz CZE,MF,Hellas Verona,28-116,1994,0.3,0,0,0,0,0,0,0,,0,0,0,0,0,0,0,0,Matches
01efac19,Antonín Barák,cz CZE,MF,Fiorentina,28-116,1994,14.6,19,9,5,5,9,5,13,38.5,8,13,1,12,3,22,10,0,Matches
32ebfe1e,Andrea Barberis,it ITA,MF,Monza,29-108,1993,3.5,6,2,4,2,0,4,9,44.4,5,0,0,0,8,14,1,0,Matches
6928979a,Nicolò Barella,it ITA,MF,Inter,26-050,1997,22.3,32,18,14,15,3,17,35,48.6,18,21,4,17,9,41,9,0,Matches
6caffe81,Enzo Barrenechea,ar ARG,MF,Juventus,21-311,2001,1.3,8,3,3,4,1,3,5,60.0,2,2,0,2,2,10,2,0,Matches
e5bf73f3,Musa Barrow,gm GAM,"FW,MF",Bologna,24-135,1998,13.3,13,2,5,5,3,5,7,71.4,2,15,1,14,1,14,4,0,Matches
5a08ee41,Federico Baschirotto,it ITA,DF,Lecce,26-190,1996,26.0,25,19,22,3,0,8,14,57.1,6,30,20,10,30,55,144,0,Matches
80556f08,Toma Bašić,hr CRO,MF,Lazio,26-124,1996,4.7,5,3,3,1,1,2,6,33.3,4,9,0,9,7,12,6,0,Matches
75b86fb3,Alessandro Bastoni,it ITA,DF,Inter,23-350,1999,18.1,35,17,17,11,7,10,20,50.0,10,18,6,12,20,55,35,0,Matches
1ac232b8,Simone Bastoni,it ITA,"MF,DF",Spezia,26-144,1996,10.5,37,18,16,16,5,9,20,45.0,11,16,4,12,7,44,9,0,Matches
78e6bf2c,Brian Bayeye,fr FRA,DF,Torino,22-272,2000,0.6,3,0,3,0,0,1,1,100.0,0,1,1,0,1,4,2,0,Matches
19e4eab9,Rodrigo Becão,br BRA,DF,Udinese,27-069,1996,20.7,62,30,46,13,3,37,46,80.4,9,37,21,16,16,78,53,1,Matches
e892c325,Julius Beck,dk DEN,MF,Spezia,17-336,2005,0.1,2,1,1,1,0,0,0,,0,0,0,0,0,2,0,0,Matches
e3756e72,Raoul Bellanova,it ITA,"DF,MF",Inter,22-316,2000,1.9,5,2,4,1,0,2,3,66.7,1,2,1,1,3,8,5,0,Matches
d705ba44,Andrea Belotti,it ITA,FW,Roma,29-099,1993,6.8,9,5,3,2,4,3,7,42.9,4,7,1,6,3,12,2,0,Matches
0000acda,Marco Benassi,it ITA,DF,Fiorentina,28-202,1994,1.0,3,3,2,0,1,3,4,75.0,1,0,0,0,1,4,1,0,Matches
0000acda,Marco Benassi,it ITA,MF,Cremonese,28-202,1994,7.4,14,9,6,4,4,10,18,55.6,8,11,0,11,9,23,8,0,Matches
db092d3b,Ismaël Bennacer,dz ALG,MF,Milan,25-118,1997,18.1,51,29,22,27,2,23,37,62.2,14,19,7,12,21,72,14,1,Matches
53a0e358,Domenico Berardi,it ITA,FW,Sassuolo,28-240,1994,13.0,16,11,7,5,4,7,27,25.9,20,9,0,9,12,28,12,0,Matches
61b3978f,Bartosz Bereszyński,pl POL,DF,Sampdoria,30-260,1992,13.3,28,18,15,11,2,17,26,65.4,9,18,4,14,21,49,25,0,Matches
ed5c0319,Beto,gw GNB,FW,Udinese,25-057,1998,19.0,15,9,0,9,6,4,15,26.7,11,14,1,13,3,18,23,0,Matches
b3a20f18,Matteo Bianchetti,it ITA,DF,Cremonese,30-012,1993,18.8,25,14,16,7,2,16,27,59.3,11,25,15,10,16,41,91,0,Matches
d65cf468,Alessandro Bianco,it ITA,MF,Fiorentina,20-179,2002,1.2,3,1,1,2,0,2,2,100.0,0,1,0,1,0,3,0,0,Matches
6fdac234,Jaka Bijol,si SVN,DF,Udinese,24-052,1999,20.4,22,15,18,4,0,9,16,56.3,7,31,17,14,22,44,132,0,Matches
9e1577aa,Cristiano Biraghi,it ITA,DF,Fiorentina,30-209,1992,22.0,50,29,24,22,4,27,48,56.3,21,21,6,15,11,61,32,1,Matches
204ac005,Samuele Birindelli,it ITA,DF,Monza,23-253,1999,12.1,25,13,15,8,2,16,23,69.6,7,21,7,14,13,38,23,0,Matches
79370f8c,Kristijan Bistrović,hr CRO,MF,Lecce,24-354,1998,5.1,3,1,3,0,0,0,5,0.0,5,3,0,3,0,3,4,0,Matches
c69ef855,Alexis Blin,fr FRA,"MF,DF",Lecce,26-194,1996,17.9,49,25,20,21,8,27,46,58.7,19,37,11,26,24,73,63,0,Matches
fe012aca,Jeremie Boga,ci CIV,"MF,FW",Atalanta,26-085,1997,6.5,5,3,2,0,3,1,3,33.3,2,5,0,5,1,6,1,0,Matches
c83c203f,Emil Bohinen,no NOR,MF,Salernitana,24-017,1999,5.5,17,10,10,5,2,8,13,61.5,5,11,4,7,10,27,12,0,Matches
d995ed27,Giacomo Bonaventura,it ITA,MF,Fiorentina,33-219,1989,17.3,32,20,14,14,4,21,33,63.6,12,10,0,10,15,47,4,1,Matches
bf57eaab,Federico Bonazzoli,it ITA,"FW,MF",Salernitana,25-312,1997,11.9,3,1,0,1,2,0,9,0.0,9,9,1,8,3,6,0,0,Matches
0def2376,Warren Bondo,fr FRA,MF,Monza,19-195,2003,0.7,1,0,1,0,0,0,0,,0,1,0,1,0,1,0,0,Matches
fb77bfef,Kevin Bonifazi,it ITA,DF,Bologna,26-314,1996,4.6,6,4,4,2,0,3,6,50.0,3,6,4,2,6,12,21,0,Matches
52ec54d0,Leonardo Bonucci,it ITA,DF,Juventus,35-332,1987,7.7,5,4,1,4,0,2,4,50.0,2,10,7,3,9,14,24,0,Matches
3d13d9e4,Erik Botheim,no NOR,FW,Salernitana,23-078,2000,3.9,4,3,0,2,2,2,2,100.0,0,1,0,1,0,4,1,0,Matches
0d077b88,Mehdi Bourabia,ma MAR,MF,Spezia,31-234,1991,23.2,34,15,12,17,5,16,33,48.5,17,32,12,20,26,60,42,0,Matches
ae94a6c5,Edoardo Bove,it ITA,MF,Roma,20-317,2002,3.7,12,5,3,6,3,6,15,40.0,9,6,1,5,2,14,6,0,Matches
c609e90e,Jayden Braaf,nl NED,MF,Hellas Verona,20-210,2002,2.5,5,3,2,3,0,0,0,,0,1,0,1,2,7,0,0,Matches
8bbe2df5,Domagoj Bradarić,hr CRO,DF,Salernitana,23-109,1999,17.1,16,11,8,6,2,7,13,53.8,6,13,3,10,14,30,33,0,Matches
d4a2533d,Josip Brekalo,hr CRO,FW,Fiorentina,24-279,1998,0.7,0,0,0,0,0,0,1,0.0,1,0,0,0,0,0,0,0,Matches
5fd5ed86,Gleison Bremer,br BRA,DF,Juventus,26-011,1997,22.4,20,14,16,3,1,13,18,72.2,5,37,21,16,33,53,97,2,Matches
edd81e2a,Dylan Bronn,tn TUN,DF,Salernitana,27-283,1995,15.8,31,16,17,13,1,19,29,65.5,10,30,19,11,18,49,49,1,Matches
33b8d077,Marcelo Brozović,hr CRO,MF,Inter,30-133,1992,11.3,18,11,6,11,1,5,18,27.8,13,14,4,10,16,34,17,0,Matches
f3a9fa26,Cristian Buonaiuto,it ITA,"MF,FW",Cremonese,30-090,1992,6.6,12,6,3,4,5,5,12,41.7,7,8,0,8,9,21,4,0,Matches
4ae67f27,Alessandro Buongiorno,it ITA,DF,Torino,23-296,1999,19.4,26,15,15,11,0,12,19,63.2,7,26,14,12,40,66,62,2,Matches
ef6eef89,Juan Cabal,co COL,DF,Hellas Verona,22-080,2001,1.6,2,2,2,0,0,2,2,100.0,0,5,4,1,3,5,5,0,Matches
dd86e8e4,Liberato Cacace,nz NZL,DF,Empoli,22-183,2000,4.3,19,7,10,6,3,8,12,66.7,4,10,5,5,4,23,11,0,Matches
2146785a,Davide Calabria,it ITA,DF,Milan,26-113,1996,11.3,50,26,23,21,6,28,45,62.2,17,14,4,10,18,68,20,0,Matches
ac7e640b,Mattia Caldara,it ITA,DF,Spezia,28-328,1994,12.9,23,14,10,11,2,9,20,45.0,11,20,13,7,15,38,77,2,Matches
226008f1,Luca Caldirola,it ITA,DF,Monza,32-056,1991,18.4,17,8,10,4,3,7,18,38.9,11,18,9,9,18,35,42,0,Matches
cd0fa27b,Hakan Çalhanoğlu,tr TUR,MF,Inter,29-049,1994,21.4,39,21,15,20,4,12,35,34.3,23,25,4,21,22,61,9,1,Matches
13ea2544,Mohamed Camara,gn GUI,MF,Roma,26-029,1997,4.6,10,9,3,6,1,4,9,44.4,5,2,0,2,7,17,4,0,Matches
91ff775f,Nicolò Cambiaghi,it ITA,"FW,MF",Empoli,22-091,2000,6.4,15,11,7,4,4,3,7,42.9,4,9,1,8,4,19,5,0,Matches
247ed022,Andrea Cambiaso,it ITA,DF,Bologna,23-037,2000,18.0,42,24,23,17,2,18,44,40.9,26,20,2,18,21,63,27,1,Matches
b6a1cdf9,Matteo Cancellieri,it ITA,FW,Lazio,21-045,2002,2.7,9,4,5,2,2,4,8,50.0,4,4,0,4,1,10,2,0,Matches
356c9002,Antonio Candreva,it ITA,"DF,MF",Salernitana,36-029,1987,23.1,11,3,10,0,1,9,33,27.3,24,6,2,4,15,26,27,0,Matches
54e53b7e,Gianluca Caprari,it ITA,"MF,FW",Monza,29-242,1993,20.1,14,6,3,9,2,7,19,36.8,12,16,1,15,7,21,3,0,Matches
5bd72174,Francesco Caputo,it ITA,FW,Sampdoria,35-235,1987,12.2,3,1,0,0,3,0,3,0.0,3,0,0,0,1,4,3,0,Matches
5bd72174,Francesco Caputo,it ITA,FW,Empoli,35-235,1987,10.7,2,2,0,1,1,0,0,,0,5,2,3,1,3,4,0,Matches
f7e2af2c,Andrea Carboni,it ITA,DF,Monza,22-053,2001,1.9,3,2,2,0,1,2,5,40.0,3,3,2,1,3,6,2,1,Matches
b033f803,Franco Carboni,it ITA,DF,Monza,19-359,2003,0.6,1,1,1,0,0,0,2,0.0,2,2,0,2,1,2,0,0,Matches
707b98f1,Valentin Carboni,it ITA,"MF,DF",Inter,18-024,2005,0.3,1,1,0,1,0,1,3,33.3,2,1,0,1,0,1,0,0,Matches
8d3cd59d,Carlos,br BRA,DF,Monza,24-081,1999,23.3,38,19,22,11,5,17,29,58.6,12,14,4,10,14,52,55,1,Matches
8ec56e62,Marco Carnesecchi,it ITA,GK,Cremonese,22-271,2000,18.0,0,0,0,0,0,0,1,0.0,1,0,0,0,0,0,7,1,Matches
3f5f38fb,Nicolò Casale,it ITA,DF,Lazio,25-043,1998,18.6,34,16,21,13,0,17,26,65.4,9,16,9,7,12,46,47,0,Matches
6c4307ee,Tommaso Cassandro,it ITA,DF,Lecce,23-079,2000,0.1,1,1,0,1,0,0,0,,0,1,1,0,0,1,0,0,Matches
ad92526f,Michele Castagnetti,it ITA,MF,Cremonese,33-092,1989,8.4,23,12,9,13,1,9,22,40.9,13,8,2,6,9,32,12,0,Matches
0728bebe,Gaetano Castrovilli,it ITA,MF,Fiorentina,26-040,1997,1.4,5,4,0,3,2,1,3,33.3,2,1,0,1,1,6,1,0,Matches
ba3d3bea,Danilo Cataldi,it ITA,MF,Lazio,28-235,1994,18.2,20,12,5,13,2,11,37,29.7,26,19,8,11,20,40,27,0,Matches
4d1efb48,Pietro Ceccaroni,it ITA,DF,Lecce,27-098,1995,0.3,0,0,0,0,0,0,0,,0,1,1,0,3,3,1,0,Matches
d9624b51,Federico Ceccherini,it ITA,DF,Hellas Verona,30-322,1992,11.5,18,14,10,7,1,9,13,69.2,4,11,4,7,10,28,37,0,Matches
07f8bcc8,Assan Ceesay,gm GAM,FW,Lecce,29-012,1994,13.1,20,16,7,6,7,7,12,58.3,5,10,1,9,2,22,21,0,Matches
98a84572,Emil Ceide,no NOR,FW,Sassuolo,21-207,2001,3.7,4,1,4,0,0,3,4,75.0,1,2,0,2,1,5,0,0,Matches
31a62dc7,Zeki Çelik,tr TUR,DF,Roma,26-040,1997,11.3,33,16,16,15,2,20,28,71.4,8,25,5,20,13,46,29,1,Matches
b0f7e36c,Federico Chiesa,it ITA,"DF,MF",Juventus,25-155,1997,4.4,12,5,5,5,2,4,7,57.1,3,4,1,3,0,12,1,0,Matches
c316607a,Vlad Chiricheș,ro ROU,DF,Cremonese,33-135,1989,8.1,27,15,20,6,1,10,17,58.8,7,21,12,9,16,43,30,0,Matches
b09a3ecc,Daniel Ciofani,it ITA,FW,Cremonese,37-241,1985,7.0,5,3,1,2,2,3,5,60.0,2,3,0,3,0,5,3,0,Matches
039a4fb6,Tio Cipot,si SVN,"FW,DF",Spezia,19-343,2003,0.7,5,4,2,1,2,1,2,50.0,1,0,0,0,0,5,1,0,Matches
5de3866c,Patrick Ciurria,it ITA,"DF,MF",Monza,28-048,1995,19.8,25,14,16,8,1,12,25,48.0,13,19,2,17,3,28,24,0,Matches
8b95acda,Omar Colley,gm GAM,DF,Sampdoria,30-156,1992,15.4,17,10,10,7,0,9,12,75.0,3,9,5,4,22,39,69,1,Matches
04df29a5,Lorenzo Colombo,it ITA,FW,Lecce,21-021,2002,13.2,11,4,0,6,5,3,8,37.5,5,19,0,19,2,13,5,0,Matches
6499048c,Andrea Colpani,it ITA,MF,Monza,23-322,1999,6.0,7,5,5,1,1,5,9,55.6,4,12,2,10,3,10,3,0,Matches
8cabdc1e,Andrea Consigli,it ITA,GK,Sassuolo,36-061,1987,25.0,1,0,1,0,0,0,1,0.0,1,0,0,0,0,1,11,1,Matches
8fef5412,Andrea Conti,it ITA,DF,Sampdoria,29-027,1994,0.3,0,0,0,0,0,0,0,,0,0,0,0,0,0,0,0,Matches
22ae86f9,Diego Coppola,it ITA,DF,Hellas Verona,19-091,2003,11.4,20,14,11,9,0,10,17,58.8,7,18,6,12,12,32,33,0,Matches
45b9b619,Joaquín Correa,ar ARG,FW,Inter,28-228,1994,5.0,7,4,1,4,2,2,3,66.7,1,2,0,2,0,7,0,0,Matches
bfc359ed,Alessandro Cortinovis,it ITA,MF,Hellas Verona,22-063,2001,0.1,1,0,1,0,0,0,0,,0,1,0,1,0,1,0,0,Matches
85a44ecc,Lassana Coulibaly,ml MLI,MF,Salernitana,26-353,1996,22.8,55,31,28,22,5,18,45,40.0,27,24,3,21,14,69,22,2,Matches
f554e29b,Alessio Cragno,it ITA,GK,Monza,28-274,1994,1.0,0,0,0,0,0,0,1,0.0,1,0,0,0,0,0,0,0,Matches
16657b95,Bryan Cristante,it ITA,MF,Roma,28-026,1995,24.1,86,45,42,37,7,44,70,62.9,26,34,8,26,9,95,35,0,Matches
22cd43d2,Domen Črnigoj,si SVN,MF,Salernitana,27-131,1995,3.3,8,3,0,7,1,1,2,50.0,1,9,1,8,9,17,6,0,Matches
0ab1f153,Juan Cuadrado,co COL,"DF,FW",Juventus,34-307,1988,14.7,35,23,25,9,1,17,38,44.7,21,11,1,10,15,50,19,0,Matches
5722eced,Mickaël Cuisance,fr FRA,MF,Sampdoria,23-225,1999,4.2,9,6,5,4,0,3,16,18.8,13,8,0,8,4,13,1,0,Matches
060606ec,Marco D'Alessandro,it ITA,"DF,FW",Monza,32-040,1991,3.2,4,4,3,1,0,2,5,40.0,3,2,0,2,1,5,3,0,Matches
44eb9093,Danilo D'Ambrosio,it ITA,DF,Inter,34-201,1988,3.1,13,7,10,2,1,8,14,57.1,6,7,3,4,6,19,7,0,Matches
f778fe3f,Luca D'Andrea,it ITA,FW,Sassuolo,18-204,2004,3.5,4,0,2,1,1,1,4,25.0,3,2,0,2,1,5,1,0,Matches
7ef972c3,Flavius Daniliuc,at AUT,DF,Salernitana,21-336,2001,16.5,38,19,27,10,1,16,27,59.3,11,25,11,14,18,56,62,0,Matches
94b2001f,Danilo,br BRA,DF,Juventus,31-257,1991,26.1,60,39,39,17,4,30,45,66.7,15,25,15,10,35,95,84,1,Matches
96e0490d,Matteo Darmian,it ITA,DF,Inter,33-117,1989,16.0,43,23,20,11,12,25,37,67.6,12,24,5,19,15,58,24,0,Matches
16bb656a,Paweł Dawidowicz,pl POL,DF,Hellas Verona,27-313,1995,12.6,35,23,22,10,3,18,23,78.3,5,12,8,4,14,49,45,0,Matches
2ef7c612,Charles De Ketelaere,be BEL,MF,Milan,22-019,2001,9.7,18,9,4,11,3,10,22,45.5,12,12,2,10,3,21,7,0,Matches
60e3603d,Manuel De Luca,it ITA,"FW,MF",Sampdoria,24-255,1998,0.5,0,0,0,0,0,0,0,,0,0,0,0,0,0,0,0,Matches
ae4e2852,Mattia De Sciglio,it ITA,DF,Juventus,30-160,1992,10.2,11,6,5,3,3,8,12,66.7,4,7,3,4,4,15,17,0,Matches
e74f0e59,Lorenzo De Silvestri,it ITA,DF,Bologna,34-310,1988,5.8,2,2,1,0,1,2,5,40.0,3,5,5,0,2,4,16,0,Matches
f4797849,Koni De Winter,be BEL,DF,Empoli,20-290,2002,9.9,13,8,10,3,0,4,9,44.4,5,10,10,0,6,19,51,0,Matches
854ee61a,Grégoire Defrel,mq MTQ,FW,Sassuolo,31-285,1991,7.6,7,6,3,2,2,2,4,50.0,2,4,0,4,1,8,4,0,Matches
0e0d6c53,Duccio Degl'Innocenti,it ITA,MF,Empoli,19-335,2003,0.0,0,0,0,0,0,0,0,,0,0,0,0,1,1,0,0,Matches
e3cceee6,Merih Demiral,tr TUR,DF,Atalanta,25-024,1998,16.0,37,25,28,9,0,23,30,76.7,7,23,7,16,22,59,55,1,Matches
dc3fa3b5,Diego Demme,de GER,MF,Napoli,31-128,1991,0.3,0,0,0,0,0,0,1,0.0,1,1,0,1,0,0,0,0,Matches
d97f2e8d,Fabio Depaoli,it ITA,DF,Hellas Verona,25-339,1997,16.6,32,17,19,9,4,15,26,57.7,11,21,5,16,10,42,23,2,Matches
d97f2e8d,Fabio Depaoli,it ITA,"DF,MF",Sampdoria,25-339,1997,1.5,5,3,2,3,0,3,4,75.0,1,1,0,1,1,6,4,0,Matches
2990c466,Kastriot Dermaku,al ALB,DF,Lecce,31-073,1992,0.4,0,0,0,0,0,0,0,,0,0,0,0,0,0,0,0,Matches
dcb38abe,Cyriel Dessers,ng NGA,FW,Cremonese,28-111,1994,14.8,9,3,3,4,2,2,4,50.0,2,13,2,11,3,12,5,0,Matches
5976f83e,Sergiño Dest,us USA,DF,Milan,22-146,2000,3.7,12,6,3,5,4,3,4,75.0,1,1,0,1,4,16,2,0,Matches
d7d32194,Mattia Destro,it ITA,FW,Empoli,32-009,1991,5.1,1,1,0,1,0,0,0,,0,2,0,2,1,2,4,0,Matches
39583cfd,Gerard Deulofeu,es ESP,FW,Udinese,29-016,1994,13.5,8,5,5,1,2,5,15,33.3,10,8,1,7,2,10,1,0,Matches
ef94dc2f,Samuel Di Carmine,it ITA,"FW,MF",Cremonese,34-181,1988,0.3,0,0,0,0,0,0,0,,0,0,0,0,0,0,0,0,Matches
1fca9171,Federico Di Francesco,it ITA,"FW,MF",Lecce,28-288,1994,15.7,21,13,6,8,7,6,14,42.9,8,11,0,11,6,27,11,0,Matches
4e0c8d66,Michele Di Gregorio,it ITA,GK,Monza,25-245,1997,26.0,0,0,0,0,0,0,1,0.0,1,0,0,0,3,3,14,2,Matches
230a2fac,Giovanni Di Lorenzo,it ITA,DF,Napoli,29-237,1993,26.9,44,21,23,15,6,18,37,48.6,19,23,6,17,22,66,47,0,Matches
19cda00b,Ángel Di María,ar ARG,"FW,MF",Juventus,35-043,1988,9.7,6,3,2,3,1,2,15,13.3,13,7,0,7,4,10,0,0,Matches
244bc2c8,Boulaye Dia,sn SEN,FW,Salernitana,26-133,1996,19.6,9,4,3,4,2,0,4,0.0,4,4,0,4,4,13,16,1,Matches
407feb71,Brahim Díaz,es ESP,MF,Milan,23-238,1999,14.5,21,9,3,15,3,3,8,37.5,5,9,0,9,5,26,4,0,Matches
970b8574,Federico Dimarco,it ITA,DF,Inter,25-139,1997,18.6,25,19,6,14,5,9,17,52.9,8,15,4,11,14,39,20,0,Matches
933d3b51,Koffi Djidji,ci CIV,DF,Torino,30-119,1992,20.3,37,19,26,10,1,13,22,59.1,9,18,10,8,27,64,56,0,Matches
6eee05f1,Berat Djimsiti,al ALB,DF,Atalanta,30-038,1993,10.4,21,12,14,7,0,11,14,78.6,3,9,4,5,19,40,37,1,Matches
b5f7d10b,Dodô,br BRA,DF,Fiorentina,24-132,1998,18.5,27,16,13,10,4,16,29,55.2,13,17,1,16,18,45,26,0,Matches
2f69d881,Josh Doig,sct SCO,DF,Hellas Verona,20-315,2002,13.8,18,7,5,7,6,5,13,38.5,8,22,6,16,9,27,11,1,Matches
20b3a502,Nicolás Domínguez,ar ARG,MF,Bologna,24-274,1998,17.6,56,35,26,23,7,28,56,50.0,28,19,2,17,12,68,17,1,Matches
22051fbe,Giulio Donati,it ITA,DF,Monza,33-052,1990,3.4,3,1,1,0,2,2,5,40.0,3,3,1,2,4,7,6,0,Matches
085e71a7,Bartłomiej Drągowski,pl POL,GK,Spezia,25-222,1997,23.7,1,0,1,0,0,1,5,20.0,4,0,0,0,0,1,14,3,Matches
79ca3e23,Ondrej Duda,sk SVK,MF,Hellas Verona,28-114,1994,6.9,14,11,3,9,2,7,11,63.6,4,9,0,9,8,22,5,0,Matches
481c9ece,Denzel Dumfries,nl NED,DF,Inter,26-345,1996,17.3,18,8,8,8,2,10,19,52.6,9,23,5,18,10,28,21,0,Matches
528492ea,Alfred Duncan,gh GHA,MF,Fiorentina,30-019,1993,6.8,12,7,0,12,0,8,14,57.1,6,5,0,5,4,16,4,0,Matches
e0921a4f,Paulo Dybala,ar ARG,"MF,FW",Roma,29-134,1993,15.9,13,3,1,7,5,7,18,38.9,11,10,0,10,7,20,3,0,Matches
3bb7f478,Edin Džeko,ba BIH,FW,Inter,37-012,1986,17.4,2,2,0,2,0,0,4,0.0,4,14,1,13,3,5,23,0,Matches
dbfa4f16,Festy Ebosele,ie IRL,"DF,FW",Udinese,20-239,2002,1.7,9,7,5,4,0,2,6,33.3,4,3,0,3,1,10,4,0,Matches
9ba7b4fa,Enzo Ebosse,cm CMR,DF,Udinese,24-018,1999,10.3,15,9,11,4,0,9,13,69.2,4,27,6,21,11,26,29,0,Matches
6af30900,Tyronne Ebuehi,ng NGA,DF,Empoli,27-103,1995,11.9,13,8,4,6,3,5,7,71.4,2,16,9,7,6,19,39,1,Matches
a9202def,Éderson,br BRA,MF,Atalanta,23-265,1999,16.1,49,27,13,30,6,20,41,48.8,21,36,4,32,22,71,19,0,Matches
76b2817e,Kingsley Ehizibue,nl NED,DF,Udinese,27-308,1995,11.7,32,22,19,9,4,23,35,65.7,12,12,1,11,5,37,30,1,Matches
f503ea63,Albin Ekdal,se SWE,MF,Spezia,33-244,1989,10.6,24,17,11,13,0,10,29,34.5,19,15,1,14,16,40,23,0,Matches
c20892ee,Emmanuel Ekong,se SWE,"FW,MF",Empoli,20-277,2002,0.2,0,0,0,0,0,0,0,,0,0,0,0,0,0,0,0,Matches
c55967eb,Mikael Ellertsson,is ISL,"MF,DF",Spezia,21-018,2002,1.9,4,2,1,3,0,0,3,0.0,3,2,1,1,2,6,0,0,Matches
cf007308,Elif Elmas,mk MKD,"FW,MF",Napoli,23-186,1999,11.3,13,7,5,5,3,7,10,70.0,3,5,0,5,10,23,4,0,Matches
0fee6bda,Martin Erlic,hr CRO,DF,Sassuolo,25-064,1998,18.9,20,10,14,5,1,9,16,56.3,7,29,18,11,25,45,85,1,Matches
3f79a1c8,Gonzalo Escalante,ar ARG,MF,Cremonese,30-002,1993,6.2,16,8,8,8,0,10,13,76.9,3,7,1,6,10,26,4,0,Matches
5cf5c9ad,Salvatore Esposito,it ITA,MF,Spezia,22-173,2000,2.4,3,3,2,1,0,2,9,22.2,7,2,0,2,3,6,3,0,Matches
366be751,Nicolò Fagioli,it ITA,MF,Juventus,22-045,2001,10.6,16,10,5,9,2,6,18,33.3,12,8,2,6,7,23,5,0,Matches
9f5a610b,Wladimiro Falcone,it ITA,GK,Lecce,27-351,1995,27.0,2,0,2,0,0,2,2,100.0,0,0,0,0,2,4,16,2,Matches
aae9d04a,Davide Faraoni,it ITA,DF,Hellas Verona,31-155,1991,8.8,18,12,6,10,2,9,24,37.5,15,15,4,11,9,27,17,0,Matches
4e358a2d,Federico Fazio,ar ARG,DF,Salernitana,36-012,1987,11.8,15,12,8,7,0,4,11,36.4,7,9,4,5,28,43,61,0,Matches
06b08c45,Jacopo Fazzini,it ITA,MF,Empoli,20-013,2003,4.1,17,9,13,3,1,9,15,60.0,6,10,2,8,5,22,8,0,Matches
ee64a822,Lewis Ferguson,sct SCO,MF,Bologna,23-217,1999,17.1,27,17,11,13,3,11,22,50.0,11,13,5,8,16,43,14,0,Matches
d0dbca9f,Alex Ferrari,it ITA,DF,Sampdoria,28-271,1994,9.6,9,5,7,2,0,4,8,50.0,4,21,10,11,19,28,25,0,Matches
d0dbca9f,Alex Ferrari,it ITA,DF,Cremonese,28-271,1994,7.6,30,18,26,4,0,21,27,77.8,6,10,3,7,17,47,30,1,Matches
eb76987d,Salvador Ferrer,es ESP,DF,Spezia,25-067,1998,1.1,2,1,0,2,0,1,1,100.0,0,1,1,0,1,3,2,0,Matches
e288d4b3,Alessandro Florenzi,it ITA,DF,Milan,32-018,1991,1.2,3,2,2,0,1,2,3,66.7,1,0,0,0,1,4,1,0,Matches
2a7d27c1,Davide Frattesi,it ITA,MF,Sassuolo,23-158,1999,23.9,49,26,17,26,6,17,30,56.7,13,18,3,15,9,58,30,0,Matches
c235e803,Matteo Gabbia,it ITA,DF,Milan,23-159,1999,6.7,17,10,12,5,0,6,8,75.0,2,8,3,5,5,22,28,0,Matches
8f866fe8,Manolo Gabbiadini,it ITA,"FW,MF",Sampdoria,31-123,1991,16.1,10,5,3,3,4,2,11,18.2,9,9,1,8,2,12,19,0,Matches
3b387cc7,Gianluca Gaetano,it ITA,MF,Napoli,22-328,2000,0.4,3,2,1,2,0,0,0,,0,1,0,1,0,3,0,0,Matches
ce30bfc8,Roberto Gagliardini,it ITA,MF,Inter,28-356,1994,4.6,14,5,7,6,1,9,18,50.0,9,7,2,5,1,15,8,0,Matches
8dfed6e9,Adolfo Gaich,ar ARG,FW,Hellas Verona,24-031,1999,4.1,5,3,0,3,2,1,3,33.3,2,2,1,1,1,6,5,0,Matches
dd403465,Pablo Galdames Millán,cl CHI,"MF,DF",Cremonese,26-089,1996,2.0,8,6,5,1,2,4,16,25.0,12,7,1,6,3,11,2,0,Matches
c74d63ac,Antonino Gallo,it ITA,DF,Lecce,23-083,2000,18.8,45,28,28,10,7,30,41,73.2,11,24,3,21,11,56,45,0,Matches
18dd3219,Federico Gatti,it ITA,DF,Juventus,24-278,1998,7.0,8,5,6,1,1,4,4,100.0,0,8,6,2,12,20,33,1,Matches
822ed0ec,Valentin Gendrey,fr FRA,DF,Lecce,22-281,2000,25.0,68,43,45,16,7,28,51,54.9,23,36,4,32,34,102,62,0,Matches
71dc23da,Paolo Ghiglione,it ITA,DF,Cremonese,26-055,1997,5.9,11,7,7,3,1,7,15,46.7,8,9,4,5,3,14,10,0,Matches
9c435456,Mario Gila,es ESP,DF,Lazio,22-212,2000,1.0,3,1,3,0,0,0,1,0.0,1,0,0,0,3,6,3,0,Matches
548bd0de,Gvidas Gineitis,lt LTU,MF,Torino,18-348,2004,0.5,0,0,0,0,0,0,1,0.0,1,0,0,0,0,0,0,0,Matches
16ceb862,Olivier Giroud,fr FRA,FW,Milan,36-180,1986,17.5,7,5,2,3,2,1,7,14.3,6,10,3,7,2,9,16,0,Matches
f0f7f62f,Pierluigi Gollini,it ITA,GK,Fiorentina,28-011,1995,3.0,1,0,1,0,0,1,1,100.0,0,0,0,0,0,1,2,0,Matches
f0f7f62f,Pierluigi Gollini,it ITA,GK,Napoli,28-011,1995,1.0,0,0,0,0,0,0,0,,0,0,0,0,0,0,0,0,Matches
f025eade,Joan Gonzàlez,es ESP,MF,Lecce,21-056,2002,20.6,39,21,17,16,6,14,44,31.8,30,30,6,24,14,53,26,0,Matches
2374aaca,Nicolás González,ar ARG,"FW,MF",Fiorentina,24-357,1998,10.1,9,4,2,5,2,1,7,14.3,6,10,0,10,2,11,4,0,Matches
2d970560,Robin Gosens,de GER,"DF,FW",Inter,28-267,1994,7.4,25,14,12,7,6,14,18,77.8,4,11,0,11,14,39,7,0,Matches
6cc97b6a,Alberto Grassi,it ITA,MF,Empoli,28-022,1995,6.3,17,15,9,8,0,10,13,76.9,3,12,8,4,17,34,25,0,Matches
49136c42,Andrew Gravillon,gp GLP,DF,Torino,25-049,1998,1.7,1,1,0,1,0,0,0,,0,2,1,1,8,9,6,0,Matches
f1f1f238,Koray Günter,de GER,DF,Hellas Verona,28-225,1994,11.1,10,6,1,8,1,4,7,57.1,3,24,15,9,30,40,46,0,Matches
f1f1f238,Koray Günter,de GER,"DF,MF",Sampdoria,28-225,1994,2.6,5,4,3,2,0,4,5,80.0,1,4,2,2,3,8,16,0,Matches
f9758dae,Emmanuel Gyasi,gh GHA,"FW,DF",Spezia,29-077,1994,21.9,14,8,6,7,1,6,24,25.0,18,19,5,14,7,21,18,0,Matches
0be276c6,Norbert Gyömbér,sk SVK,DF,Salernitana,30-269,1992,12.8,24,18,18,5,1,11,16,68.8,5,23,17,6,23,47,56,0,Matches
9250bcff,Christian Gytkjær,dk DEN,FW,Monza,32-327,1990,5.6,6,2,1,4,1,2,5,40.0,3,3,1,2,0,6,1,0,Matches
fa449bba,Nicolas Haas,ch SUI,MF,Empoli,27-065,1996,10.6,22,11,11,6,5,9,20,45.0,11,13,4,9,7,29,22,0,Matches
74419746,Samir Handanović,si SVN,GK,Inter,38-258,1984,10.0,0,0,0,0,0,0,0,,0,0,0,0,0,0,3,0,Matches
65fd099c,Abdou Harroui,nl NED,MF,Sassuolo,25-075,1998,3.8,8,1,4,2,2,1,6,16.7,5,3,1,2,0,8,6,0,Matches
3b333ac3,Hans Hateboer,nl NED,DF,Atalanta,29-079,1994,15.5,21,13,11,8,2,11,27,40.7,16,23,4,19,12,33,25,0,Matches
d7918b13,Liam Henderson,sct SCO,MF,Empoli,26-338,1996,8.7,9,8,4,4,1,4,17,23.5,13,8,2,6,8,17,8,0,Matches
ffed43e3,Jack Hendry,sct SCO,DF,Cremonese,27-326,1995,2.4,0,0,0,0,0,0,1,0.0,1,2,1,1,1,1,7,0,Matches
a2d9f138,Matheus Henrique,br BRA,MF,Sassuolo,25-100,1997,13.3,14,8,6,5,3,4,10,40.0,6,11,3,8,10,24,6,0,Matches
9ef42479,Thomas Henry,fr FRA,FW,Hellas Verona,28-190,1994,11.4,5,3,1,1,3,1,5,20.0,4,6,2,4,0,5,14,0,Matches
d4c9725f,Theo Hernández,fr FRA,DF,Milan,25-174,1997,22.3,37,21,23,13,1,18,28,64.3,10,29,6,23,11,48,22,1,Matches
12806697,Isak Hien,se SWE,DF,Hellas Verona,24-075,1999,19.3,50,24,36,14,0,25,42,59.5,17,27,10,17,20,70,57,1,Matches
d4456fb3,Morten Hjulmand,dk DEN,MF,Lecce,23-277,1999,23.6,65,35,36,29,0,23,44,52.3,21,29,7,22,56,121,46,0,Matches
c2357b65,Emil Holm,se SWE,DF,Spezia,22-320,2000,15.5,26,15,13,8,5,16,31,51.6,15,21,6,15,9,35,41,0,Matches
b85bf253,Martin Hongla,cm CMR,MF,Hellas Verona,25-013,1998,5.8,8,5,4,4,0,5,5,100.0,0,7,1,6,6,14,9,0,Matches
d8800a46,Petko Hristov,bg BUL,DF,Spezia,24-028,1999,4.1,6,4,2,4,0,5,8,62.5,3,4,2,2,4,10,12,0,Matches
1f2d714c,Ajdin Hrustic,au AUS,MF,Hellas Verona,26-267,1996,2.5,2,1,1,1,0,1,2,50.0,1,2,0,2,0,2,2,1,Matches
2f3452eb,Elseid Hysaj,al ALB,DF,Lazio,29-037,1994,13.0,26,14,15,7,4,13,25,52.0,12,19,6,13,11,37,29,0,Matches
491a433d,Rasmus Højlund,dk DEN,FW,Atalanta,20-053,2003,14.2,4,3,0,2,2,1,3,33.3,2,6,0,6,0,4,4,0,Matches
82efe6fa,Roger Ibanez,br BRA,DF,Roma,24-126,1998,25.3,58,28,32,23,3,27,39,69.2,12,22,8,14,53,111,85,1,Matches
4cde5509,Zlatan Ibrahimović,se SWE,FW,Milan,41-177,1981,1.6,0,0,0,0,0,0,0,,0,1,1,0,0,0,2,0,Matches
a4e85758,Igor,br BRA,DF,Fiorentina,25-050,1998,16.1,29,18,15,10,4,11,16,68.8,5,28,13,15,18,47,35,2,Matches
42eaa028,Jonathan Ikone,fr FRA,FW,Fiorentina,24-331,1998,16.8,11,4,4,4,3,3,7,42.9,4,15,1,14,4,15,3,0,Matches
bb376bed,Ivan Ilić,rs SRB,MF,Hellas Verona,22-012,2001,9.5,16,10,9,7,0,6,11,54.5,5,10,1,9,8,24,14,0,Matches
bb376bed,Ivan Ilić,rs SRB,MF,Torino,22-012,2001,4.4,6,3,2,3,1,3,9,33.3,6,6,1,5,3,9,4,0,Matches
ba492306,Samuel Iling-Junior,eng ENG,"DF,FW",Juventus,19-176,2003,1.3,2,1,1,0,1,2,3,66.7,1,1,0,1,1,3,3,0,Matches
a47c6309,Emirhan İlkhan,tr TUR,MF,Torino,18-301,2004,1.0,1,1,0,1,0,1,1,100.0,0,3,1,2,2,3,2,0,Matches
a47c6309,Emirhan İlkhan,tr TUR,MF,Sampdoria,18-301,2004,0.5,2,1,1,0,1,1,2,50.0,1,1,0,1,0,2,1,0,Matches
4431aed2,Ciro Immobile,it ITA,FW,Lazio,33-037,1990,16.1,8,5,2,4,2,3,4,75.0,1,9,1,8,1,9,9,0,Matches
6b635f5c,Ardian Ismajli,al ALB,DF,Empoli,26-180,1996,18.6,36,28,22,14,0,16,21,76.2,5,40,26,14,23,59,104,0,Matches
89976232,Armando Izzo,it ITA,DF,Monza,31-027,1992,18.0,56,38,34,20,2,20,29,69.0,9,16,7,9,32,88,59,0,Matches
8c65eb5f,Mato Jajalo,ba BIH,MF,Udinese,34-308,1988,0.7,0,0,0,0,0,0,1,0.0,1,0,0,0,0,0,2,0,Matches
4a537185,Jesé,es ESP,FW,Sampdoria,30-031,1993,1.3,1,0,0,1,0,0,0,,0,1,0,1,0,1,1,0,Matches
79083382,Juan Jesus,br BRA,DF,Napoli,31-292,1991,6.8,10,6,5,4,1,5,7,71.4,2,14,7,7,6,16,22,0,Matches
dc765618,Þórir Jóhann Helgason,is ISL,MF,Lecce,22-182,2000,1.9,1,1,0,0,1,1,2,50.0,1,2,1,1,3,4,3,0,Matches
4d8cd038,Luka Jović,rs SRB,FW,Fiorentina,25-096,1997,12.9,5,2,1,3,1,2,8,25.0,6,7,2,5,2,7,8,0,Matches
570bb4b9,Hamed Junior Traorè,ci CIV,"MF,FW",Sassuolo,23-041,2000,6.6,11,6,4,6,1,4,11,36.4,7,4,0,4,2,13,0,1,Matches
f95f49d2,Yayah Kallon,sl SLE,"MF,FW",Hellas Verona,21-272,2001,8.6,14,10,5,4,5,7,11,63.6,4,9,0,9,8,22,4,0,Matches
85f7d1be,Pierre Kalulu,fr FRA,DF,Milan,22-297,2000,23.6,48,33,27,18,3,22,33,66.7,11,38,15,23,35,83,46,1,Matches
8b66d9cc,Yann Karamoh,fr FRA,"MF,FW",Torino,24-264,1998,4.7,5,2,3,2,0,1,4,25.0,3,3,0,3,0,5,2,0,Matches
9f84febe,Rick Karsdorp,nl NED,DF,Roma,28-046,1995,7.9,21,13,11,7,3,13,22,59.1,9,0,0,0,7,28,15,1,Matches
7ae36711,Denso Kasius,nl NED,DF,Bologna,20-174,2002,3.8,12,6,7,4,1,8,10,80.0,2,6,3,3,3,15,6,0,Matches
2a82aa85,Grigoris Kastanos,cy CYP,MF,Salernitana,25-058,1998,6.5,18,11,6,10,2,3,14,21.4,11,10,3,7,4,22,3,0,Matches
3d50bcdb,Moise Kean,it ITA,FW,Juventus,23-029,2000,9.0,8,6,2,5,1,3,6,50.0,3,2,0,2,4,12,2,0,Matches
dc3e663e,Jakub Kiwior,pl POL,DF,Spezia,23-042,2000,16.0,22,17,15,7,0,6,24,25.0,18,26,18,8,24,46,71,1,Matches
8b8a56ce,Simon Kjær,dk DEN,DF,Milan,34-003,1989,7.4,8,4,5,3,0,4,6,66.7,2,8,6,2,7,15,19,1,Matches
a26fb8aa,Teun Koopmeiners,nl NED,MF,Atalanta,25-029,1998,22.8,33,19,10,18,5,20,38,52.6,18,30,4,26,16,49,31,1,Matches
b1cd37e6,Filip Kostić,rs SRB,"DF,FW",Juventus,30-148,1992,22.2,35,22,14,17,4,19,40,47.5,21,21,2,19,10,45,19,0,Matches
58e933d2,Christian Kouamé,ci CIV,FW,Fiorentina,25-113,1997,16.7,21,16,8,6,7,6,12,50.0,6,14,3,11,12,33,4,0,Matches
9d60028d,Viktor Kovalenko,ua UKR,MF,Spezia,27-043,1996,4.8,8,4,1,5,2,4,5,80.0,1,11,2,9,3,11,7,0,Matches
b804c280,Julian Kristoffersen,no NOR,FW,Salernitana,25-323,1997,0.2,0,0,0,0,0,0,0,,0,1,0,1,0,0,0,0,Matches
b4101c2e,Raimonds Krollis,lv LVA,FW,Spezia,21-152,2001,0.2,1,1,0,0,1,0,0,,0,0,0,0,0,1,0,0,Matches
817c6964,Rade Krunić,ba BIH,"MF,FW",Milan,29-173,1993,11.2,28,21,12,13,3,11,37,29.7,26,19,7,12,11,39,14,0,Matches
a40819d9,Marash Kumbulla,al ALB,DF,Roma,23-049,2000,2.7,4,4,2,2,0,2,3,66.7,1,2,1,1,4,8,6,0,Matches
dea88efd,Khvicha Kvaratskhelia,ge GEO,FW,Napoli,22-045,2001,19.2,31,16,9,6,16,12,27,44.4,15,14,0,14,2,33,5,1,Matches
0a483542,Giorgos Kyriakopoulos,gr GRE,"FW,DF",Bologna,27-052,1996,3.1,4,2,1,2,1,2,9,22.2,7,4,0,4,1,5,1,0,Matches
0a483542,Giorgos Kyriakopoulos,gr GRE,"FW,DF",Sassuolo,27-052,1996,8.5,21,8,7,9,5,10,14,71.4,4,7,1,6,11,32,12,1,Matches
c283ddef,Sam Lammers,nl NED,FW,Sampdoria,25-333,1997,7.8,11,5,1,7,3,6,14,42.9,8,6,0,6,3,14,7,0,Matches
c283ddef,Sam Lammers,nl NED,FW,Empoli,25-333,1997,9.8,20,10,5,9,6,7,11,63.6,4,4,1,3,3,23,8,0,Matches
09538fdb,Kevin Lasagna,it ITA,"FW,MF",Hellas Verona,30-231,1992,14.2,10,4,7,2,1,5,13,38.5,8,16,1,15,4,14,12,0,Matches
2d22cea7,Armand Lauriente,fr FRA,FW,Sassuolo,24-115,1998,18.2,14,9,2,6,6,5,12,41.7,7,17,0,17,10,24,7,0,Matches
016ff750,Valentino Lazaro,at AUT,DF,Torino,27-005,1996,11.8,9,5,6,0,3,5,9,55.6,4,11,2,9,2,11,18,0,Matches
93088fbb,Marko Lazetić,rs SRB,FW,Milan,19-066,2004,0.1,0,0,0,0,0,0,0,,0,0,0,0,0,0,0,0,Matches
5128bde4,Darko Lazović,rs SRB,"MF,DF",Hellas Verona,32-195,1990,19.9,21,12,8,10,3,10,24,41.7,14,11,3,8,12,33,19,0,Matches
02caf6e0,Manuel Lazzari,it ITA,DF,Lazio,29-120,1993,15.5,27,17,10,13,4,18,33,54.5,15,16,5,11,13,40,27,1,Matches
20730eae,Rafael Leão,pt POR,"FW,MF",Milan,23-292,1999,20.4,4,3,1,2,1,3,8,37.5,5,3,1,2,11,15,7,0,Matches
7d3cbc67,Mehdi Léris,dz ALG,"MF,DF",Sampdoria,24-310,1998,20.0,49,37,25,16,8,20,46,43.5,26,32,4,28,23,72,20,0,Matches
d023d70f,Karol Linetty,pl POL,MF,Torino,28-055,1995,17.8,30,16,6,21,3,12,22,54.5,10,22,7,15,16,46,24,0,Matches
a3695ac2,Marcin Listkowski,pl POL,"MF,FW",Lecce,25-047,1998,0.9,0,0,0,0,0,0,0,,0,0,0,0,3,3,2,0,Matches
bba30585,Diego Llorente,es ESP,DF,Roma,29-225,1993,0.4,1,1,1,0,0,1,1,100.0,0,0,0,0,1,2,1,0,Matches
e1cbb531,Stanislav Lobotka,sk SVK,MF,Napoli,28-124,1994,25.2,62,31,28,25,9,32,50,64.0,18,26,6,20,13,75,12,0,Matches
a8a874f1,Manuel Locatelli,it ITA,MF,Juventus,25-080,1998,19.9,42,23,18,19,5,20,33,60.6,13,39,18,21,22,64,43,0,Matches
c8ad0857,Luka Lochoshvili,ge GEO,DF,Cremonese,24-304,1998,13.3,33,12,22,8,3,18,23,78.3,5,22,4,18,14,47,50,0,Matches
7c104bb7,Ademola Lookman,ng NGA,"FW,MF",Atalanta,25-160,1997,17.1,10,3,2,5,3,3,12,25.0,9,18,0,18,3,13,0,0,Matches
20094685,Maxime Lopez,fr FRA,MF,Sassuolo,25-115,1997,16.8,35,14,21,10,4,11,44,25.0,33,17,3,14,17,52,17,0,Matches
5fa57166,Matteo Lovato,it ITA,DF,Salernitana,23-043,2000,4.8,9,7,7,2,0,8,14,57.1,6,8,5,3,7,16,18,2,Matches
966eea58,Sandi Lovrić,si SVN,MF,Udinese,25-001,1998,16.2,34,14,13,15,6,22,33,66.7,11,14,1,13,15,49,16,0,Matches
a69e4806,Hirving Lozano,mx MEX,FW,Napoli,27-242,1995,14.2,21,12,9,6,6,8,14,57.1,6,27,0,27,12,33,5,0,Matches
80490d7f,Jhon Lucumí,co COL,DF,Bologna,24-276,1998,22.2,40,28,28,11,1,19,31,61.3,12,27,18,9,25,65,75,1,Matches
921f6058,José Luis Palomino,ar ARG,DF,Atalanta,33-083,1990,5.6,12,5,9,3,0,6,10,60.0,4,4,2,2,21,33,14,0,Matches
5eae500a,Romelu Lukaku,be BEL,FW,Inter,29-320,1993,8.6,1,0,0,0,1,1,2,50.0,1,0,0,0,0,1,5,0,Matches
c6e8cf1f,Saša Lukić,rs SRB,MF,Torino,26-228,1996,13.3,21,14,10,10,1,9,15,60.0,6,17,7,10,13,34,10,0,Matches
997fff07,Sebastiano Luperto,it ITA,DF,Empoli,26-204,1996,24.0,22,12,15,7,0,5,12,41.7,7,39,28,11,27,49,118,1,Matches
5efc5389,Charalambos Lykogiannis,gr GRE,DF,Bologna,29-158,1993,11.7,15,7,4,6,5,5,13,38.5,8,8,3,5,15,30,28,0,Matches
957e4c87,Giulio Maggiore,it ITA,MF,Salernitana,25-017,1998,8.0,16,6,8,5,3,8,16,50.0,8,17,4,13,8,24,6,0,Matches
cce9f582,Giangiacomo Magnani,it ITA,DF,Hellas Verona,27-176,1995,9.0,19,12,13,6,0,10,11,90.9,1,13,9,4,16,35,44,0,Matches
fcb38f57,Mike Maignan,fr FRA,GK,Milan,27-269,1995,11.0,1,0,1,0,0,1,1,100.0,0,0,0,0,1,2,4,0,Matches
2e7dafe5,Jordan Majchrzak,pl POL,FW,Roma,18-172,2004,0.2,0,0,0,0,0,0,0,,0,0,0,0,0,0,0,0,Matches
22bfb57e,Jean-Victor Makengo,fr FRA,MF,Udinese,24-290,1998,8.9,16,13,7,7,2,5,9,55.6,4,8,2,6,9,25,3,0,Matches
2bffcbf2,Lorenzo Malagrida,it ITA,"DF,MF",Sampdoria,19-156,2003,0.5,0,0,0,0,0,0,1,0.0,1,1,0,1,0,0,1,0,Matches
801831fe,Daniel Maldini,it ITA,"FW,MF",Spezia,21-169,2001,5.1,8,4,2,3,3,3,9,33.3,6,6,0,6,1,9,6,0,Matches
4c8845f7,Youssef Maleh,it ITA,MF,Fiorentina,24-219,1998,3.3,3,1,0,3,0,0,4,0.0,4,5,0,5,1,4,3,0,Matches
4c8845f7,Youssef Maleh,it ITA,MF,Lecce,24-219,1998,4.9,15,6,3,5,7,5,13,38.5,8,12,0,12,3,18,6,0,Matches
48d5bd33,Ruslan Malinovskyi,ua UKR,"MF,FW",Atalanta,29-329,1993,6.1,14,8,5,6,3,6,17,35.3,11,8,1,7,5,19,2,0,Matches
5aa53281,Gianluca Mancini,it ITA,DF,Roma,26-346,1996,24.2,31,15,23,7,1,13,24,54.2,11,24,12,12,37,68,51,0,Matches
c7259b83,Rolando Mandragora,it ITA,MF,Fiorentina,25-273,1997,15.0,28,15,6,18,4,17,35,48.6,18,14,2,12,10,38,19,0,Matches
f794b426,Federico Marchetti,it ITA,GK,Spezia,40-050,1983,0.7,0,0,0,0,0,0,0,,0,0,0,0,0,0,0,0,Matches
91d0fabf,Riccardo Marchizza,it ITA,DF,Sassuolo,25-003,1998,2.0,2,2,1,1,0,2,4,50.0,2,1,0,1,1,3,6,0,Matches
8650af85,Gian Marco Ferrari,it ITA,DF,Sassuolo,31-042,1992,19.0,21,15,10,10,1,10,13,76.9,3,20,16,4,20,41,71,3,Matches
aa54ec6f,Pablo Marí,es ESP,DF,Monza,29-210,1993,18.6,26,12,22,4,0,13,18,72.2,5,10,7,3,17,43,82,3,Matches
7fac99d4,Răzvan Marin,ro ROU,MF,Empoli,26-310,1996,20.5,36,18,21,15,0,15,32,46.9,17,26,10,16,12,48,21,0,Matches
cdf65d12,Marlon,br BRA,DF,Monza,27-203,1995,13.5,28,16,15,13,0,11,22,50.0,11,8,2,6,18,46,38,0,Matches
ea468ea8,Luca Marrone,it ITA,DF,Monza,33-001,1990,1.5,0,0,0,0,0,0,2,0.0,2,2,2,0,0,0,4,1,Matches
f7036e1c,Lautaro Martínez,ar ARG,FW,Inter,25-219,1997,23.7,22,11,2,13,7,6,16,37.5,10,27,1,26,11,33,12,1,Matches
3ec3c1c9,Lucas Martínez Quarta,ar ARG,DF,Fiorentina,26-323,1996,17.1,60,34,33,25,2,30,43,69.8,13,31,16,15,34,94,62,1,Matches
d4535821,Adam Marušić,me MNE,DF,Lazio,30-163,1992,25.3,31,24,16,11,4,15,26,57.7,11,15,5,10,30,61,51,1,Matches
de0f152c,Adam Masina,ma MAR,DF,Udinese,29-086,1994,5.3,5,4,2,3,0,3,6,50.0,3,6,3,3,10,15,18,1,Matches
eb7822d7,Nemanja Matić,rs SRB,MF,Roma,34-240,1988,15.8,37,19,19,14,4,14,23,60.9,9,18,3,15,19,56,18,1,Matches
3318286e,Luís Maximiano,pt POR,GK,Lazio,24-083,1999,0.1,0,0,0,0,0,0,0,,0,0,0,0,0,0,0,0,Matches
eb0ec070,Pasquale Mazzocchi,it ITA,DF,Salernitana,27-245,1995,15.8,24,12,17,3,4,10,25,40.0,15,8,2,6,9,33,25,2,Matches
01c3aff5,Weston McKennie,us USA,"MF,DF",Juventus,24-213,1998,11.7,14,5,3,9,2,5,8,62.5,3,15,4,11,11,25,15,1,Matches
563a68ad,Gary Medel,cl CHI,"MF,DF",Bologna,35-238,1987,14.7,23,15,14,7,2,8,14,57.1,6,13,8,5,25,48,33,0,Matches
5cec2c74,Soualiho Meïté,fr FRA,MF,Cremonese,29-012,1994,15.4,30,19,16,9,5,15,32,46.9,17,15,2,13,17,47,18,0,Matches
9413b19f,Alex Meret,it ITA,GK,Napoli,26-007,1997,26.0,0,0,0,0,0,0,0,,0,0,0,0,0,0,6,1,Matches
c730da00,Yıldırım Mert Çetin,tr TUR,DF,Lecce,26-087,1997,0.2,1,0,1,0,0,0,0,,0,0,0,0,1,2,1,0,Matches
f49c4ae9,Junior Messias,br BRA,"FW,DF",Milan,31-320,1991,12.3,19,15,7,8,4,5,12,41.7,7,15,3,12,6,25,21,0,Matches
b2561711,Tommaso Milanese,it ITA,MF,Cremonese,20-241,2002,0.3,0,0,0,0,0,0,0,,0,1,1,0,0,0,0,0,Matches
bee704fc,Nikola Milenković,rs SRB,DF,Fiorentina,25-168,1997,17.7,25,16,13,9,3,13,18,72.2,5,22,10,12,18,43,50,0,Matches
85613cf0,Arkadiusz Milik,pl POL,FW,Juventus,29-029,1994,11.0,7,5,1,4,2,2,5,40.0,3,7,0,7,0,7,9,0,Matches
4e6dbac4,Sergej Milinković-Savić,rs SRB,MF,Lazio,28-030,1995,23.3,39,24,16,16,7,17,44,38.6,27,33,8,25,22,61,31,0,Matches
9fa26bc2,Vanja Milinković-Savić,rs SRB,GK,Torino,26-037,1997,27.0,2,1,2,0,0,2,2,100.0,0,0,0,0,1,3,13,1,Matches
e0f8151c,Kim Min-jae,kr KOR,DF,Napoli,26-134,1996,25.3,42,24,26,16,0,18,21,85.7,3,34,25,9,30,72,102,1,Matches
a9aa0d1d,Aleksei Miranchuk,ru RUS,MF,Torino,27-163,1995,16.8,6,3,1,3,2,1,9,11.1,8,7,0,7,1,7,3,0,Matches
34693494,Fabio Miretti,it ITA,"MF,FW",Juventus,19-238,2003,10.0,18,7,11,5,2,8,18,44.4,10,15,1,14,2,20,10,0,Matches
dd0daf32,Henrikh Mkhitaryan,am ARM,MF,Inter,34-067,1989,17.2,31,20,10,17,4,12,29,41.4,17,25,4,21,12,43,13,0,Matches
54ab971f,Salvatore Molina,it ITA,DF,Monza,31-087,1992,2.5,6,5,2,4,0,4,5,80.0,1,4,2,2,1,7,2,0,Matches
ca73910d,Daniele Montevago,it ITA,FW,Sampdoria,20-011,2003,2.6,1,0,0,0,1,0,1,0.0,1,2,1,1,0,1,1,0,Matches
c1d95617,Lorenzo Montipò,it ITA,GK,Hellas Verona,27-037,1996,26.0,1,0,1,0,0,0,2,0.0,2,1,0,1,0,1,24,2,Matches
ff579c7e,Nikola Moro,hr CRO,MF,Bologna,25-017,1998,7.7,19,10,8,7,4,8,19,42.1,11,8,1,7,4,23,10,0,Matches
efc9e31f,Dany Mota,pt POR,"FW,MF",Monza,24-331,1998,13.0,5,4,0,2,3,1,3,33.3,2,5,1,4,2,7,15,0,Matches
a0aee24e,João Moutinho,pt POR,"DF,FW",Spezia,25-076,1998,0.6,7,1,5,1,1,3,4,75.0,1,1,1,0,0,7,0,0,Matches
1295552e,Mert Müldür,tr TUR,DF,Sassuolo,23-360,1999,0.1,0,0,0,0,0,0,0,,0,0,0,0,0,0,0,0,Matches
eb2fe5b6,Luis Muriel,co COL,FW,Atalanta,31-347,1991,8.6,6,3,1,2,3,3,8,37.5,5,7,0,7,2,8,2,0,Matches
b233e8e4,Jeison Murillo,co COL,DF,Sampdoria,30-306,1992,9.2,19,10,14,5,0,15,20,75.0,5,17,10,7,7,26,28,0,Matches
d183e9d6,Nicola Murru,it ITA,DF,Sampdoria,28-103,1994,5.7,18,11,11,6,1,4,8,50.0,4,12,4,8,6,24,18,0,Matches
a111cf41,Juan Musso,ar ARG,GK,Atalanta,28-327,1994,20.1,1,1,1,0,0,1,1,100.0,0,0,0,0,0,1,10,1,Matches
c459a650,Joakim Mæhle,dk DEN,"DF,MF",Atalanta,25-313,1997,15.4,22,11,8,5,9,15,26,57.7,11,17,4,13,14,36,14,0,Matches
c39babc1,Herculano Nabian,pt POR,MF,Empoli,19-063,2004,0.0,0,0,0,0,0,0,0,,0,0,0,0,0,0,0,0,Matches
599d91d0,Michel Ndary Adopo,fr FRA,"MF,DF",Torino,22-253,2000,2.8,6,2,3,2,1,1,3,33.3,2,2,2,0,1,7,4,0,Matches
5cdddffa,Tanguy Ndombele,fr FRA,MF,Napoli,26-091,1996,7.0,11,5,3,7,1,3,5,60.0,2,5,0,5,6,17,6,1,Matches
b1236c63,Ilija Nestorovski,mk MKD,"FW,MF",Udinese,33-017,1990,1.3,1,0,0,0,1,1,4,25.0,3,2,0,2,0,1,2,0,Matches
2b8360f1,Cyril Ngonge,be BEL,"MF,FW",Hellas Verona,22-307,2000,3.5,2,2,0,1,1,0,5,0.0,5,3,0,3,2,4,2,0,Matches
b136c945,Hans Nicolussi Caviglia,it ITA,MF,Salernitana,22-284,2000,5.1,13,6,5,6,2,8,12,66.7,4,5,0,5,6,19,7,1,Matches
cf961d8d,Dimitris Nikolaou,gr GRE,DF,Spezia,24-228,1998,23.8,32,23,25,6,1,17,22,77.3,5,30,21,9,20,52,59,0,Matches
e33f36d5,Bram Nuytinck,nl NED,DF,Udinese,32-329,1990,4.3,7,4,3,4,0,4,8,50.0,4,6,6,0,5,12,22,0,Matches
e33f36d5,Bram Nuytinck,nl NED,DF,Sampdoria,32-329,1990,10.9,39,27,25,14,0,19,29,65.5,10,29,16,13,15,54,60,0,Matches
a4948e67,M'Bala Nzola,ao ANG,FW,Spezia,26-223,1996,22.1,9,4,0,5,4,1,7,14.3,6,16,4,12,5,14,19,0,Matches
ba1e04b3,Pedro Obiang,gq EQG,MF,Sassuolo,31-002,1992,7.8,25,16,11,12,2,10,16,62.5,6,9,1,8,7,32,13,0,Matches
1e9bde92,Guillermo Ochoa,mx MEX,GK,Salernitana,37-259,1985,10.0,0,0,0,0,0,0,1,0.0,1,0,0,0,0,0,2,0,Matches
d125f22f,David Okereke,ng NGA,"FW,MF",Cremonese,25-212,1997,19.8,11,7,4,5,2,3,12,25.0,9,20,3,17,5,16,10,0,Matches
8ec109e6,Caleb Okoli,it ITA,DF,Atalanta,21-259,2001,9.4,21,17,14,6,1,10,23,43.5,13,9,5,4,26,47,41,3,Matches
41c12f75,Mathías Olivera,uy URU,DF,Napoli,25-149,1997,10.3,25,13,9,11,5,15,29,51.7,14,15,2,13,12,37,20,0,Matches
e9c0c1b2,André Onana,cm CMR,GK,Inter,26-361,1996,17.0,0,0,0,0,0,0,0,,0,0,0,0,0,0,3,0,Matches
43a166b4,Divock Origi,be BEL,"FW,MF",Milan,27-345,1995,7.8,5,2,2,1,2,3,6,50.0,3,3,1,2,0,5,12,0,Matches
e14ec482,Riccardo Orsolini,it ITA,FW,Bologna,26-064,1997,17.0,21,13,9,8,4,12,29,41.4,17,26,2,24,7,28,14,0,Matches
8c90fd7a,Victor Osimhen,ng NGA,FW,Napoli,24-090,1998,21.1,5,3,1,1,3,0,4,0.0,4,6,1,5,3,8,19,0,Matches
ea02beaf,Remi Oudin,fr FRA,FW,Lecce,26-131,1996,5.3,15,7,4,9,2,5,10,50.0,5,9,0,9,14,29,7,0,Matches
ed90babd,Adam Ounas,dz ALG,FW,Napoli,26-138,1996,0.2,0,0,0,0,0,0,0,,0,0,0,0,1,1,0,0,Matches
8daee720,Simone Pafundi,it ITA,MF,Udinese,17-043,2006,0.1,2,2,1,1,0,0,0,,0,0,0,0,0,2,0,0,Matches
3d6cee81,Flavio Paoletti,it ITA,MF,Sampdoria,20-072,2003,1.1,2,2,0,2,0,1,3,33.3,2,0,0,0,4,6,5,0,Matches
dff153a4,Leandro Paredes,ar ARG,MF,Juventus,28-273,1994,6.6,16,10,6,9,1,8,16,50.0,8,4,0,4,9,25,11,0,Matches
0967845b,Fabiano Parisi,it ITA,DF,Empoli,22-140,2000,22.5,49,26,29,15,5,25,52,48.1,27,39,14,25,25,74,63,0,Matches
e599253a,Mario Pašalić,hr CRO,"MF,FW",Atalanta,28-048,1995,13.4,20,9,6,12,2,5,15,33.3,10,13,2,11,14,34,9,0,Matches
f7223718,Patric,es ESP,DF,Lazio,29-346,1993,11.9,13,8,8,3,2,7,10,70.0,3,17,12,5,10,23,36,1,Matches
79b0d6a0,Rui Patrício,pt POR,GK,Roma,35-042,1988,27.0,1,1,1,0,0,1,1,100.0,0,0,0,0,2,3,5,2,Matches
3ca7254a,Pedro,es ESP,FW,Lazio,35-244,1987,16.1,25,18,13,7,5,9,22,40.9,13,13,2,11,5,30,4,1,Matches
f058ed1f,Gianluca Pegolo,it ITA,GK,Sassuolo,42-004,1981,2.0,0,0,0,0,0,0,1,0.0,1,0,0,0,0,0,1,0,Matches
a44d3a3c,Pietro Pellegri,it ITA,FW,Torino,22-012,2001,4.1,4,1,1,1,2,0,1,0.0,1,4,1,3,0,4,2,0,Matches
4a5a45c7,Lorenzo Pellegrini,it ITA,MF,Roma,26-283,1996,20.4,37,20,17,17,3,15,31,48.4,16,22,3,19,21,58,14,0,Matches
7afb1573,Pepín,gq EQG,MF,Monza,26-227,1996,9.6,15,8,4,6,5,3,15,20.0,12,10,2,8,11,26,13,0,Matches
75f2c59f,Roberto Pereyra,ar ARG,"DF,MF",Udinese,32-081,1991,21.5,32,19,17,12,3,15,31,48.4,16,16,4,12,14,46,21,0,Matches
f7c491f1,Nehuén Pérez,ar ARG,DF,Udinese,22-278,2000,22.4,55,27,39,15,1,31,39,79.5,8,32,15,17,25,80,87,1,Matches
b9e11c1d,Simone Perilli,it ITA,GK,Hellas Verona,28-081,1995,1.0,0,0,0,0,0,0,0,,0,0,0,0,0,0,0,0,Matches
4c62d0c8,Mattia Perin,it ITA,GK,Juventus,30-139,1992,8.5,0,0,0,0,0,0,0,,0,0,0,0,0,0,0,0,Matches
00a17eba,Samuele Perisan,it ITA,GK,Empoli,25-220,1997,3.0,0,0,0,0,0,0,0,,0,0,0,0,0,0,0,0,Matches
780e3631,Matteo Pessina,it ITA,MF,Monza,25-342,1997,22.9,38,24,16,16,6,16,43,37.2,27,38,9,29,25,63,21,1,Matches
03f946ed,Andrea Petagna,it ITA,FW,Monza,27-272,1995,14.0,7,5,2,3,2,3,4,75.0,1,13,4,9,2,9,16,0,Matches
149c5f5d,Giuseppe Pezzella,it ITA,DF,Lecce,25-120,1997,8.2,20,9,15,2,3,9,16,56.3,7,9,2,7,6,26,26,1,Matches
17f3620a,Krzysztof Piątek,pl POL,FW,Salernitana,27-271,1995,16.8,14,7,1,7,6,5,16,31.3,11,10,2,8,0,14,26,0,Matches
1cadaf34,Roberto Piccoli,it ITA,FW,Hellas Verona,22-061,2001,2.1,1,0,1,0,0,0,2,0.0,2,2,0,2,0,1,2,0,Matches
1cadaf34,Roberto Piccoli,it ITA,"FW,MF",Empoli,22-061,2001,1.5,0,0,0,0,0,0,1,0.0,1,0,0,0,0,0,3,0,Matches
f71ad8cb,Charles Pickel,ch SUI,MF,Cremonese,25-318,1997,20.8,42,16,19,19,4,22,40,55.0,18,27,4,23,18,60,26,1,Matches
08aa9cd1,Andrea Pinamonti,it ITA,FW,Sassuolo,23-314,1999,18.2,7,5,0,4,3,3,5,60.0,2,15,1,14,2,9,9,0,Matches
caec77da,Lorenzo Pirola,it ITA,DF,Salernitana,21-037,2002,12.0,26,22,15,11,0,15,20,75.0,5,29,22,7,20,46,54,0,Matches
2c38b327,Marko Pjaca,hr CRO,"MF,FW",Empoli,27-327,1995,5.1,2,1,1,1,0,2,4,50.0,2,1,0,1,1,3,0,0,Matches
55a1cac2,Tommaso Pobega,it ITA,MF,Milan,23-257,1999,6.4,14,7,3,9,2,6,10,60.0,4,6,2,4,7,21,8,0,Matches
867239d3,Paul Pogba,fr FRA,"MF,DF",Juventus,30-014,1993,0.4,0,0,0,0,0,0,0,,0,0,0,0,0,0,0,0,Matches
5e861944,Matteo Politano,it ITA,FW,Napoli,29-238,1993,10.8,17,9,9,4,4,10,22,45.5,12,5,0,5,7,24,5,0,Matches
2a6cd437,Marin Pongračić,hr CRO,DF,Lecce,25-199,1997,8.8,16,14,8,7,1,5,7,71.4,2,4,3,1,16,32,31,0,Matches
7f609bfc,Stefan Posch,at AUT,DF,Bologna,25-319,1997,19.1,51,29,26,17,8,24,38,63.2,14,28,8,20,26,77,45,0,Matches
277da414,Ivan Provedel,it ITA,GK,Lazio,29-012,1994,26.9,1,0,1,0,0,0,0,,0,0,0,0,0,1,15,0,Matches
62437b4f,Ignacio Pussetto,ar ARG,"MF,DF",Sampdoria,27-098,1995,1.7,6,3,2,3,1,3,4,75.0,1,4,0,4,0,6,3,0,Matches
88f53b75,Niklas Pyyhtiä,fi FIN,MF,Bologna,19-185,2003,0.7,1,0,0,1,0,0,1,0.0,1,0,0,0,1,2,2,0,Matches
ee4f2f3b,Fabio Quagliarella,it ITA,FW,Sampdoria,40-057,1983,4.4,1,1,0,1,0,0,3,0.0,3,4,0,4,0,1,3,0,Matches
1b9c7401,Giacomo Quagliata,it ITA,DF,Cremonese,23-038,2000,5.5,8,7,6,0,2,4,7,57.1,3,5,2,3,8,16,5,0,Matches
8794e251,Adrien Rabiot,fr FRA,MF,Juventus,27-360,1995,21.5,41,23,18,16,7,19,40,47.5,21,32,7,25,20,61,31,1,Matches
0630eb63,Nemanja Radonjić,rs SRB,"MF,FW",Torino,27-042,1996,12.8,2,1,2,0,0,0,3,0.0,3,3,0,3,2,4,3,0,Matches
023937a9,Ivan Radovanović,rs SRB,"MF,DF",Salernitana,34-212,1988,7.5,12,4,8,4,0,4,10,40.0,6,9,3,6,7,19,9,1,Matches
67f649be,Ionuț Radu,ro ROU,GK,Cremonese,25-305,1997,9.0,0,0,0,0,0,0,0,,0,0,0,0,0,0,1,3,Matches
ce1a6c7e,Antonio Raimondo,it ITA,FW,Bologna,19-011,2004,0.2,0,0,0,0,0,0,0,,0,0,0,0,0,0,1,0,Matches
8c63fae5,Luca Ranieri,it ITA,DF,Fiorentina,23-340,1999,3.1,6,2,4,2,0,4,6,66.7,2,2,1,1,6,12,8,1,Matches
539230cf,Andrea Ranocchia,it ITA,DF,Monza,35-041,1988,0.5,3,1,1,2,0,3,4,75.0,1,5,5,0,0,3,7,0,Matches
d9ebed1c,Filippo Ranocchia,it ITA,MF,Monza,21-319,2001,5.9,11,6,5,4,2,4,12,33.3,8,5,1,4,4,15,7,0,Matches
6e058f06,Giacomo Raspadori,it ITA,"FW,MF",Napoli,23-039,2000,6.4,8,7,0,5,3,2,6,33.3,4,6,0,6,2,10,3,0,Matches
6e058f06,Giacomo Raspadori,it ITA,FW,Sassuolo,23-039,2000,0.5,0,0,0,0,0,0,0,,0,0,0,0,0,0,0,0,Matches
536cebe5,Ante Rebić,hr CRO,"FW,MF",Milan,29-189,1993,6.9,6,4,1,1,4,2,7,28.6,5,5,0,5,1,7,4,0,Matches
6213fd82,Arkadiusz Reca,pl POL,DF,Spezia,27-285,1995,17.9,35,21,19,9,7,13,21,61.9,8,15,3,12,21,56,43,0,Matches
4bd00a50,Panagiotis Retsos,gr GRE,DF,Hellas Verona,24-232,1998,1.4,5,4,2,2,1,3,3,100.0,0,4,1,3,2,7,3,0,Matches
f61c7c4e,Franck Ribéry,fr FRA,MF,Salernitana,39-356,1983,0.4,0,0,0,0,0,0,0,,0,1,0,1,0,0,0,0,Matches
9823be92,Samuele Ricci,it ITA,MF,Torino,21-220,2001,14.8,19,11,8,7,4,13,15,86.7,2,15,4,11,12,31,18,1,Matches
f1cfc209,Tomás Rincón,ve VEN,MF,Sampdoria,35-075,1988,18.3,42,20,14,22,6,21,40,52.5,19,23,2,21,22,64,10,0,Matches
1d4e63b6,Pablo Rodríguez,es ESP,"FW,MF",Lecce,21-237,2001,0.6,2,1,2,0,0,0,2,0.0,2,3,0,3,0,2,0,0,Matches
7f78ad23,Ricardo Rodríguez,ch SUI,DF,Torino,30-216,1992,19.7,40,24,23,12,5,20,31,64.5,11,20,11,9,26,66,39,0,Matches
10e7f486,Rogério,br BRA,DF,Sassuolo,25-075,1998,23.3,28,16,17,5,6,12,25,48.0,13,23,5,18,25,53,53,0,Matches
3ead85f9,Alessio Romagnoli,it ITA,DF,Lazio,28-076,1995,22.7,29,13,17,12,0,10,20,50.0,10,26,20,6,26,55,82,0,Matches
09899de8,Simone Romagnoli,it ITA,DF,Lecce,33-048,1990,0.3,1,1,0,1,0,0,0,,0,0,0,0,0,1,2,0,Matches
ca6edaa0,Luka Romero,ar ARG,FW,Lazio,18-131,2004,1.7,0,0,0,0,0,0,3,0.0,3,4,0,4,3,3,1,0,Matches
2a1beb34,Marten de Roon,nl NED,MF,Atalanta,32-000,1991,21.9,46,23,25,20,1,22,51,43.1,29,24,3,21,25,71,44,0,Matches
e58cbfd5,Nicolò Rovella,it ITA,MF,Monza,21-115,2001,11.5,30,22,16,13,1,10,23,43.5,13,13,1,12,26,56,10,0,Matches
e58cbfd5,Nicolò Rovella,it ITA,MF,Juventus,21-115,2001,0.3,1,1,0,1,0,1,1,100.0,0,0,0,0,0,1,0,0,Matches
4b3e1a38,Amir Rrahmani,xk KVX,DF,Napoli,29-033,1994,19.2,29,15,19,10,0,15,21,71.4,6,28,15,13,12,41,60,1,Matches
a378a02a,Ruan,br BRA,DF,Sassuolo,23-295,1999,10.3,24,19,17,6,1,12,15,80.0,3,14,9,5,13,37,53,2,Matches
14b8fcdf,Daniele Rugani,it ITA,DF,Juventus,28-243,1994,3.9,6,0,5,1,0,3,3,100.0,0,4,2,2,4,10,18,0,Matches
ae9898c5,Matteo Ruggeri,it ITA,"DF,MF",Atalanta,20-261,2002,8.2,17,12,5,9,3,8,15,53.3,7,14,3,11,10,27,14,0,Matches
0b5a292a,Mário Rui,pt POR,DF,Napoli,31-306,1991,16.6,29,19,15,11,3,18,33,54.5,15,16,3,13,15,44,22,1,Matches
4830e0af,Abdelhamid Sabiri,ma MAR,MF,Sampdoria,26-121,1996,11.2,17,7,5,8,4,4,13,30.8,9,15,2,13,2,19,5,0,Matches
ee251371,Alexis Saelemaekers,be BEL,"FW,DF",Milan,23-275,1999,9.7,25,17,11,12,2,15,29,51.7,14,9,1,8,8,33,8,0,Matches
da5a981b,Jacopo Sala,it ITA,MF,Spezia,31-114,1991,1.2,1,0,1,0,0,0,2,0.0,2,2,0,2,1,2,2,0,Matches
217c93a1,Lazar Samardzic,rs SRB,MF,Udinese,21-033,2002,11.7,20,11,5,11,4,11,25,44.0,14,7,0,7,9,29,10,0,Matches
24eb7ed6,Junior Sambia,fr FRA,DF,Salernitana,26-203,1996,5.6,9,4,4,4,1,4,6,66.7,2,9,3,6,4,13,15,1,Matches
0a447501,Antonio Sanabria,py PAR,FW,Torino,27-025,1996,17.1,8,4,1,3,4,1,5,20.0,4,5,2,3,3,11,4,0,Matches
4295f19c,Leandro Sanca,pt POR,"FW,MF",Spezia,23-084,2000,0.4,1,1,0,0,1,1,1,100.0,0,0,0,0,0,1,0,0,Matches
0d82903c,Alex Sandro,br BRA,DF,Juventus,32-062,1991,16.2,23,13,10,12,1,9,15,60.0,6,19,8,11,13,36,48,0,Matches
7eb97a8e,Nicola Sansone,it ITA,FW,Bologna,31-200,1991,4.8,5,3,4,0,1,3,4,75.0,1,0,0,0,0,5,2,0,Matches
3bb7af3b,Riccardo Saponara,it ITA,FW,Fiorentina,31-098,1991,10.2,10,5,3,6,1,5,9,55.6,4,5,1,4,4,14,6,0,Matches
86383d0e,Martin Satriano,uy URU,FW,Empoli,22-037,2001,18.0,13,8,5,6,2,6,12,50.0,6,5,0,5,3,16,19,0,Matches
1e9aa637,Giorgio Scalvini,it ITA,DF,Atalanta,19-108,2003,16.4,39,20,23,10,6,22,35,62.9,13,22,9,13,31,70,40,1,Matches
2cfae697,Jerdy Schouten,nl NED,MF,Bologna,26-076,1997,18.2,40,24,18,20,2,17,30,56.7,13,33,14,19,32,72,35,1,Matches
e613313c,Perr Schuurs,nl NED,DF,Torino,23-123,1999,18.1,34,16,19,11,4,10,17,58.8,7,20,11,9,19,53,78,0,Matches
16463a79,Demba Seck,sn SEN,"FW,MF",Torino,22-047,2001,4.3,5,2,3,2,0,2,2,100.0,0,3,1,2,1,6,1,0,Matches
3cb132e6,Jacopo Segre,it ITA,DF,Torino,26-040,1997,0.2,0,0,0,0,0,0,0,,0,0,0,0,0,0,0,0,Matches
b6baba31,Vivaldo Semedo,pt POR,FW,Udinese,18-060,2005,0.0,0,0,0,0,0,0,0,,0,0,0,0,0,0,0,0,Matches
b70bde8f,Stefano Sensi,it ITA,MF,Monza,27-236,1995,14.5,39,25,24,12,3,17,41,41.5,24,12,2,10,15,54,3,0,Matches
343f753a,Luigi Sepe,it ITA,GK,Salernitana,31-325,1991,17.0,0,0,0,0,0,0,1,0.0,1,0,0,0,0,0,0,0,Matches
dd7febd8,Leonardo Sernicola,it ITA,DF,Cremonese,25-242,1997,19.8,34,23,18,10,6,20,30,66.7,10,15,3,12,27,61,34,0,Matches
d3aaad90,Stephan El Shaarawy,it ITA,"DF,MF",Roma,30-153,1992,10.3,13,7,5,6,2,4,13,30.8,9,8,1,7,13,26,8,0,Matches
57469b2d,Eldor Shomurodov,uz UZB,FW,Spezia,27-273,1995,4.0,1,1,0,0,1,0,4,0.0,4,3,0,3,1,2,2,0,Matches
57469b2d,Eldor Shomurodov,uz UZB,FW,Roma,27-273,1995,1.3,1,0,1,0,0,0,2,0.0,2,1,0,1,1,2,0,0,Matches
0d422df7,Marco Silvestri,it ITA,GK,Udinese,32-027,1991,27.0,2,1,2,0,0,2,3,66.7,1,0,0,0,1,3,7,1,Matches
343c0d52,Giovanni Simeone,ar ARG,FW,Napoli,27-267,1995,2.5,12,3,3,5,4,3,7,42.9,4,1,1,0,1,13,3,0,Matches
8b609c34,Wilfried Singo,ci CIV,DF,Torino,22-094,2000,15.4,21,14,11,8,2,9,12,75.0,3,11,1,10,8,29,25,1,Matches
10dc46f0,Salvatore Sirigu,it ITA,GK,Fiorentina,36-076,1987,1.0,0,0,0,0,0,0,0,,0,0,0,0,0,0,1,0,Matches
b35a7399,Leo Skiri Østigård,no NOR,DF,Napoli,23-121,1999,2.7,4,1,3,1,0,1,1,100.0,0,0,0,0,4,8,10,0,Matches
ab4449d6,Łukasz Skorupski,pl POL,GK,Bologna,31-328,1991,27.0,2,1,2,0,0,1,2,50.0,1,0,0,0,0,2,13,1,Matches
30f5ffa9,Milan Škriniar,sk SVK,DF,Inter,28-046,1995,19.7,29,18,14,11,4,18,32,56.3,14,18,13,5,13,42,46,3,Matches
b6964eb6,Chris Smalling,eng ENG,DF,Roma,33-127,1989,25.7,21,12,13,8,0,9,17,52.9,8,40,30,10,37,58,109,0,Matches
78f13530,Ola Solbakken,no NOR,"MF,FW",Roma,24-203,1998,1.2,0,0,0,0,0,0,2,0.0,2,0,0,0,1,1,0,0,Matches
28f66c2e,Brandon Soppy,fr FRA,DF,Udinese,21-036,2002,1.0,1,1,0,1,0,0,0,,0,4,0,4,1,2,1,0,Matches
28f66c2e,Brandon Soppy,fr FRA,DF,Atalanta,21-036,2002,6.3,7,4,3,4,0,2,7,28.6,5,8,0,8,2,9,7,0,Matches
9d4c45d6,Roberto Soriano,it ITA,"FW,MF",Bologna,32-049,1991,13.9,28,14,9,13,6,12,22,54.5,10,23,2,21,5,33,14,0,Matches
50841bef,Joaquin Sosa,uy URU,DF,Bologna,21-078,2002,6.6,6,2,5,1,0,4,16,25.0,12,5,3,2,5,11,30,0,Matches
94816803,Riccardo Sottil,it ITA,FW,Fiorentina,23-299,1999,5.0,0,0,0,0,0,0,1,0.0,1,1,0,1,0,0,0,0,Matches
c13ddd3e,Matìas Soulé,ar ARG,"MF,DF",Juventus,19-348,2003,3.6,4,3,1,1,2,2,3,66.7,1,3,0,3,3,7,1,0,Matches
7b075c75,Adama Soumaoro,fr FRA,DF,Bologna,30-284,1992,15.7,17,11,7,8,2,3,4,75.0,1,13,9,4,15,32,51,1,Matches
3626daea,Leonardo Spinazzola,it ITA,DF,Roma,30-004,1993,13.5,11,6,5,4,2,6,16,37.5,10,11,3,8,5,16,23,0,Matches
ac4003af,Marco Sportiello,it ITA,GK,Atalanta,30-323,1992,6.9,1,0,1,0,0,1,2,50.0,1,0,0,0,0,1,1,0,Matches
13b44b02,Petar Stojanović,si SVN,DF,Empoli,27-173,1995,15.3,38,20,24,10,4,23,39,59.0,16,15,4,11,11,49,52,0,Matches
674cfc5a,Gabriel Strefezza,br BRA,FW,Lecce,25-345,1997,19.5,38,19,15,17,6,18,34,52.9,16,24,2,22,12,50,14,0,Matches
2cb9486d,Dávid Strelec,sk SVK,FW,Spezia,21-359,2001,1.9,2,2,0,1,1,2,2,100.0,0,0,0,0,0,2,0,0,Matches
f573a8bf,Isaac Success,ng NGA,FW,Udinese,27-081,1996,17.9,8,4,2,5,1,3,7,42.9,4,12,2,10,4,12,16,0,Matches
230c3f3a,Ibrahim Sulemana,gh GHA,MF,Hellas Verona,19-311,2003,4.0,11,7,6,4,1,3,5,60.0,2,3,2,1,7,18,8,0,Matches
01b8a2b2,Wojciech Szczęsny,pl POL,GK,Juventus,32-345,1990,18.5,1,0,1,0,0,0,1,0.0,1,0,0,0,0,1,4,0,Matches
eb3022c3,Benjamin Tahirovic,ba BIH,MF,Roma,20-026,2003,1.5,2,2,2,0,0,1,4,25.0,3,4,0,4,2,4,1,0,Matches
8da74c05,Adrien Tameze,cm CMR,MF,Hellas Verona,29-053,1994,23.3,33,17,16,13,4,16,42,38.1,26,39,11,28,26,59,44,2,Matches
b056e3da,Ciprian Tătărușanu,ro ROU,GK,Milan,37-048,1986,16.0,0,0,0,0,0,0,0,,0,0,0,0,1,1,2,0,Matches
5cbb5ad6,Filippo Terracciano,it ITA,"DF,MF",Hellas Verona,20-049,2003,5.9,10,7,4,4,2,6,10,60.0,4,4,3,1,6,16,11,0,Matches
e1b0a70d,Pietro Terracciano,it ITA,GK,Fiorentina,33-021,1990,23.0,2,1,2,0,0,2,2,100.0,0,0,0,0,1,3,10,0,Matches
3ef0a2d7,Aleksa Terzić,rs SRB,DF,Fiorentina,23-224,1999,5.6,10,6,6,3,1,7,13,53.8,6,10,3,7,4,14,8,0,Matches
2b9fdeea,Florian Thauvin,fr FRA,FW,Udinese,30-062,1993,2.2,1,0,0,1,0,1,3,33.3,2,2,0,2,1,2,1,0,Matches
ff5ea0bf,Malick Thiaw,de GER,DF,Milan,21-233,2001,7.6,18,15,14,4,0,7,12,58.3,5,9,5,4,5,23,38,1,Matches
76ff8d0d,Kristian Thorstvedt,no NOR,MF,Sassuolo,24-016,1999,11.1,14,7,4,8,2,5,13,38.5,8,14,3,11,12,26,13,0,Matches
a96e5dc0,Jeremy Toljan,de GER,DF,Sassuolo,28-233,1994,20.7,28,20,15,10,3,15,22,68.2,7,20,8,12,13,41,36,1,Matches
c56dc39e,Rafael Tolói,it ITA,DF,Atalanta,32-170,1990,21.1,39,27,22,17,0,21,41,51.2,20,25,11,14,46,85,56,0,Matches
7edfbb8a,Fikayo Tomori,eng ENG,DF,Milan,25-100,1997,22.4,57,28,36,20,1,14,24,58.3,10,33,17,16,24,81,55,0,Matches
0db169ae,Sandro Tonali,it ITA,MF,Milan,22-325,2000,21.4,42,27,23,15,4,18,30,60.0,12,19,6,13,21,63,15,1,Matches
7ed4921e,William Troost-Ekong,ng NGA,DF,Salernitana,29-209,1993,2.9,9,3,7,2,0,5,6,83.3,1,3,2,1,3,12,3,0,Matches
0588a092,Frank Tsadjout,it ITA,"FW,MF",Cremonese,23-244,1999,6.5,5,4,2,3,0,2,3,66.7,1,5,1,4,6,11,4,0,Matches
26c54058,Alessandro Tuia,it ITA,DF,Lecce,32-294,1990,4.7,9,5,6,3,0,2,6,33.3,4,1,0,1,13,22,20,0,Matches
14ae023f,Martin Turk,si SVN,GK,Sampdoria,19-220,2003,2.0,0,0,0,0,0,0,0,,0,0,0,0,0,0,1,0,Matches
7cd520e8,Iyenoma Udogie,it ITA,DF,Udinese,20-121,2002,22.2,59,36,36,19,4,28,48,58.3,20,28,5,23,24,83,21,0,Matches
3eed9821,Samuel Umtiti,fr FRA,DF,Lecce,29-135,1993,13.5,36,22,16,20,0,14,19,73.7,5,15,9,6,17,53,46,0,Matches
71005acd,Diego Valencia,cl CHI,"MF,FW",Salernitana,23-074,2000,2.6,8,5,4,2,2,2,9,22.2,7,10,1,9,1,9,2,0,Matches
ec52b661,Emanuele Valeri,it ITA,DF,Cremonese,24-112,1998,22.1,39,18,23,14,2,21,49,42.9,28,11,2,9,13,52,34,0,Matches
c414df9d,Mattia Valoti,it ITA,MF,Monza,29-204,1993,3.0,10,6,3,6,1,4,9,44.4,5,7,3,4,2,12,4,0,Matches
5eaed77a,Johan Vásquez,mx MEX,DF,Cremonese,24-158,1998,11.7,20,13,18,2,0,11,23,47.8,12,17,12,5,23,43,60,1,Matches
44ac04e9,Matías Vecino,uy URU,MF,Lazio,31-217,1991,14.0,37,22,10,19,8,19,31,61.3,12,25,8,17,13,50,29,0,Matches
ab1ca213,Miguel Veloso,pt POR,MF,Hellas Verona,36-322,1986,10.1,22,6,14,7,1,11,19,57.9,8,22,5,17,4,26,11,0,Matches
983ff2c7,Lorenzo Venuti,it ITA,DF,Fiorentina,27-351,1995,6.8,14,6,6,7,1,9,13,69.2,4,3,2,1,4,18,14,2,Matches
d3298c99,Daniele Verde,it ITA,"FW,MF",Spezia,26-282,1996,7.7,2,2,2,0,0,1,2,50.0,1,5,0,5,7,9,2,0,Matches
0375723e,Simone Verdi,it ITA,MF,Hellas Verona,30-260,1992,6.8,12,7,6,3,3,4,8,50.0,4,6,0,6,0,12,2,0,Matches
33ecf462,Valerio Verre,it ITA,MF,Sampdoria,29-077,1994,7.5,14,7,6,5,3,8,17,47.1,9,9,1,8,9,23,3,0,Matches
77d6fd4d,Guglielmo Vicario,it ITA,GK,Empoli,26-173,1996,24.0,0,0,0,0,0,0,1,0.0,1,0,0,0,0,0,12,2,Matches
75e60d75,Ronaldo Vieira,gw GNB,MF,Torino,24-253,1998,0.2,,0,,,,,,,,,,,0,,,,Matches
75e60d75,Ronaldo Vieira,gw GNB,MF,Sampdoria,24-253,1998,9.1,,10,,,,,,,,,,,13,,,,Matches
ec5dae45,Emanuel Vignato,it ITA,"MF,FW",Bologna,22-217,2000,2.7,4,4,2,2,0,2,4,50.0,2,2,0,2,3,7,0,0,Matches
ec5dae45,Emanuel Vignato,it ITA,"FW,MF",Empoli,22-217,2000,0.3,2,0,2,0,0,0,0,,0,0,0,0,0,2,0,0,Matches
a14d0ab0,Samuele Vignato,it ITA,"FW,MF",Monza,19-033,2004,0.2,0,0,0,0,0,0,0,,0,0,0,0,0,0,0,0,Matches
c7069d87,Tonny Vilhena,nl NED,MF,Salernitana,28-085,1995,17.6,33,17,8,22,3,13,29,44.8,16,12,5,7,10,43,11,0,Matches
bdc74a8f,Gonzalo Villar,es ESP,MF,Sampdoria,25-006,1998,7.7,13,7,4,8,1,7,15,46.7,8,11,3,8,4,17,9,1,Matches
08eb3b58,Matías Viña,uy URU,DF,Roma,25-140,1997,0.6,3,1,1,1,1,1,3,33.3,2,5,1,4,2,5,5,0,Matches
79443529,Dušan Vlahović,rs SRB,FW,Juventus,23-060,2000,16.2,7,4,0,3,4,3,7,42.9,4,7,2,5,3,10,6,1,Matches
aa8e289e,Nikola Vlašić,hr CRO,"MF,FW",Torino,25-176,1997,21.4,24,16,7,12,5,9,19,47.4,10,16,1,15,4,28,8,0,Matches
b3ef6517,Joel Voelkerling Persson,se SWE,FW,Lecce,20-073,2003,0.7,1,1,0,0,1,0,0,,0,1,0,1,0,1,0,0,Matches
be2706c0,Mërgim Vojvoda,xk KVX,DF,Torino,28-056,1995,13.1,18,10,12,5,1,10,16,62.5,6,6,1,5,8,26,23,1,Matches
72f87f25,Cristian Volpato,it ITA,MF,Roma,19-134,2003,2.3,3,2,1,1,1,0,1,0.0,1,2,0,2,2,5,0,0,Matches
f052fb01,Lukáš Vorlický,cz CZE,"MF,FW",Atalanta,21-070,2002,0.3,0,0,0,0,0,0,0,,0,0,0,0,1,1,0,0,Matches
f86cd5df,Aster Vranckx,be BEL,MF,Milan,20-176,2002,0.8,2,2,0,1,1,1,2,50.0,1,2,1,1,0,2,1,0,Matches
d0d8dd44,Stefan de Vrij,nl NED,DF,Inter,31-052,1992,14.6,18,11,12,6,0,5,10,50.0,5,8,6,2,30,48,53,0,Matches
26db8853,Walace,br BRA,MF,Udinese,27-359,1995,26.1,65,33,32,26,7,34,72,47.2,38,37,10,27,38,103,37,0,Matches
217875a4,Sebastian Walukiewicz,pl POL,DF,Empoli,22-358,2000,1.8,2,1,1,1,0,0,1,0.0,1,3,3,0,1,3,12,0,Matches
eb58eef0,Georginio Wijnaldum,nl NED,MF,Roma,32-138,1990,3.8,0,0,0,0,0,0,0,,0,2,0,2,0,0,2,0,Matches
2f7acede,Harry Winks,eng ENG,MF,Sampdoria,27-055,1996,9.3,16,9,2,12,2,9,27,33.3,18,6,4,2,10,26,10,0,Matches
1bfe5ac9,Przemysław Wiśniewski,pl POL,DF,Spezia,24-245,1998,1.1,0,0,0,0,0,0,0,,0,4,2,2,1,1,9,0,Matches
ee9040b4,Gerard Yepes,es ESP,MF,Sampdoria,20-216,2002,2.2,5,3,2,3,0,1,3,33.3,2,3,0,3,4,9,3,0,Matches
d85c238b,Mattia Zaccagni,it ITA,FW,Lazio,27-286,1995,21.0,28,18,14,10,4,7,17,41.2,10,27,3,24,17,45,8,1,Matches
384d58d9,Denis Zakaria,ch SUI,MF,Juventus,26-129,1996,1.4,6,3,1,4,1,2,2,100.0,0,2,0,2,2,8,1,0,Matches
45191c29,Nicola Zalewski,pl POL,DF,Roma,21-065,2002,16.0,31,16,17,11,3,15,47,31.9,32,23,1,22,19,50,11,0,Matches
6bb2c084,Andre-Frank Zambo Anguissa,cm CMR,MF,Napoli,27-133,1995,23.3,44,26,14,23,7,13,46,28.3,33,39,3,36,27,71,20,0,Matches
5e834dce,Luca Zanimacchia,it ITA,"MF,FW",Cremonese,24-253,1998,8.3,21,13,11,6,4,8,21,38.1,13,9,0,9,9,30,5,0,Matches
9907b1c8,Nicolò Zaniolo,it ITA,"MF,FW",Roma,23-270,1999,9.9,7,5,2,4,1,2,7,28.6,5,11,0,11,2,9,0,0,Matches
3b12b11f,Alessandro Zanoli,it ITA,DF,Sampdoria,22-177,2000,6.8,3,2,2,1,0,1,2,50.0,1,3,2,1,5,8,13,0,Matches
3b12b11f,Alessandro Zanoli,it ITA,DF,Napoli,22-177,2000,0.1,1,0,0,1,0,0,0,,0,0,0,0,0,1,1,0,Matches
875d65d1,Mattia Zanotti,it ITA,DF,Inter,20-077,2003,0.0,0,0,0,0,0,0,0,,0,0,0,0,0,0,0,0,Matches
d3de9af0,Duván Zapata,co COL,FW,Atalanta,31-362,1991,9.3,1,1,0,0,1,1,2,50.0,1,3,0,3,1,2,12,0,Matches
7fe90ccd,Davide Zappacosta,it ITA,"DF,MF",Atalanta,30-291,1992,6.2,14,8,6,6,2,5,6,83.3,1,8,1,7,5,19,6,0,Matches
2f45300d,Karim Zedadka,fr FRA,DF,Napoli,22-293,2000,0.0,0,0,0,0,0,0,0,,0,0,0,0,0,0,0,0,Matches
58a2e9f6,Deyovaisio Zeefuik,nl NED,DF,Hellas Verona,25-018,1998,0.1,1,1,0,1,0,0,0,,0,0,0,0,0,1,0,0,Matches
8abd0c03,Marvin Zeegelaar,nl NED,DF,Udinese,32-229,1990,0.0,0,0,0,0,0,0,0,,0,1,0,1,0,0,1,0,Matches
d19ef4ef,Alessio Zerbin,it ITA,"FW,MF",Napoli,24-026,1999,0.7,8,3,4,3,1,3,4,75.0,1,2,0,2,0,8,2,0,Matches
a5296e55,Piotr Zieliński,pl POL,MF,Napoli,28-313,1994,19.1,13,8,1,9,3,9,17,52.9,8,9,4,5,14,27,6,0,Matches
acf7e795,David Zima,cz CZE,DF,Torino,22-141,2000,4.5,9,5,5,4,0,3,4,75.0,1,7,2,5,9,18,11,2,Matches
028e70b9,Joshua Zirkzee,nl NED,FW,Bologna,21-311,2001,5.9,3,1,0,1,2,2,5,40.0,3,1,1,0,4,7,3,0,Matches
cc1a0c57,Jeroen Zoet,nl NED,GK,Spezia,32-082,1991,1.7,1,1,1,0,0,1,1,100.0,0,0,0,0,0,1,0,0,Matches
82598b71,Nadir Zortea,it ITA,"DF,MF",Atalanta,23-283,1999,2.5,10,5,3,7,0,3,4,75.0,1,4,0,4,0,10,4,0,Matches
82598b71,Nadir Zortea,it ITA,DF,Sassuolo,23-283,1999,5.0,12,7,9,2,1,8,10,80.0,2,6,3,3,3,15,17,0,Matches
54f6afe3,Petar Zovko,ba BIH,GK,Spezia,21-004,2002,0.8,1,0,1,0,0,1,1,100.0,0,0,0,0,0,1,0,0,Matches
4e1d5e59,Szymon Żurkowski,pl POL,MF,Fiorentina,25-185,1997,0.4,0,0,0,0,0,0,0,,0,0,0,0,0,0,0,0,Matches
4e1d5e59,Szymon Żurkowski,pl POL,MF,Spezia,25-185,1997,1.2,5,3,1,3,1,1,3,33.3,2,1,1,0,2,7,2,0,Matches
405f6586,Milan Đurić,ba BIH,FW,Hellas Verona,32-311,1990,8.5,2,1,1,0,1,1,1,100.0,0,5,3,2,0,2,13,0,Matches
eccbe56a,Filip Đuričić,rs SRB,"MF,FW",Sampdoria,31-058,1992,18.1,34,17,14,16,4,10,23,43.5,13,12,3,9,6,40,5,0,Matches
