id,Player,Nation,Pos,Squad,Age,Born,90s,Tkl,TklW,Def 3rd,Mid 3rd,Att 3rd,Tkl.1,Att,Tkl%,Lost,Blocks,Sh,Pass,Int,Tkl+Int,Clr,Err,Matches
4b7a9fcc,James Abankwah,ie IRL,DF,Udinese,19-084,2004,0.1,1,1,0,1,0,0,0,,0,0,0,0,0,1,0,0,Matches
8f5cdf66,Oliver Abildgaard,dk DEN,"MF,DF",Hellas Verona,26-304,1996,0.9,2,2,1,0,1,1,4,25.0,3,2,0,2,1,3,3,0,Matches
f586779e,Tammy Abraham,eng ENG,FW,Roma,25-190,1997,20.1,12,7,3,5,4,3,13,23.1,10,10,4,6,3,15,10,0,Matches
771a2cfe,Christian Acella,it ITA,MF,Cremonese,20-277,2002,0.2,1,0,1,0,0,0,2,0.0,2,0,0,0,0,1,0,0,Matches
b96b595c,Francesco Acerbi,it ITA,DF,Inter,35-059,1988,19.8,27,15,17,6,4,16,22,72.7,6,13,7,6,29,56,58,0,Matches
26777636,Yacine Adli,fr FRA,"MF,FW",Milan,22-255,2000,1.4,6,3,2,4,0,2,2,100.0,0,2,0,2,1,7,1,0,Matches
f9c927de,Michel Aebischer,ch SUI,"FW,MF",Bologna,26-094,1997,11.9,10,4,3,4,3,2,12,16.7,10,12,2,10,6,16,6,0,Matches
0154d290,Felix Afena-Gyan,gh GHA,"FW,MF",Cremonese,20-081,2003,6.8,6,3,4,1,1,2,7,28.6,5,4,1,3,1,7,3,0,Matches
46fa7204,Kevin Agudelo,co COL,"MF,FW",Spezia,24-147,1998,20.3,63,33,17,27,19,21,52,40.4,31,35,5,30,9,72,6,0,Matches
246d153b,Ola Aina,ng NGA,DF,Torino,26-184,1996,9.0,15,11,5,7,3,8,14,57.1,6,11,2,9,9,24,26,0,Matches
d810c13b,Emanuel Aiwum,at AUT,DF,Cremonese,22-106,2000,15.4,47,28,28,17,2,28,42,66.7,14,22,12,10,22,69,46,2,Matches
fdf4b948,Jean-Daniel Akpa-Akpro,ci CIV,MF,Empoli,30-181,1992,10.7,37,28,18,14,5,13,22,59.1,9,29,4,25,12,49,23,0,Matches
5294a83f,Luis Alberto,es ESP,MF,Lazio,30-194,1992,18.1,31,17,14,12,5,15,50,30.0,35,26,5,21,6,37,3,0,Matches
ab472696,Agustín Álvarez Martínez,uy URU,"FW,MF",Sassuolo,21-326,2001,3.5,6,3,0,5,1,1,3,33.3,2,4,1,3,3,9,3,0,Matches
bcc81786,Kelvin Amian,fr FRA,DF,Spezia,25-061,1998,18.7,40,24,23,10,7,17,21,81.0,4,22,9,13,20,60,64,1,Matches
2df7cc43,Bruno Amione,ar ARG,DF,Hellas Verona,21-097,2002,0.6,1,1,1,0,0,1,2,50.0,1,1,0,1,0,1,4,0,Matches
2df7cc43,Bruno Amione,ar ARG,DF,Sampdoria,21-097,2002,16.8,41,27,28,13,0,16,31,51.6,15,19,10,9,19,60,43,1,Matches
10b9fa99,Ethan Ampadu,wls WAL,"DF,MF",Spezia,22-208,2000,22.1,52,29,23,24,5,13,33,39.4,20,37,16,21,27,79,73,0,Matches
5a2cb25d,Sofyan Amrabat,ma MAR,MF,Fiorentina,26-232,1996,18.7,30,18,13,11,6,14,25,56.0,11,22,5,17,19,49,15,2,Matches
9f1893b9,Felipe Anderson,br BRA,FW,Lazio,29-360,1993,25.4,55,36,19,31,5,20,55,36.4,35,41,4,37,19,74,18,0,Matches
38d9ce53,Janis Antiste,fr FRA,FW,Sassuolo,20-235,2002,0.6,1,0,1,0,0,1,1,100.0,0,0,0,0,0,1,0,0,Matches
108fe016,Marcos Antônio,br BRA,MF,Lazio,22-301,2000,3.5,5,4,3,2,0,5,10,50.0,5,2,0,2,3,8,11,0,Matches
8f68aa41,Valentin Antov,bg BUL,DF,Monza,22-152,2000,3.2,6,5,3,3,0,1,5,20.0,4,5,4,1,2,8,10,1,Matches
00459419,Marko Arnautović,at AUT,FW,Bologna,33-356,1989,13.7,8,5,2,4,2,1,5,20.0,4,9,1,8,2,10,8,0,Matches
963a328b,Tolgay Arslan,de GER,MF,Udinese,32-237,1990,10.6,21,12,9,11,1,9,26,34.6,17,12,0,12,7,28,9,0,Matches
a820e429,Arthur,br BRA,FW,Fiorentina,24-350,1998,12.2,8,2,1,3,4,4,8,50.0,4,9,1,8,0,8,8,0,Matches
e26fcca3,Santiago Ascacíbar,ar ARG,MF,Cremonese,26-044,1997,8.1,29,14,17,10,2,14,35,40.0,21,14,2,12,13,42,11,0,Matches
a69cc629,Kristoffer Askildsen,no NOR,MF,Lecce,22-091,2001,7.0,7,3,2,3,2,4,8,50.0,4,11,3,8,11,18,6,0,Matches
0fdcef0e,Kristjan Asllani,al ALB,MF,Inter,21-032,2002,4.1,8,4,1,5,2,5,5,100.0,0,2,0,2,2,10,3,0,Matches
649b01d8,Emil Audero,it ITA,GK,Sampdoria,26-082,1997,25.0,0,0,0,0,0,0,2,0.0,2,0,0,0,0,0,7,1,Matches
3cd3b384,Tommaso Augello,it ITA,DF,Sampdoria,28-223,1994,25.0,15,12,11,2,2,7,13,53.8,6,18,7,11,9,24,43,1,Matches
2200181e,Kaan Ayhan,tr TUR,DF,Sassuolo,28-151,1994,6.1,10,4,6,4,0,7,7,100.0,0,5,4,1,5,15,26,1,Matches
dfd24c07,Jaime Báez,uy URU,DF,Cremonese,27-350,1995,1.1,4,2,3,0,1,3,6,50.0,3,0,0,0,0,4,2,1,Matches
f42d6c13,Nedim Bajrami,al ALB,"MF,FW",Empoli,24-041,1999,10.4,8,4,3,3,2,4,6,66.7,2,5,0,5,7,15,4,0,Matches
f42d6c13,Nedim Bajrami,al ALB,FW,Sassuolo,24-041,1999,3.8,5,2,3,2,0,3,6,50.0,3,5,1,4,4,9,2,0,Matches
59bf127b,Tiemoué Bakayoko,fr FRA,MF,Milan,28-236,1994,0.5,5,5,4,1,0,3,3,100.0,0,0,0,0,0,5,0,1,Matches
102e2599,Tommaso Baldanzi,it ITA,MF,Empoli,20-018,2003,14.5,18,9,7,10,1,5,24,20.8,19,12,1,11,2,20,4,0,Matches
f449640d,Fodé Ballo-Touré,sn SEN,DF,Milan,26-097,1997,3.2,7,2,2,5,0,4,5,80.0,1,8,3,5,1,8,1,0,Matches
8a6de8c7,Lameck Banda,zm ZAM,"FW,MF",Lecce,22-071,2001,13.6,23,14,9,11,3,10,30,33.3,20,20,2,18,3,26,2,0,Matches
d44360be,Filippo Bandinelli,it ITA,MF,Empoli,28-012,1995,20.9,46,29,17,21,8,13,31,41.9,18,17,5,12,11,57,35,0,Matches
01efac19,Antonín Barák,cz CZE,MF,Hellas Verona,28-128,1994,0.3,0,0,0,0,0,0,0,,0,0,0,0,0,0,0,0,Matches
01efac19,Antonín Barák,cz CZE,MF,Fiorentina,28-128,1994,15.0,19,9,5,5,9,5,15,33.3,10,13,1,12,3,22,10,0,Matches
32ebfe1e,Andrea Barberis,it ITA,MF,Monza,29-120,1993,3.8,7,2,4,3,0,5,11,45.5,6,0,0,0,8,15,1,0,Matches
0acda699,Francesco Bardi,it ITA,GK,Bologna,31-082,1992,1.0,0,0,0,0,0,0,0,,0,0,0,0,0,0,0,0,Matches
6928979a,Nicolò Barella,it ITA,MF,Inter,26-062,1997,24.1,37,20,14,19,4,20,41,48.8,21,23,4,19,9,46,10,0,Matches
6caffe81,Enzo Barrenechea,ar ARG,MF,Juventus,21-323,2001,1.8,8,3,3,4,1,3,5,60.0,2,3,0,3,2,10,3,0,Matches
e5bf73f3,Musa Barrow,gm GAM,"FW,MF",Bologna,24-147,1998,14.6,15,3,7,5,3,5,7,71.4,2,17,1,16,1,16,4,0,Matches
5a08ee41,Federico Baschirotto,it ITA,DF,Lecce,26-202,1996,28.0,28,21,25,3,0,11,17,64.7,6,33,22,11,32,60,152,0,Matches
80556f08,Toma Bašić,hr CRO,MF,Lazio,26-136,1996,5.0,5,3,3,1,1,2,6,33.3,4,9,0,9,7,12,8,0,Matches
75b86fb3,Alessandro Bastoni,it ITA,DF,Inter,23-362,1999,18.8,36,18,17,12,7,10,20,50.0,10,19,7,12,20,56,35,0,Matches
1ac232b8,Simone Bastoni,it ITA,"MF,DF",Spezia,26-156,1996,11.0,39,19,18,16,5,10,23,43.5,13,16,4,12,8,47,10,0,Matches
78e6bf2c,Brian Bayeye,fr FRA,DF,Torino,22-284,2000,0.6,3,0,3,0,0,1,1,100.0,0,1,1,0,1,4,2,0,Matches
19e4eab9,Rodrigo Becão,br BRA,DF,Udinese,27-081,1996,21.7,62,30,46,13,3,37,46,80.4,9,37,21,16,17,79,54,1,Matches
e892c325,Julius Beck,dk DEN,MF,Spezia,17-348,2005,0.1,2,1,1,1,0,0,0,,0,0,0,0,0,2,0,0,Matches
e3756e72,Raoul Bellanova,it ITA,"DF,MF",Inter,22-328,2000,2.2,6,3,4,1,1,3,4,75.0,1,2,1,1,3,9,5,0,Matches
d705ba44,Andrea Belotti,it ITA,FW,Roma,29-111,1993,7.2,9,5,3,2,4,3,8,37.5,5,8,1,7,3,12,2,0,Matches
0000acda,Marco Benassi,it ITA,DF,Fiorentina,28-214,1994,1.0,3,3,2,0,1,3,4,75.0,1,0,0,0,1,4,1,0,Matches
0000acda,Marco Benassi,it ITA,MF,Cremonese,28-214,1994,8.2,16,10,7,5,4,10,18,55.6,8,11,0,11,9,25,9,0,Matches
db092d3b,Ismaël Bennacer,dz ALG,MF,Milan,25-130,1997,19.6,54,29,23,29,2,26,44,59.1,18,21,7,14,24,78,15,1,Matches
53a0e358,Domenico Berardi,it ITA,FW,Sassuolo,28-252,1994,14.6,18,12,7,6,5,7,30,23.3,23,9,0,9,13,31,14,0,Matches
61b3978f,Bartosz Bereszyński,pl POL,DF,Sampdoria,30-272,1992,13.3,28,18,15,11,2,17,26,65.4,9,18,4,14,21,49,25,0,Matches
ed5c0319,Beto,gw GNB,FW,Udinese,25-069,1998,21.0,16,9,0,9,7,4,15,26.7,11,15,2,13,4,20,25,0,Matches
b3a20f18,Matteo Bianchetti,it ITA,DF,Cremonese,30-024,1993,20.8,32,19,21,9,2,20,31,64.5,11,27,16,11,16,48,103,0,Matches
d65cf468,Alessandro Bianco,it ITA,MF,Fiorentina,20-191,2002,1.2,3,1,1,2,0,2,2,100.0,0,1,0,1,0,3,0,0,Matches
6fdac234,Jaka Bijol,si SVN,DF,Udinese,24-064,1999,22.4,23,15,18,5,0,9,17,52.9,8,33,19,14,23,46,137,0,Matches
9e1577aa,Cristiano Biraghi,it ITA,DF,Fiorentina,30-221,1992,24.0,54,32,26,24,4,29,53,54.7,24,26,6,20,13,67,37,1,Matches
204ac005,Samuele Birindelli,it ITA,DF,Monza,23-265,1999,12.3,25,13,15,8,2,16,23,69.6,7,21,7,14,13,38,23,0,Matches
79370f8c,Kristijan Bistrović,hr CRO,MF,Lecce,25-001,1998,5.1,3,1,3,0,0,0,5,0.0,5,3,0,3,0,3,4,0,Matches
c69ef855,Alexis Blin,fr FRA,MF,Lecce,26-206,1996,18.7,52,27,21,23,8,29,51,56.9,22,40,11,29,25,77,65,0,Matches
fe012aca,Jeremie Boga,ci CIV,"MF,FW",Atalanta,26-097,1997,7.7,8,4,2,2,4,2,4,50.0,2,6,0,6,1,9,1,0,Matches
c83c203f,Emil Bohinen,no NOR,MF,Salernitana,24-029,1999,5.8,18,10,11,5,2,9,16,56.3,7,12,5,7,10,28,14,0,Matches
d995ed27,Giacomo Bonaventura,it ITA,MF,Fiorentina,33-231,1989,19.3,33,21,14,15,4,22,34,64.7,12,14,0,14,15,48,4,1,Matches
bf57eaab,Federico Bonazzoli,it ITA,"FW,MF",Salernitana,25-324,1997,12.1,3,1,0,1,2,0,9,0.0,9,9,1,8,3,6,0,0,Matches
0def2376,Warren Bondo,fr FRA,MF,Monza,19-207,2003,0.7,1,0,1,0,0,0,0,,0,1,0,1,0,1,0,0,Matches
fb77bfef,Kevin Bonifazi,it ITA,DF,Bologna,26-326,1996,4.6,6,4,4,2,0,3,6,50.0,3,6,4,2,6,12,21,0,Matches
52ec54d0,Leonardo Bonucci,it ITA,DF,Juventus,35-344,1987,7.7,5,4,1,4,0,2,4,50.0,2,10,7,3,9,14,24,0,Matches
3d13d9e4,Erik Botheim,no NOR,FW,Salernitana,23-090,2000,4.0,5,4,0,3,2,3,3,100.0,0,1,0,1,0,5,1,0,Matches
0d077b88,Mehdi Bourabia,ma MAR,MF,Spezia,31-246,1991,24.9,35,16,12,18,5,17,35,48.6,18,35,12,23,26,61,45,0,Matches
ae94a6c5,Edoardo Bove,it ITA,MF,Roma,20-329,2002,3.7,12,5,3,6,3,6,15,40.0,9,6,1,5,2,14,6,0,Matches
c609e90e,Jayden Braaf,nl NED,MF,Hellas Verona,20-222,2002,2.5,5,3,2,3,0,0,0,,0,1,0,1,2,7,0,0,Matches
8bbe2df5,Domagoj Bradarić,hr CRO,DF,Salernitana,23-121,1999,19.1,16,11,8,6,2,7,13,53.8,6,14,3,11,17,33,34,0,Matches
d4a2533d,Josip Brekalo,hr CRO,FW,Fiorentina,24-291,1998,1.1,2,1,0,1,1,1,2,50.0,1,0,0,0,0,2,0,0,Matches
5fd5ed86,Gleison Bremer,br BRA,DF,Juventus,26-023,1997,24.4,24,16,20,3,1,17,23,73.9,6,39,21,18,34,58,105,2,Matches
edd81e2a,Dylan Bronn,tn TUN,DF,Salernitana,27-295,1995,16.3,31,16,17,13,1,19,29,65.5,10,31,20,11,18,49,49,1,Matches
33b8d077,Marcelo Brozović,hr CRO,MF,Inter,30-145,1992,12.4,19,11,6,11,2,6,23,26.1,17,17,7,10,17,36,19,0,Matches
f3a9fa26,Cristian Buonaiuto,it ITA,"MF,FW",Cremonese,30-102,1992,7.7,14,8,4,5,5,6,14,42.9,8,9,0,9,10,24,5,0,Matches
4ae67f27,Alessandro Buongiorno,it ITA,DF,Torino,23-308,1999,21.2,27,16,16,11,0,12,20,60.0,8,28,14,14,44,71,69,2,Matches
ef6eef89,Juan Cabal,co COL,DF,Hellas Verona,22-092,2001,1.9,3,3,3,0,0,3,4,75.0,1,5,4,1,3,6,5,0,Matches
dd86e8e4,Liberato Cacace,nz NZL,DF,Empoli,22-195,2000,4.4,19,7,10,6,3,8,12,66.7,4,10,5,5,4,23,11,0,Matches
2146785a,Davide Calabria,it ITA,DF,Milan,26-125,1996,13.0,54,30,24,24,6,32,50,64.0,18,15,4,11,19,73,25,0,Matches
ac7e640b,Mattia Caldara,it ITA,DF,Spezia,28-340,1994,13.9,23,14,10,11,2,9,20,45.0,11,23,16,7,16,39,88,2,Matches
226008f1,Luca Caldirola,it ITA,DF,Monza,32-068,1991,18.8,17,8,10,4,3,7,18,38.9,11,18,9,9,19,36,42,0,Matches
cd0fa27b,Hakan Çalhanoğlu,tr TUR,MF,Inter,29-061,1994,21.4,39,21,15,20,4,12,35,34.3,23,25,4,21,22,61,9,1,Matches
13ea2544,Mohamed Camara,gn GUI,MF,Roma,26-041,1997,4.6,10,9,3,6,1,4,9,44.4,5,2,0,2,7,17,4,0,Matches
91ff775f,Nicolò Cambiaghi,it ITA,"FW,MF",Empoli,22-103,2000,6.9,15,11,7,4,4,3,12,25.0,9,9,1,8,5,20,5,0,Matches
247ed022,Andrea Cambiaso,it ITA,DF,Bologna,23-049,2000,18.0,42,24,23,17,2,18,44,40.9,26,20,2,18,21,63,27,1,Matches
b6a1cdf9,Matteo Cancellieri,it ITA,FW,Lazio,21-057,2002,2.7,9,4,5,2,2,4,8,50.0,4,4,0,4,1,10,2,0,Matches
356c9002,Antonio Candreva,it ITA,"DF,MF",Salernitana,36-041,1987,24.8,11,3,10,0,1,9,33,27.3,24,6,2,4,15,26,28,0,Matches
54e53b7e,Gianluca Caprari,it ITA,"MF,FW",Monza,29-254,1993,20.9,14,6,3,9,2,7,20,35.0,13,16,1,15,7,21,3,0,Matches
5bd72174,Francesco Caputo,it ITA,FW,Sampdoria,35-247,1987,12.2,3,1,0,0,3,0,3,0.0,3,0,0,0,1,4,3,0,Matches
5bd72174,Francesco Caputo,it ITA,FW,Empoli,35-247,1987,12.3,2,2,0,1,1,0,0,,0,5,2,3,1,3,5,0,Matches
f7e2af2c,Andrea Carboni,it ITA,DF,Monza,22-065,2001,1.9,3,2,2,0,1,2,5,40.0,3,3,2,1,3,6,2,1,Matches
b033f803,Franco Carboni,it ITA,DF,Monza,20-006,2003,0.6,1,1,1,0,0,0,2,0.0,2,2,0,2,1,2,0,0,Matches
707b98f1,Valentin Carboni,it ITA,"MF,DF",Inter,18-036,2005,0.3,1,1,0,1,0,1,3,33.3,2,1,0,1,0,1,0,0,Matches
8d3cd59d,Carlos,br BRA,DF,Monza,24-093,1999,25.3,46,25,27,13,6,24,39,61.5,15,16,4,12,16,62,58,1,Matches
8ec56e62,Marco Carnesecchi,it ITA,GK,Cremonese,22-283,2000,20.0,0,0,0,0,0,0,1,0.0,1,0,0,0,0,0,8,1,Matches
3f5f38fb,Nicolò Casale,it ITA,DF,Lazio,25-055,1998,20.6,35,17,21,14,0,17,27,63.0,10,16,9,7,13,48,53,0,Matches
6c4307ee,Tommaso Cassandro,it ITA,DF,Lecce,23-091,2000,0.1,1,1,0,1,0,0,0,,0,1,1,0,0,1,0,0,Matches
ad92526f,Michele Castagnetti,it ITA,MF,Cremonese,33-104,1989,10.3,25,13,11,13,1,10,30,33.3,20,9,2,7,11,36,15,0,Matches
0728bebe,Gaetano Castrovilli,it ITA,MF,Fiorentina,26-052,1997,2.9,6,4,0,4,2,2,6,33.3,4,3,1,2,3,9,2,0,Matches
ba3d3bea,Danilo Cataldi,it ITA,MF,Lazio,28-247,1994,19.7,22,14,5,14,3,13,39,33.3,26,21,9,12,23,45,31,0,Matches
4d1efb48,Pietro Ceccaroni,it ITA,DF,Lecce,27-110,1995,0.3,0,0,0,0,0,0,0,,0,1,1,0,3,3,1,0,Matches
d9624b51,Federico Ceccherini,it ITA,DF,Hellas Verona,30-334,1992,12.7,20,15,11,8,1,10,16,62.5,6,14,7,7,13,33,44,0,Matches
07f8bcc8,Assan Ceesay,gm GAM,FW,Lecce,29-024,1994,14.1,20,16,7,6,7,7,13,53.8,6,11,1,10,3,23,23,0,Matches
98a84572,Emil Ceide,no NOR,FW,Sassuolo,21-219,2001,3.7,4,1,4,0,0,3,4,75.0,1,2,0,2,1,5,0,0,Matches
31a62dc7,Zeki Çelik,tr TUR,DF,Roma,26-052,1997,11.3,33,16,16,15,2,20,28,71.4,8,25,5,20,13,46,29,1,Matches
b0f7e36c,Federico Chiesa,it ITA,"DF,MF",Juventus,25-167,1997,4.7,12,5,5,5,2,4,7,57.1,3,6,1,5,0,12,1,0,Matches
c316607a,Vlad Chiricheș,ro ROU,DF,Cremonese,33-147,1989,8.1,27,15,20,6,1,10,17,58.8,7,21,12,9,16,43,30,0,Matches
b09a3ecc,Daniel Ciofani,it ITA,FW,Cremonese,37-253,1985,7.9,5,3,1,2,2,3,6,50.0,3,5,1,4,0,5,3,0,Matches
039a4fb6,Tio Cipot,si SVN,"FW,DF",Spezia,19-355,2003,1.0,8,6,3,3,2,4,6,66.7,2,0,0,0,0,8,2,0,Matches
5de3866c,Patrick Ciurria,it ITA,"DF,MF",Monza,28-060,1995,21.8,25,14,16,8,1,12,26,46.2,14,19,2,17,3,28,25,0,Matches
8b95acda,Omar Colley,gm GAM,DF,Sampdoria,30-168,1992,15.4,17,10,10,7,0,9,12,75.0,3,9,5,4,22,39,69,1,Matches
04df29a5,Lorenzo Colombo,it ITA,FW,Lecce,21-033,2002,14.1,13,5,1,7,5,4,11,36.4,7,19,0,19,2,15,5,0,Matches
6499048c,Andrea Colpani,it ITA,MF,Monza,23-334,1999,7.1,12,7,6,3,3,7,11,63.6,4,13,2,11,3,15,3,0,Matches
8cabdc1e,Andrea Consigli,it ITA,GK,Sassuolo,36-073,1987,27.0,1,0,1,0,0,0,1,0.0,1,0,0,0,0,1,11,2,Matches
8fef5412,Andrea Conti,it ITA,DF,Sampdoria,29-039,1994,0.3,0,0,0,0,0,0,0,,0,0,0,0,0,0,0,0,Matches
22ae86f9,Diego Coppola,it ITA,DF,Hellas Verona,19-103,2003,11.4,20,14,11,9,0,10,17,58.8,7,18,6,12,12,32,33,0,Matches
45b9b619,Joaquín Correa,ar ARG,FW,Inter,28-240,1994,6.4,8,5,1,5,2,2,6,33.3,4,2,0,2,0,8,0,0,Matches
bfc359ed,Alessandro Cortinovis,it ITA,MF,Hellas Verona,22-075,2001,0.1,1,0,1,0,0,0,0,,0,1,0,1,0,1,0,0,Matches
85a44ecc,Lassana Coulibaly,ml MLI,MF,Salernitana,27-000,1996,24.6,63,36,31,26,6,22,53,41.5,31,25,4,21,16,79,23,2,Matches
f554e29b,Alessio Cragno,it ITA,GK,Monza,28-286,1994,1.0,0,0,0,0,0,0,1,0.0,1,0,0,0,0,0,0,0,Matches
16657b95,Bryan Cristante,it ITA,MF,Roma,28-038,1995,25.1,89,48,45,37,7,47,75,62.7,28,35,8,27,10,99,36,0,Matches
22cd43d2,Domen Črnigoj,si SVN,MF,Salernitana,27-143,1995,3.3,8,3,0,7,1,1,2,50.0,1,9,1,8,9,17,6,0,Matches
0ab1f153,Juan Cuadrado,co COL,"DF,FW",Juventus,34-319,1988,16.2,37,24,25,11,1,18,45,40.0,27,12,1,11,16,53,22,0,Matches
5722eced,Mickaël Cuisance,fr FRA,MF,Sampdoria,23-237,1999,5.3,11,8,5,5,1,4,21,19.0,17,8,0,8,4,15,2,0,Matches
060606ec,Marco D'Alessandro,it ITA,"DF,FW",Monza,32-052,1991,3.2,4,4,3,1,0,2,5,40.0,3,2,0,2,1,5,3,0,Matches
44eb9093,Danilo D'Ambrosio,it ITA,DF,Inter,34-213,1988,3.1,13,7,10,2,1,8,14,57.1,6,7,3,4,6,19,7,0,Matches
f778fe3f,Luca D'Andrea,it ITA,FW,Sassuolo,18-216,2004,3.5,4,0,2,1,1,1,4,25.0,3,2,0,2,1,5,1,0,Matches
7ef972c3,Flavius Daniliuc,at AUT,DF,Salernitana,21-348,2001,18.5,42,21,29,11,2,19,32,59.4,13,28,12,16,22,64,66,0,Matches
94b2001f,Danilo,br BRA,DF,Juventus,31-269,1991,27.4,63,40,42,17,4,32,48,66.7,16,26,15,11,36,99,88,1,Matches
96e0490d,Matteo Darmian,it ITA,DF,Inter,33-129,1989,18.0,46,25,22,12,12,26,39,66.7,13,26,5,21,19,65,28,0,Matches
16bb656a,Paweł Dawidowicz,pl POL,DF,Hellas Verona,27-325,1995,13.6,40,26,23,14,3,19,24,79.2,5,12,8,4,15,55,47,0,Matches
2ef7c612,Charles De Ketelaere,be BEL,"MF,FW",Milan,22-031,2001,9.9,21,9,5,13,3,11,24,45.8,13,12,2,10,3,24,7,0,Matches
60e3603d,Manuel De Luca,it ITA,"FW,MF",Sampdoria,24-267,1998,0.5,0,0,0,0,0,0,0,,0,0,0,0,0,0,0,0,Matches
ae4e2852,Mattia De Sciglio,it ITA,DF,Juventus,30-172,1992,11.2,12,6,6,3,3,8,13,61.5,5,9,3,6,4,16,18,0,Matches
e74f0e59,Lorenzo De Silvestri,it ITA,DF,Bologna,34-322,1988,6.0,2,2,1,0,1,2,5,40.0,3,5,5,0,2,4,17,0,Matches
f4797849,Koni De Winter,be BEL,DF,Empoli,20-302,2002,10.9,13,8,10,3,0,4,12,33.3,8,14,12,2,6,19,65,0,Matches
854ee61a,Grégoire Defrel,mq MTQ,FW,Sassuolo,31-297,1991,8.0,8,6,4,2,2,3,5,60.0,2,5,0,5,1,9,4,0,Matches
0e0d6c53,Duccio Degl'Innocenti,it ITA,MF,Empoli,19-347,2003,0.0,0,0,0,0,0,0,0,,0,0,0,0,1,1,0,0,Matches
e3cceee6,Merih Demiral,tr TUR,DF,Atalanta,25-036,1998,16.6,39,27,29,10,0,25,35,71.4,10,23,7,16,22,61,55,1,Matches
dc3fa3b5,Diego Demme,de GER,MF,Napoli,31-140,1991,0.3,0,0,0,0,0,0,1,0.0,1,1,0,1,0,0,0,0,Matches
d97f2e8d,Fabio Depaoli,it ITA,DF,Hellas Verona,25-351,1997,17.3,36,21,22,10,4,18,29,62.1,11,23,6,17,12,48,23,2,Matches
d97f2e8d,Fabio Depaoli,it ITA,"DF,MF",Sampdoria,25-351,1997,1.5,5,3,2,3,0,3,4,75.0,1,1,0,1,1,6,4,0,Matches
2990c466,Kastriot Dermaku,al ALB,DF,Lecce,31-085,1992,0.4,0,0,0,0,0,0,0,,0,0,0,0,0,0,0,0,Matches
dcb38abe,Cyriel Dessers,ng NGA,FW,Cremonese,28-123,1994,16.0,10,3,3,4,3,2,5,40.0,3,14,2,12,3,13,5,0,Matches
5976f83e,Sergiño Dest,us USA,DF,Milan,22-158,2000,3.7,12,6,3,5,4,3,4,75.0,1,1,0,1,4,16,2,0,Matches
d7d32194,Mattia Destro,it ITA,FW,Empoli,32-021,1991,5.1,1,1,0,1,0,0,0,,0,2,0,2,1,2,4,0,Matches
39583cfd,Gerard Deulofeu,es ESP,FW,Udinese,29-028,1994,13.5,8,5,5,1,2,5,15,33.3,10,8,1,7,2,10,1,0,Matches
ef94dc2f,Samuel Di Carmine,it ITA,"FW,MF",Cremonese,34-193,1988,0.3,0,0,0,0,0,0,0,,0,0,0,0,0,0,0,0,Matches
1fca9171,Federico Di Francesco,it ITA,"FW,MF",Lecce,28-300,1994,17.2,23,14,7,9,7,7,15,46.7,8,13,0,13,6,29,12,0,Matches
4e0c8d66,Michele Di Gregorio,it ITA,GK,Monza,25-257,1997,28.0,0,0,0,0,0,0,1,0.0,1,0,0,0,3,3,15,2,Matches
230a2fac,Giovanni Di Lorenzo,it ITA,DF,Napoli,29-249,1993,28.9,49,24,28,15,6,20,39,51.3,19,26,7,19,23,72,51,0,Matches
19cda00b,Ángel Di María,ar ARG,"FW,MF",Juventus,35-055,1988,11.1,7,4,2,4,1,2,15,13.3,13,8,0,8,5,12,0,0,Matches
244bc2c8,Boulaye Dia,sn SEN,"FW,MF",Salernitana,26-145,1996,21.1,10,4,3,4,3,1,6,16.7,5,4,0,4,4,14,18,1,Matches
407feb71,Brahim Díaz,es ESP,MF,Milan,23-250,1999,15.5,23,11,4,16,3,3,9,33.3,6,9,0,9,5,28,5,0,Matches
970b8574,Federico Dimarco,it ITA,DF,Inter,25-151,1997,18.8,25,19,6,14,5,9,17,52.9,8,15,4,11,15,40,20,0,Matches
933d3b51,Koffi Djidji,ci CIV,DF,Torino,30-131,1992,20.7,37,19,26,10,1,13,24,54.2,11,20,10,10,28,65,58,0,Matches
6eee05f1,Berat Djimsiti,al ALB,DF,Atalanta,30-050,1993,11.4,23,14,15,8,0,12,16,75.0,4,10,5,5,19,42,40,1,Matches
b5f7d10b,Dodô,br BRA,DF,Fiorentina,24-144,1998,20.5,28,16,13,11,4,16,32,50.0,16,21,2,19,21,49,32,0,Matches
2f69d881,Josh Doig,sct SCO,DF,Hellas Verona,20-327,2002,14.5,18,7,5,7,6,5,15,33.3,10,24,6,18,10,28,12,1,Matches
20b3a502,Nicolás Domínguez,ar ARG,MF,Bologna,24-286,1998,18.3,57,36,26,24,7,29,57,50.9,28,19,2,17,13,70,18,1,Matches
22051fbe,Giulio Donati,it ITA,DF,Monza,33-064,1990,4.4,4,1,1,1,2,3,6,50.0,3,3,1,2,4,8,8,0,Matches
085e71a7,Bartłomiej Drągowski,pl POL,GK,Spezia,25-234,1997,25.7,1,0,1,0,0,1,5,20.0,4,0,0,0,0,1,15,3,Matches
79ca3e23,Ondrej Duda,sk SVK,MF,Hellas Verona,28-126,1994,8.9,19,13,6,11,2,8,13,61.5,5,10,0,10,10,29,5,0,Matches
481c9ece,Denzel Dumfries,nl NED,DF,Inter,26-357,1996,19.3,24,11,11,10,3,15,26,57.7,11,28,8,20,12,36,22,0,Matches
528492ea,Alfred Duncan,gh GHA,MF,Fiorentina,30-031,1993,6.9,12,7,0,12,0,8,15,53.3,7,5,0,5,4,16,6,0,Matches
e0921a4f,Paulo Dybala,ar ARG,"MF,FW",Roma,29-146,1993,17.8,14,4,1,8,5,8,24,33.3,16,11,0,11,8,22,4,0,Matches
3bb7f478,Edin Džeko,ba BIH,FW,Inter,37-024,1986,17.6,2,2,0,2,0,0,4,0.0,4,14,1,13,3,5,23,0,Matches
dbfa4f16,Festy Ebosele,ie IRL,DF,Udinese,20-251,2002,2.5,11,8,6,5,0,2,6,33.3,4,3,0,3,1,12,4,0,Matches
9ba7b4fa,Enzo Ebosse,cm CMR,DF,Udinese,24-030,1999,10.3,15,9,11,4,0,9,13,69.2,4,27,6,21,11,26,29,0,Matches
6af30900,Tyronne Ebuehi,ng NGA,DF,Empoli,27-115,1995,13.9,15,9,6,6,3,6,9,66.7,3,17,10,7,7,22,51,1,Matches
a9202def,Éderson,br BRA,MF,Atalanta,23-277,1999,18.1,56,31,16,34,6,24,47,51.1,23,41,4,37,25,81,20,0,Matches
76b2817e,Kingsley Ehizibue,nl NED,DF,Udinese,27-320,1995,13.5,39,26,23,11,5,26,39,66.7,13,13,2,11,8,47,33,1,Matches
f503ea63,Albin Ekdal,se SWE,MF,Spezia,33-256,1989,12.4,27,17,11,16,0,13,35,37.1,22,17,1,16,19,46,31,0,Matches
c20892ee,Emmanuel Ekong,se SWE,"FW,MF",Empoli,20-289,2002,0.2,0,0,0,0,0,0,0,,0,0,0,0,0,0,0,0,Matches
c55967eb,Mikael Ellertsson,is ISL,"MF,DF",Spezia,21-030,2002,1.9,4,2,1,3,0,0,3,0.0,3,2,1,1,2,6,0,0,Matches
cf007308,Elif Elmas,mk MKD,"MF,FW",Napoli,23-198,1999,12.6,15,8,5,7,3,7,11,63.6,4,7,1,6,11,26,4,0,Matches
0fee6bda,Martin Erlic,hr CRO,DF,Sassuolo,25-076,1998,19.9,20,10,14,5,1,9,18,50.0,9,29,18,11,25,45,89,1,Matches
3f79a1c8,Gonzalo Escalante,ar ARG,MF,Cremonese,30-014,1993,6.2,16,8,8,8,0,10,13,76.9,3,7,1,6,10,26,4,0,Matches
5cf5c9ad,Salvatore Esposito,it ITA,MF,Spezia,22-185,2000,2.6,5,5,3,2,0,3,10,30.0,7,3,0,3,3,8,5,0,Matches
366be751,Nicolò Fagioli,it ITA,MF,Juventus,22-057,2001,12.6,19,12,7,10,2,7,20,35.0,13,10,2,8,8,27,6,0,Matches
9f5a610b,Wladimiro Falcone,it ITA,GK,Lecce,27-363,1995,29.0,2,0,2,0,0,2,2,100.0,0,0,0,0,2,4,18,3,Matches
aae9d04a,Davide Faraoni,it ITA,DF,Hellas Verona,31-167,1991,10.4,22,14,10,10,2,10,29,34.5,19,18,4,14,9,31,21,0,Matches
4e358a2d,Federico Fazio,ar ARG,DF,Salernitana,36-024,1987,11.9,15,12,8,7,0,4,11,36.4,7,9,4,5,28,43,61,0,Matches
06b08c45,Jacopo Fazzini,it ITA,MF,Empoli,20-025,2003,5.6,25,14,16,7,2,14,24,58.3,10,10,2,8,7,32,18,0,Matches
ee64a822,Lewis Ferguson,sct SCO,MF,Bologna,23-229,1999,18.7,31,19,13,14,4,15,27,55.6,12,15,5,10,16,47,15,0,Matches
d0dbca9f,Alex Ferrari,it ITA,DF,Sampdoria,28-283,1994,9.6,9,5,7,2,0,4,8,50.0,4,21,10,11,19,28,25,0,Matches
d0dbca9f,Alex Ferrari,it ITA,DF,Cremonese,28-283,1994,8.3,30,18,26,4,0,21,29,72.4,8,13,3,10,19,49,33,1,Matches
eb76987d,Salvador Ferrer,es ESP,DF,Spezia,25-079,1998,1.1,2,1,0,2,0,1,1,100.0,0,1,1,0,1,3,2,0,Matches
e288d4b3,Alessandro Florenzi,it ITA,DF,Milan,32-030,1991,1.6,4,2,2,1,1,3,5,60.0,2,0,0,0,1,5,2,0,Matches
2a7d27c1,Davide Frattesi,it ITA,MF,Sassuolo,23-170,1999,25.8,50,27,18,26,6,17,32,53.1,15,19,3,16,12,62,36,0,Matches
c235e803,Matteo Gabbia,it ITA,DF,Milan,23-171,1999,6.7,17,10,12,5,0,6,8,75.0,2,8,3,5,5,22,28,0,Matches
8f866fe8,Manolo Gabbiadini,it ITA,"FW,MF",Sampdoria,31-135,1991,17.9,11,6,3,4,4,2,11,18.2,9,10,1,9,3,14,20,0,Matches
3b387cc7,Gianluca Gaetano,it ITA,MF,Napoli,22-340,2000,0.4,3,2,1,2,0,0,0,,0,1,0,1,0,3,0,0,Matches
ce30bfc8,Roberto Gagliardini,it ITA,MF,Inter,29-003,1994,4.9,14,5,7,6,1,9,18,50.0,9,7,2,5,1,15,8,0,Matches
8dfed6e9,Adolfo Gaich,ar ARG,FW,Hellas Verona,24-043,1999,5.2,5,3,0,3,2,1,4,25.0,3,3,1,2,2,7,6,1,Matches
dd403465,Pablo Galdames Millán,cl CHI,"MF,DF",Cremonese,26-101,1996,2.3,8,6,5,1,2,4,17,23.5,13,7,1,6,3,11,2,0,Matches
c74d63ac,Antonino Gallo,it ITA,DF,Lecce,23-095,2000,19.9,46,28,29,10,7,31,42,73.8,11,27,3,24,11,57,46,0,Matches
18dd3219,Federico Gatti,it ITA,DF,Juventus,24-290,1998,9.0,8,5,6,1,1,4,6,66.7,2,11,7,4,14,22,35,1,Matches
822ed0ec,Valentin Gendrey,fr FRA,DF,Lecce,22-293,2000,27.0,71,43,47,17,7,31,57,54.4,26,40,4,36,34,105,68,0,Matches
71dc23da,Paolo Ghiglione,it ITA,DF,Cremonese,26-067,1997,6.8,13,9,9,3,1,8,16,50.0,8,9,4,5,4,17,11,0,Matches
9c435456,Mario Gila,es ESP,DF,Lazio,22-224,2000,1.0,3,1,3,0,0,0,1,0.0,1,0,0,0,3,6,3,0,Matches
548bd0de,Gvidas Gineitis,lt LTU,MF,Torino,18-360,2004,1.5,3,1,0,2,1,1,2,50.0,1,0,0,0,0,3,1,0,Matches
16ceb862,Olivier Giroud,fr FRA,FW,Milan,36-192,1986,18.6,7,5,2,3,2,1,7,14.3,6,10,3,7,2,9,19,0,Matches
f0f7f62f,Pierluigi Gollini,it ITA,GK,Fiorentina,28-023,1995,3.0,1,0,1,0,0,1,1,100.0,0,0,0,0,0,1,2,0,Matches
f0f7f62f,Pierluigi Gollini,it ITA,GK,Napoli,28-023,1995,1.0,0,0,0,0,0,0,0,,0,0,0,0,0,0,0,0,Matches
f025eade,Joan Gonzàlez,es ESP,MF,Lecce,21-068,2002,22.3,44,25,19,17,8,16,47,34.0,31,36,8,28,14,58,27,0,Matches
2374aaca,Nicolás González,ar ARG,"FW,MF",Fiorentina,25-004,1998,10.4,9,4,2,5,2,1,8,12.5,7,10,0,10,2,11,4,0,Matches
2d970560,Robin Gosens,de GER,"DF,FW",Inter,28-279,1994,8.9,27,15,12,8,7,14,19,73.7,5,12,1,11,17,44,11,0,Matches
6cc97b6a,Alberto Grassi,it ITA,MF,Empoli,28-034,1995,6.7,18,16,9,9,0,10,13,76.9,3,13,8,5,19,37,29,0,Matches
49136c42,Andrew Gravillon,gp GLP,DF,Torino,25-061,1998,3.3,3,3,0,3,0,0,0,,0,4,2,2,9,12,15,0,Matches
f1f1f238,Koray Günter,de GER,DF,Hellas Verona,28-237,1994,11.1,10,6,1,8,1,4,7,57.1,3,24,15,9,30,40,46,0,Matches
f1f1f238,Koray Günter,de GER,"DF,MF",Sampdoria,28-237,1994,2.6,5,4,3,2,0,4,5,80.0,1,4,2,2,3,8,16,0,Matches
f9758dae,Emmanuel Gyasi,gh GHA,"FW,DF",Spezia,29-089,1994,23.3,14,8,6,7,1,6,25,24.0,19,21,6,15,8,22,20,0,Matches
0be276c6,Norbert Gyömbér,sk SVK,DF,Salernitana,30-281,1992,14.8,24,18,18,5,1,11,17,64.7,6,26,18,8,29,53,70,0,Matches
9250bcff,Christian Gytkjær,dk DEN,"FW,MF",Monza,32-339,1990,5.8,6,2,1,4,1,2,5,40.0,3,3,1,2,0,6,1,0,Matches
fa449bba,Nicolas Haas,ch SUI,MF,Empoli,27-077,1996,11.0,23,11,12,6,5,10,21,47.6,11,13,4,9,7,30,22,0,Matches
74419746,Samir Handanović,si SVN,GK,Inter,38-270,1984,10.0,0,0,0,0,0,0,0,,0,0,0,0,0,0,3,0,Matches
65fd099c,Abdou Harroui,nl NED,MF,Sassuolo,25-087,1998,4.7,12,3,4,4,4,2,7,28.6,5,6,1,5,1,13,7,0,Matches
3b333ac3,Hans Hateboer,nl NED,DF,Atalanta,29-091,1994,15.5,21,13,11,8,2,11,27,40.7,16,23,4,19,12,33,25,0,Matches
d7918b13,Liam Henderson,sct SCO,MF,Empoli,26-350,1996,8.7,9,8,4,4,1,4,17,23.5,13,8,2,6,8,17,8,0,Matches
ffed43e3,Jack Hendry,sct SCO,DF,Cremonese,27-338,1995,2.4,0,0,0,0,0,0,1,0.0,1,2,1,1,1,1,7,0,Matches
a2d9f138,Matheus Henrique,br BRA,MF,Sassuolo,25-112,1997,14.4,15,9,7,5,3,4,11,36.4,7,12,4,8,10,25,7,0,Matches
9ef42479,Thomas Henry,fr FRA,FW,Hellas Verona,28-202,1994,11.4,5,3,1,1,3,1,5,20.0,4,6,2,4,0,5,14,0,Matches
d4c9725f,Theo Hernández,fr FRA,DF,Milan,25-186,1997,24.3,39,22,24,14,1,20,31,64.5,11,32,7,25,13,52,24,1,Matches
12806697,Isak Hien,se SWE,DF,Hellas Verona,24-087,1999,20.3,53,25,38,15,0,25,44,56.8,19,27,10,17,21,74,62,1,Matches
d4456fb3,Morten Hjulmand,dk DEN,MF,Lecce,23-289,1999,25.6,71,39,39,32,0,28,52,53.8,24,33,9,24,61,132,48,0,Matches
c2357b65,Emil Holm,se SWE,DF,Spezia,22-332,2000,15.5,26,15,13,8,5,16,31,51.6,15,21,6,15,9,35,41,0,Matches
b85bf253,Martin Hongla,cm CMR,MF,Hellas Verona,25-025,1998,5.8,8,5,4,4,0,5,5,100.0,0,7,1,6,6,14,9,0,Matches
d8800a46,Petko Hristov,bg BUL,DF,Spezia,24-040,1999,4.1,6,4,2,4,0,5,8,62.5,3,4,2,2,4,10,12,0,Matches
1f2d714c,Ajdin Hrustic,au AUS,MF,Hellas Verona,26-279,1996,2.5,2,1,1,1,0,1,2,50.0,1,2,0,2,0,2,2,1,Matches
2f3452eb,Elseid Hysaj,al ALB,DF,Lazio,29-049,1994,15.0,28,14,17,7,4,15,27,55.6,12,19,6,13,12,40,35,0,Matches
491a433d,Rasmus Højlund,dk DEN,FW,Atalanta,20-065,2003,15.6,4,3,0,2,2,1,3,33.3,2,8,0,8,0,4,4,0,Matches
82efe6fa,Roger Ibanez,br BRA,DF,Roma,24-138,1998,25.3,58,28,32,23,3,27,39,69.2,12,22,8,14,53,111,85,1,Matches
4cde5509,Zlatan Ibrahimović,se SWE,FW,Milan,41-189,1981,1.6,0,0,0,0,0,0,0,,0,1,1,0,0,0,2,0,Matches
a4e85758,Igor,br BRA,DF,Fiorentina,25-062,1998,18.1,32,19,16,12,4,13,20,65.0,7,30,13,17,20,52,47,2,Matches
42eaa028,Jonathan Ikone,fr FRA,FW,Fiorentina,24-343,1998,18.3,13,5,5,4,4,4,10,40.0,6,15,1,14,4,17,3,0,Matches
bb376bed,Ivan Ilić,rs SRB,MF,Hellas Verona,22-024,2001,9.5,16,10,9,7,0,6,11,54.5,5,10,1,9,8,24,14,0,Matches
bb376bed,Ivan Ilić,rs SRB,MF,Torino,22-024,2001,4.4,6,3,2,3,1,3,9,33.3,6,6,1,5,3,9,4,0,Matches
ba492306,Samuel Iling-Junior,eng ENG,"DF,FW",Juventus,19-188,2003,1.3,2,1,1,0,1,2,3,66.7,1,1,0,1,1,3,3,0,Matches
a47c6309,Emirhan İlkhan,tr TUR,MF,Torino,18-313,2004,1.0,1,1,0,1,0,1,1,100.0,0,3,1,2,2,3,2,0,Matches
a47c6309,Emirhan İlkhan,tr TUR,MF,Sampdoria,18-313,2004,0.5,2,1,1,0,1,1,2,50.0,1,1,0,1,0,2,1,0,Matches
4431aed2,Ciro Immobile,it ITA,FW,Lazio,33-049,1990,17.1,8,5,2,4,2,3,5,60.0,2,9,1,8,1,9,10,0,Matches
6b635f5c,Ardian Ismajli,al ALB,DF,Empoli,26-192,1996,19.6,37,29,22,15,0,17,22,77.3,5,42,27,15,24,61,106,0,Matches
89976232,Armando Izzo,it ITA,DF,Monza,31-039,1992,19.0,57,39,34,21,2,20,29,69.0,9,16,7,9,34,91,62,0,Matches
8c65eb5f,Mato Jajalo,ba BIH,MF,Udinese,34-320,1988,0.7,0,0,0,0,0,0,1,0.0,1,0,0,0,0,0,2,0,Matches
4a537185,Jesé,es ESP,"FW,DF",Sampdoria,30-043,1993,1.3,1,0,0,1,0,0,1,0.0,1,1,0,1,0,1,1,0,Matches
79083382,Juan Jesus,br BRA,DF,Napoli,31-304,1991,6.9,10,6,5,4,1,5,7,71.4,2,15,8,7,6,16,22,0,Matches
dc765618,Þórir Jóhann Helgason,is ISL,MF,Lecce,22-194,2000,2.4,2,2,1,0,1,2,3,66.7,1,3,1,2,3,5,3,0,Matches
4d8cd038,Luka Jović,rs SRB,FW,Fiorentina,25-108,1997,13.0,5,2,1,3,1,2,8,25.0,6,7,2,5,2,7,8,0,Matches
570bb4b9,Hamed Junior Traorè,ci CIV,"MF,FW",Sassuolo,23-053,2000,6.6,11,6,4,6,1,4,11,36.4,7,4,0,4,2,13,0,1,Matches
f95f49d2,Yayah Kallon,sl SLE,"MF,FW",Hellas Verona,21-284,2001,8.9,14,10,5,4,5,7,12,58.3,5,9,0,9,8,22,5,0,Matches
85f7d1be,Pierre Kalulu,fr FRA,DF,Milan,22-309,2000,23.6,48,33,27,18,3,22,33,66.7,11,38,15,23,35,83,46,1,Matches
8b66d9cc,Yann Karamoh,fr FRA,"MF,FW",Torino,24-276,1998,4.9,5,2,3,2,0,1,4,25.0,3,4,0,4,0,5,2,0,Matches
9f84febe,Rick Karsdorp,nl NED,DF,Roma,28-058,1995,7.9,21,13,11,7,3,13,22,59.1,9,0,0,0,7,28,15,1,Matches
7ae36711,Denso Kasius,nl NED,DF,Bologna,20-186,2002,3.8,12,6,7,4,1,8,10,80.0,2,6,3,3,3,15,6,0,Matches
2a82aa85,Grigoris Kastanos,cy CYP,"MF,DF",Salernitana,25-070,1998,7.5,18,11,6,10,2,3,14,21.4,11,11,3,8,4,22,3,0,Matches
3d50bcdb,Moise Kean,it ITA,FW,Juventus,23-041,2000,9.7,8,6,2,5,1,3,6,50.0,3,2,0,2,4,12,2,0,Matches
dc3e663e,Jakub Kiwior,pl POL,DF,Spezia,23-054,2000,16.0,22,17,15,7,0,6,24,25.0,18,26,18,8,24,46,71,1,Matches
8b8a56ce,Simon Kjær,dk DEN,DF,Milan,34-015,1989,8.4,11,5,6,5,0,4,7,57.1,3,10,8,2,8,19,22,1,Matches
a26fb8aa,Teun Koopmeiners,nl NED,MF,Atalanta,25-041,1998,22.8,33,19,10,18,5,20,38,52.6,18,30,4,26,16,49,31,1,Matches
b1cd37e6,Filip Kostić,rs SRB,"DF,FW",Juventus,30-160,1992,23.2,36,23,14,18,4,19,40,47.5,21,23,2,21,11,47,20,0,Matches
58e933d2,Christian Kouamé,ci CIV,FW,Fiorentina,25-125,1997,16.7,21,16,8,6,7,6,12,50.0,6,14,3,11,12,33,4,0,Matches
9d60028d,Viktor Kovalenko,ua UKR,MF,Spezia,27-055,1996,5.3,9,5,1,6,2,5,7,71.4,2,11,2,9,3,12,7,0,Matches
b804c280,Julian Kristoffersen,no NOR,FW,Salernitana,25-335,1997,0.2,0,0,0,0,0,0,0,,0,1,0,1,0,0,0,0,Matches
b4101c2e,Raimonds Krollis,lv LVA,FW,Spezia,21-164,2001,0.2,1,1,0,0,1,0,0,,0,0,0,0,0,1,0,0,Matches
817c6964,Rade Krunić,ba BIH,"MF,FW",Milan,29-185,1993,12.1,30,22,14,13,3,11,40,27.5,29,21,9,12,13,43,16,0,Matches
a40819d9,Marash Kumbulla,al ALB,DF,Roma,23-061,2000,2.7,4,4,2,2,0,2,3,66.7,1,2,1,1,4,8,6,0,Matches
dea88efd,Khvicha Kvaratskhelia,ge GEO,FW,Napoli,22-057,2001,21.2,32,17,10,6,16,12,28,42.9,16,14,0,14,4,36,6,1,Matches
0a483542,Giorgos Kyriakopoulos,gr GRE,"DF,FW",Bologna,27-064,1996,5.1,11,5,3,5,3,8,17,47.1,9,10,1,9,3,14,3,0,Matches
0a483542,Giorgos Kyriakopoulos,gr GRE,"FW,DF",Sassuolo,27-064,1996,8.5,21,8,7,9,5,10,14,71.4,4,7,1,6,11,32,12,1,Matches
c283ddef,Sam Lammers,nl NED,FW,Sampdoria,25-345,1997,8.5,11,5,1,7,3,6,14,42.9,8,8,2,6,3,14,7,0,Matches
c283ddef,Sam Lammers,nl NED,FW,Empoli,25-345,1997,9.8,20,10,5,9,6,7,11,63.6,4,4,1,3,3,23,8,0,Matches
09538fdb,Kevin Lasagna,it ITA,"FW,MF",Hellas Verona,30-243,1992,16.1,10,4,7,2,1,5,13,38.5,8,17,1,16,5,15,13,0,Matches
2d22cea7,Armand Lauriente,fr FRA,FW,Sassuolo,24-127,1998,20.1,16,10,2,7,7,6,13,46.2,7,17,0,17,10,26,7,0,Matches
016ff750,Valentino Lazaro,at AUT,DF,Torino,27-017,1996,12.4,10,5,6,0,4,6,10,60.0,4,14,3,11,2,12,21,0,Matches
93088fbb,Marko Lazetić,rs SRB,FW,Milan,19-078,2004,0.1,0,0,0,0,0,0,0,,0,0,0,0,0,0,0,0,Matches
5128bde4,Darko Lazović,rs SRB,"MF,DF",Hellas Verona,32-207,1990,19.9,21,12,8,10,3,10,24,41.7,14,11,3,8,12,33,19,0,Matches
02caf6e0,Manuel Lazzari,it ITA,DF,Lazio,29-132,1993,16.4,27,17,10,13,4,18,33,54.5,15,17,6,11,13,40,28,1,Matches
20730eae,Rafael Leão,pt POR,"FW,MF",Milan,23-304,1999,21.5,4,3,1,2,1,3,8,37.5,5,5,2,3,12,16,8,0,Matches
7d3cbc67,Mehdi Léris,dz ALG,"MF,DF",Sampdoria,24-322,1998,22.0,53,41,26,19,8,21,49,42.9,28,32,4,28,24,77,24,0,Matches
d023d70f,Karol Linetty,pl POL,MF,Torino,28-067,1995,18.8,31,16,7,21,3,13,24,54.2,11,25,8,17,16,47,25,0,Matches
a3695ac2,Marcin Listkowski,pl POL,"MF,FW",Lecce,25-059,1998,0.9,0,0,0,0,0,0,0,,0,0,0,0,3,3,2,0,Matches
bba30585,Diego Llorente,es ESP,DF,Roma,29-237,1993,2.4,2,1,1,1,0,1,4,25.0,3,0,0,0,3,5,8,0,Matches
e1cbb531,Stanislav Lobotka,sk SVK,MF,Napoli,28-136,1994,26.9,68,35,31,27,10,36,57,63.2,21,26,6,20,15,83,12,0,Matches
a8a874f1,Manuel Locatelli,it ITA,MF,Juventus,25-092,1998,21.6,47,25,20,21,6,24,39,61.5,15,39,18,21,24,71,48,0,Matches
c8ad0857,Luka Lochoshvili,ge GEO,DF,Cremonese,24-316,1998,15.0,35,14,24,8,3,19,27,70.4,8,25,7,18,17,52,59,0,Matches
7c104bb7,Ademola Lookman,ng NGA,"FW,MF",Atalanta,25-172,1997,18.1,11,3,2,6,3,3,14,21.4,11,18,0,18,4,15,0,0,Matches
20094685,Maxime Lopez,fr FRA,MF,Sassuolo,25-127,1997,18.8,37,16,23,10,4,12,48,25.0,36,22,6,16,19,56,18,0,Matches
5fa57166,Matteo Lovato,it ITA,DF,Salernitana,23-055,2000,4.8,9,7,7,2,0,8,14,57.1,6,8,5,3,7,16,18,2,Matches
966eea58,Sandi Lovrić,si SVN,MF,Udinese,25-013,1998,18.0,35,15,13,16,6,23,36,63.9,13,15,1,14,18,53,16,0,Matches
a69e4806,Hirving Lozano,mx MEX,FW,Napoli,27-254,1995,15.2,24,13,10,6,8,9,16,56.3,7,29,0,29,13,37,6,0,Matches
80490d7f,Jhon Lucumí,co COL,DF,Bologna,24-288,1998,24.2,44,30,32,11,1,22,37,59.5,15,31,21,10,26,70,85,1,Matches
921f6058,José Luis Palomino,ar ARG,DF,Atalanta,33-095,1990,7.6,19,11,13,6,0,8,14,57.1,6,10,4,6,25,44,17,0,Matches
5eae500a,Romelu Lukaku,be BEL,FW,Inter,29-332,1993,10.6,1,0,0,0,1,1,2,50.0,1,0,0,0,0,1,10,0,Matches
c6e8cf1f,Saša Lukić,rs SRB,MF,Torino,26-240,1996,13.3,21,14,10,10,1,9,15,60.0,6,17,7,10,13,34,10,0,Matches
997fff07,Sebastiano Luperto,it ITA,DF,Empoli,26-216,1996,26.0,25,14,18,7,0,7,15,46.7,8,43,32,11,29,54,131,1,Matches
5efc5389,Charalambos Lykogiannis,gr GRE,DF,Bologna,29-170,1993,11.7,15,7,4,6,5,5,13,38.5,8,8,3,5,15,30,28,0,Matches
957e4c87,Giulio Maggiore,it ITA,MF,Salernitana,25-029,1998,8.4,17,7,9,5,3,8,18,44.4,10,17,4,13,8,25,8,0,Matches
cce9f582,Giangiacomo Magnani,it ITA,DF,Hellas Verona,27-188,1995,11.0,23,16,15,7,1,14,15,93.3,1,17,13,4,18,41,56,0,Matches
fcb38f57,Mike Maignan,fr FRA,GK,Milan,27-281,1995,13.0,1,0,1,0,0,1,1,100.0,0,0,0,0,1,2,5,1,Matches
2e7dafe5,Jordan Majchrzak,pl POL,FW,Roma,18-184,2004,0.2,0,0,0,0,0,0,0,,0,0,0,0,0,0,0,0,Matches
22bfb57e,Jean-Victor Makengo,fr FRA,MF,Udinese,24-302,1998,8.9,16,13,7,7,2,5,9,55.6,4,8,2,6,9,25,3,0,Matches
2bffcbf2,Lorenzo Malagrida,it ITA,"DF,MF",Sampdoria,19-168,2003,0.6,1,0,0,0,1,1,2,50.0,1,1,0,1,0,1,1,0,Matches
801831fe,Daniel Maldini,it ITA,"FW,MF",Spezia,21-181,2001,6.3,12,5,3,4,5,4,11,36.4,7,6,0,6,1,13,7,0,Matches
4c8845f7,Youssef Maleh,it ITA,MF,Fiorentina,24-231,1998,3.3,3,1,0,3,0,0,4,0.0,4,5,0,5,1,4,3,0,Matches
4c8845f7,Youssef Maleh,it ITA,MF,Lecce,24-231,1998,5.8,15,6,3,5,7,5,13,38.5,8,15,1,14,4,19,6,0,Matches
48d5bd33,Ruslan Malinovskyi,ua UKR,"MF,FW",Atalanta,29-341,1993,6.1,14,8,5,6,3,6,17,35.3,11,8,1,7,5,19,2,0,Matches
5aa53281,Gianluca Mancini,it ITA,DF,Roma,26-358,1996,25.2,32,15,24,7,1,14,26,53.8,12,31,13,18,39,71,54,0,Matches
c7259b83,Rolando Mandragora,it ITA,MF,Fiorentina,25-285,1997,16.7,34,18,9,20,5,20,44,45.5,24,16,3,13,12,46,21,0,Matches
f794b426,Federico Marchetti,it ITA,GK,Spezia,40-062,1983,0.7,0,0,0,0,0,0,0,,0,0,0,0,0,0,0,0,Matches
91d0fabf,Riccardo Marchizza,it ITA,DF,Sassuolo,25-015,1998,2.0,2,2,1,1,0,2,4,50.0,2,1,0,1,1,3,6,0,Matches
8650af85,Gian Marco Ferrari,it ITA,DF,Sassuolo,31-054,1992,20.0,21,15,10,10,1,10,13,76.9,3,20,16,4,20,41,74,3,Matches
aa54ec6f,Pablo Marí,es ESP,DF,Monza,29-222,1993,20.6,26,12,22,4,0,13,19,68.4,6,16,10,6,17,43,84,3,Matches
7fac99d4,Răzvan Marin,ro ROU,MF,Empoli,26-322,1996,22.3,41,22,22,18,1,18,36,50.0,18,27,10,17,12,53,26,0,Matches
cdf65d12,Marlon,br BRA,DF,Monza,27-215,1995,14.1,28,16,15,13,0,11,23,47.8,12,8,2,6,18,46,38,0,Matches
ea468ea8,Luca Marrone,it ITA,DF,Monza,33-013,1990,1.5,0,0,0,0,0,0,2,0.0,2,2,2,0,0,0,4,1,Matches
f7036e1c,Lautaro Martínez,ar ARG,FW,Inter,25-231,1997,24.3,22,11,2,13,7,6,17,35.3,11,28,1,27,12,34,12,1,Matches
3ec3c1c9,Lucas Martínez Quarta,ar ARG,DF,Fiorentina,26-335,1996,18.6,64,36,35,27,2,33,48,68.8,15,32,16,16,36,100,68,1,Matches
d4535821,Adam Marušić,me MNE,DF,Lazio,30-175,1992,26.3,32,25,17,11,4,16,28,57.1,12,17,6,11,32,64,53,1,Matches
de0f152c,Adam Masina,ma MAR,DF,Udinese,29-098,1994,5.5,5,4,2,3,0,3,7,42.9,4,6,3,3,10,15,19,1,Matches
eb7822d7,Nemanja Matić,rs SRB,MF,Roma,34-252,1988,17.0,39,21,19,16,4,15,24,62.5,9,20,4,16,22,61,19,1,Matches
3318286e,Luís Maximiano,pt POR,GK,Lazio,24-095,1999,0.1,0,0,0,0,0,0,0,,0,0,0,0,0,0,0,0,Matches
eb0ec070,Pasquale Mazzocchi,it ITA,DF,Salernitana,27-257,1995,15.8,24,12,17,3,4,10,25,40.0,15,8,2,6,9,33,25,2,Matches
01c3aff5,Weston McKennie,us USA,"MF,DF",Juventus,24-225,1998,11.7,14,5,3,9,2,5,8,62.5,3,15,4,11,11,25,15,1,Matches
563a68ad,Gary Medel,cl CHI,"MF,DF",Bologna,35-250,1987,15.0,23,15,14,7,2,8,14,57.1,6,14,8,6,26,49,33,0,Matches
5cec2c74,Soualiho Meïté,fr FRA,MF,Cremonese,29-024,1994,17.3,33,22,16,11,6,17,36,47.2,19,18,3,15,18,51,19,0,Matches
9413b19f,Alex Meret,it ITA,GK,Napoli,26-019,1997,28.0,0,0,0,0,0,0,0,,0,0,0,0,0,0,6,1,Matches
c730da00,Yıldırım Mert Çetin,tr TUR,DF,Lecce,26-099,1997,0.2,1,0,1,0,0,0,0,,0,0,0,0,1,2,1,0,Matches
f49c4ae9,Junior Messias,br BRA,"FW,DF",Milan,31-332,1991,12.3,19,15,7,8,4,5,12,41.7,7,15,3,12,6,25,21,0,Matches
b2561711,Tommaso Milanese,it ITA,MF,Cremonese,20-253,2002,0.3,0,0,0,0,0,0,0,,0,1,1,0,0,0,0,0,Matches
bee704fc,Nikola Milenković,rs SRB,DF,Fiorentina,25-180,1997,18.2,25,16,13,9,3,13,18,72.2,5,24,12,12,18,43,54,0,Matches
85613cf0,Arkadiusz Milik,pl POL,FW,Juventus,29-041,1994,11.9,7,5,1,4,2,2,5,40.0,3,8,0,8,0,7,10,0,Matches
4e6dbac4,Sergej Milinković-Savić,rs SRB,MF,Lazio,28-042,1995,25.3,42,26,17,18,7,18,50,36.0,32,38,9,29,22,64,35,0,Matches
9fa26bc2,Vanja Milinković-Savić,rs SRB,GK,Torino,26-049,1997,29.0,2,1,2,0,0,2,2,100.0,0,0,0,0,1,3,15,1,Matches
e0f8151c,Kim Min-jae,kr KOR,DF,Napoli,26-146,1996,27.2,46,25,28,18,0,19,23,82.6,4,34,25,9,32,78,107,1,Matches
a9aa0d1d,Aleksei Miranchuk,ru RUS,MF,Torino,27-175,1995,17.9,8,4,1,4,3,2,10,20.0,8,7,0,7,1,9,3,0,Matches
34693494,Fabio Miretti,it ITA,"MF,FW",Juventus,19-250,2003,10.6,18,7,11,5,2,8,18,44.4,10,16,1,15,2,20,10,0,Matches
dd0daf32,Henrikh Mkhitaryan,am ARM,MF,Inter,34-079,1989,19.0,33,22,10,19,4,12,32,37.5,20,25,4,21,17,50,16,0,Matches
54ab971f,Salvatore Molina,it ITA,DF,Monza,31-099,1992,2.5,6,5,2,4,0,4,5,80.0,1,4,2,2,1,7,2,0,Matches
ca73910d,Daniele Montevago,it ITA,FW,Sampdoria,20-023,2003,2.6,1,0,0,0,1,0,1,0.0,1,2,1,1,0,1,1,0,Matches
c1d95617,Lorenzo Montipò,it ITA,GK,Hellas Verona,27-049,1996,28.0,1,0,1,0,0,0,2,0.0,2,1,0,1,0,1,24,2,Matches
ff579c7e,Nikola Moro,hr CRO,MF,Bologna,25-029,1998,9.4,24,15,8,12,4,12,29,41.4,17,12,1,11,5,29,12,0,Matches
efc9e31f,Dany Mota,pt POR,"FW,MF",Monza,24-343,1998,13.4,5,4,0,2,3,1,4,25.0,3,5,1,4,2,7,15,0,Matches
a0aee24e,João Moutinho,pt POR,"DF,FW",Spezia,25-088,1998,0.6,7,1,5,1,1,3,4,75.0,1,1,1,0,0,7,0,0,Matches
1295552e,Mert Müldür,tr TUR,DF,Sassuolo,24-007,1999,0.1,0,0,0,0,0,0,0,,0,0,0,0,0,0,0,0,Matches
eb2fe5b6,Luis Muriel,co COL,FW,Atalanta,31-359,1991,9.2,6,3,1,2,3,3,9,33.3,6,8,0,8,2,8,2,0,Matches
b233e8e4,Jeison Murillo,co COL,DF,Sampdoria,30-318,1992,9.8,19,10,14,5,0,15,20,75.0,5,19,12,7,7,26,30,0,Matches
d183e9d6,Nicola Murru,it ITA,DF,Sampdoria,28-115,1994,6.1,18,11,11,6,1,4,9,44.4,5,13,4,9,6,24,18,0,Matches
a111cf41,Juan Musso,ar ARG,GK,Atalanta,28-339,1994,22.1,1,1,1,0,0,1,1,100.0,0,0,0,0,0,1,11,1,Matches
c459a650,Joakim Mæhle,dk DEN,"DF,MF",Atalanta,25-325,1997,16.7,23,12,9,5,9,16,29,55.2,13,20,4,16,16,39,15,0,Matches
c39babc1,Herculano Nabian,pt POR,MF,Empoli,19-075,2004,0.0,0,0,0,0,0,0,0,,0,0,0,0,0,0,0,0,Matches
599d91d0,Michel Ndary Adopo,fr FRA,"MF,DF",Torino,22-265,2000,2.8,6,2,3,2,1,1,3,33.3,2,2,2,0,1,7,4,0,Matches
5cdddffa,Tanguy Ndombele,fr FRA,MF,Napoli,26-103,1996,7.5,12,6,4,7,1,4,6,66.7,2,6,1,5,6,18,7,1,Matches
b1236c63,Ilija Nestorovski,mk MKD,"FW,MF",Udinese,33-029,1990,1.9,3,0,0,1,2,3,6,50.0,3,2,0,2,0,3,3,0,Matches
2b8360f1,Cyril Ngonge,be BEL,"MF,FW",Hellas Verona,22-319,2000,4.2,5,2,1,2,2,1,6,16.7,5,4,0,4,2,7,2,0,Matches
b136c945,Hans Nicolussi Caviglia,it ITA,MF,Salernitana,22-296,2000,5.3,13,6,5,6,2,8,12,66.7,4,7,0,7,7,20,7,1,Matches
cf961d8d,Dimitris Nikolaou,gr GRE,DF,Spezia,24-240,1998,25.6,34,25,26,7,1,18,24,75.0,6,33,23,10,21,55,66,0,Matches
e33f36d5,Bram Nuytinck,nl NED,DF,Udinese,32-341,1990,4.3,7,4,3,4,0,4,8,50.0,4,6,6,0,5,12,22,0,Matches
e33f36d5,Bram Nuytinck,nl NED,DF,Sampdoria,32-341,1990,11.9,40,28,26,14,0,19,29,65.5,10,32,17,15,19,59,64,0,Matches
a4948e67,M'Bala Nzola,ao ANG,FW,Spezia,26-235,1996,23.1,11,4,0,5,6,2,8,25.0,6,17,4,13,5,16,20,0,Matches
ba1e04b3,Pedro Obiang,gq EQG,MF,Sassuolo,31-014,1992,7.8,25,16,11,12,2,10,16,62.5,6,9,1,8,7,32,13,0,Matches
1e9bde92,Guillermo Ochoa,mx MEX,GK,Salernitana,37-271,1985,12.0,0,0,0,0,0,0,1,0.0,1,0,0,0,0,0,3,0,Matches
3b9858f5,Marios Oikonomou,gr GRE,DF,Sampdoria,30-186,1992,0.2,0,0,0,0,0,0,0,,0,0,0,0,0,0,1,0,Matches
d125f22f,David Okereke,ng NGA,"FW,MF",Cremonese,25-224,1997,19.8,11,7,4,5,2,3,12,25.0,9,20,3,17,5,16,10,0,Matches
8ec109e6,Caleb Okoli,it ITA,DF,Atalanta,21-271,2001,9.4,21,17,14,6,1,10,23,43.5,13,9,5,4,26,47,41,3,Matches
41c12f75,Mathías Olivera,uy URU,DF,Napoli,25-161,1997,10.4,25,13,9,11,5,15,29,51.7,14,15,2,13,12,37,20,0,Matches
e9c0c1b2,André Onana,cm CMR,GK,Inter,27-008,1996,19.0,0,0,0,0,0,0,0,,0,0,0,0,0,0,5,0,Matches
43a166b4,Divock Origi,be BEL,"FW,MF",Milan,27-357,1995,8.7,7,3,3,1,3,4,8,50.0,4,3,1,2,0,7,12,0,Matches
e14ec482,Riccardo Orsolini,it ITA,FW,Bologna,26-076,1997,17.9,22,14,9,9,4,13,33,39.4,20,26,2,24,8,30,14,0,Matches
8c90fd7a,Victor Osimhen,ng NGA,FW,Napoli,24-102,1998,21.1,5,3,1,1,3,0,4,0.0,4,6,1,5,3,8,19,0,Matches
ea02beaf,Remi Oudin,fr FRA,FW,Lecce,26-143,1996,6.4,17,8,5,10,2,7,15,46.7,8,9,0,9,14,31,8,0,Matches
ed90babd,Adam Ounas,dz ALG,FW,Napoli,26-150,1996,0.2,0,0,0,0,0,0,0,,0,0,0,0,1,1,0,0,Matches
8daee720,Simone Pafundi,it ITA,MF,Udinese,17-055,2006,0.6,4,3,1,2,1,2,2,100.0,0,0,0,0,1,5,0,0,Matches
3d6cee81,Flavio Paoletti,it ITA,MF,Sampdoria,20-084,2003,1.4,2,2,0,2,0,1,4,25.0,3,0,0,0,4,6,6,0,Matches
dff153a4,Leandro Paredes,ar ARG,MF,Juventus,28-285,1994,6.9,16,10,6,9,1,8,16,50.0,8,4,0,4,11,27,11,0,Matches
0967845b,Fabiano Parisi,it ITA,DF,Empoli,22-152,2000,24.5,50,27,30,15,5,26,55,47.3,29,41,14,27,30,80,68,0,Matches
e599253a,Mario Pašalić,hr CRO,"MF,FW",Atalanta,28-060,1995,14.2,20,9,6,12,2,5,15,33.3,10,16,2,14,14,34,9,0,Matches
f7223718,Patric,es ESP,DF,Lazio,29-358,1993,11.9,13,8,8,3,2,7,10,70.0,3,17,12,5,10,23,36,1,Matches
79b0d6a0,Rui Patrício,pt POR,GK,Roma,35-054,1988,29.0,1,1,1,0,0,1,1,100.0,0,0,0,0,2,3,5,2,Matches
3ca7254a,Pedro,es ESP,FW,Lazio,35-256,1987,17.1,25,18,13,7,5,9,22,40.9,13,13,2,11,6,31,4,1,Matches
f058ed1f,Gianluca Pegolo,it ITA,GK,Sassuolo,42-016,1981,2.0,0,0,0,0,0,0,1,0.0,1,0,0,0,0,0,1,0,Matches
a44d3a3c,Pietro Pellegri,it ITA,FW,Torino,22-024,2001,4.5,5,1,1,2,2,1,2,50.0,1,4,1,3,0,5,2,0,Matches
4a5a45c7,Lorenzo Pellegrini,it ITA,MF,Roma,26-295,1996,21.6,43,25,21,19,3,17,34,50.0,17,22,3,19,21,64,15,0,Matches
3b61c9ec,Luca Pellegrini,it ITA,DF,Lazio,24-034,1999,0.1,0,0,0,0,0,0,0,,0,0,0,0,0,0,0,0,Matches
7afb1573,Pepín,gq EQG,MF,Monza,26-239,1996,10.6,18,11,5,7,6,5,21,23.8,16,12,2,10,11,29,13,0,Matches
75f2c59f,Roberto Pereyra,ar ARG,"DF,MF",Udinese,32-093,1991,22.5,32,19,17,12,3,15,33,45.5,18,16,4,12,14,46,21,0,Matches
f7c491f1,Nehuén Pérez,ar ARG,DF,Udinese,22-290,2000,23.3,55,27,39,15,1,31,40,77.5,9,34,15,19,26,81,88,1,Matches
b9e11c1d,Simone Perilli,it ITA,GK,Hellas Verona,28-093,1995,1.0,0,0,0,0,0,0,0,,0,0,0,0,0,0,0,0,Matches
4c62d0c8,Mattia Perin,it ITA,GK,Juventus,30-151,1992,8.5,0,0,0,0,0,0,0,,0,0,0,0,0,0,0,0,Matches
00a17eba,Samuele Perisan,it ITA,GK,Empoli,25-232,1997,5.0,0,0,0,0,0,0,0,,0,0,0,0,0,0,0,0,Matches
780e3631,Matteo Pessina,it ITA,MF,Monza,25-354,1997,23.9,42,26,18,18,6,18,45,40.0,27,38,9,29,28,70,21,1,Matches
03f946ed,Andrea Petagna,it ITA,FW,Monza,27-284,1995,15.0,7,5,2,3,2,3,4,75.0,1,14,4,10,2,9,16,0,Matches
149c5f5d,Giuseppe Pezzella,it ITA,DF,Lecce,25-132,1997,9.1,21,9,16,2,3,9,16,56.3,7,11,3,8,6,27,27,1,Matches
17f3620a,Krzysztof Piątek,pl POL,FW,Salernitana,27-283,1995,18.4,14,7,1,7,6,5,20,25.0,15,12,3,9,0,14,30,0,Matches
1cadaf34,Roberto Piccoli,it ITA,FW,Hellas Verona,22-073,2001,2.1,1,0,1,0,0,0,2,0.0,2,2,0,2,0,1,2,0,Matches
1cadaf34,Roberto Piccoli,it ITA,"FW,MF",Empoli,22-073,2001,3.2,0,0,0,0,0,0,3,0.0,3,2,1,1,1,1,8,0,Matches
f71ad8cb,Charles Pickel,ch SUI,MF,Cremonese,25-330,1997,22.0,44,17,20,20,4,24,43,55.8,19,30,4,26,21,65,28,1,Matches
08aa9cd1,Andrea Pinamonti,it ITA,FW,Sassuolo,23-326,1999,20.0,9,6,0,5,4,3,5,60.0,2,17,2,15,2,11,9,0,Matches
caec77da,Lorenzo Pirola,it ITA,DF,Salernitana,21-049,2002,13.6,28,24,16,12,0,16,21,76.2,5,34,25,9,24,52,59,1,Matches
2c38b327,Marko Pjaca,hr CRO,"MF,FW",Empoli,27-339,1995,5.1,2,1,1,1,0,2,4,50.0,2,1,0,1,1,3,0,0,Matches
55a1cac2,Tommaso Pobega,it ITA,MF,Milan,23-269,1999,7.4,16,8,3,10,3,7,11,63.6,4,7,2,5,7,23,8,0,Matches
867239d3,Paul Pogba,fr FRA,"MF,DF",Juventus,30-026,1993,0.4,0,0,0,0,0,0,0,,0,0,0,0,0,0,0,0,Matches
5e861944,Matteo Politano,it ITA,FW,Napoli,29-250,1993,11.6,18,9,9,5,4,11,24,45.8,13,6,0,6,7,25,7,0,Matches
2a6cd437,Marin Pongračić,hr CRO,DF,Lecce,25-211,1997,8.8,16,14,8,7,1,5,7,71.4,2,4,3,1,16,32,31,0,Matches
7f609bfc,Stefan Posch,at AUT,DF,Bologna,25-331,1997,20.9,60,31,30,20,10,29,48,60.4,19,31,10,21,29,89,52,0,Matches
277da414,Ivan Provedel,it ITA,GK,Lazio,29-024,1994,28.9,1,0,1,0,0,0,0,,0,0,0,0,0,1,15,0,Matches
62437b4f,Ignacio Pussetto,ar ARG,"MF,DF",Sampdoria,27-110,1995,1.7,6,3,2,3,1,3,4,75.0,1,4,0,4,0,6,3,0,Matches
88f53b75,Niklas Pyyhtiä,fi FIN,MF,Bologna,19-197,2003,0.7,1,0,0,1,0,0,1,0.0,1,0,0,0,1,2,2,0,Matches
ee4f2f3b,Fabio Quagliarella,it ITA,FW,Sampdoria,40-069,1983,4.4,1,1,0,1,0,0,3,0.0,3,4,0,4,0,1,3,0,Matches
1b9c7401,Giacomo Quagliata,it ITA,DF,Cremonese,23-050,2000,6.3,9,7,7,0,2,5,10,50.0,5,5,2,3,10,19,7,0,Matches
8794e251,Adrien Rabiot,fr FRA,MF,Juventus,28-007,1995,22.5,42,23,18,17,7,20,43,46.5,23,32,7,25,21,63,32,1,Matches
0630eb63,Nemanja Radonjić,rs SRB,"MF,FW",Torino,27-054,1996,14.6,2,1,2,0,0,0,3,0.0,3,3,0,3,2,4,4,0,Matches
023937a9,Ivan Radovanović,rs SRB,"MF,DF",Salernitana,34-224,1988,7.5,12,4,8,4,0,4,10,40.0,6,9,3,6,7,19,9,1,Matches
67f649be,Ionuț Radu,ro ROU,GK,Cremonese,25-317,1997,9.0,0,0,0,0,0,0,0,,0,0,0,0,0,0,1,3,Matches
ce1a6c7e,Antonio Raimondo,it ITA,FW,Bologna,19-023,2004,0.2,0,0,0,0,0,0,0,,0,0,0,0,0,0,1,0,Matches
8c63fae5,Luca Ranieri,it ITA,DF,Fiorentina,23-352,1999,3.3,6,2,4,2,0,4,6,66.7,2,2,1,1,6,12,11,1,Matches
539230cf,Andrea Ranocchia,it ITA,DF,Monza,35-053,1988,0.5,3,1,1,2,0,3,4,75.0,1,5,5,0,0,3,7,0,Matches
d9ebed1c,Filippo Ranocchia,it ITA,MF,Monza,21-331,2001,5.9,11,6,5,4,2,4,12,33.3,8,5,1,4,4,15,7,0,Matches
6e058f06,Giacomo Raspadori,it ITA,"FW,MF",Napoli,23-051,2000,7.3,9,7,0,5,4,3,9,33.3,6,6,0,6,4,13,3,0,Matches
6e058f06,Giacomo Raspadori,it ITA,FW,Sassuolo,23-051,2000,0.5,0,0,0,0,0,0,0,,0,0,0,0,0,0,0,0,Matches
d7a35008,Nicola Ravaglia,it ITA,GK,Sampdoria,34-119,1988,2.0,0,0,0,0,0,0,0,,0,0,0,0,0,0,0,0,Matches
536cebe5,Ante Rebić,hr CRO,"FW,MF",Milan,29-201,1993,7.9,7,5,1,2,4,2,8,25.0,6,5,0,5,1,8,4,0,Matches
6213fd82,Arkadiusz Reca,pl POL,DF,Spezia,27-297,1995,17.9,35,21,19,9,7,13,21,61.9,8,15,3,12,21,56,43,0,Matches
4bd00a50,Panagiotis Retsos,gr GRE,DF,Hellas Verona,24-244,1998,1.4,5,4,2,2,1,3,3,100.0,0,4,1,3,2,7,3,0,Matches
f61c7c4e,Franck Ribéry,fr FRA,MF,Salernitana,40-003,1983,0.4,0,0,0,0,0,0,0,,0,1,0,1,0,0,0,0,Matches
9823be92,Samuele Ricci,it ITA,MF,Torino,21-232,2001,16.5,22,13,10,8,4,14,17,82.4,3,16,5,11,13,35,20,1,Matches
f1cfc209,Tomás Rincón,ve VEN,MF,Sampdoria,35-087,1988,20.1,43,21,14,23,6,22,44,50.0,22,25,4,21,23,66,13,0,Matches
1d4e63b6,Pablo Rodríguez,es ESP,"FW,MF",Lecce,21-249,2001,0.6,2,1,2,0,0,0,2,0.0,2,3,0,3,0,2,0,0,Matches
7f78ad23,Ricardo Rodríguez,ch SUI,DF,Torino,30-228,1992,21.7,43,25,25,13,5,23,36,63.9,13,24,11,13,28,71,46,0,Matches
10e7f486,Rogério,br BRA,DF,Sassuolo,25-087,1998,25.3,30,17,19,5,6,14,28,50.0,14,27,7,20,29,59,56,0,Matches
3ead85f9,Alessio Romagnoli,it ITA,DF,Lazio,28-088,1995,24.7,30,13,18,12,0,10,20,50.0,10,27,21,6,26,56,87,0,Matches
09899de8,Simone Romagnoli,it ITA,DF,Lecce,33-060,1990,0.3,1,1,0,1,0,0,0,,0,0,0,0,0,1,2,0,Matches
ca6edaa0,Luka Romero,ar ARG,FW,Lazio,18-143,2004,1.7,0,0,0,0,0,0,3,0.0,3,4,0,4,3,3,1,0,Matches
2a1beb34,Marten de Roon,nl NED,MF,Atalanta,32-012,1991,23.9,50,24,26,22,2,23,53,43.4,30,25,3,22,28,78,46,0,Matches
e58cbfd5,Nicolò Rovella,it ITA,MF,Monza,21-127,2001,13.1,30,22,16,13,1,10,25,40.0,15,14,1,13,31,61,11,0,Matches
e58cbfd5,Nicolò Rovella,it ITA,MF,Juventus,21-127,2001,0.3,1,1,0,1,0,1,1,100.0,0,0,0,0,0,1,0,0,Matches
4b3e1a38,Amir Rrahmani,xk KVX,DF,Napoli,29-045,1994,21.2,29,15,19,10,0,15,21,71.4,6,31,17,14,13,42,65,1,Matches
a378a02a,Ruan,br BRA,DF,Sassuolo,23-307,1999,12.3,27,19,19,7,1,15,20,75.0,5,17,12,5,14,41,59,2,Matches
14b8fcdf,Daniele Rugani,it ITA,DF,Juventus,28-255,1994,3.9,6,0,5,1,0,3,3,100.0,0,4,2,2,4,10,18,0,Matches
ae9898c5,Matteo Ruggeri,it ITA,"DF,MF",Atalanta,20-273,2002,9.2,17,12,5,9,3,8,16,50.0,8,14,3,11,12,29,16,0,Matches
0b5a292a,Mário Rui,pt POR,DF,Napoli,31-318,1991,18.6,31,20,16,11,4,20,40,50.0,20,17,4,13,15,46,24,1,Matches
4830e0af,Abdelhamid Sabiri,ma MAR,MF,Sampdoria,26-133,1996,11.2,17,7,5,8,4,4,13,30.8,9,15,2,13,2,19,5,0,Matches
ee251371,Alexis Saelemaekers,be BEL,"FW,DF",Milan,23-287,1999,11.0,26,17,11,13,2,16,32,50.0,16,10,1,9,11,37,9,0,Matches
da5a981b,Jacopo Sala,it ITA,MF,Spezia,31-126,1991,1.2,1,0,1,0,0,0,2,0.0,2,2,0,2,1,2,2,0,Matches
217c93a1,Lazar Samardzic,rs SRB,MF,Udinese,21-045,2002,13.2,22,11,6,12,4,12,28,42.9,16,8,0,8,9,31,10,0,Matches
24eb7ed6,Junior Sambia,fr FRA,DF,Salernitana,26-215,1996,6.5,11,5,6,4,1,6,9,66.7,3,9,3,6,4,15,16,1,Matches
0a447501,Antonio Sanabria,py PAR,FW,Torino,27-037,1996,18.7,8,4,1,3,4,1,5,20.0,4,6,2,4,3,11,6,0,Matches
4295f19c,Leandro Sanca,pt POR,"FW,MF",Spezia,23-096,2000,0.4,1,1,0,0,1,1,1,100.0,0,0,0,0,0,1,0,0,Matches
0d82903c,Alex Sandro,br BRA,DF,Juventus,32-074,1991,17.2,25,14,11,12,2,11,17,64.7,6,22,9,13,13,38,57,0,Matches
7eb97a8e,Nicola Sansone,it ITA,FW,Bologna,31-212,1991,6.4,9,4,4,3,2,4,8,50.0,4,0,0,0,0,9,2,0,Matches
3bb7af3b,Riccardo Saponara,it ITA,FW,Fiorentina,31-110,1991,10.9,10,5,3,6,1,5,9,55.6,4,6,1,5,4,14,8,0,Matches
86383d0e,Martin Satriano,uy URU,FW,Empoli,22-049,2001,18.1,13,8,5,6,2,6,12,50.0,6,5,0,5,3,16,21,0,Matches
1e9aa637,Giorgio Scalvini,it ITA,DF,Atalanta,19-120,2003,18.0,40,21,23,11,6,22,38,57.9,16,24,10,14,35,75,42,1,Matches
2cfae697,Jerdy Schouten,nl NED,MF,Bologna,26-088,1997,20.2,46,28,20,24,2,19,33,57.6,14,36,14,22,36,82,38,1,Matches
e613313c,Perr Schuurs,nl NED,DF,Torino,23-135,1999,20.1,39,18,21,14,4,10,18,55.6,8,23,14,9,23,62,80,0,Matches
16463a79,Demba Seck,sn SEN,"FW,MF",Torino,22-059,2001,4.3,5,2,3,2,0,2,2,100.0,0,3,1,2,1,6,1,0,Matches
3cb132e6,Jacopo Segre,it ITA,DF,Torino,26-052,1997,0.2,0,0,0,0,0,0,0,,0,0,0,0,0,0,0,0,Matches
b6baba31,Vivaldo Semedo,pt POR,FW,Udinese,18-072,2005,0.0,0,0,0,0,0,0,0,,0,0,0,0,0,0,0,0,Matches
b70bde8f,Stefano Sensi,it ITA,MF,Monza,27-248,1995,16.1,39,25,24,12,3,17,43,39.5,26,12,2,10,16,55,3,0,Matches
343f753a,Luigi Sepe,it ITA,GK,Salernitana,31-337,1991,17.0,0,0,0,0,0,0,1,0.0,1,0,0,0,0,0,0,0,Matches
dd7febd8,Leonardo Sernicola,it ITA,DF,Cremonese,25-254,1997,20.1,36,25,18,11,7,22,32,68.8,10,16,4,12,28,64,34,0,Matches
d3aaad90,Stephan El Shaarawy,it ITA,"DF,MF",Roma,30-165,1992,12.1,15,8,6,7,2,5,17,29.4,12,9,1,8,14,29,9,0,Matches
57469b2d,Eldor Shomurodov,uz UZB,FW,Spezia,27-285,1995,5.1,3,3,2,0,1,0,5,0.0,5,3,0,3,1,4,3,0,Matches
57469b2d,Eldor Shomurodov,uz UZB,FW,Roma,27-285,1995,1.3,1,0,1,0,0,0,2,0.0,2,1,0,1,1,2,0,0,Matches
0d422df7,Marco Silvestri,it ITA,GK,Udinese,32-039,1991,29.0,2,1,2,0,0,2,3,66.7,1,0,0,0,1,3,7,1,Matches
343c0d52,Giovanni Simeone,ar ARG,FW,Napoli,27-279,1995,3.6,12,3,3,5,4,3,8,37.5,5,2,1,1,1,13,3,0,Matches
8b609c34,Wilfried Singo,ci CIV,DF,Torino,22-106,2000,17.0,23,14,12,9,2,10,15,66.7,5,11,1,10,9,32,26,1,Matches
10dc46f0,Salvatore Sirigu,it ITA,GK,Fiorentina,36-088,1987,1.0,0,0,0,0,0,0,0,,0,0,0,0,0,0,1,0,Matches
b35a7399,Leo Skiri Østigård,no NOR,DF,Napoli,23-133,1999,2.7,4,1,3,1,0,1,1,100.0,0,0,0,0,4,8,10,0,Matches
ab4449d6,Łukasz Skorupski,pl POL,GK,Bologna,31-340,1991,28.0,2,1,2,0,0,1,2,50.0,1,0,0,0,0,2,13,1,Matches
30f5ffa9,Milan Škriniar,sk SVK,DF,Inter,28-058,1995,19.7,29,18,14,11,4,18,32,56.3,14,18,13,5,13,42,46,3,Matches
b6964eb6,Chris Smalling,eng ENG,DF,Roma,33-139,1989,27.7,21,12,13,8,0,9,17,52.9,8,44,32,12,37,58,116,0,Matches
78f13530,Ola Solbakken,no NOR,"FW,MF",Roma,24-215,1998,2.2,1,1,1,0,0,1,4,25.0,3,0,0,0,1,2,3,0,Matches
28f66c2e,Brandon Soppy,fr FRA,DF,Udinese,21-048,2002,1.0,1,1,0,1,0,0,0,,0,4,0,4,1,2,1,0,Matches
28f66c2e,Brandon Soppy,fr FRA,DF,Atalanta,21-048,2002,6.3,7,4,3,4,0,2,7,28.6,5,8,0,8,2,9,7,0,Matches
9d4c45d6,Roberto Soriano,it ITA,"FW,MF",Bologna,32-061,1991,14.7,31,16,9,16,6,13,25,52.0,12,23,2,21,6,37,14,0,Matches
50841bef,Joaquin Sosa,uy URU,DF,Bologna,21-090,2002,6.6,6,2,5,1,0,4,16,25.0,12,5,3,2,5,11,30,0,Matches
94816803,Riccardo Sottil,it ITA,FW,Fiorentina,23-311,1999,6.0,0,0,0,0,0,0,1,0.0,1,1,0,1,0,0,0,0,Matches
c13ddd3e,Matìas Soulé,ar ARG,"MF,DF",Juventus,19-360,2003,3.6,4,3,1,1,2,2,3,66.7,1,3,0,3,3,7,1,0,Matches
7b075c75,Adama Soumaoro,fr FRA,DF,Bologna,30-296,1992,17.7,20,13,8,10,2,3,5,60.0,2,16,11,5,15,35,61,1,Matches
3626daea,Leonardo Spinazzola,it ITA,DF,Roma,30-016,1993,15.5,13,7,5,6,2,7,19,36.8,12,12,3,9,8,21,24,0,Matches
ac4003af,Marco Sportiello,it ITA,GK,Atalanta,30-335,1992,6.9,1,0,1,0,0,1,2,50.0,1,0,0,0,0,1,1,0,Matches
13b44b02,Petar Stojanović,si SVN,DF,Empoli,27-185,1995,15.3,38,20,24,10,4,23,39,59.0,16,15,4,11,11,49,52,0,Matches
674cfc5a,Gabriel Strefezza,br BRA,FW,Lecce,25-357,1997,20.5,38,19,15,17,6,18,35,51.4,17,24,2,22,14,52,14,0,Matches
2cb9486d,Dávid Strelec,sk SVK,FW,Spezia,22-006,2001,1.9,2,2,0,1,1,2,2,100.0,0,0,0,0,0,2,0,0,Matches
f573a8bf,Isaac Success,ng NGA,FW,Udinese,27-093,1996,18.9,8,4,2,5,1,3,7,42.9,4,13,2,11,4,12,17,0,Matches
230c3f3a,Ibrahim Sulemana,gh GHA,MF,Hellas Verona,19-323,2003,4.0,11,7,6,4,1,3,5,60.0,2,3,2,1,7,18,8,0,Matches
01b8a2b2,Wojciech Szczęsny,pl POL,GK,Juventus,32-357,1990,20.5,1,0,1,0,0,0,1,0.0,1,0,0,0,0,1,5,0,Matches
eb3022c3,Benjamin Tahirovic,ba BIH,MF,Roma,20-038,2003,1.5,2,2,2,0,0,1,4,25.0,3,4,0,4,2,4,1,0,Matches
8da74c05,Adrien Tameze,cm CMR,MF,Hellas Verona,29-065,1994,25.3,37,21,16,17,4,18,45,40.0,27,41,12,29,29,66,47,2,Matches
b056e3da,Ciprian Tătărușanu,ro ROU,GK,Milan,37-060,1986,16.0,0,0,0,0,0,0,0,,0,0,0,0,1,1,2,0,Matches
5cbb5ad6,Filippo Terracciano,it ITA,"DF,MF",Hellas Verona,20-061,2003,6.9,13,9,7,4,2,8,12,66.7,4,4,3,1,8,21,11,0,Matches
e1b0a70d,Pietro Terracciano,it ITA,GK,Fiorentina,33-033,1990,25.0,2,1,2,0,0,2,3,66.7,1,0,0,0,1,3,11,0,Matches
3ef0a2d7,Aleksa Terzić,rs SRB,DF,Fiorentina,23-236,1999,5.6,10,6,6,3,1,7,13,53.8,6,10,3,7,4,14,8,0,Matches
2b9fdeea,Florian Thauvin,fr FRA,"FW,MF",Udinese,30-074,1993,3.1,1,0,0,1,0,1,5,20.0,4,3,0,3,1,2,1,0,Matches
ff5ea0bf,Malick Thiaw,de GER,DF,Milan,21-245,2001,8.6,19,16,15,4,0,8,14,57.1,6,9,5,4,6,25,38,1,Matches
76ff8d0d,Kristian Thorstvedt,no NOR,MF,Sassuolo,24-028,1999,11.2,14,7,4,8,2,5,13,38.5,8,15,4,11,12,26,13,0,Matches
a96e5dc0,Jeremy Toljan,de GER,DF,Sassuolo,28-245,1994,22.7,30,21,16,11,3,16,23,69.6,7,21,9,12,14,44,40,1,Matches
c56dc39e,Rafael Tolói,it ITA,DF,Atalanta,32-182,1990,21.9,40,28,22,18,0,21,41,51.2,20,28,12,16,47,87,60,1,Matches
7edfbb8a,Fikayo Tomori,eng ENG,DF,Milan,25-112,1997,24.4,60,29,38,21,1,17,27,63.0,10,36,19,17,24,84,58,0,Matches
0db169ae,Sandro Tonali,it ITA,MF,Milan,22-337,2000,23.4,52,34,28,19,5,23,36,63.9,13,23,8,15,22,74,17,1,Matches
7ed4921e,William Troost-Ekong,ng NGA,DF,Salernitana,29-221,1993,3.2,10,3,7,3,0,6,7,85.7,1,3,2,1,3,13,4,0,Matches
0588a092,Frank Tsadjout,it ITA,"FW,MF",Cremonese,23-256,1999,8.3,8,6,3,4,1,2,4,50.0,2,6,1,5,7,15,4,0,Matches
26c54058,Alessandro Tuia,it ITA,DF,Lecce,32-306,1990,5.7,10,6,6,4,0,3,9,33.3,6,3,1,2,15,25,29,0,Matches
14ae023f,Martin Turk,si SVN,GK,Sampdoria,19-232,2003,2.0,0,0,0,0,0,0,0,,0,0,0,0,0,0,1,0,Matches
7cd520e8,Iyenoma Udogie,it ITA,DF,Udinese,20-133,2002,24.0,61,37,36,20,5,29,51,56.9,22,28,5,23,28,89,22,0,Matches
3eed9821,Samuel Umtiti,fr FRA,DF,Lecce,29-147,1993,14.5,37,23,16,21,0,15,20,75.0,5,17,9,8,18,55,49,0,Matches
71005acd,Diego Valencia,cl CHI,"MF,FW",Salernitana,23-086,2000,2.6,8,5,4,2,2,2,9,22.2,7,10,1,9,1,9,2,0,Matches
ec52b661,Emanuele Valeri,it ITA,DF,Cremonese,24-124,1998,23.3,40,19,23,14,3,22,51,43.1,29,11,2,9,13,53,35,0,Matches
c414df9d,Mattia Valoti,it ITA,"MF,FW",Monza,29-216,1993,3.9,13,7,4,8,1,5,11,45.5,6,9,3,6,3,16,4,0,Matches
5eaed77a,Johan Vásquez,mx MEX,DF,Cremonese,24-170,1998,12.0,20,13,18,2,0,11,23,47.8,12,17,12,5,23,43,60,1,Matches
44ac04e9,Matías Vecino,uy URU,MF,Lazio,31-229,1991,14.5,38,23,10,20,8,19,33,57.6,14,26,8,18,13,51,30,0,Matches
ab1ca213,Miguel Veloso,pt POR,MF,Hellas Verona,36-334,1986,11.3,24,7,16,7,1,12,22,54.5,10,25,5,20,5,29,11,0,Matches
983ff2c7,Lorenzo Venuti,it ITA,DF,Fiorentina,27-363,1995,6.8,14,6,6,7,1,9,13,69.2,4,3,2,1,4,18,14,2,Matches
d3298c99,Daniele Verde,it ITA,"FW,MF",Spezia,26-294,1996,8.2,2,2,2,0,0,1,3,33.3,2,5,0,5,8,10,3,0,Matches
0375723e,Simone Verdi,it ITA,MF,Hellas Verona,30-272,1992,7.7,12,7,6,3,3,4,8,50.0,4,7,0,7,0,12,2,0,Matches
33ecf462,Valerio Verre,it ITA,MF,Sampdoria,29-089,1994,7.5,14,7,6,5,3,8,17,47.1,9,9,1,8,9,23,3,0,Matches
77d6fd4d,Guglielmo Vicario,it ITA,GK,Empoli,26-185,1996,24.0,0,0,0,0,0,0,1,0.0,1,0,0,0,0,0,12,2,Matches
75e60d75,Ronaldo Vieira,gw GNB,MF,Torino,24-265,1998,0.2,,0,,,,,,,,,,,0,,,,Matches
75e60d75,Ronaldo Vieira,gw GNB,MF,Sampdoria,24-265,1998,9.1,,10,,,,,,,,,,,13,,,,Matches
ec5dae45,Emanuel Vignato,it ITA,"MF,FW",Bologna,22-229,2000,2.7,4,4,2,2,0,2,4,50.0,2,2,0,2,3,7,0,0,Matches
ec5dae45,Emanuel Vignato,it ITA,"FW,MF",Empoli,22-229,2000,0.3,2,0,2,0,0,0,0,,0,0,0,0,0,2,0,0,Matches
a14d0ab0,Samuele Vignato,it ITA,"FW,MF",Monza,19-045,2004,0.2,0,0,0,0,0,0,0,,0,0,0,0,0,0,0,0,Matches
c7069d87,Tonny Vilhena,nl NED,MF,Salernitana,28-097,1995,19.3,36,19,10,22,4,14,32,43.8,18,12,5,7,12,48,16,0,Matches
bdc74a8f,Gonzalo Villar,es ESP,MF,Sampdoria,25-018,1998,7.7,13,7,4,8,1,7,15,46.7,8,11,3,8,4,17,9,1,Matches
08eb3b58,Matías Viña,uy URU,DF,Roma,25-152,1997,0.6,3,1,1,1,1,1,3,33.3,2,5,1,4,2,5,5,0,Matches
79443529,Dušan Vlahović,rs SRB,FW,Juventus,23-072,2000,17.3,7,4,0,3,4,3,7,42.9,4,9,3,6,3,10,6,1,Matches
aa8e289e,Nikola Vlašić,hr CRO,"MF,FW",Torino,25-188,1997,22.7,24,16,7,12,5,9,22,40.9,13,18,1,17,5,29,8,0,Matches
b3ef6517,Joel Voelkerling Persson,se SWE,FW,Lecce,20-085,2003,0.8,1,1,0,0,1,0,0,,0,1,0,1,0,1,0,0,Matches
be2706c0,Mërgim Vojvoda,xk KVX,DF,Torino,28-068,1995,13.2,18,10,12,5,1,10,17,58.8,7,6,1,5,8,26,23,1,Matches
72f87f25,Cristian Volpato,it ITA,MF,Roma,19-146,2003,2.3,3,2,1,1,1,0,1,0.0,1,2,0,2,2,5,0,0,Matches
f052fb01,Lukáš Vorlický,cz CZE,"MF,FW",Atalanta,21-082,2002,0.3,0,0,0,0,0,0,0,,0,0,0,0,1,1,0,0,Matches
f86cd5df,Aster Vranckx,be BEL,MF,Milan,20-188,2002,0.8,2,2,0,1,1,1,2,50.0,1,2,1,1,0,2,1,0,Matches
d0d8dd44,Stefan de Vrij,nl NED,DF,Inter,31-064,1992,15.9,22,13,14,8,0,6,11,54.5,5,10,6,4,32,54,58,0,Matches
26db8853,Walace,br BRA,MF,Udinese,28-006,1995,27.1,67,34,34,26,7,36,75,48.0,39,37,10,27,40,107,37,0,Matches
217875a4,Sebastian Walukiewicz,pl POL,DF,Empoli,23-005,2000,1.8,2,1,1,1,0,0,1,0.0,1,3,3,0,1,3,12,0,Matches
eb58eef0,Georginio Wijnaldum,nl NED,MF,Roma,32-150,1990,5.8,2,1,0,2,0,0,1,0.0,1,4,1,3,2,4,2,0,Matches
2f7acede,Harry Winks,eng ENG,MF,Sampdoria,27-067,1996,11.3,17,10,3,12,2,10,30,33.3,20,6,4,2,12,29,11,0,Matches
1bfe5ac9,Przemysław Wiśniewski,pl POL,DF,Spezia,24-257,1998,2.1,3,1,3,0,0,0,1,0.0,1,5,2,3,1,4,20,0,Matches
ee9040b4,Gerard Yepes,es ESP,MF,Sampdoria,20-228,2002,2.2,5,3,2,3,0,1,3,33.3,2,3,0,3,4,9,3,0,Matches
d85c238b,Mattia Zaccagni,it ITA,FW,Lazio,27-298,1995,22.9,30,19,14,12,4,7,21,33.3,14,27,3,24,19,49,10,1,Matches
384d58d9,Denis Zakaria,ch SUI,MF,Juventus,26-141,1996,1.4,6,3,1,4,1,2,2,100.0,0,2,0,2,2,8,1,0,Matches
45191c29,Nicola Zalewski,pl POL,DF,Roma,21-077,2002,18.0,33,17,18,12,3,16,54,29.6,38,23,1,22,24,57,15,0,Matches
6bb2c084,Andre-Frank Zambo Anguissa,cm CMR,MF,Napoli,27-145,1995,25.3,46,28,15,24,7,15,53,28.3,38,43,3,40,33,79,20,0,Matches
5e834dce,Luca Zanimacchia,it ITA,"MF,FW",Cremonese,24-265,1998,8.3,21,13,11,6,4,8,21,38.1,13,9,0,9,9,30,5,0,Matches
9907b1c8,Nicolò Zaniolo,it ITA,"MF,FW",Roma,23-282,1999,9.9,7,5,2,4,1,2,7,28.6,5,11,0,11,2,9,0,0,Matches
3b12b11f,Alessandro Zanoli,it ITA,DF,Sampdoria,22-189,2000,8.6,4,2,3,1,0,2,3,66.7,1,5,4,1,5,9,17,0,Matches
3b12b11f,Alessandro Zanoli,it ITA,DF,Napoli,22-189,2000,0.1,1,0,0,1,0,0,0,,0,0,0,0,0,1,1,0,Matches
875d65d1,Mattia Zanotti,it ITA,DF,Inter,20-089,2003,0.0,0,0,0,0,0,0,0,,0,0,0,0,0,0,0,0,Matches
d3de9af0,Duván Zapata,co COL,FW,Atalanta,32-009,1991,10.4,2,2,0,0,2,1,2,50.0,1,4,1,3,2,4,12,0,Matches
7fe90ccd,Davide Zappacosta,it ITA,"DF,MF",Atalanta,30-303,1992,7.7,15,9,6,7,2,5,8,62.5,3,10,1,9,5,20,9,0,Matches
2f45300d,Karim Zedadka,fr FRA,DF,Napoli,22-305,2000,0.0,0,0,0,0,0,0,0,,0,0,0,0,0,0,0,0,Matches
58a2e9f6,Deyovaisio Zeefuik,nl NED,DF,Hellas Verona,25-030,1998,0.1,1,1,0,1,0,0,0,,0,0,0,0,0,1,0,0,Matches
8abd0c03,Marvin Zeegelaar,nl NED,DF,Udinese,32-241,1990,1.0,2,1,1,1,0,1,1,100.0,0,1,0,1,1,3,2,0,Matches
d19ef4ef,Alessio Zerbin,it ITA,"FW,MF",Napoli,24-038,1999,0.8,8,3,4,3,1,3,4,75.0,1,2,0,2,0,8,2,0,Matches
a5296e55,Piotr Zieliński,pl POL,MF,Napoli,28-325,1994,19.8,13,8,1,9,3,9,17,52.9,8,11,4,7,14,27,6,0,Matches
acf7e795,David Zima,cz CZE,DF,Torino,22-153,2000,4.5,9,5,5,4,0,3,4,75.0,1,7,2,5,9,18,11,2,Matches
028e70b9,Joshua Zirkzee,nl NED,FW,Bologna,21-323,2001,6.3,3,1,0,1,2,2,5,40.0,3,1,1,0,4,7,3,0,Matches
cc1a0c57,Jeroen Zoet,nl NED,GK,Spezia,32-094,1991,1.7,1,1,1,0,0,1,1,100.0,0,0,0,0,0,1,0,0,Matches
82598b71,Nadir Zortea,it ITA,"DF,MF",Atalanta,23-295,1999,2.5,10,5,3,7,0,3,4,75.0,1,4,0,4,0,10,4,0,Matches
82598b71,Nadir Zortea,it ITA,DF,Sassuolo,23-295,1999,5.0,12,7,9,2,1,8,10,80.0,2,6,3,3,3,15,17,0,Matches
54f6afe3,Petar Zovko,ba BIH,GK,Spezia,21-016,2002,0.8,1,0,1,0,0,1,1,100.0,0,0,0,0,0,1,0,0,Matches
4e1d5e59,Szymon Żurkowski,pl POL,MF,Fiorentina,25-197,1997,0.4,0,0,0,0,0,0,0,,0,0,0,0,0,0,0,0,Matches
4e1d5e59,Szymon Żurkowski,pl POL,MF,Spezia,25-197,1997,2.7,6,3,1,4,1,1,9,11.1,8,6,2,4,4,10,6,0,Matches
405f6586,Milan Đurić,ba BIH,FW,Hellas Verona,32-323,1990,8.8,2,1,1,0,1,1,1,100.0,0,5,3,2,0,2,16,0,Matches
eccbe56a,Filip Đuričić,rs SRB,"MF,FW",Sampdoria,31-070,1992,20.1,36,19,14,18,4,10,25,40.0,15,14,4,10,6,42,6,0,Matches
