id,Player,Nation,Pos,Squad,Age,Born,90s,Tkl,TklW,Def 3rd,Mid 3rd,Att 3rd,Tkl.1,Att,Tkl%,Lost,Blocks,Sh,Pass,Int,Tkl+Int,Clr,Err,Matches
4b7a9fcc,James Abankwah,ie IRL,DF,Udinese,19-113,2004,0.1,1,1,0,1,0,0,0,,0,0,0,0,0,1,0,0,Matches
8f5cdf66,Oliver Abildgaard,dk DEN,MF,Hellas Verona,26-333,1996,5.2,8,6,4,3,1,5,10,50.0,5,6,1,5,3,11,14,0,Matches
f586779e,Tammy Abraham,eng ENG,FW,Roma,25-219,1997,23.3,17,10,4,8,5,3,15,20.0,12,10,4,6,3,20,14,0,Matches
771a2cfe,Christian Acella,it ITA,MF,Cremonese,20-306,2002,0.2,1,0,1,0,0,0,2,0.0,2,0,0,0,0,1,0,0,Matches
b96b595c,Francesco Acerbi,it ITA,DF,Inter,35-088,1988,24.3,28,16,18,6,4,17,24,70.8,7,21,14,7,31,59,78,2,Matches
26777636,Yacine Adli,fr FRA,"MF,FW",Milan,22-284,2000,1.4,6,3,2,4,0,2,2,100.0,0,2,0,2,1,7,1,0,Matches
f9c927de,Michel Aebischer,ch SUI,"FW,MF",Bologna,26-123,1997,15.1,10,4,3,4,3,2,15,13.3,13,13,2,11,7,17,7,0,Matches
0154d290,Felix Afena-Gyan,gh GHA,"FW,MF",Cremonese,20-110,2003,8.4,7,3,4,1,2,2,9,22.2,7,5,1,4,1,8,4,0,Matches
46fa7204,Kevin Agudelo,co COL,"MF,FW",Spezia,24-176,1998,22.9,70,37,21,30,19,24,58,41.4,34,36,5,31,10,80,6,0,Matches
246d153b,Ola Aina,ng NGA,DF,Torino,26-213,1996,9.0,15,11,5,7,3,8,14,57.1,6,11,2,9,9,24,26,0,Matches
d810c13b,Emanuel Aiwum,at AUT,DF,Cremonese,22-135,2000,17.4,54,33,35,17,2,32,46,69.6,14,28,16,12,24,78,51,3,Matches
fdf4b948,Jean-Daniel Akpa-Akpro,ci CIV,MF,Empoli,30-210,1992,12.2,43,29,22,16,5,17,28,60.7,11,33,4,29,13,56,24,0,Matches
5294a83f,Luis Alberto,es ESP,MF,Lazio,30-223,1992,23.1,40,23,17,15,8,21,63,33.3,42,32,6,26,7,47,4,0,Matches
ab472696,Agustín Álvarez Martínez,uy URU,"FW,MF",Sassuolo,21-355,2001,4.1,6,3,0,5,1,1,4,25.0,3,5,1,4,3,9,3,0,Matches
bcc81786,Kelvin Amian,fr FRA,DF,Spezia,25-090,1998,23.4,49,30,29,11,9,21,28,75.0,7,28,11,17,22,71,74,1,Matches
2df7cc43,Bruno Amione,ar ARG,DF,Hellas Verona,21-126,2002,0.6,1,1,1,0,0,1,2,50.0,1,1,0,1,0,1,4,0,Matches
2df7cc43,Bruno Amione,ar ARG,DF,Sampdoria,21-126,2002,20.6,45,28,31,14,0,17,40,42.5,23,22,11,11,22,67,57,1,Matches
10b9fa99,Ethan Ampadu,wls WAL,"DF,MF",Spezia,22-237,2000,25.6,60,34,28,27,5,14,36,38.9,22,40,18,22,31,91,81,0,Matches
5a2cb25d,Sofyan Amrabat,ma MAR,MF,Fiorentina,26-261,1996,21.3,38,24,14,17,7,16,28,57.1,12,22,5,17,21,59,16,2,Matches
9f1893b9,Felipe Anderson,br BRA,FW,Lazio,30-024,1993,30.4,69,44,24,38,7,24,71,33.8,47,52,6,46,24,93,24,0,Matches
38d9ce53,Janis Antiste,fr FRA,FW,Sassuolo,20-264,2002,0.6,1,0,1,0,0,1,1,100.0,0,0,0,0,0,1,0,0,Matches
108fe016,Marcos Antônio,br BRA,MF,Lazio,22-330,2000,5.8,7,5,3,4,0,7,17,41.2,10,7,2,5,10,17,15,0,Matches
8f68aa41,Valentin Antov,bg BUL,DF,Monza,22-181,2000,3.2,6,5,3,3,0,1,5,20.0,4,5,4,1,2,8,10,1,Matches
00459419,Marko Arnautović,at AUT,FW,Bologna,34-020,1989,13.9,8,5,2,4,2,1,5,20.0,4,9,1,8,2,10,8,0,Matches
963a328b,Tolgay Arslan,de GER,MF,Udinese,32-266,1990,11.7,25,16,11,13,1,11,31,35.5,20,14,0,14,8,33,9,1,Matches
a820e429,Arthur,br BRA,FW,Fiorentina,25-014,1998,14.9,8,2,1,3,4,4,8,50.0,4,10,1,9,1,9,12,0,Matches
e26fcca3,Santiago Ascacíbar,ar ARG,MF,Cremonese,26-073,1997,8.1,29,14,17,10,2,14,35,40.0,21,14,2,12,13,42,11,0,Matches
a69cc629,Kristoffer Askildsen,no NOR,MF,Lecce,22-120,2001,7.0,7,3,2,3,2,4,8,50.0,4,11,3,8,11,18,6,0,Matches
0fdcef0e,Kristjan Asllani,al ALB,MF,Inter,21-061,2002,5.1,9,5,1,6,2,6,7,85.7,1,2,0,2,5,14,3,0,Matches
649b01d8,Emil Audero,it ITA,GK,Sampdoria,26-111,1997,25.0,0,0,0,0,0,0,2,0.0,2,0,0,0,0,0,7,1,Matches
3cd3b384,Tommaso Augello,it ITA,DF,Sampdoria,28-252,1994,30.0,16,13,12,2,2,8,15,53.3,7,22,7,15,13,29,52,1,Matches
2200181e,Kaan Ayhan,tr TUR,DF,Sassuolo,28-180,1994,6.1,10,4,6,4,0,7,7,100.0,0,5,4,1,5,15,26,1,Matches
dfd24c07,Jaime Báez,uy URU,DF,Cremonese,28-014,1995,1.1,4,2,3,0,1,3,6,50.0,3,0,0,0,0,4,2,1,Matches
f42d6c13,Nedim Bajrami,al ALB,"MF,FW",Empoli,24-070,1999,10.4,8,4,3,3,2,4,6,66.7,2,5,0,5,7,15,4,0,Matches
f42d6c13,Nedim Bajrami,al ALB,FW,Sassuolo,24-070,1999,7.4,9,4,6,2,1,4,7,57.1,3,7,1,6,6,15,6,0,Matches
59bf127b,Tiemoué Bakayoko,fr FRA,MF,Milan,28-265,1994,0.5,5,5,4,1,0,3,3,100.0,0,0,0,0,0,5,0,1,Matches
102e2599,Tommaso Baldanzi,it ITA,MF,Empoli,20-047,2003,19.1,25,12,9,13,3,7,32,21.9,25,19,1,18,2,27,5,0,Matches
f449640d,Fodé Ballo-Touré,sn SEN,DF,Milan,26-126,1997,5.3,14,9,7,6,1,7,10,70.0,3,11,3,8,2,16,3,0,Matches
8a6de8c7,Lameck Banda,zm ZAM,"FW,MF",Lecce,22-100,2001,15.9,27,17,12,12,3,12,37,32.4,25,22,2,20,4,31,3,0,Matches
d44360be,Filippo Bandinelli,it ITA,MF,Empoli,28-041,1995,23.6,53,33,18,26,9,16,39,41.0,23,18,6,12,13,66,37,0,Matches
01efac19,Antonín Barák,cz CZE,MF,Hellas Verona,28-157,1994,0.3,0,0,0,0,0,0,0,,0,0,0,0,0,0,0,0,Matches
01efac19,Antonín Barák,cz CZE,MF,Fiorentina,28-157,1994,17.3,20,9,5,6,9,5,15,33.3,10,13,1,12,3,23,10,0,Matches
32ebfe1e,Andrea Barberis,it ITA,MF,Monza,29-149,1993,3.8,7,2,4,3,0,5,11,45.5,6,0,0,0,8,15,1,0,Matches
6f1d7aa8,Tommaso Barbieri,it ITA,DF,Juventus,20-256,2002,0.6,2,2,2,0,0,2,4,50.0,2,2,0,2,0,2,2,0,Matches
0acda699,Francesco Bardi,it ITA,GK,Bologna,31-111,1992,1.0,0,0,0,0,0,0,0,,0,0,0,0,0,0,0,0,Matches
6928979a,Nicolò Barella,it ITA,MF,Inter,26-091,1997,27.1,43,21,15,23,5,22,44,50.0,22,25,4,21,11,54,10,0,Matches
6caffe81,Enzo Barrenechea,ar ARG,MF,Juventus,21-352,2001,1.8,8,3,3,4,1,3,5,60.0,2,3,0,3,2,10,3,0,Matches
e5bf73f3,Musa Barrow,gm GAM,"FW,MF",Bologna,24-176,1998,18.5,18,3,9,5,4,7,13,53.8,6,19,1,18,1,19,6,0,Matches
5a08ee41,Federico Baschirotto,it ITA,DF,Lecce,26-231,1996,33.0,36,26,32,4,0,19,31,61.3,12,40,24,16,36,72,170,0,Matches
80556f08,Toma Bašić,hr CRO,MF,Lazio,26-165,1996,5.4,5,3,3,1,1,2,7,28.6,5,9,0,9,7,12,8,0,Matches
2ce215f2,Alberto Basso,it ITA,MF,Cremonese,18-314,2004,0.2,0,0,0,0,0,0,0,,0,0,0,0,0,0,0,0,Matches
75b86fb3,Alessandro Bastoni,it ITA,DF,Inter,24-026,1999,21.5,39,19,19,13,7,10,23,43.5,13,24,11,13,23,62,39,0,Matches
1ac232b8,Simone Bastoni,it ITA,"MF,DF",Spezia,26-185,1996,13.1,45,23,22,18,5,14,31,45.2,17,20,5,15,8,53,14,0,Matches
78e6bf2c,Brian Bayeye,fr FRA,DF,Torino,22-313,2000,0.7,3,0,3,0,0,1,1,100.0,0,1,1,0,1,4,2,0,Matches
19e4eab9,Rodrigo Becão,br BRA,DF,Udinese,27-110,1996,26.6,69,35,50,16,3,40,51,78.4,11,40,21,19,25,94,67,1,Matches
e892c325,Julius Beck,dk DEN,MF,Spezia,18-012,2005,0.1,2,1,1,1,0,0,0,,0,0,0,0,0,2,0,0,Matches
e3756e72,Raoul Bellanova,it ITA,DF,Inter,22-357,2000,3.6,8,5,6,1,1,5,7,71.4,2,4,1,3,3,11,13,0,Matches
d705ba44,Andrea Belotti,it ITA,FW,Roma,29-140,1993,9.4,9,5,3,2,4,3,9,33.3,6,10,1,9,3,12,2,0,Matches
0000acda,Marco Benassi,it ITA,DF,Fiorentina,28-243,1994,1.0,3,3,2,0,1,3,4,75.0,1,0,0,0,1,4,1,0,Matches
0000acda,Marco Benassi,it ITA,MF,Cremonese,28-243,1994,10.3,24,13,8,10,6,14,23,60.9,9,12,0,12,11,35,16,0,Matches
db092d3b,Ismaël Bennacer,dz ALG,MF,Milan,25-159,1997,22.3,59,33,26,31,2,30,51,58.8,21,25,7,18,26,85,16,1,Matches
53a0e358,Domenico Berardi,it ITA,FW,Sassuolo,28-281,1994,17.0,21,13,8,8,5,8,34,23.5,26,12,0,12,14,35,14,0,Matches
61b3978f,Bartosz Bereszyński,pl POL,DF,Sampdoria,30-301,1992,13.3,28,18,15,11,2,17,26,65.4,9,18,4,14,21,49,25,0,Matches
ed5c0319,Beto,gw GNB,FW,Udinese,25-098,1998,21.5,16,9,0,9,7,4,15,26.7,11,16,2,14,4,20,25,0,Matches
b3a20f18,Matteo Bianchetti,it ITA,DF,Cremonese,30-053,1993,21.8,32,19,21,9,2,20,32,62.5,12,29,17,12,17,49,106,0,Matches
d65cf468,Alessandro Bianco,it ITA,MF,Fiorentina,20-220,2002,1.4,4,1,1,3,0,2,3,66.7,1,1,0,1,0,4,0,0,Matches
6fdac234,Jaka Bijol,si SVN,DF,Udinese,24-093,1999,27.3,30,18,24,6,0,11,21,52.4,10,38,22,16,27,57,154,0,Matches
9e1577aa,Cristiano Biraghi,it ITA,DF,Fiorentina,30-250,1992,27.2,62,36,27,29,6,31,62,50.0,31,29,7,22,14,76,42,1,Matches
204ac005,Samuele Birindelli,it ITA,DF,Monza,23-294,1999,14.2,29,15,16,10,3,16,26,61.5,10,25,8,17,15,44,30,0,Matches
79370f8c,Kristijan Bistrović,hr CRO,MF,Lecce,25-030,1998,5.1,3,1,3,0,0,0,5,0.0,5,3,0,3,0,3,4,0,Matches
c69ef855,Alexis Blin,fr FRA,MF,Lecce,26-235,1996,22.4,60,32,23,28,9,33,63,52.4,30,46,13,33,29,89,70,0,Matches
fe012aca,Jeremie Boga,ci CIV,"MF,FW",Atalanta,26-126,1997,8.7,9,5,3,2,4,2,5,40.0,3,6,0,6,1,10,1,0,Matches
c83c203f,Emil Bohinen,no NOR,MF,Salernitana,24-058,1999,7.6,21,11,12,7,2,11,21,52.4,10,19,5,14,16,37,20,0,Matches
d995ed27,Giacomo Bonaventura,it ITA,MF,Fiorentina,33-260,1989,20.6,35,23,14,15,6,24,37,64.9,13,14,0,14,16,51,5,1,Matches
bf57eaab,Federico Bonazzoli,it ITA,"FW,MF",Salernitana,25-353,1997,12.4,5,3,0,3,2,0,9,0.0,9,9,1,8,3,8,0,0,Matches
0def2376,Warren Bondo,fr FRA,MF,Monza,19-236,2003,0.7,1,0,1,0,0,0,0,,0,1,0,1,0,1,0,0,Matches
fb77bfef,Kevin Bonifazi,it ITA,DF,Bologna,26-355,1996,6.2,6,4,4,2,0,3,8,37.5,5,7,5,2,8,14,24,0,Matches
52ec54d0,Leonardo Bonucci,it ITA,DF,Juventus,36-008,1987,8.7,5,4,1,4,0,2,4,50.0,2,11,8,3,12,17,28,0,Matches
3d13d9e4,Erik Botheim,no NOR,"FW,MF",Salernitana,23-119,2000,7.4,9,6,2,4,3,4,8,50.0,4,1,0,1,0,9,2,0,Matches
0d077b88,Mehdi Bourabia,ma MAR,MF,Spezia,31-275,1991,27.9,38,17,13,20,5,17,37,45.9,20,35,12,23,30,68,52,0,Matches
ae94a6c5,Edoardo Bove,it ITA,MF,Roma,20-358,2002,7.9,24,10,6,12,6,11,31,35.5,20,11,1,10,8,32,6,0,Matches
c609e90e,Jayden Braaf,nl NED,"MF,FW",Hellas Verona,20-251,2002,2.8,5,3,2,3,0,0,0,,0,1,0,1,2,7,1,0,Matches
8bbe2df5,Domagoj Bradarić,hr CRO,DF,Salernitana,23-150,1999,22.8,26,19,14,8,4,7,14,50.0,7,19,5,14,20,46,40,0,Matches
d4a2533d,Josip Brekalo,hr CRO,"FW,MF",Fiorentina,24-320,1998,1.3,2,1,0,1,1,1,2,50.0,1,0,0,0,0,2,0,0,Matches
5fd5ed86,Gleison Bremer,br BRA,DF,Juventus,26-052,1997,26.4,27,18,21,5,1,18,25,72.0,7,42,22,20,38,65,115,2,Matches
edd81e2a,Dylan Bronn,tn TUN,DF,Salernitana,27-324,1995,17.7,33,17,17,15,1,20,30,66.7,10,32,20,12,19,52,56,1,Matches
33b8d077,Marcelo Brozović,hr CRO,MF,Inter,30-174,1992,16.3,30,16,9,19,2,7,31,22.6,24,20,8,12,18,48,24,0,Matches
f3a9fa26,Cristian Buonaiuto,it ITA,"MF,FW",Cremonese,30-131,1992,9.3,21,12,8,7,6,10,23,43.5,13,10,0,10,12,33,7,0,Matches
4ae67f27,Alessandro Buongiorno,it ITA,DF,Torino,23-337,1999,26.2,34,22,21,13,0,13,24,54.2,11,33,17,16,49,83,85,2,Matches
ef6eef89,Juan Cabal,co COL,DF,Hellas Verona,22-121,2001,2.0,3,3,3,0,0,3,4,75.0,1,5,4,1,3,6,5,0,Matches
dd86e8e4,Liberato Cacace,nz NZL,DF,Empoli,22-224,2000,4.5,19,7,10,6,3,8,12,66.7,4,10,5,5,4,23,12,0,Matches
2146785a,Davide Calabria,it ITA,DF,Milan,26-154,1996,15.8,62,37,27,28,7,36,56,64.3,20,18,5,13,24,86,31,0,Matches
ac7e640b,Mattia Caldara,it ITA,DF,Spezia,29-004,1994,13.9,23,14,10,11,2,9,20,45.0,11,23,16,7,17,40,88,2,Matches
226008f1,Luca Caldirola,it ITA,DF,Monza,32-097,1991,23.6,24,12,17,4,3,11,24,45.8,13,27,15,12,21,45,60,0,Matches
cd0fa27b,Hakan Çalhanoğlu,tr TUR,MF,Inter,29-090,1994,24.7,45,24,16,24,5,14,40,35.0,26,27,4,23,24,69,12,1,Matches
13ea2544,Mohamed Camara,gn GUI,MF,Roma,26-070,1997,5.9,11,10,3,7,1,4,12,33.3,8,3,0,3,9,20,5,0,Matches
91ff775f,Nicolò Cambiaghi,it ITA,"FW,MF",Empoli,22-132,2000,10.5,23,18,10,8,5,4,17,23.5,13,12,1,11,6,29,6,0,Matches
247ed022,Andrea Cambiaso,it ITA,DF,Bologna,23-078,2000,20.1,47,27,28,17,2,21,49,42.9,28,22,2,20,25,72,29,1,Matches
b6a1cdf9,Matteo Cancellieri,it ITA,FW,Lazio,21-086,2002,2.8,10,4,5,3,2,5,9,55.6,4,4,0,4,1,11,2,0,Matches
356c9002,Antonio Candreva,it ITA,"DF,MF",Salernitana,36-070,1987,27.3,13,5,11,1,1,10,35,28.6,25,7,3,4,16,29,31,0,Matches
54e53b7e,Gianluca Caprari,it ITA,"MF,FW",Monza,29-283,1993,24.2,15,6,3,10,2,8,25,32.0,17,20,1,19,7,22,3,0,Matches
5bd72174,Francesco Caputo,it ITA,FW,Sampdoria,35-276,1987,12.2,3,1,0,0,3,0,3,0.0,3,0,0,0,1,4,3,0,Matches
5bd72174,Francesco Caputo,it ITA,FW,Empoli,35-276,1987,17.0,2,2,0,1,1,0,1,0.0,1,6,2,4,1,3,6,0,Matches
f7e2af2c,Andrea Carboni,it ITA,DF,Monza,22-094,2001,1.9,3,2,2,0,1,2,5,40.0,3,3,2,1,3,6,2,1,Matches
b033f803,Franco Carboni,it ITA,DF,Monza,20-035,2003,0.6,1,1,1,0,0,0,2,0.0,2,2,0,2,1,2,0,0,Matches
707b98f1,Valentin Carboni,it ITA,"MF,DF",Inter,18-065,2005,0.3,1,1,0,1,0,1,3,33.3,2,1,0,1,0,1,0,0,Matches
8d3cd59d,Carlos,br BRA,DF,Monza,24-122,1999,30.3,61,31,34,19,8,29,47,61.7,18,21,6,15,21,82,80,1,Matches
8ec56e62,Marco Carnesecchi,it ITA,GK,Cremonese,22-312,2000,25.0,1,1,1,0,0,1,2,50.0,1,0,0,0,0,1,10,1,Matches
3f5f38fb,Nicolò Casale,it ITA,DF,Lazio,25-084,1998,23.9,37,17,23,14,0,19,31,61.3,12,23,15,8,16,53,65,1,Matches
6c4307ee,Tommaso Cassandro,it ITA,DF,Lecce,23-120,2000,0.1,1,1,0,1,0,0,0,,0,1,1,0,0,1,0,0,Matches
ad92526f,Michele Castagnetti,it ITA,MF,Cremonese,33-133,1989,13.6,39,17,18,20,1,14,44,31.8,30,12,4,8,14,53,20,0,Matches
0728bebe,Gaetano Castrovilli,it ITA,MF,Fiorentina,26-081,1997,6.0,8,6,0,6,2,2,8,25.0,6,4,1,3,4,12,2,0,Matches
ba3d3bea,Danilo Cataldi,it ITA,MF,Lazio,28-276,1994,21.1,24,15,7,14,3,14,40,35.0,26,23,9,14,24,48,32,0,Matches
4d1efb48,Pietro Ceccaroni,it ITA,DF,Lecce,27-139,1995,0.5,0,0,0,0,0,0,0,,0,1,1,0,3,3,2,0,Matches
d9624b51,Federico Ceccherini,it ITA,DF,Hellas Verona,30-363,1992,14.4,21,15,12,8,1,10,18,55.6,8,16,9,7,15,36,49,0,Matches
07f8bcc8,Assan Ceesay,gm GAM,FW,Lecce,29-053,1994,18.1,21,16,7,7,7,7,15,46.7,8,15,2,13,3,24,24,0,Matches
98a84572,Emil Ceide,no NOR,FW,Sassuolo,21-248,2001,4.1,4,1,4,0,0,3,4,75.0,1,2,0,2,1,5,0,0,Matches
31a62dc7,Zeki Çelik,tr TUR,DF,Roma,26-081,1997,15.1,38,20,17,19,2,23,36,63.9,13,30,5,25,14,52,32,2,Matches
efdeaff3,Michele Cerofolini,it ITA,GK,Fiorentina,24-125,1999,1.0,0,0,0,0,0,0,0,,0,0,0,0,1,1,0,0,Matches
b0f7e36c,Federico Chiesa,it ITA,"DF,FW",Juventus,25-196,1997,6.4,15,6,5,5,5,4,8,50.0,4,8,1,7,0,15,1,0,Matches
c316607a,Vlad Chiricheș,ro ROU,DF,Cremonese,33-176,1989,9.1,29,17,21,7,1,11,18,61.1,7,25,14,11,19,48,36,0,Matches
b09a3ecc,Daniel Ciofani,it ITA,FW,Cremonese,37-282,1985,9.6,5,3,1,2,2,3,6,50.0,3,6,1,5,1,6,8,0,Matches
039a4fb6,Tio Cipot,si SVN,"FW,DF",Spezia,20-019,2003,1.5,9,7,3,3,3,5,7,71.4,2,0,0,0,0,9,2,0,Matches
5de3866c,Patrick Ciurria,it ITA,"DF,MF",Monza,28-089,1995,26.7,28,16,18,9,1,14,29,48.3,15,21,2,19,4,32,29,0,Matches
8b95acda,Omar Colley,gm GAM,DF,Sampdoria,30-197,1992,15.4,17,10,10,7,0,9,12,75.0,3,9,5,4,22,39,69,1,Matches
04df29a5,Lorenzo Colombo,it ITA,FW,Lecce,21-062,2002,14.9,16,8,1,8,7,6,13,46.2,7,19,0,19,2,18,5,0,Matches
6499048c,Andrea Colpani,it ITA,MF,Monza,23-363,1999,9.6,14,9,6,5,3,8,12,66.7,4,14,2,12,3,17,4,0,Matches
8cabdc1e,Andrea Consigli,it ITA,GK,Sassuolo,36-102,1987,32.0,1,0,1,0,0,0,1,0.0,1,0,0,0,0,1,12,3,Matches
8fef5412,Andrea Conti,it ITA,DF,Sampdoria,29-068,1994,0.3,0,0,0,0,0,0,0,,0,0,0,0,0,0,0,0,Matches
22ae86f9,Diego Coppola,it ITA,DF,Hellas Verona,19-132,2003,12.1,22,16,13,9,0,10,18,55.6,8,18,6,12,13,35,34,0,Matches
45b9b619,Joaquín Correa,ar ARG,FW,Inter,28-269,1994,9.2,11,7,2,6,3,3,11,27.3,8,3,0,3,1,12,0,0,Matches
bfc359ed,Alessandro Cortinovis,it ITA,MF,Hellas Verona,22-104,2001,0.1,1,0,1,0,0,0,0,,0,1,0,1,0,1,0,0,Matches
85a44ecc,Lassana Coulibaly,ml MLI,MF,Salernitana,27-029,1996,28.3,70,42,35,29,6,26,63,41.3,37,30,6,24,19,89,28,2,Matches
f554e29b,Alessio Cragno,it ITA,GK,Monza,28-315,1994,1.0,0,0,0,0,0,0,1,0.0,1,0,0,0,0,0,0,0,Matches
16657b95,Bryan Cristante,it ITA,"MF,DF",Roma,28-067,1995,30.1,105,58,50,46,9,50,84,59.5,34,38,9,29,18,123,48,0,Matches
22cd43d2,Domen Črnigoj,si SVN,MF,Salernitana,27-172,1995,3.3,8,3,0,7,1,1,2,50.0,1,9,1,8,9,17,6,0,Matches
0ab1f153,Juan Cuadrado,co COL,"DF,FW",Juventus,34-348,1988,20.2,42,29,29,12,1,22,56,39.3,34,14,2,12,24,66,27,0,Matches
5722eced,Mickaël Cuisance,fr FRA,MF,Sampdoria,23-266,1999,6.9,13,10,7,5,1,5,23,21.7,18,10,0,10,5,18,4,0,Matches
060606ec,Marco D'Alessandro,it ITA,"DF,FW",Monza,32-081,1991,3.2,4,4,3,1,0,2,5,40.0,3,2,0,2,1,5,3,0,Matches
44eb9093,Danilo D'Ambrosio,it ITA,DF,Inter,34-242,1988,5.2,21,14,14,6,1,12,19,63.2,7,9,3,6,9,30,11,0,Matches
f778fe3f,Luca D'Andrea,it ITA,FW,Sassuolo,18-245,2004,3.5,4,0,2,1,1,1,4,25.0,3,2,0,2,1,5,1,0,Matches
7ef972c3,Flavius Daniliuc,at AUT,DF,Salernitana,22-012,2001,21.4,52,26,34,15,3,24,42,57.1,18,28,12,16,27,79,74,0,Matches
94b2001f,Danilo,br BRA,DF,Juventus,31-298,1991,32.4,82,53,57,18,7,45,63,71.4,18,36,19,17,41,123,105,1,Matches
96e0490d,Matteo Darmian,it ITA,DF,Inter,33-158,1989,21.3,53,29,27,14,12,30,43,69.8,13,33,5,28,21,74,33,0,Matches
16bb656a,Paweł Dawidowicz,pl POL,DF,Hellas Verona,27-354,1995,17.6,47,30,27,17,3,21,29,72.4,8,14,9,5,20,67,69,0,Matches
2ef7c612,Charles De Ketelaere,be BEL,MF,Milan,22-060,2001,11.7,25,11,7,13,5,12,29,41.4,17,14,2,12,4,29,8,0,Matches
60e3603d,Manuel De Luca,it ITA,"FW,MF",Sampdoria,24-296,1998,0.5,0,0,0,0,0,0,0,,0,0,0,0,0,0,0,0,Matches
ae4e2852,Mattia De Sciglio,it ITA,DF,Juventus,30-201,1992,11.6,14,7,8,3,3,9,14,64.3,5,9,3,6,4,18,20,0,Matches
e74f0e59,Lorenzo De Silvestri,it ITA,DF,Bologna,34-351,1988,6.0,2,2,1,0,1,2,5,40.0,3,5,5,0,2,4,17,0,Matches
f4797849,Koni De Winter,be BEL,DF,Empoli,20-331,2002,11.4,14,9,11,3,0,5,13,38.5,8,14,12,2,6,20,65,0,Matches
854ee61a,Grégoire Defrel,mq MTQ,FW,Sassuolo,31-326,1991,11.5,9,7,5,2,2,4,10,40.0,6,10,0,10,2,11,5,0,Matches
0e0d6c53,Duccio Degl'Innocenti,it ITA,MF,Empoli,20-011,2003,0.0,0,0,0,0,0,0,0,,0,0,0,0,1,1,0,0,Matches
e3cceee6,Merih Demiral,tr TUR,DF,Atalanta,25-065,1998,16.8,40,28,30,10,0,26,36,72.2,10,24,7,17,23,63,56,1,Matches
dc3fa3b5,Diego Demme,de GER,MF,Napoli,31-169,1991,1.5,1,0,1,0,0,0,4,0.0,4,2,0,2,0,1,1,0,Matches
d97f2e8d,Fabio Depaoli,it ITA,DF,Hellas Verona,26-015,1997,21.0,42,25,25,12,5,20,34,58.8,14,29,6,23,14,56,29,3,Matches
d97f2e8d,Fabio Depaoli,it ITA,"DF,MF",Sampdoria,26-015,1997,1.5,5,3,2,3,0,3,4,75.0,1,1,0,1,1,6,4,0,Matches
2990c466,Kastriot Dermaku,al ALB,DF,Lecce,31-114,1992,0.4,0,0,0,0,0,0,0,,0,0,0,0,0,0,0,0,Matches
dcb38abe,Cyriel Dessers,ng NGA,FW,Cremonese,28-152,1994,17.6,11,4,4,4,3,2,6,33.3,4,14,2,12,3,14,5,0,Matches
5976f83e,Sergiño Dest,us USA,DF,Milan,22-187,2000,3.7,12,6,3,5,4,3,4,75.0,1,1,0,1,4,16,2,0,Matches
d7d32194,Mattia Destro,it ITA,FW,Empoli,32-050,1991,5.4,1,1,0,1,0,0,0,,0,2,0,2,1,2,5,0,Matches
39583cfd,Gerard Deulofeu,es ESP,FW,Udinese,29-057,1994,13.5,8,5,5,1,2,5,15,33.3,10,8,1,7,2,10,1,0,Matches
ef94dc2f,Samuel Di Carmine,it ITA,"FW,MF",Cremonese,34-222,1988,0.3,0,0,0,0,0,0,0,,0,0,0,0,0,0,0,0,Matches
1fca9171,Federico Di Francesco,it ITA,"FW,MF",Lecce,28-329,1994,21.0,26,15,7,11,8,8,18,44.4,10,16,0,16,8,34,12,0,Matches
4e0c8d66,Michele Di Gregorio,it ITA,GK,Monza,25-286,1997,33.0,0,0,0,0,0,0,2,0.0,2,0,0,0,4,4,16,3,Matches
230a2fac,Giovanni Di Lorenzo,it ITA,DF,Napoli,29-278,1993,33.9,56,27,32,18,6,23,46,50.0,23,28,8,20,27,83,58,0,Matches
19cda00b,Ángel Di María,ar ARG,"FW,MF",Juventus,35-084,1988,13.5,8,4,2,5,1,3,16,18.8,13,14,0,14,7,15,0,0,Matches
244bc2c8,Boulaye Dia,sn SEN,"FW,MF",Salernitana,26-174,1996,26.0,11,5,3,5,3,2,7,28.6,5,7,0,7,6,17,26,1,Matches
407feb71,Brahim Díaz,es ESP,"MF,FW",Milan,23-279,1999,18.2,28,12,5,19,4,4,13,30.8,9,10,0,10,5,33,5,0,Matches
970b8574,Federico Dimarco,it ITA,DF,Inter,25-180,1997,21.4,30,24,6,17,7,9,19,47.4,10,15,4,11,18,48,20,0,Matches
933d3b51,Koffi Djidji,ci CIV,DF,Torino,30-160,1992,24.9,45,22,31,13,1,16,29,55.2,13,24,11,13,33,78,66,0,Matches
6eee05f1,Berat Djimsiti,al ALB,DF,Atalanta,30-079,1993,16.2,26,15,17,9,0,14,20,70.0,6,16,7,9,28,54,63,1,Matches
b5f7d10b,Dodô,br BRA,DF,Fiorentina,24-173,1998,24.6,38,21,19,14,5,21,41,51.2,20,23,2,21,25,63,36,0,Matches
2f69d881,Josh Doig,sct SCO,DF,Hellas Verona,20-356,2002,15.0,19,8,6,7,6,6,16,37.5,10,25,6,19,11,30,13,1,Matches
20b3a502,Nicolás Domínguez,ar ARG,MF,Bologna,24-315,1998,22.9,70,44,29,32,9,34,65,52.3,31,27,2,25,19,89,28,1,Matches
22051fbe,Giulio Donati,it ITA,DF,Monza,33-093,1990,4.7,4,1,1,1,2,3,6,50.0,3,3,1,2,4,8,11,0,Matches
085e71a7,Bartłomiej Drągowski,pl POL,GK,Spezia,25-263,1997,29.7,1,0,1,0,0,1,5,20.0,4,0,0,0,1,2,15,3,Matches
79ca3e23,Ondrej Duda,sk SVK,MF,Hellas Verona,28-155,1994,11.7,22,14,7,12,3,9,16,56.3,7,11,0,11,13,35,8,0,Matches
481c9ece,Denzel Dumfries,nl NED,DF,Inter,27-021,1996,22.5,29,14,13,12,4,18,30,60.0,12,29,8,21,12,41,24,0,Matches
528492ea,Alfred Duncan,gh GHA,MF,Fiorentina,30-060,1993,9.1,17,10,0,16,1,10,18,55.6,8,6,0,6,8,25,6,0,Matches
e0921a4f,Paulo Dybala,ar ARG,"MF,FW",Roma,29-175,1993,18.3,14,4,1,8,5,8,26,30.8,18,11,0,11,8,22,4,0,Matches
3bb7f478,Edin Džeko,ba BIH,FW,Inter,37-053,1986,18.7,3,2,0,3,0,0,4,0.0,4,15,1,14,3,6,24,0,Matches
dbfa4f16,Festy Ebosele,ie IRL,DF,Udinese,20-280,2002,3.9,12,8,6,6,0,2,7,28.6,5,4,0,4,2,14,5,0,Matches
9ba7b4fa,Enzo Ebosse,cm CMR,DF,Udinese,24-059,1999,10.3,15,9,11,4,0,9,13,69.2,4,27,6,21,11,26,29,0,Matches
6af30900,Tyronne Ebuehi,ng NGA,DF,Empoli,27-144,1995,18.5,20,13,10,7,3,9,13,69.2,4,22,11,11,9,29,65,1,Matches
a9202def,Éderson,br BRA,MF,Atalanta,23-306,1999,21.7,64,33,17,41,6,27,57,47.4,30,50,7,43,31,95,26,0,Matches
76b2817e,Kingsley Ehizibue,nl NED,DF,Udinese,27-349,1995,17.1,47,31,28,13,6,29,45,64.4,16,21,3,18,10,57,42,1,Matches
f503ea63,Albin Ekdal,se SWE,MF,Spezia,33-285,1989,16.7,33,19,12,18,3,17,42,40.5,25,22,1,21,24,57,35,0,Matches
c20892ee,Emmanuel Ekong,se SWE,"FW,MF",Empoli,20-318,2002,0.2,0,0,0,0,0,0,0,,0,0,0,0,0,0,0,0,Matches
c55967eb,Mikael Ellertsson,is ISL,"MF,DF",Spezia,21-059,2002,1.9,4,2,1,3,0,0,3,0.0,3,2,1,1,2,6,0,0,Matches
cf007308,Elif Elmas,mk MKD,"FW,MF",Napoli,23-227,1999,15.9,19,9,7,9,3,8,16,50.0,8,14,2,12,11,30,5,0,Matches
0fee6bda,Martin Erlic,hr CRO,DF,Sassuolo,25-105,1998,22.9,22,12,15,6,1,9,21,42.9,12,31,20,11,26,48,109,1,Matches
3f79a1c8,Gonzalo Escalante,ar ARG,MF,Cremonese,30-043,1993,6.2,16,8,8,8,0,10,13,76.9,3,7,1,6,10,26,4,0,Matches
5cf5c9ad,Salvatore Esposito,it ITA,MF,Spezia,22-214,2000,6.8,8,8,4,3,1,4,15,26.7,11,6,1,5,9,17,15,0,Matches
366be751,Nicolò Fagioli,it ITA,MF,Juventus,22-086,2001,15.9,27,17,10,15,2,8,27,29.6,19,16,2,14,8,35,7,1,Matches
9f5a610b,Wladimiro Falcone,it ITA,GK,Lecce,28-027,1995,34.0,2,0,2,0,0,2,2,100.0,0,0,0,0,2,4,20,3,Matches
aae9d04a,Davide Faraoni,it ITA,DF,Hellas Verona,31-196,1991,14.0,27,18,14,11,2,14,35,40.0,21,25,9,16,14,41,32,0,Matches
4e358a2d,Federico Fazio,ar ARG,DF,Salernitana,36-053,1987,11.9,15,12,8,7,0,4,11,36.4,7,9,4,5,28,43,61,0,Matches
06b08c45,Jacopo Fazzini,it ITA,MF,Empoli,20-054,2003,6.8,25,14,16,7,2,14,28,50.0,14,13,2,11,7,32,18,0,Matches
ee64a822,Lewis Ferguson,sct SCO,"MF,FW",Bologna,23-258,1999,23.0,38,24,15,19,4,17,33,51.5,16,18,6,12,17,55,20,0,Matches
d0dbca9f,Alex Ferrari,it ITA,DF,Sampdoria,28-312,1994,9.6,9,5,7,2,0,4,8,50.0,4,21,10,11,19,28,25,0,Matches
d0dbca9f,Alex Ferrari,it ITA,DF,Cremonese,28-312,1994,9.5,31,19,27,4,0,22,31,71.0,9,15,3,12,20,51,43,1,Matches
eb76987d,Salvador Ferrer,es ESP,DF,Spezia,25-108,1998,1.4,4,2,2,2,0,1,3,33.3,2,3,1,2,1,5,2,0,Matches
e288d4b3,Alessandro Florenzi,it ITA,DF,Milan,32-059,1991,2.2,6,4,3,2,1,4,6,66.7,2,1,0,1,3,9,2,0,Matches
2a7d27c1,Davide Frattesi,it ITA,MF,Sassuolo,23-199,1999,30.1,59,33,23,28,8,22,41,53.7,19,25,5,20,14,73,40,0,Matches
c235e803,Matteo Gabbia,it ITA,DF,Milan,23-200,1999,6.8,17,10,12,5,0,6,8,75.0,2,8,3,5,5,22,29,0,Matches
8f866fe8,Manolo Gabbiadini,it ITA,"FW,MF",Sampdoria,31-164,1991,22.5,14,9,3,7,4,5,15,33.3,10,12,1,11,5,19,23,0,Matches
3b387cc7,Gianluca Gaetano,it ITA,MF,Napoli,23-004,2000,0.4,3,2,1,2,0,0,0,,0,1,0,1,0,3,0,0,Matches
ce30bfc8,Roberto Gagliardini,it ITA,MF,Inter,29-032,1994,6.3,16,6,9,6,1,10,20,50.0,10,8,2,6,1,17,9,0,Matches
8dfed6e9,Adolfo Gaich,ar ARG,FW,Hellas Verona,24-072,1999,7.3,5,3,0,3,2,1,4,25.0,3,7,2,5,2,7,7,1,Matches
dd403465,Pablo Galdames Millán,cl CHI,MF,Cremonese,26-130,1996,5.7,13,9,7,3,3,5,27,18.5,22,11,2,9,7,20,11,0,Matches
c74d63ac,Antonino Gallo,it ITA,DF,Lecce,23-124,2000,23.9,52,33,32,11,9,36,51,70.6,15,31,4,27,11,63,58,0,Matches
18dd3219,Federico Gatti,it ITA,DF,Juventus,24-319,1998,12.1,13,9,8,4,1,7,11,63.6,4,17,12,5,16,29,48,2,Matches
822ed0ec,Valentin Gendrey,fr FRA,DF,Lecce,22-322,2000,30.6,81,53,51,21,9,36,64,56.3,28,43,4,39,36,117,77,0,Matches
71dc23da,Paolo Ghiglione,it ITA,DF,Cremonese,26-096,1997,7.0,13,9,9,3,1,8,17,47.1,9,9,4,5,4,17,11,0,Matches
9c435456,Mario Gila,es ESP,DF,Lazio,22-253,2000,1.0,3,1,3,0,0,0,1,0.0,1,0,0,0,3,6,3,0,Matches
548bd0de,Gvidas Gineitis,lt LTU,MF,Torino,19-024,2004,1.5,3,1,0,2,1,1,2,50.0,1,0,0,0,0,3,1,0,Matches
16ceb862,Olivier Giroud,fr FRA,FW,Milan,36-221,1986,20.6,8,5,2,4,2,2,9,22.2,7,10,3,7,2,10,19,0,Matches
f0f7f62f,Pierluigi Gollini,it ITA,GK,Fiorentina,28-052,1995,3.0,1,0,1,0,0,1,1,100.0,0,0,0,0,0,1,2,0,Matches
f0f7f62f,Pierluigi Gollini,it ITA,GK,Napoli,28-052,1995,2.0,0,0,0,0,0,0,0,,0,0,0,0,0,0,1,0,Matches
f025eade,Joan Gonzàlez,es ESP,MF,Lecce,21-097,2002,23.6,48,28,20,18,10,17,49,34.7,32,37,8,29,16,64,28,0,Matches
2374aaca,Nicolás González,ar ARG,"FW,MF",Fiorentina,25-033,1998,14.2,14,8,3,7,4,3,13,23.1,10,14,0,14,4,18,6,0,Matches
2d970560,Robin Gosens,de GER,DF,Inter,28-308,1994,10.9,30,15,12,9,9,14,22,63.6,8,13,1,12,21,51,12,0,Matches
6cc97b6a,Alberto Grassi,it ITA,MF,Empoli,28-063,1995,9.7,23,18,12,11,0,13,19,68.4,6,16,10,6,24,47,35,0,Matches
49136c42,Andrew Gravillon,gp GLP,DF,Torino,25-090,1998,3.5,3,3,0,3,0,0,0,,0,4,2,2,9,12,16,0,Matches
f1f1f238,Koray Günter,de GER,DF,Hellas Verona,28-266,1994,11.1,10,6,1,8,1,4,7,57.1,3,24,15,9,30,40,46,0,Matches
f1f1f238,Koray Günter,de GER,"DF,MF",Sampdoria,28-266,1994,6.1,6,5,3,3,0,5,7,71.4,2,7,4,3,8,14,28,0,Matches
f9758dae,Emmanuel Gyasi,gh GHA,"FW,DF",Spezia,29-118,1994,27.5,23,14,11,10,2,9,30,30.0,21,22,6,16,8,31,21,0,Matches
0be276c6,Norbert Gyömbér,sk SVK,DF,Salernitana,30-310,1992,17.7,31,22,24,6,1,15,23,65.2,8,33,22,11,32,63,87,0,Matches
9250bcff,Christian Gytkjær,dk DEN,"FW,MF",Monza,33-003,1990,5.8,6,2,1,4,1,2,5,40.0,3,3,1,2,0,6,1,0,Matches
fa449bba,Nicolas Haas,ch SUI,MF,Empoli,27-106,1996,11.7,25,11,14,6,5,10,21,47.6,11,13,4,9,7,32,26,0,Matches
74419746,Samir Handanović,si SVN,GK,Inter,38-299,1984,12.0,0,0,0,0,0,0,0,,0,0,0,0,0,0,3,0,Matches
65fd099c,Abdou Harroui,nl NED,MF,Sassuolo,25-116,1998,5.7,15,5,5,6,4,2,7,28.6,5,6,1,5,1,16,9,0,Matches
3b333ac3,Hans Hateboer,nl NED,DF,Atalanta,29-120,1994,15.5,21,13,11,8,2,11,27,40.7,16,23,4,19,12,33,25,0,Matches
d7918b13,Liam Henderson,sct SCO,MF,Empoli,27-014,1996,9.8,10,8,4,5,1,4,20,20.0,16,9,2,7,9,19,9,0,Matches
ffed43e3,Jack Hendry,sct SCO,DF,Cremonese,28-002,1995,2.4,0,0,0,0,0,0,1,0.0,1,2,1,1,1,1,7,0,Matches
a2d9f138,Matheus Henrique,br BRA,MF,Sassuolo,25-141,1997,18.4,20,11,8,9,3,8,17,47.1,9,15,4,11,11,31,9,0,Matches
9ef42479,Thomas Henry,fr FRA,FW,Hellas Verona,28-231,1994,11.4,5,3,1,1,3,1,5,20.0,4,6,2,4,0,5,14,0,Matches
d4c9725f,Theo Hernández,fr FRA,DF,Milan,25-215,1997,27.2,41,22,25,15,1,21,34,61.8,13,32,7,25,18,59,28,1,Matches
12806697,Isak Hien,se SWE,DF,Hellas Verona,24-116,1999,25.0,65,31,48,17,0,33,54,61.1,21,32,12,20,23,88,83,1,Matches
d4456fb3,Morten Hjulmand,dk DEN,MF,Lecce,23-318,1999,30.6,82,48,46,36,0,35,63,55.6,28,40,10,30,69,151,51,0,Matches
c2357b65,Emil Holm,se SWE,DF,Spezia,22-361,2000,15.5,26,15,13,8,5,16,31,51.6,15,21,6,15,9,35,41,0,Matches
b85bf253,Martin Hongla,cm CMR,MF,Hellas Verona,25-054,1998,5.8,8,5,4,4,0,5,5,100.0,0,7,1,6,6,14,9,0,Matches
d8800a46,Petko Hristov,bg BUL,DF,Spezia,24-069,1999,4.1,6,4,2,4,0,5,8,62.5,3,4,2,2,4,10,12,0,Matches
1f2d714c,Ajdin Hrustic,au AUS,MF,Hellas Verona,26-308,1996,2.5,2,1,1,1,0,1,2,50.0,1,2,0,2,0,2,2,1,Matches
2f3452eb,Elseid Hysaj,al ALB,DF,Lazio,29-078,1994,18.7,31,16,19,8,4,16,32,50.0,16,24,6,18,18,49,40,0,Matches
491a433d,Rasmus Højlund,dk DEN,FW,Atalanta,20-094,2003,17.0,4,3,0,2,2,1,4,25.0,3,8,0,8,1,5,5,0,Matches
82efe6fa,Roger Ibanez,br BRA,DF,Roma,24-167,1998,29.3,65,32,36,26,3,31,46,67.4,15,28,10,18,60,125,93,2,Matches
4cde5509,Zlatan Ibrahimović,se SWE,FW,Milan,41-218,1981,1.6,0,0,0,0,0,0,0,,0,1,1,0,0,0,2,0,Matches
a4e85758,Igor,br BRA,DF,Fiorentina,25-091,1998,19.9,40,26,20,16,4,19,26,73.1,7,31,13,18,23,63,49,2,Matches
42eaa028,Jonathan Ikone,fr FRA,FW,Fiorentina,25-007,1998,19.8,15,7,5,5,5,4,12,33.3,8,17,1,16,4,19,3,0,Matches
bb376bed,Ivan Ilić,rs SRB,MF,Hellas Verona,22-053,2001,9.5,16,10,9,7,0,6,11,54.5,5,10,1,9,8,24,14,0,Matches
bb376bed,Ivan Ilić,rs SRB,MF,Torino,22-053,2001,9.2,12,6,3,8,1,7,16,43.8,9,11,3,8,3,15,8,0,Matches
ba492306,Samuel Iling-Junior,eng ENG,"DF,MF",Juventus,19-217,2003,2.5,7,2,3,1,3,4,7,57.1,3,4,1,3,1,8,5,0,Matches
a47c6309,Emirhan İlkhan,tr TUR,MF,Torino,18-342,2004,1.0,1,1,0,1,0,1,1,100.0,0,3,1,2,2,3,2,0,Matches
a47c6309,Emirhan İlkhan,tr TUR,MF,Sampdoria,18-342,2004,0.8,2,1,1,0,1,1,2,50.0,1,3,0,3,0,2,2,0,Matches
4431aed2,Ciro Immobile,it ITA,FW,Lazio,33-078,1990,20.7,8,5,2,4,2,3,6,50.0,3,9,1,8,1,9,10,0,Matches
6b635f5c,Ardian Ismajli,al ALB,DF,Empoli,26-221,1996,20.6,38,30,23,15,0,17,22,77.3,5,45,29,16,26,64,109,0,Matches
89976232,Armando Izzo,it ITA,DF,Monza,31-068,1992,23.9,67,45,39,26,2,26,41,63.4,15,25,14,11,45,112,81,0,Matches
8c65eb5f,Mato Jajalo,ba BIH,MF,Udinese,34-349,1988,0.7,0,0,0,0,0,0,1,0.0,1,0,0,0,0,0,2,0,Matches
4a537185,Jesé,es ESP,FW,Sampdoria,30-072,1993,2.3,2,0,0,2,0,0,1,0.0,1,3,1,2,1,3,2,0,Matches
79083382,Juan Jesus,br BRA,DF,Napoli,31-333,1991,9.0,12,8,7,4,1,7,9,77.8,2,15,8,7,9,21,26,0,Matches
dc765618,Þórir Jóhann Helgason,is ISL,MF,Lecce,22-223,2000,2.4,2,2,1,0,1,2,3,66.7,1,3,1,2,3,5,3,0,Matches
4d8cd038,Luka Jović,rs SRB,"FW,MF",Fiorentina,25-137,1997,15.5,6,3,1,4,1,2,8,25.0,6,7,2,5,2,8,9,0,Matches
570bb4b9,Hamed Junior Traorè,ci CIV,"MF,FW",Sassuolo,23-082,2000,6.6,11,6,4,6,1,4,11,36.4,7,4,0,4,2,13,0,1,Matches
f95f49d2,Yayah Kallon,sl SLE,"MF,FW",Hellas Verona,21-313,2001,9.6,14,10,5,4,5,7,12,58.3,5,10,0,10,8,22,5,0,Matches
85f7d1be,Pierre Kalulu,fr FRA,DF,Milan,22-338,2000,27.3,53,36,30,20,3,25,38,65.8,13,39,15,24,40,93,52,1,Matches
8b66d9cc,Yann Karamoh,fr FRA,"MF,FW",Torino,24-305,1998,5.9,5,2,3,2,0,1,5,20.0,4,5,0,5,0,5,2,0,Matches
9f84febe,Rick Karsdorp,nl NED,DF,Roma,28-087,1995,7.9,21,13,11,7,3,13,22,59.1,9,0,0,0,7,28,15,1,Matches
7ae36711,Denso Kasius,nl NED,DF,Bologna,20-215,2002,3.8,12,6,7,4,1,8,10,80.0,2,6,3,3,3,15,6,0,Matches
2a82aa85,Grigoris Kastanos,cy CYP,"MF,DF",Salernitana,25-099,1998,11.4,29,17,12,15,2,9,29,31.0,20,15,4,11,7,36,6,0,Matches
3d50bcdb,Moise Kean,it ITA,FW,Juventus,23-070,2000,9.7,8,6,2,5,1,3,6,50.0,3,2,0,2,4,12,2,0,Matches
dc3e663e,Jakub Kiwior,pl POL,DF,Spezia,23-083,2000,16.0,22,17,15,7,0,6,24,25.0,18,26,18,8,24,46,71,1,Matches
8b8a56ce,Simon Kjær,dk DEN,DF,Milan,34-044,1989,10.1,13,7,7,6,0,5,8,62.5,3,14,11,3,9,22,28,1,Matches
a26fb8aa,Teun Koopmeiners,nl NED,MF,Atalanta,25-070,1998,27.8,42,25,13,23,6,25,49,51.0,24,36,5,31,18,60,35,2,Matches
b1cd37e6,Filip Kostić,rs SRB,"DF,FW",Juventus,30-189,1992,26.3,39,24,16,19,4,20,45,44.4,25,25,2,23,13,52,29,0,Matches
58e933d2,Christian Kouamé,ci CIV,FW,Fiorentina,25-154,1997,18.1,24,17,8,9,7,6,13,46.2,7,15,3,12,12,36,4,0,Matches
9d60028d,Viktor Kovalenko,ua UKR,MF,Spezia,27-084,1996,6.1,9,5,1,6,2,5,8,62.5,3,11,2,9,4,13,7,0,Matches
b804c280,Julian Kristoffersen,no NOR,FW,Salernitana,25-364,1997,0.2,0,0,0,0,0,0,0,,0,1,0,1,0,0,0,0,Matches
b4101c2e,Raimonds Krollis,lv LVA,FW,Spezia,21-193,2001,0.4,1,1,0,0,1,0,1,0.0,1,0,0,0,0,1,0,0,Matches
817c6964,Rade Krunić,ba BIH,MF,Milan,29-214,1993,15.6,36,25,16,16,4,14,48,29.2,34,26,10,16,16,52,19,0,Matches
a40819d9,Marash Kumbulla,al ALB,DF,Roma,23-090,2000,2.9,4,4,2,2,0,2,3,66.7,1,2,1,1,4,8,6,0,Matches
dea88efd,Khvicha Kvaratskhelia,ge GEO,FW,Napoli,22-086,2001,24.9,39,21,11,6,22,17,39,43.6,22,17,0,17,5,44,6,1,Matches
0a483542,Giorgos Kyriakopoulos,gr GRE,"DF,FW",Bologna,27-093,1996,7.8,13,6,4,5,4,10,23,43.5,13,14,2,12,4,17,10,0,Matches
0a483542,Giorgos Kyriakopoulos,gr GRE,"FW,DF",Sassuolo,27-093,1996,8.5,21,8,7,9,5,10,14,71.4,4,7,1,6,11,32,12,1,Matches
c283ddef,Sam Lammers,nl NED,FW,Sampdoria,26-009,1997,11.7,12,5,2,7,3,6,15,40.0,9,10,3,7,6,18,11,0,Matches
c283ddef,Sam Lammers,nl NED,FW,Empoli,26-009,1997,9.8,20,10,5,9,6,7,11,63.6,4,4,1,3,3,23,8,0,Matches
09538fdb,Kevin Lasagna,it ITA,"FW,MF",Hellas Verona,30-272,1992,17.5,12,6,7,3,2,6,14,42.9,8,17,1,16,5,17,13,0,Matches
2d22cea7,Armand Lauriente,fr FRA,FW,Sassuolo,24-156,1998,23.5,20,14,5,7,8,8,21,38.1,13,20,0,20,12,32,8,0,Matches
016ff750,Valentino Lazaro,at AUT,DF,Torino,27-046,1996,14.9,10,5,6,0,4,6,14,42.9,8,16,3,13,3,13,27,0,Matches
93088fbb,Marko Lazetić,rs SRB,FW,Milan,19-107,2004,0.1,0,0,0,0,0,0,0,,0,0,0,0,0,0,0,0,Matches
5128bde4,Darko Lazović,rs SRB,"DF,MF",Hellas Verona,32-236,1990,22.9,24,13,9,12,3,13,28,46.4,15,12,3,9,13,37,19,0,Matches
02caf6e0,Manuel Lazzari,it ITA,DF,Lazio,29-161,1993,18.1,33,21,13,14,6,21,36,58.3,15,18,6,12,16,49,29,1,Matches
20730eae,Rafael Leão,pt POR,"FW,MF",Milan,23-333,1999,24.0,5,4,1,3,1,4,10,40.0,6,6,2,4,13,18,8,0,Matches
7d3cbc67,Mehdi Léris,dz ALG,"MF,DF",Sampdoria,24-351,1998,24.3,57,42,27,22,8,21,50,42.0,29,35,5,30,24,81,28,0,Matches
d023d70f,Karol Linetty,pl POL,MF,Torino,28-096,1995,20.7,32,17,7,22,3,13,25,52.0,12,28,8,20,18,50,25,0,Matches
a3695ac2,Marcin Listkowski,pl POL,"MF,FW",Lecce,25-088,1998,0.9,0,0,0,0,0,0,0,,0,0,0,0,3,3,2,0,Matches
bba30585,Diego Llorente,es ESP,DF,Roma,29-266,1993,4.4,6,1,4,2,0,3,8,37.5,5,1,0,1,7,13,14,0,Matches
e1cbb531,Stanislav Lobotka,sk SVK,MF,Napoli,28-165,1994,30.6,73,38,32,30,11,37,62,59.7,25,28,6,22,22,95,15,0,Matches
a8a874f1,Manuel Locatelli,it ITA,MF,Juventus,25-121,1998,24.5,52,28,25,21,6,29,48,60.4,19,47,22,25,27,79,55,0,Matches
c8ad0857,Luka Lochoshvili,ge GEO,DF,Cremonese,24-345,1998,18.5,43,19,30,10,3,21,30,70.0,9,28,10,18,22,65,81,0,Matches
7c104bb7,Ademola Lookman,ng NGA,"FW,MF",Atalanta,25-201,1997,18.1,11,3,2,6,3,3,14,21.4,11,18,0,18,4,15,0,0,Matches
20094685,Maxime Lopez,fr FRA,MF,Sassuolo,25-156,1997,22.6,41,18,25,12,4,16,55,29.1,39,23,6,17,20,61,20,0,Matches
5fa57166,Matteo Lovato,it ITA,DF,Salernitana,23-084,2000,7.8,14,12,11,3,0,10,24,41.7,14,8,5,3,12,26,29,2,Matches
966eea58,Sandi Lovrić,si SVN,MF,Udinese,25-042,1998,22.1,39,17,15,16,8,25,42,59.5,17,22,2,20,20,59,17,0,Matches
a69e4806,Hirving Lozano,mx MEX,FW,Napoli,27-283,1995,17.8,24,13,10,6,8,9,21,42.9,12,31,0,31,15,39,6,0,Matches
80490d7f,Jhon Lucumí,co COL,DF,Bologna,24-317,1998,29.2,50,34,37,12,1,24,43,55.8,19,37,25,12,34,84,97,1,Matches
921f6058,José Luis Palomino,ar ARG,DF,Atalanta,33-124,1990,8.4,23,14,16,7,0,11,19,57.9,8,11,4,7,28,51,20,0,Matches
5eae500a,Romelu Lukaku,be BEL,FW,Inter,29-361,1993,14.6,2,0,0,0,2,1,2,50.0,1,2,1,1,0,2,13,0,Matches
c6e8cf1f,Saša Lukić,rs SRB,MF,Torino,26-269,1996,13.3,21,14,10,10,1,9,15,60.0,6,17,7,10,13,34,10,0,Matches
997fff07,Sebastiano Luperto,it ITA,DF,Empoli,26-245,1996,30.8,32,18,23,8,1,9,19,47.4,10,51,39,12,36,68,143,1,Matches
5efc5389,Charalambos Lykogiannis,gr GRE,DF,Bologna,29-199,1993,12.1,15,7,4,6,5,5,13,38.5,8,9,4,5,15,30,30,0,Matches
957e4c87,Giulio Maggiore,it ITA,MF,Salernitana,25-058,1998,9.6,20,8,11,6,3,10,21,47.6,11,19,4,15,8,28,10,0,Matches
cce9f582,Giangiacomo Magnani,it ITA,DF,Hellas Verona,27-217,1995,14.8,31,21,18,11,2,17,23,73.9,6,20,15,5,21,52,65,0,Matches
fcb38f57,Mike Maignan,fr FRA,GK,Milan,27-310,1995,18.0,1,0,1,0,0,1,1,100.0,0,0,0,0,1,2,8,1,Matches
2e7dafe5,Jordan Majchrzak,pl POL,FW,Roma,18-213,2004,0.2,0,0,0,0,0,0,0,,0,0,0,0,0,0,0,0,Matches
22bfb57e,Jean-Victor Makengo,fr FRA,MF,Udinese,24-331,1998,8.9,16,13,7,7,2,5,9,55.6,4,8,2,6,9,25,3,0,Matches
2bffcbf2,Lorenzo Malagrida,it ITA,"MF,DF",Sampdoria,19-197,2003,0.7,1,0,0,0,1,1,3,33.3,2,1,0,1,0,1,1,0,Matches
801831fe,Daniel Maldini,it ITA,"FW,MF",Spezia,21-210,2001,7.0,12,5,3,4,5,4,11,36.4,7,9,0,9,1,13,8,0,Matches
4c8845f7,Youssef Maleh,it ITA,MF,Fiorentina,24-260,1998,3.3,3,1,0,3,0,0,4,0.0,4,5,0,5,1,4,3,0,Matches
4c8845f7,Youssef Maleh,it ITA,MF,Lecce,24-260,1998,6.9,16,7,3,6,7,6,14,42.9,8,18,1,17,5,21,9,0,Matches
48d5bd33,Ruslan Malinovskyi,ua UKR,"MF,FW",Atalanta,30-005,1993,6.1,14,8,5,6,3,6,17,35.3,11,8,1,7,5,19,2,0,Matches
5aa53281,Gianluca Mancini,it ITA,DF,Roma,27-022,1996,29.9,33,16,24,8,1,14,30,46.7,16,38,17,21,45,78,65,0,Matches
c7259b83,Rolando Mandragora,it ITA,MF,Fiorentina,25-314,1997,19.5,41,23,11,22,8,22,51,43.1,29,23,3,20,14,55,21,0,Matches
f794b426,Federico Marchetti,it ITA,GK,Spezia,40-091,1983,0.7,0,0,0,0,0,0,0,,0,0,0,0,0,0,0,0,Matches
91d0fabf,Riccardo Marchizza,it ITA,DF,Sassuolo,25-044,1998,3.0,2,2,1,1,0,2,4,50.0,2,2,0,2,1,3,6,0,Matches
8650af85,Gian Marco Ferrari,it ITA,DF,Sassuolo,31-083,1992,22.7,21,15,10,10,1,10,14,71.4,4,27,19,8,21,42,77,3,Matches
aa54ec6f,Pablo Marí,es ESP,DF,Monza,29-251,1993,24.6,32,16,27,5,0,17,24,70.8,7,20,13,7,24,56,104,3,Matches
7fac99d4,Răzvan Marin,ro ROU,MF,Empoli,26-351,1996,27.2,44,22,22,21,1,19,38,50.0,19,29,11,18,13,57,32,0,Matches
cdf65d12,Marlon,br BRA,DF,Monza,27-244,1995,15.3,31,17,17,14,0,12,25,48.0,13,10,3,7,18,49,45,0,Matches
ea468ea8,Luca Marrone,it ITA,DF,Monza,33-042,1990,1.5,0,0,0,0,0,0,2,0.0,2,2,2,0,0,0,4,1,Matches
f7036e1c,Lautaro Martínez,ar ARG,FW,Inter,25-260,1997,26.4,23,12,2,14,7,6,22,27.3,16,29,1,28,12,35,16,1,Matches
3ec3c1c9,Lucas Martínez Quarta,ar ARG,DF,Fiorentina,26-364,1996,21.6,75,44,40,31,4,38,57,66.7,19,35,16,19,40,115,73,1,Matches
d4535821,Adam Marušić,me MNE,DF,Lazio,30-204,1992,30.5,41,30,23,14,4,25,39,64.1,14,19,6,13,37,78,63,1,Matches
de0f152c,Adam Masina,ma MAR,DF,Udinese,29-127,1994,6.8,5,4,2,3,0,3,8,37.5,5,8,3,5,10,15,23,1,Matches
eb7822d7,Nemanja Matić,rs SRB,MF,Roma,34-281,1988,19.6,46,26,23,19,4,19,32,59.4,13,25,5,20,25,71,21,1,Matches
3318286e,Luís Maximiano,pt POR,GK,Lazio,24-124,1999,0.1,0,0,0,0,0,0,0,,0,0,0,0,0,0,0,0,Matches
eb0ec070,Pasquale Mazzocchi,it ITA,DF,Salernitana,27-286,1995,18.7,27,14,20,3,4,13,30,43.3,17,10,2,8,10,37,33,2,Matches
01c3aff5,Weston McKennie,us USA,"MF,DF",Juventus,24-254,1998,11.7,14,5,3,9,2,5,8,62.5,3,15,4,11,11,25,15,1,Matches
563a68ad,Gary Medel,cl CHI,"MF,DF",Bologna,35-279,1987,15.3,24,15,15,7,2,9,16,56.3,7,14,8,6,26,50,34,0,Matches
5cec2c74,Soualiho Meïté,fr FRA,MF,Cremonese,29-053,1994,22.3,40,28,21,12,7,19,40,47.5,21,23,5,18,25,65,33,0,Matches
9413b19f,Alex Meret,it ITA,GK,Napoli,26-048,1997,32.0,0,0,0,0,0,0,0,,0,0,0,0,0,0,6,1,Matches
c730da00,Yıldırım Mert Çetin,tr TUR,DF,Lecce,26-128,1997,0.2,1,0,1,0,0,0,0,,0,0,0,0,1,2,1,0,Matches
f49c4ae9,Junior Messias,br BRA,"FW,DF",Milan,31-361,1991,14.5,22,17,8,9,5,5,15,33.3,10,19,4,15,7,29,25,0,Matches
b2561711,Tommaso Milanese,it ITA,MF,Cremonese,20-282,2002,0.3,0,0,0,0,0,0,0,,0,1,1,0,0,0,0,0,Matches
bee704fc,Nikola Milenković,rs SRB,DF,Fiorentina,25-209,1997,22.2,38,24,19,16,3,17,25,68.0,8,27,14,13,21,59,67,0,Matches
85613cf0,Arkadiusz Milik,pl POL,FW,Juventus,29-070,1994,15.2,10,7,1,7,2,2,8,25.0,6,9,0,9,1,11,13,0,Matches
4e6dbac4,Sergej Milinković-Savić,rs SRB,MF,Lazio,28-071,1995,29.6,49,29,20,19,10,21,58,36.2,37,44,9,35,24,73,42,0,Matches
9fa26bc2,Vanja Milinković-Savić,rs SRB,GK,Torino,26-078,1997,34.0,2,1,2,0,0,2,2,100.0,0,0,0,0,1,3,15,1,Matches
e0f8151c,Kim Min-jae,kr KOR,DF,Napoli,26-175,1996,32.2,52,28,32,19,1,23,27,85.2,4,34,25,9,40,92,120,1,Matches
a9aa0d1d,Aleksei Miranchuk,ru RUS,MF,Torino,27-204,1995,20.9,9,4,1,4,4,2,10,20.0,8,10,0,10,2,11,3,0,Matches
34693494,Fabio Miretti,it ITA,"MF,FW",Juventus,19-279,2003,12.5,21,9,14,5,2,9,20,45.0,11,18,1,17,3,24,10,0,Matches
2d3d7c0d,Filippo Missori,it ITA,DF,Roma,19-046,2004,0.0,0,0,0,0,0,0,0,,0,0,0,0,0,0,0,0,Matches
dd0daf32,Henrikh Mkhitaryan,am ARM,MF,Inter,34-108,1989,21.4,41,26,13,22,6,14,39,35.9,25,27,4,23,19,60,18,0,Matches
54ab971f,Salvatore Molina,it ITA,DF,Monza,31-128,1992,2.5,6,5,2,4,0,4,5,80.0,1,4,2,2,1,7,2,0,Matches
ca73910d,Daniele Montevago,it ITA,FW,Sampdoria,20-052,2003,2.6,1,0,0,0,1,0,1,0.0,1,2,1,1,0,1,1,0,Matches
c1d95617,Lorenzo Montipò,it ITA,GK,Hellas Verona,27-078,1996,33.0,1,0,1,0,0,0,2,0.0,2,1,0,1,0,1,26,2,Matches
ff579c7e,Nikola Moro,hr CRO,MF,Bologna,25-058,1998,11.7,31,21,11,14,6,13,34,38.2,21,15,2,13,8,39,17,0,Matches
efc9e31f,Dany Mota,pt POR,"FW,MF",Monza,25-007,1998,18.1,7,6,0,3,4,1,7,14.3,6,5,1,4,5,12,21,0,Matches
a0aee24e,João Moutinho,pt POR,"DF,FW",Spezia,25-117,1998,0.6,7,1,5,1,1,3,4,75.0,1,1,1,0,0,7,0,0,Matches
1295552e,Mert Müldür,tr TUR,DF,Sassuolo,24-036,1999,0.1,0,0,0,0,0,0,0,,0,0,0,0,0,0,0,0,Matches
eb2fe5b6,Luis Muriel,co COL,"FW,MF",Atalanta,32-023,1991,10.7,8,5,2,3,3,5,12,41.7,7,8,0,8,2,10,2,0,Matches
b233e8e4,Jeison Murillo,co COL,DF,Sampdoria,30-347,1992,11.5,20,11,14,6,0,16,25,64.0,9,22,14,8,7,27,37,0,Matches
d183e9d6,Nicola Murru,it ITA,DF,Sampdoria,28-144,1994,7.1,22,13,14,7,1,6,12,50.0,6,13,4,9,8,30,20,0,Matches
a111cf41,Juan Musso,ar ARG,GK,Atalanta,29-003,1994,23.1,1,1,1,0,0,1,1,100.0,0,0,0,0,0,1,11,1,Matches
c459a650,Joakim Mæhle,dk DEN,"DF,MF",Atalanta,25-354,1997,21.6,27,14,9,5,13,19,36,52.8,17,26,5,21,21,48,25,0,Matches
c39babc1,Herculano Nabian,pt POR,MF,Empoli,19-104,2004,0.0,0,0,0,0,0,0,0,,0,0,0,0,0,0,0,0,Matches
599d91d0,Michel Ndary Adopo,fr FRA,"MF,DF",Torino,22-294,2000,2.9,7,2,4,2,1,1,3,33.3,2,2,2,0,1,8,4,0,Matches
5cdddffa,Tanguy Ndombele,fr FRA,MF,Napoli,26-132,1996,9.0,14,8,4,8,2,4,7,57.1,3,10,1,9,7,21,7,1,Matches
b1236c63,Ilija Nestorovski,mk MKD,"FW,MF",Udinese,33-058,1990,5.0,5,2,2,1,2,4,8,50.0,4,4,0,4,1,6,8,0,Matches
2b8360f1,Cyril Ngonge,be BEL,"MF,FW",Hellas Verona,22-348,2000,4.5,5,2,1,2,2,1,6,16.7,5,4,0,4,2,7,2,0,Matches
b136c945,Hans Nicolussi Caviglia,it ITA,MF,Salernitana,22-325,2000,6.0,14,6,5,7,2,8,13,61.5,5,8,0,8,7,21,7,1,Matches
cf961d8d,Dimitris Nikolaou,gr GRE,DF,Spezia,24-269,1998,28.9,40,28,30,8,2,22,32,68.8,10,38,24,14,23,63,74,0,Matches
e33f36d5,Bram Nuytinck,nl NED,DF,Udinese,33-005,1990,4.3,7,4,3,4,0,4,8,50.0,4,6,6,0,5,12,22,0,Matches
e33f36d5,Bram Nuytinck,nl NED,DF,Sampdoria,33-005,1990,14.4,48,34,30,18,0,21,32,65.6,11,34,19,15,21,69,75,0,Matches
a4948e67,M'Bala Nzola,ao ANG,FW,Spezia,26-264,1996,25.5,12,5,0,6,6,3,9,33.3,6,19,5,14,6,18,20,0,Matches
ba1e04b3,Pedro Obiang,gq EQG,MF,Sassuolo,31-043,1992,8.7,25,16,11,12,2,10,17,58.8,7,11,1,10,8,33,13,0,Matches
1e9bde92,Guillermo Ochoa,mx MEX,GK,Salernitana,37-300,1985,17.0,0,0,0,0,0,0,2,0.0,2,0,0,0,0,0,8,0,Matches
3b9858f5,Marios Oikonomou,gr GRE,DF,Sampdoria,30-215,1992,1.5,1,1,1,0,0,0,1,0.0,1,3,2,1,4,5,11,0,Matches
d125f22f,David Okereke,ng NGA,"FW,MF",Cremonese,25-253,1997,22.7,11,7,4,5,2,3,13,23.1,10,22,3,19,7,18,12,0,Matches
8ec109e6,Caleb Okoli,it ITA,DF,Atalanta,21-300,2001,9.4,21,17,14,6,1,10,23,43.5,13,9,5,4,26,47,41,3,Matches
41c12f75,Mathías Olivera,uy URU,DF,Napoli,25-190,1997,15.3,37,23,14,16,7,21,41,51.2,20,21,2,19,21,58,23,0,Matches
e9c0c1b2,André Onana,cm CMR,GK,Inter,27-037,1996,22.0,0,0,0,0,0,0,0,,0,0,0,0,0,0,5,0,Matches
43a166b4,Divock Origi,be BEL,"FW,MF",Milan,28-021,1995,10.3,9,4,4,2,3,4,9,44.4,5,4,2,2,0,9,12,0,Matches
e14ec482,Riccardo Orsolini,it ITA,FW,Bologna,26-105,1997,21.1,28,17,13,10,5,15,36,41.7,21,29,3,26,8,36,15,0,Matches
8c90fd7a,Victor Osimhen,ng NGA,FW,Napoli,24-131,1998,25.2,8,4,1,2,5,0,5,0.0,5,6,1,5,5,13,24,0,Matches
ea02beaf,Remi Oudin,fr FRA,"FW,MF",Lecce,26-172,1996,11.0,23,12,8,12,3,10,23,43.5,13,13,1,12,24,47,18,0,Matches
ed90babd,Adam Ounas,dz ALG,FW,Napoli,26-179,1996,0.2,0,0,0,0,0,0,0,,0,0,0,0,1,1,0,0,Matches
8daee720,Simone Pafundi,it ITA,"MF,FW",Udinese,17-084,2006,0.8,8,5,1,5,2,2,2,100.0,0,0,0,0,1,9,0,0,Matches
3d6cee81,Flavio Paoletti,it ITA,MF,Sampdoria,20-113,2003,1.6,2,2,0,2,0,1,4,25.0,3,0,0,0,4,6,6,0,Matches
dff153a4,Leandro Paredes,ar ARG,MF,Juventus,28-314,1994,8.9,16,10,6,9,1,8,17,47.1,9,6,0,6,16,32,21,0,Matches
0967845b,Fabiano Parisi,it ITA,DF,Empoli,22-181,2000,29.4,60,30,35,18,7,29,68,42.6,39,46,15,31,37,97,86,0,Matches
e599253a,Mario Pašalić,hr CRO,"MF,FW",Atalanta,28-089,1995,17.0,22,10,6,14,2,6,20,30.0,14,19,3,16,21,43,12,0,Matches
f7223718,Patric,es ESP,DF,Lazio,30-022,1993,14.7,15,10,10,3,2,9,14,64.3,5,17,12,5,10,25,51,1,Matches
79b0d6a0,Rui Patrício,pt POR,GK,Roma,35-083,1988,34.0,1,1,1,0,0,1,1,100.0,0,0,0,0,2,3,6,3,Matches
3ca7254a,Pedro,es ESP,FW,Lazio,35-285,1987,18.9,29,21,13,10,6,9,25,36.0,16,16,2,14,6,35,4,1,Matches
f058ed1f,Gianluca Pegolo,it ITA,GK,Sassuolo,42-045,1981,2.0,0,0,0,0,0,0,1,0.0,1,0,0,0,0,0,1,0,Matches
a44d3a3c,Pietro Pellegri,it ITA,FW,Torino,22-053,2001,4.7,6,2,1,3,2,2,3,66.7,1,4,1,3,0,6,3,0,Matches
4a5a45c7,Lorenzo Pellegrini,it ITA,MF,Roma,26-324,1996,26.5,49,27,22,24,3,20,46,43.5,26,27,4,23,25,74,20,0,Matches
3b61c9ec,Luca Pellegrini,it ITA,DF,Lazio,24-063,1999,0.5,0,0,0,0,0,0,2,0.0,2,0,0,0,1,1,0,0,Matches
7afb1573,Pepín,gq EQG,MF,Monza,26-268,1996,12.3,27,18,10,11,6,8,25,32.0,17,14,3,11,13,40,15,0,Matches
75f2c59f,Roberto Pereyra,ar ARG,"DF,MF",Udinese,32-122,1991,27.3,34,19,19,12,3,15,34,44.1,19,19,4,15,14,48,23,0,Matches
f7c491f1,Nehuén Pérez,ar ARG,DF,Udinese,22-319,2000,27.3,66,35,47,17,2,33,45,73.3,12,45,18,27,32,98,99,1,Matches
b9e11c1d,Simone Perilli,it ITA,GK,Hellas Verona,28-122,1995,1.0,0,0,0,0,0,0,0,,0,0,0,0,0,0,0,0,Matches
4c62d0c8,Mattia Perin,it ITA,GK,Juventus,30-180,1992,9.5,0,0,0,0,0,0,0,,0,0,0,0,0,0,0,0,Matches
00a17eba,Samuele Perisan,it ITA,GK,Empoli,25-261,1997,7.0,0,0,0,0,0,0,0,,0,0,0,0,0,0,2,0,Matches
780e3631,Matteo Pessina,it ITA,MF,Monza,26-018,1997,28.7,53,32,25,20,8,23,57,40.4,34,42,11,31,31,84,30,1,Matches
03f946ed,Andrea Petagna,it ITA,FW,Monza,27-313,1995,15.8,7,5,2,3,2,3,6,50.0,3,15,4,11,2,9,16,0,Matches
149c5f5d,Giuseppe Pezzella,it ITA,DF,Lecce,25-161,1997,9.9,21,9,16,2,3,9,16,56.3,7,11,3,8,8,29,31,1,Matches
17f3620a,Krzysztof Piątek,pl POL,FW,Salernitana,27-312,1995,19.8,16,9,3,7,6,5,20,25.0,15,12,3,9,2,18,33,0,Matches
1cadaf34,Roberto Piccoli,it ITA,FW,Hellas Verona,22-102,2001,2.1,1,0,1,0,0,0,2,0.0,2,2,0,2,0,1,2,0,Matches
1cadaf34,Roberto Piccoli,it ITA,FW,Empoli,22-102,2001,4.2,0,0,0,0,0,0,3,0.0,3,2,1,1,1,1,8,0,Matches
f71ad8cb,Charles Pickel,ch SUI,MF,Cremonese,25-359,1997,24.6,49,21,23,22,4,28,53,52.8,25,36,5,31,22,71,32,1,Matches
08aa9cd1,Andrea Pinamonti,it ITA,FW,Sassuolo,23-355,1999,21.3,10,7,0,5,5,3,7,42.9,4,17,2,15,2,12,10,0,Matches
caec77da,Lorenzo Pirola,it ITA,DF,Salernitana,21-078,2002,17.7,30,26,17,13,0,17,23,73.9,6,42,30,12,27,57,76,1,Matches
c84dcc88,Niccolò Pisilli,it ITA,MF,Roma,18-228,2004,0.0,0,0,0,0,0,0,0,,0,0,0,0,0,0,0,0,Matches
2c38b327,Marko Pjaca,hr CRO,"MF,FW",Empoli,28-003,1995,5.3,4,3,3,1,0,3,5,60.0,2,3,0,3,3,7,0,0,Matches
55a1cac2,Tommaso Pobega,it ITA,MF,Milan,23-298,1999,8.4,20,11,5,11,4,9,15,60.0,6,9,2,7,8,28,8,0,Matches
867239d3,Paul Pogba,fr FRA,"MF,DF",Juventus,30-055,1993,1.0,0,0,0,0,0,0,1,0.0,1,0,0,0,0,0,2,0,Matches
5e861944,Matteo Politano,it ITA,FW,Napoli,29-279,1993,12.5,18,9,9,5,4,11,24,45.8,13,6,0,6,7,25,7,0,Matches
2a6cd437,Marin Pongračić,hr CRO,DF,Lecce,25-240,1997,8.8,16,14,8,7,1,5,7,71.4,2,4,3,1,16,32,31,0,Matches
7f609bfc,Stefan Posch,at AUT,DF,Bologna,25-360,1997,25.8,76,40,37,28,11,40,66,60.6,26,39,12,27,31,107,65,0,Matches
277da414,Ivan Provedel,it ITA,GK,Lazio,29-053,1994,33.9,1,0,1,0,0,0,0,,0,0,0,0,0,1,15,1,Matches
62437b4f,Ignacio Pussetto,ar ARG,"MF,DF",Sampdoria,27-139,1995,1.7,6,3,2,3,1,3,4,75.0,1,4,0,4,0,6,3,0,Matches
88f53b75,Niklas Pyyhtiä,fi FIN,MF,Bologna,19-226,2003,0.9,1,0,0,1,0,0,1,0.0,1,0,0,0,1,2,2,0,Matches
ee4f2f3b,Fabio Quagliarella,it ITA,FW,Sampdoria,40-098,1983,5.5,1,1,0,1,0,0,5,0.0,5,5,1,4,0,1,7,0,Matches
1b9c7401,Giacomo Quagliata,it ITA,DF,Cremonese,23-079,2000,6.8,9,7,7,0,2,5,10,50.0,5,6,2,4,10,19,7,0,Matches
8794e251,Adrien Rabiot,fr FRA,MF,Juventus,28-036,1995,26.5,53,27,27,19,7,25,52,48.1,27,35,7,28,25,78,40,1,Matches
0630eb63,Nemanja Radonjić,rs SRB,"MF,FW",Torino,27-083,1996,16.2,2,1,2,0,0,0,4,0.0,4,3,0,3,2,4,4,0,Matches
023937a9,Ivan Radovanović,rs SRB,"MF,DF",Salernitana,34-253,1988,7.5,12,4,8,4,0,4,10,40.0,6,9,3,6,7,19,9,1,Matches
67f649be,Ionuț Radu,ro ROU,GK,Cremonese,25-346,1997,9.0,0,0,0,0,0,0,0,,0,0,0,0,0,0,1,3,Matches
ce1a6c7e,Antonio Raimondo,it ITA,FW,Bologna,19-052,2004,0.2,0,0,0,0,0,0,0,,0,0,0,0,0,0,1,0,Matches
8c63fae5,Luca Ranieri,it ITA,DF,Fiorentina,24-016,1999,4.6,7,3,4,3,0,4,7,57.1,3,4,2,2,10,17,13,1,Matches
539230cf,Andrea Ranocchia,it ITA,DF,Monza,35-082,1988,0.5,3,1,1,2,0,3,4,75.0,1,5,5,0,0,3,7,0,Matches
d9ebed1c,Filippo Ranocchia,it ITA,MF,Monza,21-360,2001,5.9,11,6,5,4,2,4,12,33.3,8,5,1,4,4,15,7,0,Matches
6e058f06,Giacomo Raspadori,it ITA,"FW,MF",Napoli,23-080,2000,9.0,9,7,0,5,4,3,9,33.3,6,8,0,8,4,13,4,0,Matches
6e058f06,Giacomo Raspadori,it ITA,FW,Sassuolo,23-080,2000,0.5,0,0,0,0,0,0,0,,0,0,0,0,0,0,0,0,Matches
d7a35008,Nicola Ravaglia,it ITA,GK,Sampdoria,34-148,1988,7.0,0,0,0,0,0,0,1,0.0,1,0,0,0,0,0,4,0,Matches
536cebe5,Ante Rebić,hr CRO,"FW,MF",Milan,29-230,1993,10.1,9,7,1,2,6,3,11,27.3,8,6,1,5,1,10,4,0,Matches
6213fd82,Arkadiusz Reca,pl POL,DF,Spezia,27-326,1995,20.1,39,24,21,10,8,16,27,59.3,11,17,4,13,23,62,47,0,Matches
4bd00a50,Panagiotis Retsos,gr GRE,DF,Hellas Verona,24-273,1998,1.4,5,4,2,2,1,3,3,100.0,0,4,1,3,2,7,3,0,Matches
f61c7c4e,Franck Ribéry,fr FRA,MF,Salernitana,40-032,1983,0.4,0,0,0,0,0,0,0,,0,1,0,1,0,0,0,0,Matches
9823be92,Samuele Ricci,it ITA,MF,Torino,21-261,2001,19.3,26,16,11,10,5,16,19,84.2,3,17,5,12,16,42,23,1,Matches
f1cfc209,Tomás Rincón,ve VEN,MF,Sampdoria,35-116,1988,24.9,51,26,18,25,8,26,54,48.1,28,32,5,27,27,78,17,0,Matches
1d4e63b6,Pablo Rodríguez,es ESP,"FW,MF",Lecce,21-278,2001,0.6,2,1,2,0,0,0,2,0.0,2,3,0,3,0,2,0,0,Matches
7f78ad23,Ricardo Rodríguez,ch SUI,DF,Torino,30-257,1992,26.4,49,30,28,15,6,27,40,67.5,13,28,13,15,33,82,54,0,Matches
10e7f486,Rogério,br BRA,DF,Sassuolo,25-116,1998,29.3,35,20,20,8,7,16,31,51.6,15,29,7,22,32,67,63,0,Matches
3ead85f9,Alessio Romagnoli,it ITA,DF,Lazio,28-117,1995,28.7,32,15,19,13,0,11,22,50.0,11,29,23,6,32,64,99,0,Matches
09899de8,Simone Romagnoli,it ITA,DF,Lecce,33-089,1990,1.7,6,5,3,3,0,2,2,100.0,0,3,1,2,1,7,7,0,Matches
ca6edaa0,Luka Romero,ar ARG,FW,Lazio,18-172,2004,1.7,0,0,0,0,0,0,3,0.0,3,4,0,4,3,3,1,0,Matches
2a1beb34,Marten de Roon,nl NED,MF,Atalanta,32-041,1991,28.9,67,31,32,31,4,31,68,45.6,37,33,4,29,32,99,52,0,Matches
e58cbfd5,Nicolò Rovella,it ITA,MF,Monza,21-156,2001,16.6,37,25,19,17,1,11,30,36.7,19,16,1,15,39,76,16,0,Matches
e58cbfd5,Nicolò Rovella,it ITA,MF,Juventus,21-156,2001,0.3,1,1,0,1,0,1,1,100.0,0,0,0,0,0,1,0,0,Matches
4b3e1a38,Amir Rrahmani,xk KVX,DF,Napoli,29-074,1994,23.2,31,16,20,11,0,16,22,72.7,6,33,18,15,13,44,69,1,Matches
a378a02a,Ruan,br BRA,DF,Sassuolo,23-336,1999,16.7,31,21,22,8,1,16,22,72.7,6,23,14,9,24,55,73,3,Matches
14b8fcdf,Daniele Rugani,it ITA,DF,Juventus,28-284,1994,5.9,7,0,6,1,0,4,4,100.0,0,7,5,2,6,13,32,0,Matches
ae9898c5,Matteo Ruggeri,it ITA,"DF,MF",Atalanta,20-302,2002,9.2,17,12,5,9,3,8,16,50.0,8,14,3,11,12,29,16,0,Matches
0b5a292a,Mário Rui,pt POR,DF,Napoli,31-347,1991,18.6,31,20,16,11,4,20,40,50.0,20,17,4,13,15,46,24,1,Matches
4830e0af,Abdelhamid Sabiri,ma MAR,"MF,FW",Sampdoria,26-162,1996,11.9,18,7,5,9,4,4,13,30.8,9,18,4,14,2,20,5,0,Matches
ee251371,Alexis Saelemaekers,be BEL,"FW,DF",Milan,23-316,1999,14.1,30,19,12,15,3,18,37,48.6,19,12,1,11,19,49,10,0,Matches
da5a981b,Jacopo Sala,it ITA,MF,Spezia,31-155,1991,1.2,1,0,1,0,0,0,2,0.0,2,2,0,2,1,2,2,0,Matches
217c93a1,Lazar Samardzic,rs SRB,MF,Udinese,21-074,2002,16.7,31,16,7,20,4,15,36,41.7,21,9,0,9,10,41,13,0,Matches
24eb7ed6,Junior Sambia,fr FRA,DF,Salernitana,26-244,1996,7.3,11,5,6,4,1,6,10,60.0,4,9,3,6,8,19,16,1,Matches
0a447501,Antonio Sanabria,py PAR,FW,Torino,27-066,1996,23.4,9,4,2,3,4,1,6,16.7,5,8,2,6,4,13,7,0,Matches
4295f19c,Leandro Sanca,pt POR,"FW,MF",Spezia,23-125,2000,0.4,1,1,0,0,1,1,1,100.0,0,0,0,0,0,1,0,0,Matches
0d82903c,Alex Sandro,br BRA,DF,Juventus,32-103,1991,19.2,34,20,16,15,3,15,22,68.2,7,27,10,17,13,47,62,0,Matches
7eb97a8e,Nicola Sansone,it ITA,FW,Bologna,31-241,1991,7.4,11,4,5,4,2,5,10,50.0,5,0,0,0,0,11,3,0,Matches
3bb7af3b,Riccardo Saponara,it ITA,FW,Fiorentina,31-139,1991,11.8,10,5,3,6,1,5,9,55.6,4,6,1,5,4,14,8,1,Matches
86383d0e,Martin Satriano,uy URU,FW,Empoli,22-078,2001,18.5,13,8,5,6,2,6,12,50.0,6,5,0,5,3,16,21,0,Matches
1e9aa637,Giorgio Scalvini,it ITA,DF,Atalanta,19-149,2003,22.3,49,26,28,15,6,26,48,54.2,22,31,12,19,47,96,52,1,Matches
2cfae697,Jerdy Schouten,nl NED,MF,Bologna,26-117,1997,25.2,59,36,25,32,2,25,45,55.6,20,40,17,23,38,97,42,1,Matches
e613313c,Perr Schuurs,nl NED,DF,Torino,23-164,1999,22.9,48,22,28,16,4,12,23,52.2,11,23,14,9,26,74,91,0,Matches
16463a79,Demba Seck,sn SEN,"MF,FW",Torino,22-088,2001,5.3,5,2,3,2,0,2,3,66.7,1,3,1,2,1,6,1,0,Matches
3cb132e6,Jacopo Segre,it ITA,DF,Torino,26-081,1997,0.2,0,0,0,0,0,0,0,,0,0,0,0,0,0,0,0,Matches
b6baba31,Vivaldo Semedo,pt POR,"DF,FW",Udinese,18-101,2005,0.1,0,0,0,0,0,0,0,,0,0,0,0,0,0,0,0,Matches
b70bde8f,Stefano Sensi,it ITA,MF,Monza,27-277,1995,16.7,39,25,24,12,3,17,45,37.8,28,12,2,10,16,55,3,0,Matches
343f753a,Luigi Sepe,it ITA,GK,Salernitana,32-001,1991,17.0,0,0,0,0,0,0,1,0.0,1,0,0,0,0,0,0,0,Matches
dd7febd8,Leonardo Sernicola,it ITA,DF,Cremonese,25-283,1997,23.6,42,30,23,12,7,26,39,66.7,13,22,5,17,33,75,49,0,Matches
d3aaad90,Stephan El Shaarawy,it ITA,"DF,MF",Roma,30-194,1992,14.4,18,9,8,7,3,6,19,31.6,13,10,1,9,14,32,9,0,Matches
57469b2d,Eldor Shomurodov,uz UZB,FW,Spezia,27-314,1995,8.3,5,5,3,1,1,2,11,18.2,9,5,1,4,2,7,4,0,Matches
57469b2d,Eldor Shomurodov,uz UZB,FW,Roma,27-314,1995,1.3,1,0,1,0,0,0,2,0.0,2,1,0,1,1,2,0,0,Matches
0d422df7,Marco Silvestri,it ITA,GK,Udinese,32-068,1991,34.0,2,1,2,0,0,2,3,66.7,1,0,0,0,1,3,8,1,Matches
343c0d52,Giovanni Simeone,ar ARG,FW,Napoli,27-308,1995,3.7,12,3,3,5,4,3,8,37.5,5,2,1,1,1,13,3,0,Matches
8b609c34,Wilfried Singo,ci CIV,DF,Torino,22-135,2000,19.2,25,16,13,10,2,11,18,61.1,7,13,1,12,9,34,28,1,Matches
10dc46f0,Salvatore Sirigu,it ITA,GK,Fiorentina,36-117,1987,1.0,0,0,0,0,0,0,0,,0,0,0,0,0,0,1,0,Matches
b35a7399,Leo Skiri Østigård,no NOR,DF,Napoli,23-162,1999,3.7,4,1,3,1,0,1,1,100.0,0,3,3,0,5,9,15,1,Matches
ab4449d6,Łukasz Skorupski,pl POL,GK,Bologna,32-004,1991,33.0,2,1,2,0,0,1,2,50.0,1,0,0,0,0,2,18,1,Matches
30f5ffa9,Milan Škriniar,sk SVK,DF,Inter,28-087,1995,19.7,29,18,14,11,4,18,32,56.3,14,18,13,5,13,42,46,3,Matches
b6964eb6,Chris Smalling,eng ENG,DF,Roma,33-168,1989,28.7,23,13,13,10,0,10,18,55.6,8,45,33,12,38,61,118,0,Matches
78f13530,Ola Solbakken,no NOR,"MF,FW",Roma,24-244,1998,3.5,1,1,1,0,0,1,5,20.0,4,1,0,1,1,2,3,0,Matches
28f66c2e,Brandon Soppy,fr FRA,DF,Udinese,21-077,2002,1.0,1,1,0,1,0,0,0,,0,4,0,4,1,2,1,0,Matches
28f66c2e,Brandon Soppy,fr FRA,DF,Atalanta,21-077,2002,6.6,8,5,4,4,0,3,8,37.5,5,8,0,8,2,10,7,0,Matches
9d4c45d6,Roberto Soriano,it ITA,"FW,MF",Bologna,32-090,1991,14.7,31,16,9,16,6,13,25,52.0,12,23,2,21,6,37,14,0,Matches
50841bef,Joaquin Sosa,uy URU,DF,Bologna,21-119,2002,6.6,6,2,5,1,0,4,16,25.0,12,5,3,2,5,11,30,0,Matches
94816803,Riccardo Sottil,it ITA,FW,Fiorentina,23-340,1999,8.4,4,3,2,0,2,2,5,40.0,3,1,0,1,0,4,0,0,Matches
c13ddd3e,Matìas Soulé,ar ARG,"MF,FW",Juventus,20-024,2003,4.7,7,4,3,2,2,5,7,71.4,2,7,1,6,3,10,3,0,Matches
7b075c75,Adama Soumaoro,fr FRA,DF,Bologna,30-325,1992,20.7,25,17,11,12,2,5,7,71.4,2,18,13,5,15,40,75,1,Matches
3626daea,Leonardo Spinazzola,it ITA,DF,Roma,30-045,1993,18.3,15,8,7,6,2,8,22,36.4,14,13,3,10,9,24,25,0,Matches
ac4003af,Marco Sportiello,it ITA,GK,Atalanta,30-364,1992,10.9,1,0,1,0,0,1,2,50.0,1,0,0,0,0,1,2,0,Matches
13b44b02,Petar Stojanović,si SVN,DF,Empoli,27-214,1995,15.8,40,21,26,10,4,25,42,59.5,17,15,4,11,11,51,55,0,Matches
674cfc5a,Gabriel Strefezza,br BRA,"FW,MF",Lecce,26-021,1997,23.6,42,21,16,19,7,21,45,46.7,24,29,3,26,15,57,14,0,Matches
2cb9486d,Dávid Strelec,sk SVK,FW,Spezia,22-035,2001,1.9,2,2,0,1,1,2,2,100.0,0,0,0,0,0,2,0,0,Matches
f573a8bf,Isaac Success,ng NGA,FW,Udinese,27-122,1996,20.2,8,4,2,5,1,3,8,37.5,5,13,2,11,4,12,18,0,Matches
230c3f3a,Ibrahim Sulemana,gh GHA,MF,Hellas Verona,19-352,2003,4.3,11,7,6,4,1,3,6,50.0,3,5,2,3,9,20,9,0,Matches
01b8a2b2,Wojciech Szczęsny,pl POL,GK,Juventus,33-021,1990,24.5,1,0,1,0,0,0,1,0.0,1,0,0,0,0,1,6,0,Matches
eb3022c3,Benjamin Tahirovic,ba BIH,MF,Roma,20-067,2003,1.6,3,3,3,0,0,2,6,33.3,4,4,0,4,2,5,1,0,Matches
8da74c05,Adrien Tameze,cm CMR,MF,Hellas Verona,29-094,1994,30.0,45,27,19,22,4,25,60,41.7,35,46,13,33,34,79,52,2,Matches
b056e3da,Ciprian Tătărușanu,ro ROU,GK,Milan,37-089,1986,16.0,0,0,0,0,0,0,0,,0,0,0,0,1,1,2,0,Matches
5cbb5ad6,Filippo Terracciano,it ITA,"DF,MF",Hellas Verona,20-090,2003,7.8,14,9,8,4,2,9,14,64.3,5,5,3,2,8,22,12,0,Matches
e1b0a70d,Pietro Terracciano,it ITA,GK,Fiorentina,33-062,1990,29.0,2,1,2,0,0,2,3,66.7,1,0,0,0,1,3,14,0,Matches
3ef0a2d7,Aleksa Terzić,rs SRB,DF,Fiorentina,23-265,1999,7.5,12,6,8,3,1,8,14,57.1,6,12,4,8,4,16,11,0,Matches
2b9fdeea,Florian Thauvin,fr FRA,"FW,MF",Udinese,30-103,1993,4.3,1,0,0,1,0,1,8,12.5,7,4,0,4,1,2,2,0,Matches
ff5ea0bf,Malick Thiaw,de GER,DF,Milan,21-274,2001,12.1,26,22,19,7,0,10,18,55.6,8,10,5,5,11,37,52,1,Matches
76ff8d0d,Kristian Thorstvedt,no NOR,MF,Sassuolo,24-057,1999,11.8,16,7,4,9,3,6,16,37.5,10,16,4,12,12,28,13,0,Matches
a96e5dc0,Jeremy Toljan,de GER,DF,Sassuolo,28-274,1994,26.9,34,21,18,12,4,20,30,66.7,10,29,12,17,18,52,55,1,Matches
c56dc39e,Rafael Tolói,it ITA,DF,Atalanta,32-211,1990,26.9,61,38,35,26,0,32,57,56.1,25,33,14,19,53,114,72,1,Matches
7edfbb8a,Fikayo Tomori,eng ENG,DF,Milan,25-141,1997,26.9,63,31,41,21,1,18,28,64.3,10,41,21,20,25,88,72,1,Matches
0db169ae,Sandro Tonali,it ITA,MF,Milan,23-001,2000,26.3,59,39,31,23,5,24,40,60.0,16,30,8,22,23,82,19,1,Matches
8cc29864,Lorenzo Tonelli,it ITA,DF,Empoli,33-112,1990,0.2,0,0,0,0,0,0,1,0.0,1,0,0,0,0,0,0,0,Matches
7ed4921e,William Troost-Ekong,ng NGA,DF,Salernitana,29-250,1993,3.8,10,3,7,3,0,6,7,85.7,1,4,3,1,3,13,6,0,Matches
0588a092,Frank Tsadjout,it ITA,"FW,MF",Cremonese,23-285,1999,9.7,9,7,3,5,1,2,6,33.3,4,6,1,5,7,16,9,0,Matches
26c54058,Alessandro Tuia,it ITA,DF,Lecce,32-335,1990,5.7,10,6,6,4,0,3,9,33.3,6,3,1,2,15,25,29,0,Matches
14ae023f,Martin Turk,si SVN,GK,Sampdoria,19-261,2003,2.0,0,0,0,0,0,0,0,,0,0,0,0,0,0,1,0,Matches
7cd520e8,Iyenoma Udogie,it ITA,DF,Udinese,20-162,2002,27.9,67,41,39,23,5,33,55,60.0,22,32,5,27,33,100,24,0,Matches
3eed9821,Samuel Umtiti,fr FRA,DF,Lecce,29-176,1993,19.5,47,30,22,23,2,17,24,70.8,7,21,10,11,22,69,67,0,Matches
71005acd,Diego Valencia,cl CHI,"MF,FW",Salernitana,23-115,2000,2.6,8,5,4,2,2,2,9,22.2,7,10,1,9,1,9,2,0,Matches
ec52b661,Emanuele Valeri,it ITA,DF,Cremonese,24-153,1998,27.7,48,22,26,19,3,25,60,41.7,35,14,2,12,18,66,43,0,Matches
c414df9d,Mattia Valoti,it ITA,"MF,FW",Monza,29-245,1993,5.0,17,10,7,9,1,5,16,31.3,11,13,3,10,3,20,6,0,Matches
5eaed77a,Johan Vásquez,mx MEX,DF,Cremonese,24-199,1998,17.0,37,23,31,6,0,17,36,47.2,19,25,18,7,38,75,83,1,Matches
44ac04e9,Matías Vecino,uy URU,MF,Lazio,31-258,1991,16.0,40,25,12,20,8,20,38,52.6,18,30,9,21,14,54,32,1,Matches
ab1ca213,Miguel Veloso,pt POR,MF,Hellas Verona,36-363,1986,11.6,26,7,16,9,1,13,23,56.5,10,25,5,20,5,31,11,0,Matches
983ff2c7,Lorenzo Venuti,it ITA,DF,Fiorentina,28-027,1995,7.6,14,6,6,7,1,9,15,60.0,6,4,2,2,4,18,15,2,Matches
d3298c99,Daniele Verde,it ITA,"FW,MF",Spezia,26-323,1996,10.8,4,4,3,0,1,3,6,50.0,3,6,0,6,8,12,3,0,Matches
0375723e,Simone Verdi,it ITA,"MF,FW",Hellas Verona,30-301,1992,11.0,15,10,7,5,3,6,17,35.3,11,8,1,7,0,15,2,0,Matches
33ecf462,Valerio Verre,it ITA,MF,Sampdoria,29-118,1994,7.5,14,7,6,5,3,8,17,47.1,9,9,1,8,9,23,3,0,Matches
77d6fd4d,Guglielmo Vicario,it ITA,GK,Empoli,26-214,1996,27.0,0,0,0,0,0,0,1,0.0,1,0,0,0,0,0,13,2,Matches
75e60d75,Ronaldo Vieira,gw GNB,MF,Torino,24-294,1998,0.2,,0,,,,,,,,,,,0,,,,Matches
75e60d75,Ronaldo Vieira,gw GNB,MF,Sampdoria,24-294,1998,9.1,,10,,,,,,,,,,,13,,,,Matches
ec5dae45,Emanuel Vignato,it ITA,"MF,FW",Bologna,22-258,2000,2.7,4,4,2,2,0,2,4,50.0,2,2,0,2,3,7,0,0,Matches
ec5dae45,Emanuel Vignato,it ITA,"MF,FW",Empoli,22-258,2000,0.5,2,0,2,0,0,0,0,,0,0,0,0,0,2,1,0,Matches
a14d0ab0,Samuele Vignato,it ITA,"FW,MF",Monza,19-074,2004,0.2,0,0,0,0,0,0,0,,0,0,0,0,0,0,0,0,Matches
c7069d87,Tonny Vilhena,nl NED,MF,Salernitana,28-126,1995,23.1,42,21,15,23,4,19,46,41.3,27,15,6,9,17,59,20,0,Matches
bdc74a8f,Gonzalo Villar,es ESP,MF,Sampdoria,25-047,1998,7.7,13,7,4,8,1,7,15,46.7,8,11,3,8,4,17,9,1,Matches
08eb3b58,Matías Viña,uy URU,DF,Roma,25-181,1997,0.6,3,1,1,1,1,1,3,33.3,2,5,1,4,2,5,5,0,Matches
79443529,Dušan Vlahović,rs SRB,FW,Juventus,23-101,2000,19.7,10,6,0,6,4,3,9,33.3,6,9,3,6,3,13,7,1,Matches
aa8e289e,Nikola Vlašić,hr CRO,"MF,FW",Torino,25-217,1997,26.7,27,18,8,14,5,10,24,41.7,14,22,1,21,6,33,10,0,Matches
b3ef6517,Joel Voelkerling Persson,se SWE,"FW,MF",Lecce,20-114,2003,1.1,1,1,0,0,1,0,1,0.0,1,1,0,1,0,1,0,0,Matches
be2706c0,Mërgim Vojvoda,xk KVX,DF,Torino,28-097,1995,16.5,21,12,14,6,1,12,22,54.5,10,9,1,8,9,30,26,1,Matches
72f87f25,Cristian Volpato,it ITA,MF,Roma,19-175,2003,2.5,3,2,1,1,1,0,2,0.0,2,2,0,2,2,5,0,0,Matches
f052fb01,Lukáš Vorlický,cz CZE,"MF,FW",Atalanta,21-111,2002,0.3,0,0,0,0,0,0,0,,0,0,0,0,1,1,0,0,Matches
f86cd5df,Aster Vranckx,be BEL,MF,Milan,20-217,2002,2.7,3,2,0,2,1,2,7,28.6,5,3,1,2,2,5,1,0,Matches
d0d8dd44,Stefan de Vrij,nl NED,DF,Inter,31-093,1992,18.7,24,15,15,9,0,6,11,54.5,5,15,9,6,35,59,68,0,Matches
26db8853,Walace,br BRA,MF,Udinese,28-035,1995,31.9,73,35,36,29,8,40,85,47.1,45,42,12,30,48,121,44,0,Matches
217875a4,Sebastian Walukiewicz,pl POL,DF,Empoli,23-034,2000,5.4,7,5,6,1,0,4,6,66.7,2,7,6,1,6,13,27,0,Matches
eb58eef0,Georginio Wijnaldum,nl NED,MF,Roma,32-179,1990,6.5,2,1,0,2,0,0,1,0.0,1,4,1,3,2,4,2,0,Matches
2f7acede,Harry Winks,eng ENG,MF,Sampdoria,27-096,1996,16.1,24,10,5,17,2,12,36,33.3,24,11,7,4,19,43,21,0,Matches
1bfe5ac9,Przemysław Wiśniewski,pl POL,DF,Spezia,24-286,1998,7.1,9,4,5,4,0,3,10,30.0,7,12,5,7,9,18,37,0,Matches
ee9040b4,Gerard Yepes,es ESP,MF,Sampdoria,20-257,2002,2.2,5,3,2,3,0,1,3,33.3,2,3,0,3,4,9,3,0,Matches
d85c238b,Mattia Zaccagni,it ITA,FW,Lazio,27-327,1995,27.5,39,25,16,16,7,12,33,36.4,21,33,3,30,20,59,10,1,Matches
384d58d9,Denis Zakaria,ch SUI,MF,Juventus,26-170,1996,1.4,6,3,1,4,1,2,2,100.0,0,2,0,2,2,8,1,0,Matches
45191c29,Nicola Zalewski,pl POL,DF,Roma,21-106,2002,20.5,38,21,19,15,4,19,60,31.7,41,25,1,24,25,63,18,0,Matches
6bb2c084,Andre-Frank Zambo Anguissa,cm CMR,MF,Napoli,27-174,1995,30.3,51,30,16,28,7,16,59,27.1,43,46,3,43,41,92,21,0,Matches
5e834dce,Luca Zanimacchia,it ITA,"MF,FW",Cremonese,24-294,1998,8.3,21,13,11,6,4,8,21,38.1,13,9,0,9,9,30,5,0,Matches
9907b1c8,Nicolò Zaniolo,it ITA,"MF,FW",Roma,23-311,1999,9.9,7,5,2,4,1,2,7,28.6,5,11,0,11,2,9,0,0,Matches
3b12b11f,Alessandro Zanoli,it ITA,DF,Sampdoria,22-218,2000,13.1,13,7,9,3,1,4,10,40.0,6,12,9,3,8,21,27,0,Matches
3b12b11f,Alessandro Zanoli,it ITA,DF,Napoli,22-218,2000,0.1,1,0,0,1,0,0,0,,0,0,0,0,0,1,1,0,Matches
875d65d1,Mattia Zanotti,it ITA,DF,Inter,20-118,2003,0.3,0,0,0,0,0,0,1,0.0,1,2,0,2,0,0,0,0,Matches
d3de9af0,Duván Zapata,co COL,FW,Atalanta,32-038,1991,14.7,7,3,1,2,4,3,5,60.0,2,6,2,4,3,10,17,0,Matches
7fe90ccd,Davide Zappacosta,it ITA,DF,Atalanta,30-332,1992,12.7,28,15,16,8,4,12,19,63.2,7,16,1,15,9,37,13,0,Matches
2f45300d,Karim Zedadka,fr FRA,"FW,DF",Napoli,22-334,2000,0.1,0,0,0,0,0,0,0,,0,0,0,0,0,0,0,0,Matches
58a2e9f6,Deyovaisio Zeefuik,nl NED,DF,Hellas Verona,25-059,1998,0.1,1,1,0,1,0,0,0,,0,0,0,0,0,1,0,0,Matches
8abd0c03,Marvin Zeegelaar,nl NED,DF,Udinese,32-270,1990,2.1,6,3,5,1,0,2,3,66.7,1,1,0,1,3,9,4,0,Matches
d19ef4ef,Alessio Zerbin,it ITA,"FW,MF",Napoli,24-067,1999,0.8,8,3,4,3,1,3,5,60.0,2,2,0,2,0,8,2,0,Matches
a5296e55,Piotr Zieliński,pl POL,MF,Napoli,28-354,1994,21.8,15,8,1,10,4,10,19,52.6,9,14,5,9,14,29,6,0,Matches
acf7e795,David Zima,cz CZE,DF,Torino,22-182,2000,4.5,9,5,5,4,0,3,4,75.0,1,7,2,5,9,18,11,2,Matches
028e70b9,Joshua Zirkzee,nl NED,FW,Bologna,21-352,2001,8.4,4,2,1,1,2,2,7,28.6,5,3,1,2,4,8,3,0,Matches
cc1a0c57,Jeroen Zoet,nl NED,GK,Spezia,32-123,1991,2.7,1,1,1,0,0,1,1,100.0,0,0,0,0,0,1,0,0,Matches
82598b71,Nadir Zortea,it ITA,"DF,MF",Atalanta,23-324,1999,2.5,10,5,3,7,0,3,4,75.0,1,4,0,4,0,10,4,0,Matches
82598b71,Nadir Zortea,it ITA,DF,Sassuolo,23-324,1999,5.9,14,8,11,2,1,9,13,69.2,4,8,4,4,3,17,19,0,Matches
54f6afe3,Petar Zovko,ba BIH,GK,Spezia,21-045,2002,0.8,1,0,1,0,0,1,1,100.0,0,0,0,0,0,1,0,0,Matches
4e1d5e59,Szymon Żurkowski,pl POL,MF,Fiorentina,25-226,1997,0.4,0,0,0,0,0,0,0,,0,0,0,0,0,0,0,0,Matches
4e1d5e59,Szymon Żurkowski,pl POL,MF,Spezia,25-226,1997,2.7,6,3,1,4,1,1,9,11.1,8,6,2,4,4,10,6,0,Matches
405f6586,Milan Đurić,ba BIH,FW,Hellas Verona,32-352,1990,11.8,2,1,1,0,1,1,3,33.3,2,6,3,3,1,3,19,0,Matches
eccbe56a,Filip Đuričić,rs SRB,"MF,FW",Sampdoria,31-099,1992,22.2,40,21,15,20,5,12,29,41.4,17,17,6,11,7,47,7,0,Matches
