id,MP,Min,90s,Starts,Compl,Subs,unSub,PPM,onG,onGA,+/-,onxG,onxGA,xG+/-,MinGK,MPGK,StartsGK,90sGK
0000acda,18,980,10,10,6,8,12,1,16,12,4,13.3,13.6,-0.3,0,0,0,0
008a6e6d,31,2354,26,26,24,5,3,1,35,41,-6,30.7,43.1,-12.3,0,0,0,0
00a17eba,0,0,0,0,0,0,38,0,0,0,0,0.0,0.0,0.0,0,0,0,0
00b0bb87,16,1153,12,14,10,2,2,1,26,17,9,14.6,22.5,-7.9,0,0,0,0
016ff750,6,323,3,3,0,3,14,2,5,5,0,6.7,3.6,3.2,0,0,0,0
01b8a2b2,29,2591,28,29,28,0,7,2,57,33,24,51.4,35.9,15.5,2591,29,29,28
01da4666,0,0,0,0,0,0,2,0,0,0,0,0.0,0.0,0.0,0,0,0,0
01efac19,24,1563,17,16,15,8,13,1,28,40,-12,28.2,38.4,-10.2,0,0,0,0
023937a9,19,1318,14,15,12,4,4,1,14,30,-16,18.3,24.1,-5.8,0,0,0,0
02b2937c,24,1869,20,22,13,2,0,0,22,40,-18,23.4,39.3,-16.0,0,0,0,0
02caf6e0,32,2548,28,29,19,3,4,2,52,33,19,48.7,38.1,10.7,0,0,0,0
0375723e,33,2073,23,26,5,7,2,0,30,41,-11,28.4,38.5,-10.1,0,0,0,0
03f946ed,36,3032,33,33,30,3,0,0,24,62,-38,36.8,60.4,-23.5,0,0,0,0
0489bb30,17,680,7,7,0,10,6,1,8,8,0,9.3,12.4,-3.1,0,0,0,0
04989945,4,165,1,2,1,2,10,0,3,5,-2,3.7,2.6,1.1,0,0,0,0
04df29a5,1,9,0,0,0,1,5,3,1,0,1,0.1,0.1,0.1,0,0,0,0
05e19d6a,35,2904,32,33,25,2,2,1,57,37,20,55.2,38.1,17.2,0,0,0,0
060606ec,15,781,8,10,1,5,1,0,9,15,-6,7.0,15.7,-8.7,0,0,0,0
0728bebe,33,2673,29,31,18,2,1,1,36,37,-1,40.0,36.8,3.1,0,0,0,0
07767f42,22,1397,15,15,12,7,11,1,22,26,-4,17.3,28.1,-10.9,0,0,0,0
07abb358,23,1743,19,19,13,4,2,3,18,38,-20,23.7,35.800000000000004,-12.2,0,0,0,0
0821331c,27,2207,24,26,21,1,2,1,36,40,-4,36.8,32.7,4.0,0,0,0,0
085e71a7,31,2790,31,31,31,0,2,1,36,43,-7,41.3,39.3,2.0,2790,31,31,31
089550f5,8,639,7,7,6,1,15,2,15,5,10,11.7,6.8,4.9,0,0,0,0
08990838,11,328,3,1,1,10,23,1,6,8,-2,6.0,6.3,-0.3,0,0,0,0
08aa9cd1,32,2236,24,23,11,9,3,1,34,49,-15,30.5,37.0,-6.6,0,0,0,0
08f5afaa,36,3201,35,36,35,0,0,1,59,42,17,59.1,39.9,19.2,3201,36,36,35
091795f2,2,122,1,1,1,1,35,0,0,5,-5,1.7,2.7,-0.9,0,0,0,0
09538fdb,36,2569,28,28,16,8,1,1,27,39,-12,31.1,39.8,-8.7,0,0,0,0
0a3065c8,13,1006,11,12,9,1,0,1,18,19,-1,18.1,15.1,3.0,0,0,0,0
0a447501,24,1387,15,16,5,8,7,1,20,34,-14,18.5,24.1,-5.6,0,0,0,0
0a483542,26,1643,18,17,14,9,10,1,28,30,-2,27.0,31.5,-4.5,0,0,0,0
0ab1f153,33,2654,29,28,26,5,3,2,60,26,34,58.2,31.6,26.7,0,0,0,0
0b5a292a,24,1966,21,22,18,2,9,1,39,35,4,36.5,27.3,9.2,0,0,0,0
0c35d28d,2,3,0,0,0,2,5,1,0,0,0,0.8,0.0,0.8,0,0,0,0
0ccac09c,36,3168,35,36,34,0,1,0,31,68,-37,39.9,68.4,-28.5,0,0,0,0
0cd0e21b,13,396,4,1,0,12,13,1,9,4,5,8.0,5.9,2.1,0,0,0,0
0d077b88,17,925,10,10,7,7,12,1,19,23,-4,15.9,16.6,-0.7,0,0,0,0
0d422df7,35,3150,35,35,35,0,3,1,43,43,0,45.7,50.0,-4.2,3150,35,35,35
0d82903c,29,2385,26,27,24,2,3,2,48,31,17,52.0,32.8,19.3,0,0,0,0
0db169ae,35,3014,33,34,28,1,0,0,32,61,-29,38.8,64.5,-25.7,0,0,0,0
0dfce079,3,270,3,3,3,0,32,1,4,8,-4,4.8,3.8,1.0,270,3,3,3
0e21fc3c,19,931,10,9,5,10,18,2,25,8,17,19.9,10.6,9.4,0,0,0,0
0f28c908,0,0,0,0,0,0,2,0,0,0,0,0.0,0.0,0.0,0,0,0,0
0f47717b,2,180,2,2,2,0,36,0,2,4,-2,0.8,4.0,-3.2,180,2,2,2
0f933743,0,0,0,0,0,0,18,0,0,0,0,0.0,0.0,0.0,0,0,0,0
0ff53d6f,0,0,0,0,0,0,6,0,0,0,0,0.0,0.0,0.0,0,0,0,0
103b7264,2,78,0,0,0,2,0,0,1,1,0,0.8,0.9,-0.1,0,0,0,0
1079c685,19,664,7,6,2,13,11,1,8,24,-16,8.3,15.0,-6.7,0,0,0,0
10dc46f0,36,3240,36,36,36,0,2,1,43,64,-21,42.0,57.7,-15.7,3240,36,36,36
10e7f486,15,1015,11,12,3,3,7,1,21,14,7,13.8,15.9,-2.0,0,0,0,0
11a1951e,0,0,0,0,0,0,6,0,0,0,0,0.0,0.0,0.0,0,0,0,0
11fb79c1,0,0,0,0,0,0,12,0,0,0,0,0.0,0.0,0.0,0,0,0,0
1253a12e,3,204,2,2,2,1,2,0,2,4,-2,3.0,3.7,-0.7,0,0,0,0
12851227,0,0,0,0,0,0,2,0,0,0,0,0.0,0.0,0.0,0,0,0,0
1295552e,24,1273,14,13,8,11,14,1,34,27,7,22.9,24.4,-1.5,0,0,0,0
130a7a3f,22,1209,13,16,4,6,6,1,23,13,10,20.7,13.8,6.9,0,0,0,0
13f89eaa,8,389,4,4,0,4,28,0,3,9,-6,5.5,7.5,-2.1,0,0,0,0
1424fd81,0,0,0,0,0,0,3,0,0,0,0,0.0,0.0,0.0,0,0,0,0
144607cc,36,3073,34,34,29,2,0,1,39,53,-14,45.4,60.2,-14.9,0,0,0,0
149c5f5d,23,1029,11,9,6,14,14,4,15,20,-5,13.8,20.3,-6.5,0,0,0,0
14b8fcdf,10,690,7,7,7,3,27,1,11,15,-4,15.3,9.5,5.8,0,0,0,0
157d29b6,18,824,9,7,3,11,1,0,15,19,-4,15.8,18.9,-3.1,0,0,0,0
15d0c248,26,2024,22,24,17,2,5,2,48,23,25,42.6,31.8,10.9,0,0,0,0
162efffd,34,2822,31,33,26,1,0,1,32,43,-11,35.3,44.9,-9.6,0,0,0,0
16569fef,25,2152,23,24,21,1,0,0,20,44,-24,26.6,40.4,-13.8,0,0,0,0
16657b95,26,1616,18,18,13,8,0,1,43,31,12,38.7,24.6,14.0,0,0,0,0
16b9d5cf,22,1799,20,20,18,2,8,1,33,24,9,34.0,22.4,11.6,0,0,0,0
16bb656a,15,693,7,7,4,8,9,1,11,7,4,13.3,9.2,4.2,0,0,0,0
173061c0,32,2604,28,31,22,1,3,1,48,41,7,37.3,46.2,-8.9,0,0,0,0
1770bd68,32,2453,27,30,15,2,1,1,22,33,-11,29.7,36.4,-6.7,0,0,0,0
17f3620a,18,1183,13,14,7,4,3,1,9,16,-7,18.2,13.3,4.9,0,0,0,0
185bf610,0,0,0,0,0,0,3,0,0,0,0,0.0,0.0,0.0,0,0,0,0
18736214,1,90,1,1,1,0,37,1,1,1,0,1.3,0.6,0.7,90,1,1,1
1880614f,18,873,9,10,2,8,11,1,20,18,2,22.0,13.3,8.7,0,0,0,0
18f9dbd0,20,686,7,6,2,14,12,1,10,18,-8,9.4,12.2,-2.8,0,0,0,0
197640fd,27,1769,19,19,16,8,7,2,47,24,23,37.8,22.2,15.6,0,0,0,0
19e4eab9,29,2213,24,24,21,5,6,1,23,34,-11,25.0,38.6,-13.6,0,0,0,0
1ab6fad3,4,63,0,0,0,4,7,0,1,2,-1,1.6,1.2,0.4,0,0,0,0
1b70f53a,0,0,0,0,0,0,1,0,0,0,0,0.0,0.0,0.0,0,0,0,0
1b82f8df,21,1387,15,15,11,6,2,1,21,34,-13,16.8,25.7,-8.9,0,0,0,0
1ca1ee8a,0,0,0,0,0,0,1,0,0,0,0,0.0,0.0,0.0,0,0,0,0
1cac99dc,12,337,3,3,0,9,7,1,6,6,0,6.4,9.4,-3.0,0,0,0,0
1cadaf34,1,17,0,0,0,1,9,3,0,1,-1,0.4,0.1,0.4,0,0,0,0
1d00a56c,2,52,0,1,0,1,8,1,2,0,2,0.8,1.2,-0.3,0,0,0,0
1d0bb7e4,7,280,3,3,1,4,6,2,7,3,4,5.4,3.3,2.1,0,0,0,0
1d110865,0,0,0,0,0,0,2,0,0,0,0,0.0,0.0,0.0,0,0,0,0
1e12c53b,24,1270,14,13,9,11,6,0,11,32,-21,15.1,28.0,-12.9,0,0,0,0
1ea5f91c,30,2095,23,25,11,5,5,1,35,40,-5,32.3,33.4,-1.1,0,0,0,0
1eeeff8a,14,768,8,8,3,6,10,0,15,21,-6,15.1,20.4,-5.4,0,0,0,0
1f9328da,26,2071,23,25,13,1,0,1,36,34,2,28.6,36.7,-8.2,0,0,0,0
1fca9171,20,1082,12,13,4,7,5,0,11,27,-16,15.3,23.6,-8.3,0,0,0,0
1ff49805,0,0,0,0,0,0,2,0,0,0,0,0.0,0.0,0.0,0,0,0,0
20730eae,31,1404,15,12,5,19,7,1,30,21,9,26.8,21.3,5.5,0,0,0,0
20b3a502,16,699,7,7,1,9,4,0,8,11,-3,8.0,10.6,-2.7,0,0,0,0
20b9f052,32,2880,32,32,32,0,2,1,69,45,24,64.2,39.6,24.6,2880,32,32,32
2146785a,25,1622,18,16,10,9,9,1,30,20,10,28.2,18.1,10.1,0,0,0,0
217875a4,14,1165,12,13,10,1,22,0,10,19,-9,12.5,21.6,-9.1,0,0,0,0
21c4b6af,0,0,0,0,0,0,5,0,0,0,0,0.0,0.0,0.0,0,0,0,0
22051fbe,20,1760,19,20,18,0,1,1,28,45,-17,29.6,42.2,-12.6,0,0,0,0
228f73ae,9,176,2,1,0,8,19,1,3,1,2,3.7,2.3,1.3,0,0,0,0
230a2fac,33,2970,33,33,33,0,4,1,50,44,6,52.9,40.8,12.1,0,0,0,0
231430de,0,0,0,0,0,0,12,0,0,0,0,0.0,0.0,0.0,0,0,0,0
2334478a,16,1252,13,15,9,1,2,1,18,24,-6,20.5,21.4,-1.0,0,0,0,0
23c38d9c,0,0,0,0,0,0,11,0,0,0,0,0.0,0.0,0.0,0,0,0,0
244f57b9,24,1177,13,14,4,10,12,2,21,15,6,21.0,16.3,4.7,0,0,0,0
246d153b,32,2079,23,20,12,12,5,1,35,39,-4,30.2,34.7,-4.5,0,0,0,0
25052226,0,0,0,0,0,0,2,0,0,0,0,0.0,0.0,0.0,0,0,0,0
261dfc43,0,0,0,0,0,0,2,0,0,0,0,0.0,0.0,0.0,0,0,0,0
263b855a,1,1,0,0,0,1,16,3,0,0,0,0.0,0.1,-0.1,0,0,0,0
26c54163,0,0,0,0,0,0,5,0,0,0,0,0.0,0.0,0.0,0,0,0,0
26db8853,20,1139,12,12,6,8,17,1,15,15,0,14.6,17.7,-3.2,0,0,0,0
270d0d18,0,0,0,0,0,0,5,0,0,0,0,0.0,0.0,0.0,0,0,0,0
282b3a4d,13,313,3,2,0,11,15,0,3,5,-2,4.2,5.4,-1.2,0,0,0,0
283699b4,0,0,0,0,0,0,3,0,0,0,0,0.0,0.0,0.0,0,0,0,0
2873973b,0,0,0,0,0,0,1,0,0,0,0,0.0,0.0,0.0,0,0,0,0
28a15394,1,90,1,1,1,0,37,1,1,1,0,1.9,0.9,1.0,90,1,1,1
2990c466,16,1026,11,10,8,6,22,1,20,15,5,17.1,16.6,0.5,0,0,0,0
2a1beb34,35,2721,30,29,27,6,1,2,82,41,41,69.1,34.6,34.5,0,0,0,0
2b15a82a,4,80,0,0,0,4,10,1,1,1,0,1.2,1.0,0.2,0,0,0,0
2c0f8e9e,22,923,10,10,4,12,4,2,31,9,22,23.7,11.3,12.4,0,0,0,0
2c38b327,0,0,0,0,0,0,6,0,0,0,0,0.0,0.0,0.0,0,0,0,0
2c3a6c21,33,2440,27,28,19,5,1,0,36,64,-28,39.1,62.3,-23.2,0,0,0,0
2c851997,26,1392,15,19,3,7,9,1,19,30,-11,19.4,21.9,-2.5,0,0,0,0
2ce7e08e,0,0,0,0,0,0,1,0,0,0,0,0.0,0.0,0.0,0,0,0,0
2cfae697,19,1082,12,13,6,6,12,1,19,23,-4,19.1,19.8,-0.7,0,0,0,0
2d970560,34,2617,29,31,17,3,3,2,78,36,42,64.5,30.7,33.8,0,0,0,0
2e3596d1,3,97,1,1,0,2,10,0,0,2,-2,1.2,2.3,-1.1,0,0,0,0
2ead2809,25,1784,19,20,13,5,1,0,30,47,-17,30.1,46.7,-16.6,0,0,0,0
2f3452eb,20,1481,16,17,11,3,14,2,24,17,7,21.3,15.7,5.6,0,0,0,0
2f557579,37,2810,31,34,18,3,1,1,49,44,5,50.1,39.3,10.9,0,0,0,0
2f7407fa,1,3,0,0,0,1,10,3,1,0,1,0.8,0.1,0.7,0,0,0,0
30223b33,5,450,5,5,5,0,21,1,5,5,0,7.3,8.6,-1.3,450,5,5,5
30f5ffa9,32,2627,29,30,27,2,2,2,61,30,31,52.4,30.9,21.5,0,0,0,0
31b252fc,1,3,0,0,0,1,14,0,0,0,0,0.0,0.0,0.0,0,0,0,0
326d09ef,0,0,0,0,0,0,38,0,0,0,0,0.0,0.0,0.0,0,0,0,0
32a33c68,1,9,0,0,0,1,1,1,0,0,0,0.4,0.6,-0.2,0,0,0,0
331c0a43,34,2798,31,31,27,3,3,0,23,61,-38,35.1,57.8,-22.6,0,0,0,0
33914f14,13,972,10,11,6,2,19,0,10,28,-18,15.3,22.3,-7.0,0,0,0,0
339c6ed4,5,225,2,2,1,3,26,2,6,5,1,6.0,4.2,1.9,0,0,0,0
339fe0e8,38,3420,38,38,38,0,0,2,79,42,37,68.0,51.1,16.9,3420,38,38,38
33b8d077,32,2701,30,30,26,2,1,2,63,29,34,50.0,33.5,16.5,0,0,0,0
33ecf462,32,1774,19,22,2,10,5,1,30,24,6,28.2,24.7,3.6,0,0,0,0
343c0d52,37,2924,32,34,18,3,1,1,44,41,3,37.3,45.6,-8.3,0,0,0,0
343f753a,34,3060,34,34,34,0,0,1,53,53,0,43.0,57.4,-14.3,3060,34,34,34
348bafd4,0,0,0,0,0,0,4,0,0,0,0,0.0,0.0,0.0,0,0,0,0
3535098b,15,884,9,10,3,5,17,1,17,18,-1,14.3,16.6,-2.3,0,0,0,0
356c9002,32,1993,22,24,9,8,4,2,51,26,25,41.0,25.4,15.6,0,0,0,0
35d76360,0,0,0,0,0,0,9,0,0,0,0,0.0,0.0,0.0,0,0,0,0
35dd6d80,26,2053,22,24,20,2,1,1,28,43,-15,29.3,38.3,-9.0,0,0,0,0
360b2bb1,8,344,3,3,2,5,15,0,3,14,-11,4.5,8.9,-4.4,0,0,0,0
3626daea,24,1548,17,18,12,6,10,1,26,22,4,29.1,23.4,5.7,0,0,0,0
3702ae0d,0,0,0,0,0,0,5,0,0,0,0,0.0,0.0,0.0,0,0,0,0
38240787,0,0,0,0,0,0,2,0,0,0,0,0.0,0.0,0.0,0,0,0,0
38ac43d3,12,681,7,9,2,3,2,2,10,5,5,11.0,8.4,2.7,0,0,0,0
3945ac70,0,0,0,0,0,0,16,0,0,0,0,0.0,0.0,0.0,0,0,0,0
39ee6cb6,28,1909,21,20,16,8,9,0,27,45,-18,29.1,49.1,-20.0,0,0,0,0
3a0f199a,0,0,0,0,0,0,1,0,0,0,0,0.0,0.0,0.0,0,0,0,0
3ac5f672,0,0,0,0,0,0,1,0,0,0,0,0.0,0.0,0.0,0,0,0,0
3b333ac3,32,2356,26,25,22,7,4,2,71,34,37,62.5,29.3,33.2,0,0,0,0
3b387cc7,0,0,0,0,0,0,19,0,0,0,0,0.0,0.0,0.0,0,0,0,0
3b61c9ec,24,1908,21,22,15,2,3,1,34,37,-3,25.4,30.0,-4.5,0,0,0,0
3b8674e6,30,2196,24,25,17,5,4,2,47,27,20,49.7,27.8,21.9,0,0,0,0
3bb7af3b,17,1115,12,13,6,4,7,1,24,28,-4,20.8,26.1,-5.3,0,0,0,0
3bb7f478,35,2854,31,31,27,4,3,1,60,43,17,63.1,41.6,21.5,0,0,0,0
3bd2a854,0,0,0,0,0,0,1,0,0,0,0,0.0,0.0,0.0,0,0,0,0
3c05c659,1,90,1,1,1,0,17,0,0,1,-1,0.8,1.4,-0.6,0,0,0,0
3cd3b384,17,1135,12,12,10,5,21,1,22,19,3,20.7,19.4,1.3,0,0,0,0
3e57e591,0,0,0,0,0,0,16,0,0,0,0,0.0,0.0,0.0,0,0,0,0
3ead85f9,35,3091,34,35,34,0,0,1,54,43,11,55.2,39.6,15.6,0,0,0,0
3ed84b2c,11,188,2,0,0,11,21,1,3,5,-2,5.8,3.4,2.3,0,0,0,0
3ef0a2d7,2,8,0,0,0,2,29,3,1,0,1,0.0,0.0,0.0,0,0,0,0
3ef55f23,0,0,0,0,0,0,1,0,0,0,0,0.0,0.0,0.0,0,0,0,0
3ef965c1,0,0,0,0,0,0,1,0,0,0,0,0.0,0.0,0.0,0,0,0,0
3effaa34,1,60,0,1,0,0,1,3,1,0,1,0.6,0.6,0.0,0,0,0,0
3f64e88b,0,0,0,0,0,0,10,0,0,0,0,0.0,0.0,0.0,0,0,0,0
4195b8b6,11,917,10,10,9,1,1,0,9,25,-16,11.4,23.2,-11.7,0,0,0,0
41efbd34,0,0,0,0,0,0,11,0,0,0,0,0.0,0.0,0.0,0,0,0,0
422ec08a,25,1422,15,17,4,8,2,0,16,33,-17,21.5,35.7,-14.2,0,0,0,0
42b1a58a,16,963,10,11,8,5,19,3,16,22,-6,18.1,21.6,-3.5,0,0,0,0
433030e4,0,0,0,0,0,0,1,0,0,0,0,0.0,0.0,0.0,0,0,0,0
43a1bea5,2,90,1,1,0,1,14,0,1,2,-1,1.6,1.8,-0.2,0,0,0,0
440c84ed,14,621,6,7,1,7,9,1,8,13,-5,9.0,8.3,0.7,0,0,0,0
4431aed2,37,3170,35,36,29,1,0,2,76,38,38,63.2,46.7,16.5,0,0,0,0
44510fde,20,658,7,7,0,13,13,0,5,11,-6,10.3,11.1,-0.9,0,0,0,0
44674a77,0,0,0,0,0,0,2,0,0,0,0,0.0,0.0,0.0,0,0,0,0
44ac04e9,20,1282,14,14,10,6,3,2,30,13,17,23.1,15.9,7.2,0,0,0,0
44eb9093,22,1402,15,15,11,7,8,2,37,9,28,29.3,14.5,14.8,0,0,0,0
455a2b79,13,430,4,4,0,9,16,0,3,6,-3,5.3,5.5,-0.2,0,0,0,0
4571fa88,2,135,1,1,1,1,14,0,4,4,0,1.1,3.1,-1.9,0,0,0,0
45af5134,10,257,2,3,0,7,3,0,1,7,-6,3.3,6.6,-3.2,0,0,0,0
45b9b619,30,2002,22,22,11,8,1,2,47,26,21,40.6,30.4,10.2,0,0,0,0
4611e028,37,2950,32,32,31,5,0,1,46,45,1,48.4,41.3,7.1,0,0,0,0
468a2422,0,0,0,0,0,0,11,0,0,0,0,0.0,0.0,0.0,0,0,0,0
46f5c54d,28,2169,24,23,22,5,7,0,18,41,-23,28.8,46.8,-18.0,0,0,0,0
46fa7204,13,730,8,8,4,5,18,2,9,14,-5,10.6,13.7,-3.1,0,0,0,0
47a500ae,26,2261,25,25,24,1,2,0,30,57,-27,29.6,61.3,-31.8,0,0,0,0
47f2af81,0,0,0,0,0,0,11,0,0,0,0,0.0,0.0,0.0,0,0,0,0
482145e9,18,555,6,6,0,12,4,0,5,14,-9,6.4,13.4,-7.1,0,0,0,0
48d5bd33,34,1535,17,12,4,22,2,2,44,19,25,38.2,17.7,20.4,0,0,0,0
49136c42,0,0,0,0,0,0,1,0,0,0,0,0.0,0.0,0.0,0,0,0,0
4a56052c,33,2629,29,30,23,3,3,1,53,36,17,56.1,36.6,19.5,0,0,0,0
4a5a45c7,27,2097,23,26,12,1,0,1,48,30,18,43.2,31.3,11.9,0,0,0,0
4a6914ff,10,900,10,10,10,0,28,0,5,29,-24,7.9,17.4,-9.5,900,10,10,10
4ae67f27,0,0,0,0,0,0,2,0,0,0,0,0.0,0.0,0.0,0,0,0,0
4b029b31,13,784,8,8,7,5,23,1,9,22,-13,10.5,13.9,-3.4,0,0,0,0
4b3e1a38,36,3228,35,36,35,0,1,1,43,49,-6,47.3,50.6,-3.4,0,0,0,0
4c3a6744,22,1514,16,19,7,3,9,1,36,21,15,30.7,20.1,10.7,0,0,0,0
4c62d0c8,21,1890,21,21,21,0,2,1,30,38,-8,28.2,30.8,-2.6,1890,21,21,21
4c78b5ed,25,1808,20,23,11,2,2,2,42,18,24,35.9,23.1,12.9,0,0,0,0
4cc93246,0,0,0,0,0,0,1,0,0,0,0,0.0,0.0,0.0,0,0,0,0
4cdcbc14,11,553,6,6,1,5,24,1,7,13,-6,5.9,9.4,-3.5,0,0,0,0
4cde5509,18,1362,15,16,11,2,0,2,34,17,17,28.4,19.9,8.6,0,0,0,0
4ce8f4a3,3,44,0,0,0,3,0,0,0,2,-2,0.3,1.4,-1.1,0,0,0,0
4dba2a97,0,0,0,0,0,0,1,0,0,0,0,0.0,0.0,0.0,0,0,0,0
4e1d5e59,2,12,0,0,0,2,18,2,0,0,0,0.3,0.1,0.1,0,0,0,0
4e219ad2,16,1359,15,15,12,1,4,1,13,21,-8,21.4,18.6,2.7,0,0,0,0
4e358a2d,16,1213,13,14,10,2,14,1,29,20,9,24.7,17.5,7.2,0,0,0,0
4e6dbac4,37,3029,33,35,25,2,0,2,71,39,32,60.4,45.7,14.7,0,0,0,0
4f2908e5,23,1513,16,17,13,6,14,1,31,37,-6,23.5,28.8,-5.3,0,0,0,0
4fa7cb9b,23,802,8,7,1,16,2,2,28,9,19,19.2,8.7,10.5,0,0,0,0
5128bde4,38,3239,36,37,28,1,0,1,43,48,-5,47.2,48.4,-1.2,0,0,0,0
514f0896,0,0,0,0,0,0,13,0,0,0,0,0.0,0.0,0.0,0,0,0,0
51c614fd,0,0,0,0,0,0,12,0,0,0,0,0.0,0.0,0.0,0,0,0,0
5230042f,0,0,0,0,0,0,1,0,0,0,0,0.0,0.0,0.0,0,0,0,0
528492ea,26,1730,19,20,9,6,6,2,38,26,12,28.5,28.0,0.4000000000000003,0,0,0,0
5294a83f,36,3113,34,36,26,0,0,2,75,37,38,62.3,44.3,18.0,0,0,0,0
52e7f812,0,0,0,0,0,0,1,0,0,0,0,0.0,0.0,0.0,0,0,0,0
52ec54d0,35,3082,34,35,32,0,0,2,73,38,35,64.4,38.7,25.7,0,0,0,0
5313ed43,32,2249,25,24,14,8,6,1,25,30,-5,27.5,29.1,-1.7,0,0,0,0
536cebe5,26,1395,15,15,3,11,8,1,32,21,11,29.3,20.1,9.2,0,0,0,0
539230cf,7,526,5,5,4,2,30,2,18,2,16,12.6,3.9,8.8,0,0,0,0
53a0e358,31,2493,27,29,17,2,1,1,53,46,7,39.6,46.6,-7.0,0,0,0,0
53de807a,29,2306,25,28,18,1,0,2,55,25,30,44.4,30.6,13.8,0,0,0,0
53e494ec,0,0,0,0,0,0,2,0,0,0,0,0.0,0.0,0.0,0,0,0,0
543d9d2b,0,0,0,0,0,0,6,0,0,0,0,0.0,0.0,0.0,0,0,0,0
54e53b7e,30,1256,13,12,2,18,7,1,19,27,-8,18.8,24.6,-5.8,0,0,0,0
5592007b,31,1684,18,20,9,11,4,0,19,43,-24,21.8,34.7,-12.9,0,0,0,0
563a68ad,23,1784,19,22,9,1,2,1,24,30,-6,31.6,25.7,5.9,0,0,0,0
56400c01,30,2442,27,28,22,2,5,1,41,42,-1,29.0,41.0,-12.0,0,0,0,0
56b2957b,22,1031,11,12,1,10,9,1,15,16,-1,11.4,16.7,-5.3,0,0,0,0
570bb4b9,31,1570,17,20,5,11,4,1,28,27,1,21.4,26.8,-5.4,0,0,0,0
5710a281,14,685,7,8,4,6,15,2,11,12,-1,10.1,11.4,-1.3,0,0,0,0
58027adc,14,1051,11,11,9,3,10,0,13,21,-8,15.5,16.1,-0.6,0,0,0,0
582a251c,5,423,4,4,4,1,32,1,9,9,0,6.8,11.5,-4.7,423,5,4,4
5832ebfe,26,2240,24,25,23,1,7,1,33,45,-12,38.4,35.9,2.5,0,0,0,0
585a73a8,33,2671,29,31,27,2,0,1,39,44,-5,35.8,52.6,-16.8,0,0,0,0
58d97e77,8,89,1,0,0,8,8,0,1,1,0,2.3,1.6,0.7,0,0,0,0
58e933d2,18,1216,13,13,9,5,2,2,20,26,-6,17.9,21.7,-3.8,0,0,0,0
599d91d0,2,4,0,0,0,2,17,1,0,0,0,0.0,0.5,-0.5,0,0,0,0
59be3a74,6,62,0,0,0,6,24,1,3,2,1,2.4,1.4,0.9,0,0,0,0
5a2cb25d,34,2919,32,33,22,1,0,1,40,46,-6,41.9,44.2,-2.2,0,0,0,0
5aa53281,32,2740,30,31,27,1,1,1,59,39,20,56.8,39.0,17.8,0,0,0,0
5aaef9ef,26,1932,21,22,16,4,1,1,29,28,1,24.6,33.7,-9.1,0,0,0,0
5bd72174,36,2931,32,33,25,3,1,1,60,54,6,44.8,53.5,-8.7,0,0,0,0
5c397195,11,384,4,4,0,7,5,1,11,6,5,7.1,5.6,1.6,0,0,0,0
5cbb5ad6,0,0,0,0,0,0,8,0,0,0,0,0.0,0.0,0.0,0,0,0,0
5cec2c74,33,2201,24,23,20,10,4,1,32,52,-20,30.7,41.3,-10.5,0,0,0,0
5d4f7d61,0,0,0,0,0,0,2,0,0,0,0,0.0,0.0,0.0,0,0,0,0
5df4ef30,11,759,8,8,6,3,7,0,7,16,-9,13.0,11.0,2.0,0,0,0,0
5e834dce,2,120,1,1,1,1,4,0,1,3,-2,1.5,2.0,-0.5,0,0,0,0
5e861944,26,1002,11,11,1,15,8,4,19,13,6,17.4,12.4,5.1,0,0,0,0
5eae500a,36,2979,33,33,25,3,0,2,67,31,36,58.5,35.6,22.8,0,0,0,0
5efc5389,20,1338,14,14,9,6,15,1,15,19,-4,14.5,26.2,-11.7,0,0,0,0
5f6b65ed,0,0,0,0,0,0,1,0,0,0,0,0.0,0.0,0.0,0,0,0,0
5f958357,0,0,0,0,0,0,4,0,0,0,0,0.0,0.0,0.0,0,0,0,0
5fa57166,1,9,0,0,0,1,6,1,0,0,0,0.0,0.1,-0.1,0,0,0,0
5fd5ed86,27,2270,25,27,21,0,9,1,35,42,-7,31.3,37.0,-5.8,0,0,0,0
6010ba04,1,9,0,0,0,1,19,0,0,0,0,0.2,0.1,0.0,0,0,0,0
601ef102,33,2415,26,28,15,5,0,1,26,33,-7,31.5,37.5,-6.0,0,0,0,0
61b3978f,28,2402,26,27,23,1,2,1,31,48,-17,32.7,43.3,-10.6,0,0,0,0
61f2f56a,7,143,1,0,0,7,8,0,3,3,0,2.5,2.5,0.0,0,0,0,0
6213fd82,25,1928,21,22,15,3,4,0,15,46,-31,23.5,37.2,-13.7,0,0,0,0
62437b4f,12,341,3,2,0,10,6,1,5,7,-2,4.5,7.2,-2.7,0,0,0,0
63071a3f,36,3053,33,34,32,2,1,1,48,50,-2,41.6,56.9,-15.4,0,0,0,0
649b01d8,36,3240,36,36,36,0,2,1,46,60,-14,46.0,50.6,-4.5,3240,36,36,36
64cd167d,24,1971,21,22,19,2,12,0,29,38,-9,32.3,30.5,1.8,0,0,0,0
64f79179,0,0,0,0,0,0,2,0,0,0,0,0.0,0.0,0.0,0,0,0,0
6523afa4,1,90,1,1,1,0,14,0,0,1,-1,1.2,1.3,-0.1,0,0,0,0
652811aa,26,2064,22,24,19,2,3,0,32,59,-27,32.5,56.9,-24.4,0,0,0,0
66a9470c,2,24,0,0,0,2,3,0,0,0,0,0.6,0.1,0.5,0,0,0,0
66b14f6b,0,0,0,0,0,0,8,0,0,0,0,0.0,0.0,0.0,0,0,0,0
674cfc5a,32,2110,23,24,11,8,3,0,16,53,-37,24.1,39.2,-15.1,0,0,0,0
67f649be,17,1530,17,17,17,0,11,0,17,35,-18,20.5,29.2,-8.7,1530,17,17,17
6817095b,11,216,2,0,0,11,22,0,0,6,-6,1.9,5.0,-3.1,0,0,0,0
68252d6d,26,1663,18,21,7,5,1,2,51,24,27,43.3,19.5,23.8,0,0,0,0
6928979a,27,2013,22,23,17,4,1,2,45,21,24,40.9,24.1,16.7,0,0,0,0
6a189491,18,1095,12,11,4,7,14,1,13,22,-9,13.5,20.9,-7.5,0,0,0,0
6aafdc27,23,1755,19,20,17,3,13,0,13,42,-29,18.7,34.5,-15.8,0,0,0,0
6c1f7328,17,766,8,8,1,9,0,1,11,13,-2,11.3,10.1,1.3,0,0,0,0
6ca663b4,15,307,3,1,0,14,13,1,8,6,2,8.3,6.1,2.2,0,0,0,0
6cc97b6a,16,641,7,6,1,10,7,1,10,13,-3,8.0,11.6,-3.6,0,0,0,0
6e058f06,11,264,2,2,0,9,27,0,4,6,-2,4.6,3.2,1.4,0,0,0,0
6e4df551,36,2842,31,34,14,2,1,2,83,38,45,67.2,34.9,32.2,0,0,0,0
6eee05f1,34,2783,30,32,24,2,3,2,77,38,39,66.1,31.6,34.5,0,0,0,0
6f5ead86,32,2419,26,27,19,5,0,1,38,40,-2,31.1,45.8,-14.7,0,0,0,0
6fe8796e,0,0,0,0,0,0,1,0,0,0,0,0.0,0.0,0.0,0,0,0,0
7005ac66,0,0,0,0,0,0,9,0,0,0,0,0.0,0.0,0.0,0,0,0,0
71201659,0,0,0,0,0,0,3,0,0,0,0,0.0,0.0,0.0,0,0,0,0
714ffae7,0,0,0,0,0,0,2,0,0,0,0,0.0,0.0,0.0,0,0,0,0
718b8afd,22,1380,15,15,8,7,15,0,12,27,-15,14.8,31.7,-17.0,0,0,0,0
71dc23da,25,1717,19,20,14,5,10,0,19,40,-21,23.3,33.2,-10.0,0,0,0,0
72be9309,4,360,4,4,4,0,34,1,3,4,-1,5.4,6.9,-1.5,360,4,4,4
73ddc40c,6,405,4,4,4,2,9,1,5,6,-1,5.3,5.6,-0.2,0,0,0,0
74419746,35,3150,35,35,35,0,3,2,74,32,42,64.3,36.0,28.3,3150,35,35,35
756959aa,14,698,7,8,4,6,4,1,13,18,-5,9.7,13.2,-3.4,0,0,0,0
75b86fb3,25,1921,21,21,16,4,11,2,51,23,28,41.9,22.8,19.1,0,0,0,0
75e60d75,27,1819,20,20,13,7,3,0,17,36,-19,0.0,0.0,0.0,0,0,0,0
75efed2e,0,0,0,0,0,0,2,0,0,0,0,0.0,0.0,0.0,0,0,0,0
7737dee2,7,153,1,1,0,6,16,1,4,3,1,2.7,2.8,-0.1,0,0,0,0
77e401c7,0,0,0,0,0,0,36,0,0,0,0,0.0,0.0,0.0,0,0,0,0
780e3631,35,2489,27,27,21,8,0,1,38,38,0,39.4,39.6,-0.2,0,0,0,0
78841da9,33,2172,24,25,12,8,5,1,37,35,2,39.8,30.1,9.7,0,0,0,0
79083382,4,139,1,1,0,3,20,1,4,4,0,3.5,3.2,0.3,0,0,0,0
79443529,30,1499,16,13,8,17,6,1,22,30,-8,24.0,24.2,-0.2,0,0,0,0
7aa84ac5,10,284,3,3,0,7,15,0,1,10,-9,2.8,7.6,-4.8,0,0,0,0
7afb1573,0,0,0,0,0,0,1,0,0,0,0,0.0,0.0,0.0,0,0,0,0
7b075c75,8,637,7,7,6,1,4,1,13,14,-1,10.5,9.0,1.5,0,0,0,0
7b49b9cf,0,0,0,0,0,0,11,0,0,0,0,0.0,0.0,0.0,0,0,0,0
7b4b9221,1,20,0,0,0,1,19,1,0,1,-1,0.1,1.2,-1.1,0,0,0,0
7b4de647,2,129,1,1,1,1,17,0,2,3,-1,2.2,3.7,-1.5,129,2,1,1
7b536033,21,706,7,7,2,14,14,1,12,11,1,10.5,13.0,-2.5,0,0,0,0
7b5f516f,1,11,0,0,0,1,37,3,0,1,-1,0.4,0.1,0.4,11,1,0,0
7b8f85c7,0,0,0,0,0,0,27,3,0,1,-1,0.0,0.0,0.0,0,0,0,0
7ba1f1ef,1,17,0,0,0,1,15,3,0,1,-1,0.4,0.1,0.4,0,0,0,0
7d3cbc67,15,509,5,3,0,12,20,0,4,12,-8,10.8,11.2,-0.3,0,0,0,0
7d50454d,16,1246,13,15,12,1,4,1,20,17,3,13.4,19.3,-5.8,0,0,0,0
7e81a17d,14,222,2,1,0,13,18,1,4,4,0,3.9,4.4,-0.4,0,0,0,0
7eb97a8e,33,2269,25,26,15,7,1,1,34,42,-8,38.6,33.8,4.8,0,0,0,0
7ec7738e,10,348,3,4,0,6,2,0,3,9,-6,3.6,5.5,-1.9,0,0,0,0
7ed4921e,30,2576,28,29,27,1,6,1,29,43,-14,31.1,41.8,-10.8,0,0,0,0
7efb2c41,0,0,0,0,0,0,4,0,0,0,0,0.0,0.0,0.0,0,0,0,0
7f24b3eb,3,48,0,0,0,3,18,1,0,1,-1,0.6,0.6,0.0,0,0,0,0
7f267d66,11,718,8,8,5,3,15,1,10,21,-11,9.4,20.9,-11.5,0,0,0,0
7f2ee94d,0,0,0,0,0,0,1,0,0,0,0,0.0,0.0,0.0,0,0,0,0
7f66ea09,29,2610,29,29,29,0,2,0,27,59,-32,29.8,57.6,-27.9,2610,29,29,29
7f78ad23,5,386,4,5,3,0,10,1,2,3,-1,4.5,3.9,0.7,0,0,0,0
7f7ad37a,0,0,0,0,0,0,17,0,0,0,0,0.0,0.0,0.0,0,0,0,0
7fd58fe3,20,1573,17,20,10,0,1,2,42,17,25,33.9,22.5,11.4,0,0,0,0
7fe90ccd,9,452,5,3,3,6,4,1,11,7,4,7.5,8.1,-0.7,0,0,0,0
7ff93107,7,199,2,2,1,5,25,2,8,1,7,4.8,1.9,3.0,0,0,0,0
801831fe,2,27,0,0,0,2,14,2,0,0,0,0.1,0.0,0.1,0,0,0,0
80c718dd,8,155,1,1,0,7,30,0,2,2,0,1.6,4.1,-2.5,0,0,0,0
81255c03,36,3151,35,35,29,1,0,1,51,49,2,39.9,54.3,-14.4,0,0,0,0
812d3750,0,0,0,0,0,0,3,0,0,0,0,0.0,0.0,0.0,0,0,0,0
817c6964,15,537,6,4,1,11,17,1,7,7,0,7.9,6.4,1.6,0,0,0,0
822a7761,5,186,2,2,0,3,12,1,1,4,-3,1.6,4.4,-2.8,0,0,0,0
82328faf,1,90,1,1,1,0,35,3,3,1,2,1.7,1.2,0.6,90,1,1,1
825b8997,13,855,9,8,7,5,19,1,15,18,-3,10.8,16.6,-5.9,0,0,0,0
82b1198a,17,1469,16,17,16,0,18,1,26,17,9,27.2,17.5,9.7,1469,17,17,16
82dbf623,17,501,5,3,1,14,6,1,10,8,2,12.5,8.2,4.2,0,0,0,0
82efe6fa,9,614,6,7,4,2,22,2,15,8,7,14.5,9.1,5.4,0,0,0,0
84594618,18,1477,16,16,15,2,7,1,25,23,2,21.8,24.9,-3.0,0,0,0,0
84b6acaa,26,2244,24,26,24,0,4,0,22,49,-27,26.9,47.5,-20.6,0,0,0,0
852351df,16,1056,11,12,6,4,3,2,32,15,17,26.4,13.5,12.9,0,0,0,0
854ee61a,17,980,10,9,4,8,4,1,24,20,4,18.2,17.7,0.5,0,0,0,0
85613cf0,26,1747,19,19,8,7,3,1,29,23,6,31.3,21.5,9.8,0,0,0,0
85909a5c,0,0,0,0,0,0,13,0,0,0,0,0.0,0.0,0.0,0,0,0,0
85b011bb,0,0,0,0,0,0,33,0,0,0,0,0.0,0.0,0.0,0,0,0,0
85e51909,2,28,0,0,0,2,14,0,0,2,-2,0.3,1.2,-0.9,0,0,0,0
85ea4399,0,0,0,0,0,0,19,0,0,0,0,0.0,0.0,0.0,0,0,0,0
8650af85,23,1897,21,21,20,2,5,1,39,33,6,30.0,35.2,-5.1,0,0,0,0
8697c095,13,398,4,4,0,9,13,0,3,12,-9,5.3,6.9,-1.6,0,0,0,0
87243064,0,0,0,0,0,0,1,0,0,0,0,0.0,0.0,0.0,0,0,0,0
8794e251,28,1912,21,21,13,7,6,2,45,22,23,39.5,21.8,17.7,0,0,0,0
881ef58c,11,514,5,5,1,6,15,1,8,4,4,10.3,5.8,4.5,0,0,0,0
88c89891,15,619,6,7,2,8,10,1,12,12,0,11.9,9.5,2.5,0,0,0,0
8913a9f9,1,5,0,0,0,1,2,0,0,0,0,0.0,0.0,0.0,0,0,0,0
89522a73,0,0,0,0,0,0,12,0,0,0,0,0.0,0.0,0.0,0,0,0,0
89976232,31,2686,29,30,27,1,1,1,38,51,-13,36.9,47.7,-10.7,0,0,0,0
89b2c8a9,31,1689,18,18,8,13,2,1,35,30,5,30.0,24.2,5.9,0,0,0,0
8a08491a,32,1866,20,20,7,12,2,2,41,25,16,39.3,25.4,13.9,0,0,0,0
8abd0c03,13,593,6,6,0,7,5,1,10,9,1,7.6,9.0,-1.4,0,0,0,0
8b303bcb,6,225,2,2,0,4,9,0,1,3,-2,2.3,4.5,-2.2,0,0,0,0
8b609c34,4,132,1,1,0,3,15,0,2,3,-1,1.6,3.2,-1.6,0,0,0,0
8b66d9cc,14,573,6,5,1,9,12,0,8,13,-5,8.9,11.3,-2.4,0,0,0,0
8b8a56ce,20,1532,17,18,14,2,8,4,50,18,32,39.5,21.1,18.4,0,0,0,0
8b95acda,31,2772,30,30,30,1,5,1,37,53,-16,37.9,43.5,-5.6,0,0,0,0
8bc8829a,3,68,0,0,0,3,21,1,3,3,0,3.4,1.7,1.7,0,0,0,0
8c63fae5,3,232,2,2,2,1,17,0,2,4,-2,3.5,3.2,0.3,0,0,0,0
8c65eb5f,26,1649,18,19,10,7,2,1,14,27,-13,19.6,26.8,-7.3,0,0,0,0
8c725b43,33,2830,31,33,30,0,1,1,46,41,5,44.6,42.9,1.7,0,0,0,0
8cabdc1e,31,2790,31,31,31,0,2,1,58,55,3,45.0,50.2,-5.2,2790,31,31,31
8cb494c9,1,1,0,0,0,1,11,3,0,0,0,0.0,0.0,0.0,0,0,0,0
8cc29864,9,702,7,9,6,0,13,0,9,16,-7,11.1,14.0,-2.9,0,0,0,0
8cea6319,15,997,11,11,7,4,20,0,10,28,-18,13.4,22.5,-9.1,0,0,0,0
8d8178ac,35,2517,28,28,17,7,2,1,44,47,-3,41.9,39.1,2.8,0,0,0,0
8da74c05,7,211,2,2,2,5,10,2,10,3,7,6.8,3.1,3.7,0,0,0,0
8ec109e6,0,0,0,0,0,0,4,0,0,0,0,0.0,0.0,0.0,0,0,0,0
8efa621b,36,3132,34,36,34,0,0,0,51,75,-24,51.0,75.0,-24.0,0,0,0,0
8f866fe8,33,2035,22,24,10,9,4,1,32,37,-5,31.5,33.0,-1.5,0,0,0,0
8fef5412,23,1725,19,21,15,2,11,1,30,29,1,31.6,27.1,4.5,0,0,0,0
8ff07990,19,1404,15,16,10,3,0,0,14,31,-17,18.2,26.6,-8.4,0,0,0,0
9085dd7c,21,1343,14,14,12,7,5,0,20,26,-6,17.0,22.9,-5.8,0,0,0,0
909bce7f,31,2138,23,24,14,7,4,0,32,48,-16,34.0,49.8,-15.7,0,0,0,0
91899ca8,18,1466,16,17,15,1,4,1,14,20,-6,23.1,19.6,3.5,0,0,0,0
91976866,2,82,0,0,0,2,16,2,2,1,1,0.9,0.7,0.2,0,0,0,0
919dd4b1,1,2,0,0,0,1,1,0,0,0,0,0.1,0.0,0.1,0,0,0,0
91c9de34,4,47,0,0,0,4,3,0,0,0,0,0.7,0.7,0.0,0,0,0,0
921f6058,30,2480,27,28,24,2,5,2,68,34,34,61.6,31.5,30.2,0,0,0,0
92b4758e,21,1546,17,16,15,5,8,1,14,30,-16,17.8,26.9,-9.1,0,0,0,0
92d83c27,25,1051,11,12,2,13,11,1,16,30,-14,13.4,21.2,-7.8,0,0,0,0
933d3b51,17,851,9,9,5,8,18,1,10,22,-12,9.9,20.2,-10.2,0,0,0,0
934e264d,2,70,0,1,0,1,5,0,1,2,-1,0.5,1.2,-0.6,0,0,0,0
93b891d1,30,1406,15,18,2,12,6,2,35,14,21,27.6,18.8,8.9,0,0,0,0
93cf32a8,31,2692,29,30,29,1,2,1,36,53,-17,35.9,47.0,-11.1,0,0,0,0
9413b19f,22,1951,21,21,21,1,14,1,35,33,2,34.4,27.2,7.2,1951,22,21,21
94816803,18,514,5,4,0,14,20,1,9,16,-7,8.8,9.5,-0.7,0,0,0,0
94b2001f,22,1440,16,16,10,6,9,2,33,27,6,24.8,22.5,2.3,0,0,0,0
952a03fe,21,1500,16,17,13,4,15,1,15,17,-2,19.1,20.0,-0.9,0,0,0,0
9591723b,1,1,0,0,0,1,11,0,0,0,0,0.0,0.0,0.0,0,0,0,0
9592289a,24,1640,18,16,12,8,4,1,24,25,-1,21.3,25.8,-4.5,0,0,0,0
95adf1e1,4,279,3,4,3,0,23,0,4,4,0,7.0,2.9,4.1,279,4,4,3
95facda1,35,2898,32,32,26,3,0,1,40,46,-6,36.1,50.1,-14.0,0,0,0,0
96640846,1,90,1,1,1,0,34,0,2,3,-1,0.9,2.1,-1.2,90,1,1,1
96960855,24,1458,16,18,8,6,6,1,18,32,-14,19.1,25.9,-6.9,0,0,0,0
96e0490d,33,2685,29,30,27,3,0,1,42,45,-3,37.1,50.9,-13.8,0,0,0,0
970b8574,16,548,6,5,2,11,23,3,8,11,-3,8.899999999999999,9.4,-0.5,0,0,0,0
97e8ea97,0,0,0,0,0,0,1,0,0,0,0,0.0,0.0,0.0,0,0,0,0
980522ec,17,703,7,8,2,9,0,2,14,5,9,17.1,7.0,10.1,0,0,0,0
983ff2c7,16,858,9,10,5,6,22,1,12,12,0,12.4,13.0,-0.6,0,0,0,0
9866afec,6,115,1,1,0,5,10,0,0,3,-3,0.9,3.0,-2.1,0,0,0,0
98d2c2c4,31,2337,26,28,18,3,7,2,65,31,34,54.5,30.2,24.3,0,0,0,0
9907b1c8,26,1503,16,16,6,10,0,2,31,19,12,31.8,21.1,10.7,0,0,0,0
997fff07,9,529,5,5,4,4,29,1,4,8,-4,8.2,6.8,1.4,0,0,0,0
9b30df1e,7,344,3,3,3,4,18,0,2,10,-8,3.4,6.8,-3.4,0,0,0,0
9b6f7fd5,24,1103,12,12,2,12,9,1,15,14,1,19.1,14.0,5.1,0,0,0,0
9d4c45d6,29,2469,27,29,18,0,0,1,35,40,-5,42.5,36.0,6.5,0,0,0,0
9dc96f10,3,27,0,0,0,3,3,2,1,1,0,0.3,0.2,0.1,0,0,0,0
9e1577aa,26,1576,17,18,8,8,11,2,31,14,17,29.4,17.8,11.6,0,0,0,0
9e4f30f7,0,0,0,0,0,0,1,0,0,0,0,0.0,0.0,0.0,0,0,0,0
9e90fb5d,25,1579,17,20,3,5,11,0,18,32,-14,20.1,33.8,-13.7,0,0,0,0
9f5a610b,2,180,2,2,2,0,28,0,2,5,-3,4.2,4.4,-0.2,180,2,2,2
a111cf41,38,3420,38,38,38,0,0,1,37,51,-14,41.6,53.4,-11.8,3420,38,38,38
a1216563,8,431,4,4,2,4,10,0,4,8,-4,6.7,4.8,1.9,0,0,0,0
a36084cd,3,21,0,0,0,3,10,1,1,1,0,0.6,0.6,0.0,0,0,0,0
a3d94a58,30,2577,28,30,26,0,1,1,33,54,-21,36.4,48.8,-12.3,0,0,0,0
a40819d9,25,1950,21,25,16,0,3,1,22,22,0,26.9,29.3,-2.4,0,0,0,0
a40d5a0c,21,875,9,10,1,11,7,1,16,15,1,15.2,14.9,0.4,0,0,0,0
a42aebea,0,0,0,0,0,0,3,0,0,0,0,0.0,0.0,0.0,0,0,0,0
a4bd9edd,0,0,0,0,0,0,36,0,1,2,-1,0.0,0.0,0.0,0,0,0,0
a4e85758,26,1948,21,21,15,5,11,1,20,34,-14,28.4,36.4,-8.0,0,0,0,0
a4fe8cda,19,838,9,9,0,10,1,1,18,4,14,16.7,12.3,4.3,0,0,0,0
a5296e55,37,2924,32,32,25,5,1,1,48,43,5,52.9,38.3,14.6,0,0,0,0
a64cbd35,26,1688,18,20,9,6,8,1,28,30,-2,23.1,30.2,-7.0,0,0,0,0
a65ce836,8,284,3,2,0,6,12,2,9,9,0,7.8,6.3,1.5,0,0,0,0
a69cc629,4,76,0,0,0,4,9,1,1,1,0,1.5,0.8,0.7,0,0,0,0
a69e4806,26,1025,11,10,1,16,9,1,17,11,6,19.3,10.2,9.1,0,0,0,0
a89398db,0,0,0,0,0,0,4,0,0,0,0,0.0,0.0,0.0,0,0,0,0
a8a874f1,33,2586,28,31,17,2,4,1,54,43,11,43.4,46.9,-3.4,0,0,0,0
a8f21b9f,14,566,6,5,1,9,3,1,17,11,6,15.1,9.8,5.3,0,0,0,0
a92c629d,0,0,0,0,0,0,2,0,0,0,0,0.0,0.0,0.0,0,0,0,0
a96e5dc0,29,2186,24,25,19,4,3,1,36,33,3,31.0,38.6,-7.7,0,0,0,0
a9ca50f5,0,0,0,0,0,0,1,0,0,0,0,0.0,0.0,0.0,0,0,0,0
a9eaccda,0,0,0,0,0,0,17,0,0,0,0,0.0,0.0,0.0,0,0,0,0
aae9d04a,36,3228,35,36,35,0,0,1,43,44,-1,47.6,49.8,-2.2,0,0,0,0
ab1ca213,34,2811,31,32,25,2,0,1,36,38,-2,40.2,43.2,-3.0,0,0,0,0
ab4449d6,37,3330,37,37,37,0,0,1,51,64,-13,55.6,54.2,1.4,3330,37,37,37
ac1f056e,3,96,1,1,0,2,3,1,0,2,-2,0.7,2.3,-1.6,0,0,0,0
ac4003af,6,525,5,5,4,1,31,2,17,5,12,13.0,3.7,9.3,525,6,5,5
ac7e640b,14,959,10,11,8,3,11,2,28,14,14,21.1,12.0,9.0,0,0,0,0
ad6df2d5,30,2277,25,28,18,2,4,2,53,27,26,47.0,31.6,15.4,0,0,0,0
aded8e6f,1,59,0,1,0,0,3,3,3,1,2,1.5,0.6,0.9,0,0,0,0
ae4e2852,9,471,5,6,4,3,10,2,10,3,7,7.4,6.4,1.0,0,0,0,0
ae64d449,22,1598,17,19,10,3,8,1,31,30,1,21.8,27.2,-5.4,0,0,0,0
ae7058f9,8,569,6,7,5,1,28,0,11,13,-2,8.3,10.9,-2.6,0,0,0,0
ae82fa48,9,395,4,3,1,6,15,1,6,9,-3,7.2,5.8,1.4,0,0,0,0
afa0d4e0,0,0,0,0,0,0,3,0,0,0,0,0.0,0.0,0.0,0,0,0,0
b0243215,14,1007,11,11,8,3,15,0,12,22,-10,15.8,21.1,-5.3,0,0,0,0
b02af64f,0,0,0,0,0,0,3,0,0,0,0,0.0,0.0,0.0,0,0,0,0
b0f7e36c,34,2637,29,31,16,3,1,1,42,33,9,43.7,34.8,8.9,0,0,0,0
b1236c63,28,1251,13,15,5,13,10,1,16,17,-1,14.7,18.7,-4.0,0,0,0,0
b1deecf8,20,1718,19,19,19,1,10,1,25,34,-9,22.7,31.8,-9.1,0,0,0,0
b233e8e4,10,666,7,7,6,3,8,1,5,14,-9,7.1,10.5,-3.4,0,0,0,0
b31d385e,0,0,0,0,0,0,7,0,0,0,0,0.0,0.0,0.0,0,0,0,0
b3af9be1,29,2528,28,29,25,0,0,1,36,45,-9,43.6,38.1,5.5,0,0,0,0
b3fd7075,28,1919,21,22,9,6,5,1,29,33,-4,34.1,29.1,5.1,0,0,0,0
b4d60925,0,0,0,0,0,0,9,0,0,0,0,0.0,0.0,0.0,0,0,0,0
b59e02da,13,964,10,11,8,2,2,1,15,17,-2,15.0,21.8,-6.8,0,0,0,0
b5bf1770,17,1176,13,15,8,2,11,0,8,24,-16,11.0,20.2,-9.1,0,0,0,0
b5cae4e6,17,642,7,6,1,11,21,1,5,11,-6,9.1,13.8,-4.8,0,0,0,0
b6964eb6,30,2566,28,29,28,1,1,1,54,38,16,52.0,36.4,15.6,0,0,0,0
b6b2b820,30,2317,25,28,14,2,1,1,42,41,1,27.6,39.5,-11.9,0,0,0,0
b70bde8f,12,723,8,9,2,3,3,2,14,5,9,14.3,7.1,7.2,0,0,0,0
b7a5bc86,8,421,4,5,1,3,3,0,3,9,-6,3.2,9.2,-6.0,0,0,0,0
b86fe156,3,130,1,1,0,2,6,1,0,3,-3,1.0,4.8,-3.9,0,0,0,0
b871bf55,7,481,5,6,4,1,12,1,6,6,0,4.8,7.6,-2.8,0,0,0,0
b8eb5d85,0,0,0,0,0,0,2,0,0,0,0,0.0,0.0,0.0,0,0,0,0
b959a0d1,0,0,0,0,0,0,32,0,0,0,0,0.0,0.0,0.0,0,0,0,0
b96b595c,36,3162,35,36,32,0,1,2,74,38,36,62.9,46.9,16.0,0,0,0,0
ba1e04b3,25,1674,18,18,16,7,3,1,33,35,-2,25.5,31.4,-5.9,0,0,0,0
ba3d3bea,21,592,6,3,0,18,12,2,18,7,11,12.7,13.7,-1.0,0,0,0,0
bbafc0c4,27,1768,19,21,11,6,2,1,26,32,-6,24.1,29.8,-5.8,0,0,0,0
bdc74a8f,9,299,3,2,2,7,8,2,10,5,5,7.6,4.8,2.8,0,0,0,0
bdd0692f,20,590,6,4,1,16,18,0,8,9,-1,5.9,11.7,-5.8,0,0,0,0
be2a923f,0,0,0,0,0,0,1,0,0,0,0,0.0,0.0,0.0,0,0,0,0
be927d03,18,1185,13,13,7,5,0,1,30,17,13,25.7,15.9,9.8,0,0,0,0
bee704fc,37,3258,36,36,36,1,0,1,50,44,6,51.3,45.2,6.2,0,0,0,0
bf13975c,27,1664,18,19,6,8,1,1,27,42,-15,25.5,43.7,-18.3,0,0,0,0
bf168004,2,180,2,2,2,0,17,1,4,4,0,2.5,5.1,-2.6,180,2,2,2
bf309d24,22,1518,16,19,11,3,6,1,35,20,15,33.3,21.1,12.1,0,0,0,0
bf356094,5,82,0,0,0,5,14,2,2,2,0,1.8,0.7,1.1,0,0,0,0
bf39bdec,25,1844,20,22,11,3,0,0,21,46,-25,26.6,42.7,-16.2,0,0,0,0
bf4d31d3,1,12,0,0,0,1,4,0,0,0,0,0.5,0.2,0.3,0,0,0,0
bf57eaab,19,744,8,7,0,12,13,1,15,10,5,12.1,10.0,2.0,0,0,0,0
c01c66d9,16,765,8,6,5,10,21,1,15,12,3,14.7,13.4,1.3,0,0,0,0
c0c7ff58,33,2684,29,30,22,3,4,1,48,38,10,49.8,35.0,14.8,0,0,0,0
c0cddebe,35,2237,24,23,16,12,3,2,47,26,21,42.4,30.4,12.0,0,0,0,0
c235e803,9,680,7,6,5,3,28,2,16,8,8,14.4,9.6,4.8,0,0,0,0
c245d0c1,0,0,0,0,0,0,13,0,0,0,0,0.0,0.0,0.0,0,0,0,0
c316607a,9,707,7,8,6,1,6,1,17,16,1,10.0,14.7,-4.7,0,0,0,0
c375dfa5,12,553,6,6,3,6,6,0,8,17,-9,9.5,14.5,-5.0,0,0,0,0
c3a8bcd8,32,2427,27,29,19,3,4,0,34,46,-12,36.8,42.3,-5.5,0,0,0,0
c414df9d,27,1527,17,18,5,9,4,0,15,28,-13,19.4,32.8,-13.5,0,0,0,0
c426907e,0,0,0,0,0,0,8,0,0,0,0,0.0,0.0,0.0,0,0,0,0
c4efe2b4,4,154,1,2,0,2,12,0,0,1,-1,1.7,2.1,-0.4,0,0,0,0
c4f573f4,0,0,0,0,0,0,22,0,0,0,0,0.0,0.0,0.0,0,0,0,0
c50cee19,26,760,8,7,0,19,8,1,11,14,-3,10.6,13.4,-2.7,0,0,0,0
c50db9b5,0,0,0,0,0,0,1,0,0,0,0,0.0,0.0,0.0,0,0,0,0
c52ae0ad,0,0,0,0,0,0,2,0,0,0,0,0.0,0.0,0.0,0,0,0,0
c53083ad,16,1122,12,13,8,3,1,0,11,37,-26,11.6,24.5,-12.9,0,0,0,0
c56dc39e,33,2608,29,29,27,4,2,1,67,39,28,62.3,30.6,31.7,0,0,0,0
c59f90b0,1,3,0,0,0,1,14,1,1,0,1,0.8,0.0,0.8,0,0,0,0
c5adc293,9,376,4,3,2,6,15,2,8,5,3,7.9,5.4,2.5,0,0,0,0
c5bf2290,0,0,0,0,0,0,4,0,0,0,0,0.0,0.0,0.0,0,0,0,0
c693347d,26,1494,16,17,11,9,3,1,32,19,13,24.8,30.5,-5.8,0,0,0,0
c6e8cf1f,30,1861,20,20,14,10,3,1,20,39,-19,22.3,33.6,-11.3,0,0,0,0
c707411f,26,2176,24,25,22,1,6,1,39,32,7,37.7,26.6,11.0,0,0,0,0
c710f7d5,22,1400,15,15,9,7,14,0,10,30,-20,16.2,25.6,-9.3,0,0,0,0
c7259b83,26,2050,22,24,18,2,1,1,20,31,-11,23.7,34.3,-10.6,0,0,0,0
c730da00,6,257,2,2,1,4,21,3,7,2,5,5.9,4.1,1.8,0,0,0,0
c74d63ac,0,0,0,0,0,0,10,0,0,0,0,0.0,0.0,0.0,0,0,0,0
c75b6a02,12,534,5,8,0,4,12,1,6,9,-3,7.0,8.8,-1.8,0,0,0,0
c840baa2,5,37,0,0,0,5,7,0,0,2,-2,1.1,1.8,-0.7,0,0,0,0
c89c821b,0,0,0,0,0,0,2,0,0,0,0,0.0,0.0,0.0,0,0,0,0
c8a88acd,0,0,0,0,0,0,34,0,0,0,0,0.0,0.0,0.0,0,0,0,0
c8c0dccd,0,0,0,0,0,0,2,0,0,0,0,0.0,0.0,0.0,0,0,0,0
ca241ad3,6,167,1,2,0,4,11,1,3,3,0,2.0,5.4,-3.4,0,0,0,0
ca8fa0c0,1,2,0,0,0,1,9,0,0,0,0,0.1,0.0,0.1,0,0,0,0
caec77da,1,12,0,0,0,1,12,3,0,0,0,0.0,0.0,0.0,0,0,0,0
caffaf5a,14,1187,13,13,13,1,2,1,22,21,1,19.6,22.5,-2.9,0,0,0,0
cb1916e0,0,0,0,0,0,0,3,0,0,0,0,0.0,0.0,0.0,0,0,0,0
cbec1196,21,1125,12,11,7,10,14,0,11,30,-19,13.5,29.1,-15.6,0,0,0,0
cc700722,23,1280,14,16,8,7,5,1,20,20,0,20.3,17.9,2.4,0,0,0,0
cce9f582,10,260,2,2,1,8,16,3,5,9,-4,4.4,8.1,-3.7,0,0,0,0
cd0fa27b,35,2704,30,34,19,1,0,1,50,41,9,49.4,36.4,13.1,0,0,0,0
cdf65d12,23,1818,20,21,18,2,8,1,39,33,6,28.3,31.6,-3.3,0,0,0,0
ce30bfc8,24,1797,20,21,11,3,4,2,48,23,25,38.5,22.2,16.3,0,0,0,0
ce5b170a,5,231,2,2,2,3,26,0,5,7,-2,3.2,4.8,-1.6,0,0,0,0
cedb3e36,34,1897,21,21,10,13,3,1,20,31,-11,20.6,36.4,-15.9,0,0,0,0
cf007308,26,1134,12,12,4,14,11,2,25,16,9,18.3,13.3,5.0,0,0,0,0
cf043a33,0,0,0,0,0,0,1,0,0,0,0,0.0,0.0,0.0,0,0,0,0
cf1c23d8,3,270,3,3,3,0,33,1,7,6,1,5.1,4.7,0.4,270,4,4,3
cfb38237,0,0,0,0,0,0,1,0,0,0,0,0.0,0.0,0.0,0,0,0,0
cfbf9881,20,1507,16,16,13,4,14,1,22,31,-9,24.3,25.7,-1.5,0,0,0,0
cfed4243,0,0,0,0,0,0,20,0,0,0,0,0.0,0.0,0.0,0,0,0,0
d023d70f,28,2019,22,22,14,6,4,1,31,44,-13,29.7,37.2,-7.6,0,0,0,0
d0643f8f,0,0,0,0,0,0,2,0,0,0,0,0.0,0.0,0.0,0,0,0,0
d0d8dd44,34,2830,31,32,30,2,3,2,61,32,29,55.3,36.1,19.3,0,0,0,0
d0dbca9f,12,1005,11,11,10,1,7,1,11,13,-2,14.9,8.6,6.3,0,0,0,0
d183e9d6,28,2259,25,26,22,2,9,1,26,44,-18,29.1,33.6,-4.4,0,0,0,0
d1b49282,24,1865,20,21,17,3,8,1,30,35,-5,26.4,28.0,-1.6,0,0,0,0
d2fd20d6,1,1,0,0,0,1,5,1,0,0,0,0.1,0.0,0.1,0,0,0,0
d34d8ed2,0,0,0,0,0,0,3,0,0,0,0,0.0,0.0,0.0,0,0,0,0
d37b0350,2,45,0,1,0,1,0,0,0,0,0,0.4,0.4,0.0,0,0,0,0
d3b888e3,11,469,5,4,3,7,13,1,10,10,0,5.2,10.1,-4.9,0,0,0,0
d3d758d8,17,1107,12,13,5,4,2,1,19,22,-3,15.6,16.1,-0.4,0,0,0,0
d3de9af0,28,2026,22,25,12,3,0,2,59,29,30,46.0,23.1,22.9,0,0,0,0
d4535821,15,942,10,10,7,5,9,2,26,12,14,17.5,14.0,3.4,0,0,0,0
d4890c25,1,6,0,0,0,1,13,3,1,0,1,0.0,0.0,0.0,6,1,0,0
d4931a5a,15,571,6,6,3,9,16,1,17,10,7,12.7,8.9,3.8,0,0,0,0
d4c9725f,33,2817,31,32,29,1,1,1,58,38,20,55.7,37.0,18.7,0,0,0,0
d5575935,3,33,0,0,0,3,13,2,1,0,1,0.5,0.7,-0.2,0,0,0,0
d6416327,0,0,0,0,0,0,13,0,0,0,0,0.0,0.0,0.0,0,0,0,0
d6a889ea,4,256,2,3,2,1,9,1,7,2,5,5.6,3.9,1.7,0,0,0,0
d6e53a3a,29,2450,27,26,25,3,6,2,54,31,23,49.9,33.9,15.9,0,0,0,0
d705ba44,36,3008,33,34,30,2,0,0,38,60,-22,39.5,52.8,-13.2,0,0,0,0
d711d04f,34,1685,18,18,5,16,2,1,29,35,-6,29.4,28.0,1.4,0,0,0,0
d7918b13,4,196,2,2,1,2,13,1,1,3,-2,1.5,3.7,-2.1,0,0,0,0
d7d32194,13,335,3,3,0,10,19,2,4,8,-4,7.8,5.3,2.6,0,0,0,0
d7e33228,0,0,0,0,0,0,17,0,0,0,0,0.0,0.0,0.0,0,0,0,0
d80b1835,1,90,1,1,1,0,1,0,1,3,-2,1.2,1.7,-0.6,0,0,0,0
d85c238b,34,2114,23,26,7,8,2,1,22,32,-10,29.7,35.4,-5.7,0,0,0,0
d89b0ebb,3,26,0,0,0,3,14,0,0,2,-2,0.1,1.1,-1.0,0,0,0,0
d8dfae8a,3,16,0,0,0,3,5,1,0,1,-1,0.3,0.2,0.1,0,0,0,0
d95073fd,0,0,0,0,0,0,4,0,0,0,0,0.0,0.0,0.0,0,0,0,0
d9624b51,15,835,9,8,6,7,23,1,6,15,-9,12.3,12.9,-0.5,0,0,0,0
d97f2e8d,29,1854,20,21,15,8,1,1,22,28,-6,23.4,28.3,-5.0,0,0,0,0
d995ed27,29,1338,14,13,4,16,7,1,29,14,15,25.4,14.6,10.9,0,0,0,0
da13074e,13,798,8,9,2,4,3,0,11,25,-14,8.7,19.4,-10.7,0,0,0,0
da5a981b,16,853,9,9,5,7,7,0,5,17,-12,10.5,14.8,-4.3,0,0,0,0
da974c7b,25,2105,23,24,22,1,2,1,41,34,7,41.8,30.4,11.4,0,0,0,0
db092d3b,31,2485,27,28,22,3,4,1,50,33,17,48.5,31.6,17.0,0,0,0,0
dc1c2fce,29,1823,20,21,8,8,7,1,28,36,-8,24.6,30.3,-5.8,0,0,0,0
dc3a9a0d,19,828,9,9,3,10,15,1,12,12,0,11.3,14.1,-2.8,0,0,0,0
dc3fa3b5,15,902,10,10,3,5,3,1,13,14,-1,14.5,11.6,2.9,0,0,0,0
dc61b402,1,12,0,0,0,1,13,3,0,0,0,0.1,0.0,0.1,0,0,0,0
dd06d56c,6,454,5,5,5,1,31,0,8,11,-3,4.8,9.3,-4.4,454,6,5,5
dd0daf32,22,1530,17,16,6,6,2,1,32,24,8,31.5,21.7,9.8,0,0,0,0
dd29f81d,12,629,7,6,3,6,11,0,10,20,-10,7.9,17.0,-9.1,0,0,0,0
dd52d069,0,0,0,0,0,0,3,0,0,0,0,0.0,0.0,0.0,0,0,0,0
de045b15,34,2898,32,33,28,1,3,0,24,62,-38,33.7,58.1,-24.4,0,0,0,0
dea698d9,33,2917,32,33,31,0,0,2,66,36,30,60.1,38.1,22.0,0,0,0,0
deb748c9,31,2548,28,28,25,3,3,0,29,55,-26,34.3,51.6,-17.4,0,0,0,0
defb905a,0,0,0,0,0,0,1,0,0,0,0,0.0,0.0,0.0,0,0,0,0
df301450,24,942,10,9,4,15,10,0,5,21,-16,10.9,16.9,-6.0,0,0,0,0
df3cda47,36,2930,32,33,23,3,0,1,51,51,0,42.0,53.9,-11.9,0,0,0,0
df525574,19,1063,11,11,6,8,13,1,15,18,-3,13.4,17.2,-3.8,0,0,0,0
df85d472,24,770,8,5,3,19,2,1,13,12,1,16.9,13.2,3.7,0,0,0,0
dfd56738,1,25,0,0,0,1,18,3,0,0,0,0.1,0.0,0.0,0,0,0,0
e01ca8f4,5,181,2,1,0,4,20,0,6,6,0,6.1,3.8,2.3,0,0,0,0
e0314d87,22,1867,20,22,17,0,14,3,39,36,3,31.0,27.5,3.4000000000000004,0,0,0,0
e0921a4f,33,2155,23,25,7,8,2,2,51,22,29,45.1,24.8,20.4,0,0,0,0
e14ec482,37,2681,29,32,15,5,1,1,40,51,-11,46.1,41.0,5.1,0,0,0,0
e1b0a70d,7,624,6,7,6,0,31,2,14,5,9,12.2,9.6,2.6,624,7,7,6
e1cbb531,14,752,8,9,3,5,5,2,18,9,9,15.5,7.7,7.8,0,0,0,0
e23f56c1,30,2014,22,24,12,6,2,1,32,43,-11,32.5,45.7,-13.2,0,0,0,0
e26bd2f4,28,2003,22,24,17,4,5,0,23,53,-30,30.2,49.6,-19.4,0,0,0,0
e288d4b3,14,997,11,12,5,2,5,1,21,15,6,20.0,14.9,5.2,0,0,0,0
e32d7ce1,0,0,0,0,0,0,2,0,0,0,0,0.0,0.0,0.0,0,0,0,0
e33f36d5,26,2225,24,26,22,0,10,1,29,31,-2,29.5,31.0,-1.5,0,0,0,0
e358587b,1,90,1,1,1,0,14,1,3,2,1,1.6,1.6,-0.1,90,2,2,1
e3756e72,1,18,0,0,0,1,15,3,0,1,-1,0.4,0.1,0.4,0,0,0,0
e3cceee6,6,418,4,5,4,1,19,2,13,4,9,8.9,5.7,3.2,0,0,0,0
e40d028b,9,810,9,9,9,0,29,2,19,10,9,19.1,8.8,10.3,810,9,9,9
e468c053,31,2270,25,27,13,4,1,1,34,33,1,32.2,38.1,-5.9,0,0,0,0
e58cbfd5,2,105,1,1,0,1,11,0,0,3,-3,0.8,2.1,-1.2,0,0,0,0
e599253a,35,2417,26,30,16,5,2,1,66,35,31,56.2,28.3,27.9,0,0,0,0
e5bf73f3,25,1544,17,15,10,10,12,2,26,27,-1,27.0,24.4,2.7,0,0,0,0
e63e122d,1,76,0,1,0,0,0,1,1,1,0,1.5,0.1,1.4,0,0,0,0
e726e11e,12,420,4,4,0,8,2,2,14,1,13,12.6,4.1,8.5,0,0,0,0
e74f0e59,29,2243,24,28,19,1,5,1,28,47,-19,26.9,39.0,-12.1,0,0,0,0
e774f02a,0,0,0,0,0,0,1,0,0,0,0,0.0,0.0,0.0,0,0,0,0
e7ee38c3,17,1524,16,17,16,0,6,1,31,24,7,20.6,26.9,-6.3,1524,17,17,16
e83f8ebb,1,15,0,0,0,1,2,0,0,0,0,0.2,0.0,0.2,0,0,0,0
e85fb9b8,4,202,2,3,1,1,4,2,4,1,3,3.6,2.1,1.6,0,0,0,0
e8c930bb,22,1585,17,20,10,2,15,1,19,26,-7,21.3,23.4,-2.1,0,0,0,0
e947ee4a,23,1458,16,17,6,6,12,0,18,26,-8,19.7,29.5,-9.8,0,0,0,0
e94d79e3,27,2356,26,27,25,0,5,1,35,26,9,36.4,31.1,5.3,0,0,0,0
ea06dd97,16,1278,14,16,6,0,2,1,16,23,-7,14.1,24.0,-9.8,0,0,0,0
ea164f99,16,920,10,12,3,4,8,1,18,12,6,12.3,16.6,-4.3,0,0,0,0
ea468ea8,0,0,0,0,0,0,1,0,0,0,0,0.0,0.0,0.0,0,0,0,0
eb0a17d4,0,0,0,0,0,0,7,0,0,0,0,0.0,0.0,0.0,0,0,0,0
eb2fe5b6,34,1260,14,10,1,24,1,1,40,17,23,36.5,14.0,22.4,0,0,0,0
ec1f737d,0,0,0,0,0,0,38,0,0,0,0,0.0,0.0,0.0,0,0,0,0
eccbe56a,29,1633,18,19,3,10,4,1,37,24,13,27.3,30.9,-3.6,0,0,0,0
ed5886d2,29,1700,18,17,13,12,8,1,28,24,4,29.5,26.2,3.4,0,0,0,0
ed65da8c,1,15,0,0,0,1,3,0,0,0,0,0.1,0.9,-0.8,0,0,0,0
eda40760,32,2732,30,30,30,2,5,2,64,37,27,61.7,35.9,25.8,0,0,0,0
ee251371,13,684,7,6,3,7,3,2,20,9,11,16.0,9.0,7.0,0,0,0,0
ee4f2f3b,28,2275,25,26,15,2,6,1,28,43,-15,36.5,33.3,3.2,0,0,0,0
ee833569,26,2340,26,26,26,0,0,0,20,44,-24,32.0,47.3,-15.3,2340,26,26,26
ee93c1a9,29,1571,17,19,5,10,6,2,27,24,3,33.5,22.6,10.9,0,0,0,0
ef5b337e,16,878,9,10,2,6,13,3,14,8,6,15.5,10.3,5.2,0,0,0,0
ef619b0b,24,1051,11,11,1,13,8,2,27,12,15,22.8,11.5,11.3,0,0,0,0
ef94dc2f,22,1293,14,17,3,5,9,0,17,22,-5,20.3,18.6,1.7,0,0,0,0
efdeaff3,0,0,0,0,0,0,3,0,0,0,0,0.0,0.0,0.0,0,0,0,0
f058ed1f,5,450,5,5,5,0,27,1,7,4,3,5.3,6.8,-1.4,450,5,5,5
f0f7f62f,33,2884,32,33,32,0,5,2,81,42,39,70.1,37.5,32.6,2884,33,33,32
f1cfc209,32,2702,30,31,25,1,2,1,41,43,-2,37.7,44.1,-6.4,0,0,0,0
f1d5e1f9,0,0,0,0,0,0,3,0,0,0,0,0.0,0.0,0.0,0,0,0,0
f1f1f238,32,2733,30,31,28,1,4,1,37,41,-4,42.0,43.3,-1.3,0,0,0,0
f239e6dd,1,1,0,0,0,1,3,1,0,2,-2,0.0,0.6,-0.6,0,0,0,0
f26e3c59,20,768,8,5,3,15,17,3,6,16,-10,9.1,17.099999999999998,-7.9,0,0,0,0
f2ecdd60,0,0,0,0,0,0,1,0,0,0,0,0.0,0.0,0.0,0,0,0,0
f32df091,1,1,0,0,0,1,8,3,0,0,0,0.0,0.0,0.0,0,0,0,0
f45df035,0,0,0,0,0,0,5,0,0,0,0,0.0,0.0,0.0,0,0,0,0
f45f9427,31,2484,27,29,20,2,5,1,37,35,2,37.9,34.5,3.4,0,0,0,0
f4ec4fd0,14,599,6,6,1,8,4,1,5,13,-8,7.6,9.2,-1.6,0,0,0,0
f503ea63,32,2385,26,27,21,5,1,1,37,40,-3,34.9,33.2,1.7,0,0,0,0
f554e29b,16,1440,16,16,16,0,3,0,13,21,-8,16.3,22.8,-6.5,1440,16,16,16
f5ba8903,3,30,0,0,0,3,14,1,0,0,0,0.6,0.2,0.4,0,0,0,0
f61c7c4e,21,1409,15,19,1,2,0,1,19,12,7,20.7,17.5,3.2,0,0,0,0
f6a06749,1,19,0,0,0,1,37,0,0,0,0,0.5,0.2,0.3,19,1,0,0
f6be787c,0,0,0,0,0,0,5,0,0,0,0,0.0,0.0,0.0,0,0,0,0
f6f6b6e8,3,197,2,2,2,1,14,0,1,9,-8,2.4,4.5,-2.2,0,0,0,0
f7036e1c,35,2452,27,29,9,6,0,2,55,28,27,47.8,28.2,19.6,0,0,0,0
f7223718,21,1670,18,19,12,2,11,2,39,20,19,34.7,24.4,10.2,0,0,0,0
f794b426,0,0,0,0,0,0,34,1,3,2,1,0.0,0.0,0.0,0,0,0,0
f7e2af2c,7,368,4,5,2,2,6,1,5,7,-2,3.4,4.5,-1.2,0,0,0,0
f85768c1,0,0,0,0,0,0,3,0,0,0,0,0.0,0.0,0.0,0,0,0,0
f8b19c58,0,0,0,0,0,0,2,0,0,0,0,0.0,0.0,0.0,0,0,0,0
f8d41a8c,1,1,0,0,0,1,11,3,0,0,0,0.0,0.0,0.0,0,0,0,0
f8f0744b,1,7,0,0,0,1,12,0,0,1,-1,0.0,0.0,0.0,0,0,0,0
f91e81c9,33,2789,31,32,24,1,0,1,27,32,-5,33.7,38.3,-4.7,0,0,0,0
f93ed0df,34,2997,33,34,33,0,2,0,43,76,-33,48.0,74.1,-26.1,2997,34,34,33
faa1b07d,5,303,3,3,1,2,19,1,5,4,1,3.0,4.3,-1.3,0,0,0,0
fac3c647,0,0,0,0,0,0,2,0,0,0,0,0.0,0.0,0.0,0,0,0,0
fb2c533b,25,1750,19,19,11,6,13,0,12,42,-30,17.3,33.4,-16.1,0,0,0,0
fb77bfef,17,1438,15,16,14,1,12,2,15,41,-26,16.3,28.5,-12.2,0,0,0,0
fba81826,18,930,10,9,5,9,12,0,9,9,0,10.6,13.3,-2.7,0,0,0,0
fc4f85b1,23,1628,18,18,12,5,13,2,30,15,15,27.3,21.1,6.3,0,0,0,0
fe012aca,34,2513,27,28,14,6,1,1,47,44,3,37.4,41.7,-4.3,0,0,0,0
fe0b8f0e,10,230,2,2,1,8,9,1,4,6,-2,1.8,4.8,-3.0,0,0,0,0
fe471a89,6,531,5,5,5,1,20,0,4,16,-12,6.5,14.0,-7.5,531,6,5,5
fe479e17,2,41,0,0,0,2,13,2,1,0,1,0.1,0.4,-0.3,0,0,0,0
fe6a7685,21,1838,20,21,20,0,2,0,17,35,-18,22.1,36.2,-14.1,0,0,0,0
fed5f993,30,2638,29,30,26,0,3,1,39,48,-9,41.7,45.7,-4.0,0,0,0,0
ff4296df,3,127,1,1,0,2,10,0,1,1,0,0.6,1.1,-0.4,0,0,0,0
ff764de3,24,1085,12,9,3,15,12,1,16,26,-10,15.7,27.4,-11.7,0,0,0,0
ff800ed8,35,2648,29,30,20,5,2,1,37,37,0,39.0,36.8,2.2,0,0,0,0
