,id,MP,Min,90s,Starts,Compl,Subs,unSub,PPM,onG,onGA,+/-,onxG,onxGA,xG+/-,MinGK,MPGK,StartsGK,90sGK
0,0000acda,18,540,6,4,0,14,15,0,4,14,-10,7.1000000000000005,11.9,-4.9,2560,29,29,28
1,00459419,33,2694,29,32,20,1,1,1,35,43,-8,38.0,40.1,-2.1,3,1,0,0
2,0154d290,17,668,7,6,0,11,8,1,13,9,4,11.2,7.0,4.2,177,2,2,2
3,01b8a2b2,33,2970,33,33,33,0,4,1,50,29,21,46.2,33.3,12.9,1938,23,21,21
4,01c3aff5,21,1369,15,15,9,6,2,1,20,16,4,17.4,16.2,1.3,90,1,1,1
5,01efac19,29,2340,26,27,20,2,1,1,48,42,6,35.5,34.0,1.5,900,10,10,10
6,023937a9,14,1053,11,12,9,2,0,1,12,17,-5,14.0,17.5,-3.5,3322,37,37,36
7,02caf6e0,31,1665,18,16,9,15,3,1,39,30,9,26.6,23.1,3.5,3150,35,35,35
8,0375723e,18,875,9,11,0,7,7,2,13,19,-6,11.6,17.3,-5.6000000000000005,556,7,7,6
9,03f946ed,24,586,6,4,1,20,11,2,11,6,5,10.4,5.4,5.0,855,10,9,9
10,0489bb30,12,429,4,5,0,7,7,0,2,10,-8,5.2,9.4,-4.2,90,1,1,1
11,04b40c58,2,35,0,0,0,2,28,1,0,1,-1,1.3,0.6,0.8,90,1,1,1
12,05e19d6a,31,2308,25,25,18,6,0,2,43,21,22,38.5,25.3,13.2,3330,37,37,37
13,05f2f323,0,0,0,0,0,0,2,0,0,0,0,0.0,0.0,0.0,495,6,6,5
14,06b08c45,0,0,0,0,0,0,8,0,0,0,0,0.0,0.0,0.0,1485,17,16,16
15,06c2ba58,0,0,0,0,0,0,1,0,0,0,0,0.0,0.0,0.0,2880,32,32,32
16,0728bebe,23,1391,15,16,5,7,2,1,18,19,-1,25.0,15.6,9.4,11,1,0,0
17,07767f42,12,271,3,2,0,10,22,1,5,10,-5,3.6,7.5,-3.9,619,7,7,6
18,07ea0ef2,5,175,1,2,0,3,8,0,3,6,-3,1.8,3.0,-1.2,2430,27,27,27
19,0821331c,17,1211,13,13,8,4,7,0,8,16,-8,12.7,18.7,-5.9,3060,34,34,34
20,0847b5a5,32,2100,23,25,7,7,0,0,24,39,-15,24.8,39.9,-15.1,2932,33,33,32
21,085e71a7,7,556,6,7,6,0,18,1,7,8,-1,7.2,7.5,-0.3,2790,31,31,31
22,08990838,1,8,0,0,0,1,12,3,0,0,0,0.1,0.0,0.1,270,3,3,3
23,08aa9cd1,36,2869,31,32,25,4,1,1,44,59,-15,39.3,54.4,-15.1,270,3,3,3
24,08eb3b58,26,1565,17,18,9,8,8,1,26,24,2,27.4,19.2,8.3,3420,38,38,38
25,091795f2,0,0,0,0,0,0,1,0,0,0,0,0.0,0.0,0.0,90,1,1,1
26,09538fdb,28,1184,13,11,4,17,6,1,20,25,-5,17.6,17.3,0.3,405,5,5,4
27,0967845b,25,1477,16,16,9,9,7,1,22,27,-5,19.1,27.3,-8.2,45,1,0,0
28,09899de8,19,1497,16,17,15,2,14,1,20,27,-7,17.5,24.5,-6.9,2761,31,31,30
29,0a3065c8,16,694,7,7,4,9,14,0,9,12,-3,9.9,11.4,-1.5,90,1,1,1
30,0a447501,29,1803,20,22,6,7,3,1,29,20,9,25.7,19.4,6.3,270,3,3,3
31,0a483542,29,1975,21,22,17,7,5,1,40,39,1,33.1,43.7,-10.6,5,1,0,0
32,0ab1f153,33,2487,27,28,18,5,2,1,45,23,22,39.3,23.7,15.7,1350,15,15,15
33,0acda699,2,177,2,2,1,0,36,2,3,2,1,1.8,2.7,-0.8,1440,16,16,16
34,0b01908c,0,0,0,0,0,0,6,0,0,0,0,0.0,0.0,0.0,37,1,0,0
35,0b5a292a,34,2992,33,34,24,0,1,2,67,29,38,51.9,27.2,24.7,8,1,0,0
36,0be276c6,31,2563,28,30,24,1,3,0,22,51,-29,27.3,43.6,-16.3,90,1,1,1
37,0cadc46d,11,215,2,1,0,10,12,1,2,7,-5,1.9,3.8,-1.9,1392,16,16,15
38,0ccac09c,7,348,3,5,0,2,10,0,2,8,-6,1.6,6.6,-5.1,3150,35,35,35
39,0cf465f2,9,121,1,0,0,9,11,1,4,2,2,3.2,1.2,2.0,3330,37,37,37
40,0d077b88,8,282,3,2,1,6,11,0,4,8,-4,2.9,6.0,-3.0,3240,36,36,36
41,0d422df7,35,3150,35,35,35,0,0,1,55,50,5,47.3,46.4,0.8,450,5,5,5
42,0d82903c,28,1780,19,17,13,11,4,1,26,25,1,25.7,21.0,4.7,2070,23,23,23
43,0db169ae,36,2600,28,31,18,5,1,2,54,18,36,46.1,23.6,22.5,2970,33,33,33
44,0dfce079,3,270,3,3,3,0,33,0,2,6,-4,2.6,6.3,-3.7,540,6,6,6
45,0e0d6c53,0,0,0,0,0,0,1,0,0,0,0,0.0,0.0,0.0,2862,32,31,31
46,0fdcef0e,23,1353,15,14,12,9,10,0,13,24,-11,14.9,25.0,-10.1,3420,38,38,38
47,0fee6bda,30,2576,28,30,27,0,0,1,29,51,-22,27.1,52.0,-24.9,630,7,7,7
48,102e2599,1,18,0,0,0,1,5,3,1,0,1,0.0,1.3,-1.2,29,1,0,0
49,10b9fa99,29,2282,25,26,18,3,0,0,20,44,-24,22.2,47.5,-25.3,0,0,0,0
50,10dc46f0,37,3330,37,37,37,0,1,0,27,59,-32,36.2,53.3,-17.1,0,0,0,0
51,10e7f486,23,1729,19,19,14,4,11,1,31,35,-4,29.2,27.6,1.6,0,0,0,0
52,11962fe7,17,952,10,10,6,7,7,0,8,29,-21,9.8,22.0,-12.1,0,0,0,0
53,1226f0de,0,0,0,0,0,0,36,0,0,0,0,0.0,0.0,0.0,0,0,0,0
54,1295552e,31,2046,22,24,16,7,6,1,35,43,-8,30.3,41.1,-10.8,0,0,0,0
55,129af0db,35,2302,25,26,7,9,1,1,37,20,17,36.5,25.6,10.9,0,0,0,0
56,12e6d21a,11,245,2,1,0,10,4,0,2,4,-2,3.4,5.4,-1.9,0,0,0,0
57,130a7a3f,5,125,1,1,0,4,17,2,6,0,6,2.4,1.3,1.1,0,0,0,0
58,13b44b02,33,2735,30,32,23,1,1,1,39,48,-9,36.6,50.8,-14.2,0,0,0,0
59,149c5f5d,21,1072,11,10,5,11,11,1,18,12,6,15.0,13.5,1.5,0,0,0,0
60,14a96e1c,17,1485,16,16,16,1,13,0,13,27,-14,15.4,30.9,-15.5,0,0,0,0
61,14b8fcdf,12,879,9,9,8,3,23,2,14,9,5,10.0,12.9,-2.9,0,0,0,0
62,157d29b6,4,66,0,0,0,4,5,0,0,3,-3,1.0,1.7,-0.7,0,0,0,0
63,15d0c248,31,2491,27,28,22,3,3,1,51,39,12,38.2,33.2,5.0,0,0,0,0
64,15e9c7e6,10,287,3,3,0,7,7,0,4,8,-4,3.4,5.8,-2.4,0,0,0,0
65,16463a79,6,146,1,1,0,5,9,1,4,1,3,4.8,1.7,3.1,0,0,0,0
66,16657b95,34,2678,29,29,27,5,0,1,45,36,9,52.1,31.8,20.2,0,0,0,0
67,16b9d5cf,14,1115,12,13,11,1,2,1,10,16,-6,13.3,13.7,-0.5,0,0,0,0
68,16bb656a,17,1198,13,13,12,4,0,1,29,22,7,19.3,17.2,2.2,0,0,0,0
69,16ceb862,29,1892,21,22,6,7,1,2,36,15,21,30.8,16.6,14.2,0,0,0,0
70,170e1228,0,0,0,0,0,0,14,0,0,0,0,0.0,0.0,0.0,0,0,0,0
71,173061c0,17,1138,12,12,11,5,15,0,10,25,-15,11.5,22.5,-11.0,0,0,0,0
72,1780bb4a,36,2820,31,34,17,2,0,1,34,42,-8,34.8,42.7,-7.9,0,0,0,0
73,1782d66f,0,0,0,0,0,0,1,0,0,0,0,0.0,0.0,0.0,0,0,0,0
74,17f3620a,14,733,8,9,1,5,4,1,7,11,-4,13.2,8.4,4.8,0,0,0,0
75,19d1c41f,0,0,0,0,0,0,1,0,0,0,0,0.0,0.0,0.0,0,0,0,0
76,19e4eab9,35,3130,34,35,33,0,0,1,57,49,8,47.5,46.1,1.4,0,0,0,0
77,19ffb149,0,0,0,0,0,0,2,0,0,0,0,0.0,0.0,0.0,0,0,0,0
78,1ac232b8,31,2288,25,26,17,5,1,0,23,43,-20,24.5,40.9,-16.4,0,0,0,0
79,1b70f53a,0,0,0,0,0,0,8,0,0,0,0,0.0,0.0,0.0,0,0,0,0
80,1be847ab,0,0,0,0,0,0,1,0,0,0,0,0.0,0.0,0.0,0,0,0,0
81,1c2744ba,0,0,0,0,0,0,1,0,0,0,0,0.0,0.0,0.0,0,0,0,0
82,1c341b14,4,142,1,2,0,2,10,1,1,2,-1,2.0,1.7,0.2,0,0,0,0
83,1c8c5aed,8,548,6,6,4,2,16,0,6,13,-7,5.5,10.0,-4.6,0,0,0,0
84,1cadaf34,17,414,4,3,1,14,10,2,5,7,-2,3.7,6.2,-2.5,0,0,0,0
85,1d00a56c,2,13,0,0,0,2,6,0,0,0,0,0.0,0.0,0.0,0,0,0,0
86,1d0bb7e4,24,920,10,6,4,18,10,1,14,20,-6,13.1,12.5,0.6,0,0,0,0
87,1d1691ad,25,1733,19,18,12,7,5,1,34,28,6,33.0,24.1,8.9,0,0,0,0
88,1e26e376,16,1440,16,16,16,0,1,0,16,33,-17,16.4,31.4,-15.0,0,0,0,0
89,1e9aa637,18,763,8,9,2,9,14,1,12,16,-4,15.1,12.9,2.2,0,0,0,0
90,1f994616,0,0,0,0,0,0,1,0,0,0,0,0.0,0.0,0.0,0,0,0,0
91,1faa06d5,0,0,0,0,0,0,2,0,0,0,0,0.0,0.0,0.0,0,0,0,0
92,1fca9171,26,1367,15,17,2,9,4,1,24,26,-2,16.7,25.8,-9.0,0,0,0,0
93,20094685,35,2938,32,33,29,2,0,1,55,56,-1,46.8,55.8,-9.0,0,0,0,0
94,20730eae,34,2605,28,31,13,3,1,2,54,20,34,46.3,24.1,22.3,0,0,0,0
95,20b3a502,28,2015,22,23,9,5,1,1,33,33,0,29.1,28.6,0.5,0,0,0,0
96,2110f96c,1,2,0,0,0,1,1,3,0,0,0,0.0,0.1,-0.1,0,0,0,0
97,2146785a,26,2119,23,24,17,2,1,2,40,17,23,37.1,22.0,15.0,0,0,0,0
98,215f3907,11,578,6,6,2,5,2,0,9,10,-1,7.4,9.5,-2.1,0,0,0,0
99,217875a4,7,302,3,4,0,3,7,0,3,8,-5,3.4,4.3,-0.9,0,0,0,0
100,217c93a1,22,490,5,1,1,21,15,1,10,5,5,9.1,7.9,1.3,0,0,0,0
101,2200181e,23,1354,15,14,13,9,11,1,27,28,-1,24.3,25.7,-1.4,0,0,0,0
102,22ae86f9,4,249,2,3,2,1,10,2,7,5,2,5.4,4.7,0.7,0,0,0,0
103,22bfb57e,33,2351,26,26,13,7,2,1,40,36,4,35.9,34.2,1.7,0,0,0,0
104,22cd43d2,34,1881,20,22,4,12,1,0,20,40,-20,19.6,36.6,-17.0,0,0,0,0
105,2306bf5c,1,2,0,0,0,1,10,3,1,0,1,0.0,0.0,0.0,0,0,0,0
106,230a2fac,33,2869,31,33,29,0,1,2,62,21,41,50.1,23.4,26.7,0,0,0,0
107,2334478a,25,1766,19,24,8,1,0,0,8,25,-17,15.7,26.8,-11.1,0,0,0,0
108,23610943,35,2638,29,31,16,4,0,1,50,46,4,41.6,41.8,-0.2,0,0,0,0
109,2374aaca,33,2357,26,26,14,7,1,1,42,36,6,42.6,26.3,16.3,0,0,0,0
110,244f57b9,0,0,0,0,0,0,1,0,0,0,0,0.0,0.0,0.0,0,0,0,0
111,246d153b,21,1437,16,17,7,4,12,1,17,19,-2,19.9,16.5,3.5,0,0,0,0
112,247ed022,26,1790,19,21,13,5,3,0,13,31,-18,16.2,25.5,-9.3,0,0,0,0
113,259e5f54,0,0,0,0,0,0,2,0,0,0,0,0.0,0.0,0.0,0,0,0,0
114,26db8853,36,2970,33,33,27,3,0,1,56,54,2,44.9,46.8,-1.8,0,0,0,0
115,277da414,31,2761,30,31,30,0,7,1,33,52,-19,31.7,52.4,-20.6,0,0,0,0
116,282947c7,0,0,0,0,0,0,1,0,0,0,0,0.0,0.0,0.0,0,0,0,0
117,28500592,0,0,0,0,0,0,1,0,0,0,0,0.0,0.0,0.0,0,0,0,0
118,2873973b,6,102,1,1,0,5,13,0,2,4,-2,0.5,5.2,-4.6,0,0,0,0
119,28a15394,0,0,0,0,0,0,28,0,0,0,0,0.0,0.0,0.0,0,0,0,0
120,28d2bc57,0,0,0,0,0,0,2,0,0,0,0,0.0,0.0,0.0,0,0,0,0
121,28f66c2e,28,777,8,7,0,21,8,1,13,12,1,11.3,11.0,0.3,0,0,0,0
122,2967bcd0,1,3,0,0,0,1,3,3,0,0,0,0.0,0.0,0.0,0,0,0,0
123,2a1beb34,30,2548,28,28,26,2,1,1,53,39,14,49.1,36.5,12.6,0,0,0,0
124,2a7d27c1,36,2854,31,35,6,1,0,1,55,51,4,45.0,55.5,-10.5,0,0,0,0
125,2a7e2610,0,0,0,0,0,0,1,0,0,0,0,0.0,0.0,0.0,0,0,0,0
126,2a82aa85,27,1348,15,16,4,11,6,1,15,32,-17,16.3,26.1,-9.8,0,0,0,0
127,2b7c18ae,2,39,0,0,0,2,3,0,1,1,0,1.2,0.7,0.5,0,0,0,0
128,2baec6ce,1,11,0,0,0,1,9,3,0,0,0,0.2,0.1,0.1,0,0,0,0
129,2c0f8e9e,27,881,9,7,2,20,6,2,18,10,8,23.0,10.5,12.5,0,0,0,0
130,2c38b327,24,1149,12,13,4,11,7,1,16,17,-1,16.5,12.2,4.4,0,0,0,0
131,2cb9486d,10,502,5,7,1,3,15,0,4,8,-4,4.7,8.7,-3.9,0,0,0,0
132,2cfae697,17,1392,15,16,12,1,1,1,15,20,-5,19.9,24.0,-4.1,0,0,0,0
133,2d3d7c0d,0,0,0,0,0,0,2,0,0,0,0,0.0,0.0,0.0,0,0,0,0
134,2d5f2ff0,0,0,0,0,0,0,1,0,0,0,0,0.0,0.0,0.0,0,0,0,0
135,2d970560,13,629,7,5,2,8,4,4,10,5,5,15.3,9.9,5.300000000000001,0,0,0,0
136,2d9d9e42,1,45,0,0,0,1,0,3,1,0,1,0.5,0.5,0.0,0,0,0,0
137,2f2ae9dd,0,0,0,0,0,0,2,0,0,0,0,0.0,0.0,0.0,0,0,0,0
138,2f3452eb,29,2027,22,24,15,5,7,1,42,40,2,29.8,32.9,-3.0,0,0,0,0
139,2f557579,32,2290,25,28,4,4,1,2,51,21,30,39.4,22.0,17.4,0,0,0,0
140,30223b33,0,0,0,0,0,0,29,0,0,0,0,0.0,0.0,0.0,0,0,0,0
141,305a3820,2,8,0,0,0,2,15,1,1,0,1,0.4,1.0,-0.6,0,0,0,0
142,30f5ffa9,35,3150,35,35,35,0,3,2,77,32,45,75.1,37.2,37.9,0,0,0,0
143,311027cb,8,425,4,5,0,3,14,0,2,9,-7,3.9,6.8,-2.9,0,0,0,0
144,32ad2eb8,0,0,0,0,0,0,1,0,0,0,0,0.0,0.0,0.0,0,0,0,0
145,33502726,7,87,1,0,0,7,9,1,1,0,1,1.7,0.4,1.3,0,0,0,0
146,339fe0e8,23,2070,23,23,23,0,15,1,48,29,19,36.0,26.7,9.3,0,0,0,0
147,33b8d077,35,2937,32,35,23,0,0,2,77,26,51,70.4,32.8,37.5,0,0,0,0
148,33ecf462,19,730,8,10,0,9,4,2,8,16,-8,8.4,12.4,-4.0,0,0,0,0
149,343c0d52,36,2660,29,32,16,4,1,2,52,37,15,37.6,36.0,1.6,0,0,0,0
150,343f753a,16,1392,15,16,14,0,0,1,18,24,-6,17.6,22.9,-5.3,0,0,0,0
151,34693494,6,321,3,4,1,2,7,1,6,4,2,3.5,3.3,0.2,0,0,0,0
152,351b0282,0,0,0,0,0,0,3,0,0,0,0,0.0,0.0,0.0,0,0,0,0
153,356c9002,36,3119,34,36,24,0,0,1,44,56,-12,34.2,48.2,-14.0,0,0,0,0
154,35a2557c,1,62,0,1,0,0,0,0,0,1,-1,0.4,2.1,-1.7,0,0,0,0
155,35b4bc62,1,71,0,1,0,0,4,3,1,0,1,0.7,0.6,0.1,0,0,0,0
156,35dd6d80,20,1618,18,18,15,2,3,0,22,35,-13,22.2,26.7,-4.5,0,0,0,0
157,3626daea,3,127,1,2,0,1,4,1,3,1,2,2.9,0.9,2.0,0,0,0,0
158,366be751,0,0,0,0,0,0,1,0,0,0,0,0.0,0.0,0.0,0,0,0,0
159,36720886,0,0,0,0,0,0,2,0,0,0,0,0.0,0.0,0.0,0,0,0,0
160,36e88fbc,15,646,7,7,3,8,22,1,7,13,-6,8.3,10.3,-2.0,0,0,0,0
161,384d58d9,9,597,6,6,4,3,1,1,11,7,4,9.3,7.0,2.3,0,0,0,0
162,38d9ce53,18,796,8,9,2,9,17,0,8,23,-15,13.1,14.3,-1.3,0,0,0,0
163,39583cfd,34,2616,29,31,14,3,0,1,43,46,-3,35.5,43.7,-8.1,0,0,0,0
164,39aa05a7,1,25,0,0,0,1,2,0,0,1,-1,0.4,0.7,-0.3,0,0,0,0
165,3aafd050,0,0,0,0,0,0,2,0,0,0,0,0.0,0.0,0.0,0,0,0,0
166,3ac5f672,0,0,0,0,0,0,4,0,0,0,0,0.0,0.0,0.0,0,0,0,0
167,3b12b11f,12,457,5,5,4,7,21,2,11,6,5,7.1,7.2,-0.1,0,0,0,0
168,3b333ac3,21,1386,15,16,8,5,2,1,25,21,4,27.5,19.0,8.5,0,0,0,0
169,3b387cc7,2,20,0,0,0,2,0,3,1,0,1,0.1,0.0,0.1,0,0,0,0
170,3b61c9ec,18,1107,12,15,4,3,17,2,21,8,13,18.6,8.0,10.6,0,0,0,0
171,3b8674e6,19,1155,12,13,5,6,3,2,18,11,7,17.8,9.6,8.1,0,0,0,0
172,3bb7af3b,29,1284,14,13,3,16,7,1,30,13,17,23.3,13.3,10.0,0,0,0,0
173,3bb7f478,36,2469,27,27,13,9,2,2,58,20,38,54.6,28.3,26.2,0,0,0,0
174,3ca7254a,32,2033,22,25,10,7,0,1,47,39,8,31.2,33.2,-1.9,0,0,0,0
175,3cb132e6,0,0,0,0,0,0,2,0,0,0,0,0.0,0.0,0.0,0,0,0,0
176,3cd3b384,36,2395,26,25,15,11,0,1,30,37,-7,25.7,36.1,-10.5,0,0,0,0
177,3d50bcdb,32,1098,12,12,1,20,0,2,19,14,5,16.2,14.1,2.1,0,0,0,0
178,3dcacc7c,0,0,0,0,0,0,2,0,0,0,0,0.0,0.0,0.0,0,0,0,0
179,3ead85f9,19,1409,15,16,14,3,10,2,25,16,9,20.2,15.9,4.3,0,0,0,0
180,3eaf5cc3,0,0,0,0,0,0,4,0,0,0,0,0.0,0.0,0.0,0,0,0,0
181,3ec3c1c9,20,1431,15,16,13,4,15,1,26,23,3,27.0,16.2,10.8,0,0,0,0
182,3ef0a2d7,14,274,3,1,1,13,24,2,4,3,1,3.7,1.9,1.9,0,0,0,0
183,3ef965c1,7,314,3,4,0,3,5,0,1,7,-6,2.2,5.2,-3.0,0,0,0,0
184,3f1107d5,0,0,0,0,0,0,1,0,0,0,0,0.0,0.0,0.0,0,0,0,0
185,3f5f38fb,36,2586,28,30,18,6,0,1,42,40,2,37.8,36.9,0.9,0,0,0,0
186,3f79a1c8,1,9,0,0,0,1,15,3,0,0,0,0.0,0.3,-0.3,0,0,0,0
187,405f6586,33,2165,24,23,9,10,0,0,22,39,-17,26.8,37.4,-10.7,0,0,0,0
188,407feb71,31,1855,20,25,2,6,4,2,34,15,19,33.9,18.6,15.3,0,0,0,0
189,414e1f69,4,77,0,0,0,4,8,0,1,4,-3,0.7,3.4,-2.7,0,0,0,0
190,418c774c,0,0,0,0,0,0,2,0,0,0,0,0.0,0.0,0.0,0,0,0,0
191,41bd99ea,0,0,0,0,0,0,2,0,0,0,0,0.0,0.0,0.0,0,0,0,0
192,42eaa028,17,649,7,7,0,10,2,1,10,11,-1,13.7,8.1,5.5,0,0,0,0
193,4431aed2,31,2711,30,31,25,0,0,1,64,43,21,45.8,37.2,8.5,0,0,0,0
194,444c89d9,21,1064,11,15,0,6,2,0,17,18,-1,14.1,18.7,-4.6,0,0,0,0
195,44510fde,1,36,0,0,0,1,1,0,0,2,-2,0.3,1.0,-0.7,0,0,0,0
196,4455a8f0,0,0,0,0,0,0,2,0,0,0,0,0.0,0.0,0.0,0,0,0,0
197,44ac04e9,17,377,4,2,1,15,18,2,12,4,8,12.5,3.9,8.6,0,0,0,0
198,44eb9093,20,1000,11,9,8,11,18,2,20,3,17,23.1,11.2,11.9,0,0,0,0
199,45191c29,16,793,8,9,0,7,18,1,12,7,5,15.2,8.5,6.7,0,0,0,0
200,45392b06,6,102,1,1,0,5,18,0,1,4,-3,1.3,3.2,-2.0,0,0,0,0
201,457cb02f,3,270,3,3,3,0,20,1,5,6,-1,5.0,4.1,0.9,0,0,0,0
202,45b9b619,26,1025,11,12,0,14,0,2,26,8,18,25.1,10.8,14.3,0,0,0,0
203,4611e028,6,341,3,4,2,2,6,1,5,6,-1,3.6,5.0,-1.4,0,0,0,0
204,4692ecb3,0,0,0,0,0,0,11,0,0,0,0,0.0,0.0,0.0,0,0,0,0
205,46ad80cd,0,0,0,0,0,0,8,0,0,0,0,0.0,0.0,0.0,0,0,0,0
206,46fa7204,23,1237,13,12,3,11,2,0,16,23,-7,15.2,23.7,-8.4,0,0,0,0
207,47ea9421,0,0,0,0,0,0,1,0,0,0,0,0.0,0.0,0.0,0,0,0,0
208,481c9ece,33,2028,22,21,13,12,5,2,54,14,40,51.3,22.8,28.5,0,0,0,0
209,4830e0af,14,893,9,9,6,5,1,0,11,13,-2,10.3,15.8,-5.5,0,0,0,0
210,48b3dd60,20,962,10,11,5,9,7,2,22,7,15,14.6,9.9,4.7,0,0,0,0
211,48d5bd33,30,1592,17,19,3,11,1,1,31,23,8,25.3,19.5,5.9,0,0,0,0
212,4a0b7f07,29,1950,21,23,10,6,5,0,15,37,-22,18.0,38.0,-20.0,0,0,0,0
213,4a56052c,36,2319,25,26,9,10,0,1,44,29,15,44.6,26.6,18.0,0,0,0,0
214,4a5a45c7,28,2289,25,27,15,1,0,1,40,30,10,45.8,25.5,20.3,0,0,0,0
215,4adb8714,0,0,0,0,0,0,3,0,0,0,0,0.0,0.0,0.0,0,0,0,0
216,4ae67f27,23,1181,13,12,5,11,13,1,22,16,6,18.3,17.3,1.1,0,0,0,0
217,4b029b31,12,935,10,11,8,1,16,1,8,19,-11,9.7,20.3,-10.6,0,0,0,0
218,4b3e1a38,33,2927,32,33,32,0,4,1,60,28,32,48.4,26.8,21.6,0,0,0,0
219,4b520f96,0,0,0,0,0,0,3,0,0,0,0,0.0,0.0,0.0,0,0,0,0
220,4b55eb4d,14,571,6,5,2,9,7,0,2,18,-16,3.4,13.6,-10.2,0,0,0,0
221,4bd00a50,5,55,0,1,0,4,7,2,1,1,0,0.7,0.7,0.0,0,0,0,0
222,4c109f37,0,0,0,0,0,0,2,0,0,0,0,0.0,0.0,0.0,0,0,0,0
223,4c2507ea,0,0,0,0,0,0,1,0,0,0,0,0.0,0.0,0.0,0,0,0,0
224,4c62d0c8,5,405,4,5,4,0,32,1,7,7,0,5.2,3.5,1.7,0,0,0,0
225,4c6f9258,0,0,0,0,0,0,1,0,0,0,0,0.0,0.0,0.0,0,0,0,0
226,4c78b5ed,35,1697,18,19,5,16,2,1,36,27,9,28.6,25.6,3.1,0,0,0,0
227,4c8845f7,28,1019,11,11,1,17,9,1,23,17,6,23.3,12.8,10.4,0,0,0,0
228,4cde5509,23,1016,11,11,7,12,2,2,24,14,10,18.6,13.3,5.3,0,0,0,0
229,4d1efb48,35,3122,34,35,34,0,1,0,31,63,-32,35.3,66.3,-30.9,0,0,0,0
230,4e1d5e59,35,2307,25,29,11,6,2,1,36,43,-7,27.2,42.2,-15.1,0,0,0,0
231,4e358a2d,16,1434,15,16,15,0,0,1,18,26,-8,18.9,23.7,-4.8,0,0,0,0
232,4e6dbac4,37,3100,34,36,26,1,0,1,75,52,23,54.0,44.2,9.8,0,0,0,0
233,4f2908e5,2,11,0,0,0,2,33,1,0,0,0,0.1,0.3,-0.1,0,0,0,0
234,4f8ce0e1,23,1938,21,21,21,2,15,0,15,49,-34,18.2,39.4,-21.2,0,0,0,0
235,4f9fe4f8,0,0,0,0,0,0,6,0,0,0,0,0.0,0.0,0.0,0,0,0,0
236,4fecf237,0,0,0,0,0,0,3,0,0,0,0,0.0,0.0,0.0,0,0,0,0
237,509a4ccb,26,1229,13,14,1,12,3,0,14,23,-9,15.4,20.7,-5.3,0,0,0,0
238,5128bde4,34,2766,30,32,19,2,1,1,56,48,8,42.4,40.4,2.0,0,0,0,0
239,52611641,31,2195,24,26,12,5,3,1,42,32,10,45.3,23.9,21.4,0,0,0,0
240,526f0d08,0,0,0,0,0,0,16,0,0,0,0,0.0,0.0,0.0,0,0,0,0
241,528492ea,33,1931,21,21,5,12,5,1,30,25,5,28.9,20.1,8.8,0,0,0,0
242,5294a83f,34,2353,26,27,11,7,1,1,51,35,16,37.3,29.0,8.2,0,0,0,0
243,52ec54d0,24,2005,22,22,21,2,6,1,32,28,4,30.5,25.4,5.1,0,0,0,0
244,536cebe5,24,891,9,6,3,18,2,2,14,8,6,16.2,11.5,4.8,0,0,0,0
245,539230cf,6,341,3,3,3,3,30,2,9,4,5,8.9,3.8,5.1,0,0,0,0
246,53a0e358,33,2819,31,33,16,0,0,1,57,50,7,45.5,51.3,-5.8,0,0,0,0
247,53de807a,10,556,6,6,3,4,23,1,12,11,1,8.7,8.6,0.1,0,0,0,0
248,53e494ec,1,90,1,1,1,0,27,3,4,0,4,1.9,0.5,1.4,0,0,0,0
249,5417a3bf,0,0,0,0,0,0,1,0,0,0,0,0.0,0.0,0.0,0,0,0,0
250,548fea2f,2,5,0,0,0,2,3,0,1,0,1,0.6,0.0,0.6,0,0,0,0
251,54e53b7e,35,2739,30,33,15,2,0,1,56,40,16,41.9,36.9,5.0,0,0,0,0
252,54f6afe3,1,29,0,0,0,1,36,0,1,2,-1,0.9,0.2,0.7,0,0,0,0
253,555d5edd,13,683,7,9,2,4,0,1,4,10,-6,7.6,10.3,-2.7,0,0,0,0
254,5585dc1e,0,0,0,0,0,0,8,0,0,0,0,0.0,0.0,0.0,0,0,0,0
255,55a1cac2,33,2240,24,24,17,9,2,1,28,29,-1,31.3,25.0,6.3,0,0,0,0
256,55e098cd,4,58,0,0,0,4,23,0,0,0,0,0.7,0.2,0.5,0,0,0,0
257,563a68ad,33,2823,31,32,24,1,1,1,35,46,-11,37.4,43.0,-5.6,0,0,0,0
258,570bb4b9,31,1775,19,21,3,10,1,1,35,31,4,28.0,31.2,-3.2,0,0,0,0
259,5722eced,13,918,10,13,2,0,2,0,9,19,-10,9.3,21.2,-12.0,0,0,0,0
260,57469b2d,28,784,8,5,1,23,9,1,21,14,7,22.2,11.5,10.7,0,0,0,0
261,59be3a74,4,65,0,0,0,4,12,1,1,0,1,0.7,0.6,0.2,0,0,0,0
262,59bf127b,14,501,5,5,2,9,15,2,12,9,3,10.8,7.4,3.4,0,0,0,0
263,59f2d958,4,63,0,0,0,4,6,0,1,2,-1,0.5,0.5,0.0,0,0,0,0
264,5a2cb25d,23,944,10,8,6,15,8,1,12,13,-1,11.5,11.0,0.5,0,0,0,0
265,5a332121,0,0,0,0,0,0,1,0,0,0,0,0.0,0.0,0.0,0,0,0,0
266,5aa53281,33,2878,32,33,27,0,1,1,45,35,10,51.2,34.4,16.8,0,0,0,0
267,5add9b29,1,18,0,0,0,1,0,1,0,0,0,0.2,0.6,-0.5,0,0,0,0
268,5b418e15,4,38,0,0,0,4,18,1,1,0,1,0.2,0.7,-0.5,0,0,0,0
269,5bd72174,38,2946,32,33,19,5,0,2,44,55,-11,33.7,49.4,-15.7,0,0,0,0
270,5c397195,0,0,0,0,0,0,1,0,0,0,0,0.0,0.0,0.0,0,0,0,0
271,5c522c88,2,18,0,0,0,2,4,2,0,1,-1,0.2,0.1,0.1,0,0,0,0
272,5cbb5ad6,1,7,0,0,0,1,2,1,0,0,0,0.1,0.0,0.1,0,0,0,0
273,5dafcdce,1,1,0,0,0,1,3,3,0,0,0,0.0,0.1,-0.1,0,0,0,0
274,5e861944,33,1650,18,20,0,13,2,2,25,16,9,26.3,15.0,11.3,0,0,0,0
275,5eaed77a,28,2279,25,27,22,1,7,0,14,31,-17,21.3,34.3,-13.0,0,0,0,0
276,5ec698c3,0,0,0,0,0,0,3,0,0,0,0,0.0,0.0,0.0,0,0,0,0
277,5ef2aa3e,0,0,0,0,0,0,2,0,0,0,0,0.0,0.0,0.0,0,0,0,0
278,5efc5389,28,1817,20,21,12,7,9,0,17,36,-19,15.7,32.0,-16.3,0,0,0,0
279,5fa57166,22,1543,17,17,12,5,10,3,22,24,-2,20.9,22.6,-1.8000000000000005,0,0,0,0
280,5fd5ed86,33,2890,32,33,29,0,1,1,39,30,9,42.8,30.4,12.4,0,0,0,0
281,601ef102,2,22,0,0,0,2,0,2,2,0,2,0.9,0.2,0.7,0,0,0,0
282,61228681,0,0,0,0,0,0,3,0,0,0,0,0.0,0.0,0.0,0,0,0,0
283,614c38fb,21,1143,12,12,3,9,11,0,8,26,-18,10.2,23.6,-13.3,0,0,0,0
284,61975f30,0,0,0,0,0,0,1,0,0,0,0,0.0,0.0,0.0,0,0,0,0
285,61b3978f,35,2946,32,35,25,0,0,1,43,51,-8,31.2,48.1,-16.9,0,0,0,0
286,620922ed,20,1108,12,9,8,11,18,1,11,27,-16,10.8,22.5,-11.7,0,0,0,0
287,6213fd82,25,1772,19,22,13,3,1,1,18,31,-13,19.2,31.7,-12.5,0,0,0,0
288,62437b4f,28,1204,13,11,1,17,7,1,15,23,-8,16.7,19.7,-3.0,0,0,0,0
289,62af9a62,0,0,0,0,0,0,2,0,0,0,0,0.0,0.0,0.0,0,0,0,0
290,649b01d8,29,2560,28,29,27,0,7,1,36,48,-12,27.3,43.1,-15.9,0,0,0,0
291,64cd167d,14,930,10,11,5,3,4,0,6,19,-13,6.4,17.1,-10.7,0,0,0,0
292,64e8ed6d,5,96,1,1,0,4,11,1,2,0,2,2.7,1.1,1.6,0,0,0,0
293,65fd099c,22,452,5,3,1,19,6,1,7,10,-3,8.3,8.1,0.2,0,0,0,0
294,6604165d,25,980,10,10,2,15,9,0,4,15,-11,7.9,12.6,-4.7,0,0,0,0
295,66784dee,26,1445,16,17,3,9,3,0,13,27,-14,15.6,28.8,-13.3,0,0,0,0
296,66c6680a,0,0,0,0,0,0,8,0,0,0,0,0.0,0.0,0.0,0,0,0,0
297,675476ac,0,0,0,0,0,0,4,0,0,0,0,0.0,0.0,0.0,0,0,0,0
298,67cdbc0e,28,741,8,2,0,26,2,2,16,5,11,17.7,7.9,9.8,0,0,0,0
299,67f649be,1,90,1,1,1,0,37,0,1,2,-1,2.1,1.2,0.9,0,0,0,0
300,68252d6d,20,841,9,8,0,12,1,1,23,8,15,18.2,10.3,7.9,0,0,0,0
301,686ee768,0,0,0,0,0,0,3,0,0,0,0,0.0,0.0,0.0,0,0,0,0
302,68c3a7cd,0,0,0,0,0,0,1,0,0,0,0,0.0,0.0,0.0,0,0,0,0
303,6928979a,36,2913,32,36,17,0,1,2,74,29,45,68.4,33.6,34.9,0,0,0,0
304,6989550f,0,0,0,0,0,0,2,0,0,0,0,0.0,0.0,0.0,0,0,0,0
305,69e11a01,12,422,4,4,2,8,8,0,4,9,-5,3.5,7.4,-3.9,0,0,0,0
306,6a1f66a7,2,135,1,2,1,0,4,0,0,8,-8,0.6,4.4,-3.8,0,0,0,0
307,6af30900,19,1138,12,12,5,7,4,0,7,18,-11,10.6,17.7,-7.1,0,0,0,0
308,6b635f5c,20,1272,14,13,12,7,13,0,18,35,-17,17.0,28.7,-11.7,0,0,0,0
309,6b6b26d8,0,0,0,0,0,0,3,0,0,0,0,0.0,0.0,0.0,0,0,0,0
310,6bb2c084,25,1926,21,21,18,4,0,2,43,16,27,34.1,18.7,15.4,0,0,0,0
311,6c0b56c4,0,0,0,0,0,0,3,0,0,0,0,0.0,0.0,0.0,0,0,0,0
312,6cc97b6a,30,2174,24,26,12,4,6,0,21,36,-15,25.7,36.5,-10.8,0,0,0,0
313,6cd33e2a,1,15,0,0,0,1,2,0,0,0,0,0.1,0.2,-0.1,0,0,0,0
314,6d5e62b0,11,933,10,11,10,0,0,0,8,19,-11,10.4,16.4,-6.0,0,0,0,0
315,6d70c771,7,256,2,2,0,5,12,1,2,7,-5,2.7,5.4,-2.7,0,0,0,0
316,6e058f06,36,2740,30,32,16,4,0,1,51,47,4,45.5,52.8,-7.3,0,0,0,0
317,6eee05f1,31,2256,25,25,19,6,1,1,39,28,11,41.0,29.8,11.2,0,0,0,0
318,6f30a1d5,1,1,0,0,0,1,6,3,0,0,0,0.0,0.0,0.0,0,0,0,0
319,6f5ead86,18,682,7,7,1,11,10,0,4,20,-16,5.1,12.7,-7.6,0,0,0,0
320,6fe8796e,0,0,0,0,0,0,12,0,0,0,0,0.0,0.0,0.0,0,0,0,0
321,6fe90922,35,2821,31,35,16,0,2,2,64,25,39,64.7,30.8,33.9,0,0,0,0
322,7033ca08,0,0,0,0,0,0,17,0,0,0,0,0.0,0.0,0.0,0,0,0,0
323,70451f65,0,0,0,0,0,0,5,0,0,0,0,0.0,0.0,0.0,0,0,0,0
324,7152082d,1,29,0,0,0,1,2,0,0,0,0,0.0,0.7,-0.7,0,0,0,0
325,7195a684,0,0,0,0,0,0,11,0,0,0,0,0.0,0.0,0.0,0,0,0,0
326,71dc23da,13,603,6,6,3,7,18,0,7,16,-9,6.5,12.2,-5.7,0,0,0,0
327,724a87e2,0,0,0,0,0,0,2,0,0,0,0,0.0,0.0,0.0,0,0,0,0
328,72a01aa0,0,0,0,0,0,0,1,0,0,0,0,0.0,0.0,0.0,0,0,0,0
329,72f87f25,3,38,0,0,0,3,5,0,2,0,2,1.2,0.1,1.1,0,0,0,0
330,7354ab9f,0,0,0,0,0,0,1,0,0,0,0,0.0,0.0,0.0,0,0,0,0
331,73affbb6,1,22,0,0,0,1,10,3,0,0,0,0.2,0.5,-0.3,0,0,0,0
332,74419746,37,3330,37,37,37,0,1,2,83,30,53,79.5,37.9,41.6,0,0,0,0
333,7452c7a8,1,81,0,0,0,1,12,0,0,1,-1,1.0,1.4,-0.5,0,0,0,0
334,747701ab,0,0,0,0,0,0,4,0,0,0,0,0.0,0.0,0.0,0,0,0,0
335,75438a9a,20,1491,16,16,14,4,14,1,24,24,0,17.7,28.3,-10.6,0,0,0,0
336,75b86fb3,31,2311,25,29,13,2,1,2,57,18,39,50.5,26.1,24.4,0,0,0,0
337,75e60d75,14,495,5,4,0,10,4,1,6,6,0,0.0,0.0,0.0,0,0,0,0
338,75f2c59f,24,1794,19,22,13,2,1,1,32,28,4,27.8,27.4,0.4,0,0,0,0
339,7703afb6,30,1768,19,19,7,11,3,1,22,36,-14,21.8,30.8,-9.0,0,0,0,0
340,77d6fd4d,38,3420,38,38,38,0,0,1,50,70,-20,44.9,66.0,-21.2,0,0,0,0
341,77e401c7,0,0,0,0,0,0,7,0,0,0,0,0.0,0.0,0.0,0,0,0,0
342,780e3631,27,1438,16,18,3,9,7,1,24,22,2,23.4,19.8,3.5,0,0,0,0
343,7820d1b1,0,0,0,0,0,0,2,0,0,0,0,0.0,0.0,0.0,0,0,0,0
344,78841da9,30,1298,14,16,3,14,8,1,21,24,-3,19.8,19.5,0.3,0,0,0,0
345,79083382,21,1278,14,14,13,7,17,1,22,15,7,22.0,14.8,7.2,0,0,0,0
346,79194648,0,0,0,0,0,0,6,0,0,0,0,0.0,0.0,0.0,0,0,0,0
347,79443529,36,2933,32,33,23,3,0,3,59,39,20,48.9,36.0,12.9,0,0,0,0
348,79b0d6a0,38,3420,38,38,38,0,0,1,59,43,16,65.1,38.4,26.8,0,0,0,0
349,79d60e74,1,45,0,0,0,1,5,0,0,2,-2,0.4,1.0,-0.7,0,0,0,0
350,7ae36711,7,180,2,1,0,6,8,0,1,3,-2,3.3,2.4,0.9,0,0,0,0
351,7afbd2c3,30,1716,19,18,7,12,2,0,13,29,-16,18.3,27.4,-9.1,0,0,0,0
352,7b075c75,28,2266,25,26,23,2,5,1,27,26,1,30.3,32.2,-1.9,0,0,0,0
353,7b5f516f,1,37,0,0,0,1,35,0,1,1,0,0.4,0.6,-0.1,0,0,0,0
354,7ba1f1ef,0,0,0,0,0,0,1,0,0,0,0,0.0,0.0,0.0,0,0,0,0
355,7cd520e8,35,2477,27,29,16,6,1,1,50,39,11,40.2,35.1,5.1,0,0,0,0
356,7d50454d,24,1445,16,16,9,8,6,0,14,31,-17,16.7,25.1,-8.3,0,0,0,0
357,7eb97a8e,27,896,10,6,1,21,8,1,19,20,-1,17.1,16.8,0.3,0,0,0,0
358,7ec7738e,29,975,10,9,3,20,9,0,11,18,-7,13.7,21.6,-7.9,0,0,0,0
359,7edfbb8a,31,2718,30,30,28,1,1,2,56,20,36,45.7,28.8,16.9,0,0,0,0
360,7f267d66,33,2129,23,28,6,5,3,0,21,47,-26,22.5,39.8,-17.3,0,0,0,0
361,7f78ad23,34,2473,27,28,22,6,1,1,30,29,1,34.3,24.6,9.7,0,0,0,0
362,7f9d956a,1,6,0,0,0,1,2,1,0,0,0,0.0,0.0,0.0,0,0,0,0
363,7fac99d4,36,2816,31,31,26,5,0,0,30,58,-28,33.3,48.9,-15.6,0,0,0,0
364,7fe90ccd,34,2345,26,29,14,5,1,1,43,36,7,43.8,31.9,11.9,0,0,0,0
365,801831fe,8,148,1,2,0,6,22,2,2,2,0,2.3,3.3,-1.0,0,0,0,0
366,80556f08,29,982,10,9,2,20,7,1,22,21,1,15.2,15.0,0.2,0,0,0,0
367,80dbbd10,19,842,9,10,2,9,0,0,7,26,-19,8.6,18.4,-9.7,0,0,0,0
368,81255c03,37,3323,36,37,35,0,0,0,32,67,-35,38.0,59.9,-22.0,0,0,0,0
369,817c6964,28,1416,15,15,5,13,5,2,32,12,20,26.2,15.7,10.5,0,0,0,0
370,81a4c239,5,76,0,0,0,5,11,1,1,0,1,0.8,1.0,-0.2,0,0,0,0
371,82328faf,0,0,0,0,0,0,34,1,0,1,-1,0.0,0.0,0.0,0,0,0,0
372,82598b71,29,1410,15,13,6,16,6,0,15,29,-14,17.4,25.0,-7.6,0,0,0,0
373,82b1198a,31,2790,31,31,31,0,5,2,58,25,33,44.1,25.6,18.5,0,0,0,0
374,82efe6fa,34,2889,32,32,32,2,1,1,50,39,11,54.0,34.6,19.4,0,0,0,0
375,84594618,0,0,0,0,0,0,1,0,0,0,0,0.0,0.0,0.0,0,0,0,0
376,848c17ed,0,0,0,0,0,0,3,0,0,0,0,0.0,0.0,0.0,0,0,0,0
377,8535e95c,0,0,0,0,0,0,1,0,0,0,0,0.0,0.0,0.0,0,0,0,0
378,854ee61a,38,1362,15,11,1,27,0,1,19,32,-13,19.7,29.2,-9.5,0,0,0,0
379,85a44ecc,31,2332,25,29,18,2,0,0,20,55,-35,23.3,43.6,-20.3,0,0,0,0
380,85f7d1be,28,1944,21,21,18,7,10,2,35,9,26,35.7,16.4,19.3,0,0,0,0
381,86383d0e,4,38,0,0,0,4,9,2,1,0,1,0.8,0.4,0.4,0,0,0,0
382,8649e475,0,0,0,0,0,0,1,0,0,0,0,0.0,0.0,0.0,0,0,0,0
383,8650af85,36,3124,34,35,32,1,1,1,59,63,-4,51.1,60.8,-9.6,0,0,0,0
384,86695068,23,1539,17,17,7,6,0,1,28,20,8,26.4,18.7,7.8,0,0,0,0
385,86878265,0,0,0,0,0,0,1,0,0,0,0,0.0,0.0,0.0,0,0,0,0
386,8697c095,0,0,0,0,0,0,2,0,0,0,0,0.0,0.0,0.0,0,0,0,0
387,875d65d1,1,9,0,0,0,1,3,3,0,0,0,0.1,0.0,0.1,0,0,0,0
388,8790f988,36,2146,23,25,9,11,0,1,44,42,2,36.6,42.8,-6.2,0,0,0,0
389,8794e251,32,2285,25,28,17,4,2,1,30,25,5,34.4,26.2,8.2,0,0,0,0
390,880fcdbb,1,11,0,0,0,1,34,3,0,0,0,0.1,0.5,-0.5,0,0,0,0
391,88895312,24,768,8,5,0,19,10,1,17,16,1,10.2,12.3,-2.2,0,0,0,0
392,88f53b75,1,19,0,0,0,1,4,0,0,0,0,0.6,0.3,0.2,0,0,0,0
393,896b5df2,0,0,0,0,0,0,1,0,0,0,0,0.0,0.0,0.0,0,0,0,0
394,89976232,11,526,5,6,2,5,21,0,3,5,-2,6.1,6.8,-0.7,0,0,0,0
395,89b2c8a9,30,1384,15,16,3,14,3,1,36,11,25,24.4,14.0,10.4,0,0,0,0
396,8aa135ca,0,0,0,0,0,0,2,0,0,0,0,0.0,0.0,0.0,0,0,0,0
397,8abd0c03,14,643,7,6,5,8,22,1,9,15,-6,10.3,7.4,2.9,0,0,0,0
398,8abd174d,18,1236,13,13,10,5,17,0,14,29,-15,15.7,28.6,-12.9,0,0,0,0
399,8b609c34,35,2607,29,32,15,3,0,1,34,28,6,35.1,26.1,9.0,0,0,0,0
400,8b8a56ce,11,802,8,10,8,1,2,2,19,15,4,12.9,12.3,0.6,0,0,0,0
401,8b95acda,32,2745,30,31,26,1,0,1,42,47,-5,30.6,42.5,-12.0,0,0,0,0
402,8bc8829a,0,0,0,0,0,0,1,0,0,0,0,0.0,0.0,0.0,0,0,0,0
403,8c63fae5,27,2103,23,25,10,2,3,0,20,47,-27,17.7,36.0,-18.3,0,0,0,0
404,8c65eb5f,22,629,7,6,2,16,15,1,13,10,3,11.4,7.7,3.7,0,0,0,0
405,8c90fd7a,27,1983,22,23,9,4,0,2,42,16,26,32.3,19.8,12.5,0,0,0,0
406,8c964914,1,15,0,0,0,1,0,0,0,0,0,0.3,0.2,0.1,0,0,0,0
407,8cabdc1e,37,3322,36,37,36,0,0,1,64,63,1,54.9,64.3,-9.4,0,0,0,0
408,8cb494c9,0,0,0,0,0,0,8,0,0,0,0,0.0,0.0,0.0,0,0,0,0
409,8cc29864,14,870,9,8,7,6,12,1,14,19,-5,13.3,18.8,-5.5,0,0,0,0
410,8da74c05,38,2574,28,26,16,12,0,1,45,36,9,35.6,35.0,0.6,0,0,0,0
411,8daee720,1,23,0,0,0,1,1,3,0,0,0,0.3,0.8,-0.5,0,0,0,0
412,8dbb063f,0,0,0,0,0,0,2,0,0,0,0,0.0,0.0,0.0,0,0,0,0
413,8f866fe8,18,1140,12,15,5,3,0,0,15,19,-4,12.0,15.7,-3.7,0,0,0,0
414,8fef5412,8,247,2,2,1,6,17,4,4,6,-2,3.3,4.5,-1.3,0,0,0,0
415,902ba217,0,0,0,0,0,0,23,0,0,0,0,0.0,0.0,0.0,0,0,0,0
416,90573602,0,0,0,0,0,0,18,0,0,0,0,0.0,0.0,0.0,0,0,0,0
417,9085dd7c,1,16,0,0,0,1,2,3,0,0,0,0.8,0.0,0.8,0,0,0,0
418,90e1d9dc,1,45,0,0,0,1,4,3,1,0,1,0.5,0.5,0.0,0,0,0,0
419,919dd4b1,11,201,2,1,0,10,24,1,1,4,-3,1.5,2.5,-1.0,0,0,0,0
420,91d0fabf,19,1346,15,16,8,3,3,1,20,34,-14,18.7,26.2,-7.5,0,0,0,0
421,921f6058,34,2672,29,30,25,4,1,1,54,40,14,51.8,34.5,17.3,0,0,0,0
422,92948398,23,833,9,8,1,15,14,1,14,21,-7,9.5,22.1,-12.6,0,0,0,0
423,92b4758e,17,1421,15,17,12,0,0,1,21,25,-4,16.3,20.5,-4.3,0,0,0,0
424,92d83c27,36,2564,28,31,15,5,1,1,25,42,-17,27.8,39.1,-11.3,0,0,0,0
425,93088fbb,0,0,0,0,0,0,4,0,0,0,0,0.0,0.0,0.0,0,0,0,0
426,933d3b51,25,1735,19,21,13,4,4,1,24,19,5,23.1,17.2,5.9,0,0,0,0
427,938d8a55,0,0,0,0,0,0,1,0,0,0,0,0.0,0.0,0.0,0,0,0,0
428,93b891d1,12,307,3,1,1,11,11,2,6,6,0,5.7,6.1000000000000005,-0.3,0,0,0,0
429,9413b19f,7,619,6,7,6,0,25,2,16,6,10,13.7,6.4,7.3,0,0,0,0
430,947e036f,14,892,9,13,2,1,1,1,12,13,-1,14.0,8.3,5.7,0,0,0,0
431,94816803,24,1239,13,14,2,10,9,1,16,19,-3,20.9,14.3,6.5,0,0,0,0
432,94b2001f,22,1893,21,22,20,0,2,2,31,19,12,28.7,21.2,7.5,0,0,0,0
433,952a03fe,2,180,2,2,2,0,17,0,3,9,-6,2.8,5.5,-2.7,0,0,0,0
434,956a78ea,1,9,0,0,0,1,1,0,0,0,0,0.0,0.0,0.0,0,0,0,0
435,957e4c87,35,2819,31,33,17,2,0,0,36,54,-18,32.6,52.2,-19.6,0,0,0,0
436,958a601f,13,516,5,4,2,9,12,0,6,20,-14,5.4,16.4,-11.0,0,0,0,0
437,9591723b,0,0,0,0,0,0,1,0,0,0,0,0.0,0.0,0.0,0,0,0,0
438,9592289a,10,129,1,0,0,10,6,1,0,0,0,2.8,1.5,1.3,0,0,0,0
439,95d9f4dd,0,0,0,0,0,0,1,0,0,0,0,0.0,0.0,0.0,0,0,0,0
440,95facda1,21,1523,16,16,14,5,0,0,16,32,-16,18.3,27.5,-9.2,0,0,0,0
441,963a328b,30,1658,18,22,0,8,6,1,26,20,6,22.3,23.4,-1.2,0,0,0,0
442,96640846,0,0,0,0,0,0,35,0,0,0,0,0.0,0.0,0.0,0,0,0,0
443,96960855,1,7,0,0,0,1,1,1,0,0,0,0.0,0.0,0.0,0,0,0,0
444,96e0490d,25,1507,16,18,9,7,9,2,34,21,13,32.3,18.8,13.5,0,0,0,0
445,970b8574,32,1430,15,13,6,19,6,2,39,16,23,37.8,15.6,22.2,0,0,0,0
446,97e8ea97,2,8,0,0,0,2,11,1,1,0,1,0.7,0.0,0.7,0,0,0,0
447,9823be92,33,2252,25,26,15,7,4,2,39,43,-4,35.7,37.8,-2.2,0,0,0,0
448,983ff2c7,23,1571,17,20,11,3,12,1,26,21,5,25.2,15.3,9.9,0,0,0,0
449,98a84572,6,53,0,0,0,6,8,1,1,3,-2,0.9,2.6,-1.7,0,0,0,0
450,98d2c2c4,29,2369,26,28,18,1,5,1,34,35,-1,40.6,31.5,9.0,0,0,0,0
451,9907b1c8,28,1971,21,23,8,5,2,1,28,24,4,34.8,23.5,11.3,0,0,0,0
452,997fff07,24,1958,21,22,20,2,8,1,30,40,-10,26.6,37.2,-10.6,0,0,0,0
453,9bb1ad91,15,661,7,5,1,10,9,0,5,14,-9,7.5,17.7,-10.2,0,0,0,0
454,9d4c45d6,35,2622,29,32,14,3,0,1,36,40,-4,34.7,36.2,-1.5,0,0,0,0
455,9d5ab351,0,0,0,0,0,0,1,0,0,0,0,0.0,0.0,0.0,0,0,0,0
456,9d60028d,26,1325,14,16,6,10,6,1,12,25,-13,14.8,25.0,-10.3,0,0,0,0
457,9e1577aa,37,3153,35,37,25,0,0,1,56,49,7,57.1,39.0,18.1,0,0,0,0
458,9ee1d39e,0,0,0,0,0,0,3,0,0,0,0,0.0,0.0,0.0,0,0,0,0
459,9ef42479,33,2115,23,23,9,10,0,0,25,48,-23,24.0,46.6,-22.5,0,0,0,0
460,9f1893b9,38,2888,32,33,16,5,0,1,61,50,11,47.6,39.9,7.7,0,0,0,0
461,9f5a610b,10,855,9,9,9,1,27,0,10,14,-4,9.5,12.1,-2.7,0,0,0,0
462,9f84febe,36,2883,32,32,21,4,0,1,49,34,15,54.9,31.7,23.1,0,0,0,0
463,9f9b9269,10,620,6,7,4,3,22,0,9,16,-7,7.5,13.4,-5.9,0,0,0,0
464,9fa26bc2,27,2430,27,27,27,0,8,1,35,33,2,35.2,27.2,8.0,0,0,0,0
465,a0854ecf,0,0,0,0,0,0,1,0,0,0,0,0.0,0.0,0.0,0,0,0,0
466,a111cf41,33,2932,32,33,32,0,4,1,61,42,19,53.6,40.0,13.6,0,0,0,0
467,a2565f79,1,90,1,1,1,0,19,0,0,5,-5,0.7,3.0,-2.3,0,0,0,0
468,a26fb8aa,30,2126,23,23,17,7,4,1,43,27,16,39.6,26.0,13.6,0,0,0,0
469,a2d9f138,25,1078,12,10,5,15,7,1,23,22,1,18.0,22.5,-4.4,0,0,0,0
470,a36084cd,0,0,0,0,0,0,14,0,0,0,0,0.0,0.0,0.0,0,0,0,0
471,a378a02a,10,214,2,0,0,10,9,1,2,5,-3,3.3,7.7,-4.4,0,0,0,0
472,a39b9ef6,6,66,0,0,0,6,6,0,0,1,-1,1.0,0.5,0.5,0,0,0,0
473,a40819d9,17,1025,11,13,8,4,18,2,15,11,4,22.1,8.4,13.7,0,0,0,0
474,a40d1a92,0,0,0,0,0,0,2,0,0,0,0,0.0,0.0,0.0,0,0,0,0
475,a40d5a0c,11,287,3,1,0,10,4,0,3,6,-3,3.7,4.9,-1.1,0,0,0,0
476,a42aebea,0,0,0,0,0,0,1,0,0,0,0,0.0,0.0,0.0,0,0,0,0
477,a44d3a3c,15,347,3,2,0,13,9,3,6,7,-1,3.9,5.2,-1.2,0,0,0,0
478,a47d0a92,0,0,0,0,0,0,1,0,0,0,0,0.0,0.0,0.0,0,0,0,0
479,a4948e67,21,1068,11,10,8,11,5,0,12,20,-8,12.4,21.2,-8.8,0,0,0,0
480,a4e85758,30,2242,24,23,22,7,8,1,41,30,11,39.8,26.2,13.5,0,0,0,0
481,a4e9d6eb,0,0,0,0,0,0,1,0,0,0,0,0.0,0.0,0.0,0,0,0,0
482,a4fe8cda,28,1401,15,15,3,13,9,1,20,27,-7,18.6,26.6,-8.0,0,0,0,0
483,a5296e55,35,2086,23,26,7,9,1,2,41,24,17,32.7,21.3,11.4,0,0,0,0
484,a5921b7c,0,0,0,0,0,0,2,0,0,0,0,0.0,0.0,0.0,0,0,0,0
485,a69cc629,19,754,8,7,2,12,13,0,6,11,-5,7.3,10.7,-3.4,0,0,0,0
486,a69e4806,30,1613,17,20,2,10,1,2,42,12,30,28.6,13.6,15.1,0,0,0,0
487,a796492f,1,16,0,0,0,1,0,0,0,0,0,0.0,0.0,0.0,0,0,0,0
488,a820e429,14,749,8,8,2,6,2,1,11,11,0,13.8,8.8,5.1,0,0,0,0
489,a8274176,0,0,0,0,0,0,1,0,0,0,0,0.0,0.0,0.0,0,0,0,0
490,a87ec807,0,0,0,0,0,0,5,0,0,0,0,0.0,0.0,0.0,0,0,0,0
491,a8a874f1,31,2160,24,23,15,8,0,1,37,22,15,32.7,23.3,9.4,0,0,0,0
492,a8f21b9f,19,554,6,3,0,16,16,1,13,2,11,12.4,6.8,5.6,0,0,0,0
493,a9202def,15,1147,12,13,7,2,1,1,16,18,-2,16.1,17.5,-1.4,0,0,0,0
494,a96e5dc0,20,1399,15,15,12,5,5,1,30,25,5,26.6,24.7,1.9,0,0,0,0
495,a9aa0d1d,19,772,8,7,1,12,14,1,12,13,-1,11.4,11.3,0.1,0,0,0,0
496,a9eaccda,0,0,0,0,0,0,36,0,0,0,0,0.0,0.0,0.0,0,0,0,0
497,a9ed66e1,0,0,0,0,0,0,3,0,0,0,0,0.0,0.0,0.0,0,0,0,0
498,aa25ce92,6,274,3,3,1,3,17,0,3,3,0,2.5,4.3,-1.8,0,0,0,0
499,aa5322d5,19,1466,16,17,12,2,18,0,14,23,-9,17.6,24.8,-7.2,0,0,0,0
500,aa54ec6f,15,1341,14,15,14,0,2,1,24,21,3,21.0,21.5,-0.5,0,0,0,0
501,aae9d04a,32,2572,28,30,21,2,0,1,51,41,10,37.8,36.7,1.1,0,0,0,0
502,ab1ca213,22,1343,14,17,8,5,3,1,24,25,-1,22.0,17.9,4.2,0,0,0,0
503,ab4449d6,36,3240,36,36,36,0,0,1,41,53,-12,42.9,49.8,-6.9,0,0,0,0
504,ac277993,20,680,7,6,2,14,17,0,3,13,-10,5.6,17.2,-11.6,0,0,0,0
505,ac33eb61,0,0,0,0,0,0,2,0,0,0,0,0.0,0.0,0.0,0,0,0,0
506,ac4003af,5,450,5,5,5,0,31,0,3,6,-3,8.4,4.8,3.7,0,0,0,0
507,ac7e640b,31,2704,30,30,30,1,5,0,27,52,-25,27.2,56.2,-29.0,0,0,0,0
508,acf7e795,20,1314,14,13,11,7,15,1,20,19,1,20.3,16.4,3.9,0,0,0,0
509,ad263695,1,3,0,0,0,1,9,3,0,0,0,0.2,0.1,0.0,0,0,0,0
510,ad84294f,0,0,0,0,0,0,1,0,0,0,0,0.0,0.0,0.0,0,0,0,0
511,aded8e6f,9,256,2,3,0,6,20,3,3,6,-3,2.7,5.1,-2.5,0,0,0,0
512,ae4e2852,20,1168,13,13,9,7,7,1,18,13,5,15.6,17.4,-1.8,0,0,0,0
513,ae67e0c4,0,0,0,0,0,0,1,0,0,0,0,0.0,0.0,0.0,0,0,0,0
514,ae7058f9,11,490,5,4,4,7,11,1,3,13,-10,3.9,9.3,-5.3,0,0,0,0
515,ae94a6c5,11,68,0,0,0,11,21,2,4,0,4,1.8,0.5,1.3,0,0,0,0
516,ae9898c5,14,676,7,8,2,6,0,0,7,15,-8,9.4,12.9,-3.5,0,0,0,0
517,aeab3f28,0,0,0,0,0,0,2,0,0,0,0,0.0,0.0,0.0,0,0,0,0
518,afbf187b,14,989,11,11,8,3,4,0,8,25,-17,9.7,17.3,-7.5,0,0,0,0
519,b033f803,0,0,0,0,0,0,5,0,0,0,0,0.0,0.0,0.0,0,0,0,0
520,b056e3da,6,540,6,6,6,0,30,2,14,10,4,8.3,8.3,0.0,0,0,0,0
521,b09e0873,0,0,0,0,0,0,3,0,0,0,0,0.0,0.0,0.0,0,0,0,0
522,b0f7e36c,14,863,9,11,3,3,0,1,15,11,4,14.7,8.5,6.2,0,0,0,0
523,b1236c63,7,188,2,1,0,6,21,1,8,0,8,5.2,2.9,2.4,0,0,0,0
524,b1d7dba8,0,0,0,0,0,0,3,0,0,0,0,0.0,0.0,0.0,0,0,0,0
525,b1f0b916,1,8,0,0,0,1,28,0,0,0,0,0.1,0.2,-0.1,0,0,0,0
526,b35a7399,15,1172,13,13,12,2,1,0,5,19,-14,14.0,18.5,-4.5,0,0,0,0
527,b3af9be1,1,10,0,0,0,1,0,1,0,0,0,0.1,0.1,0.0,0,0,0,0
528,b49a4e1d,0,0,0,0,0,0,1,0,0,0,0,0.0,0.0,0.0,0,0,0,0
529,b4a98bb4,0,0,0,0,0,0,23,0,0,0,0,0.0,0.0,0.0,0,0,0,0
530,b5c3ff9f,18,1255,13,14,10,4,14,0,9,34,-25,9.0,27.3,-18.3,0,0,0,0
531,b64073a0,1,90,1,1,1,0,2,0,0,3,-3,0.3,1.9,-1.5,0,0,0,0
532,b6964eb6,27,2091,23,23,21,4,3,1,35,28,7,35.7,21.1,14.6,0,0,0,0
533,b6a1cdf9,12,227,2,1,0,11,19,0,4,6,-2,3.7,3.9,-0.2,0,0,0,0
534,b6b2b820,8,311,3,2,0,6,0,0,2,5,-3,2.8,4.7,-1.9,0,0,0,0
535,b6dff3a0,0,0,0,0,0,0,4,0,0,0,0,0.0,0.0,0.0,0,0,0,0
536,b70bde8f,20,921,10,11,4,9,9,3,12,13,-1,10.4,13.2,-2.9,0,0,0,0
537,b79858d5,12,607,6,6,2,6,2,0,4,6,-2,9.9,8.3,1.6,0,0,0,0
538,b7a5bc86,9,587,6,6,4,3,1,0,11,13,-2,9.6,10.5,-0.8,0,0,0,0
539,b804c280,1,7,0,0,0,1,1,0,0,0,0,0.2,0.4,-0.2,0,0,0,0
540,b85bf253,18,651,7,7,2,11,11,1,10,15,-5,9.0,12.6,-3.6,0,0,0,0
541,b96b595c,30,2536,28,29,27,1,0,1,59,48,11,38.1,35.9,2.1,0,0,0,0
542,ba3d3bea,32,1707,19,19,1,13,2,1,40,29,11,26.9,21.3,5.6,0,0,0,0
543,ba492306,0,0,0,0,0,0,1,0,0,0,0,0.0,0.0,0.0,0,0,0,0
544,bb376bed,32,2526,28,30,16,2,0,1,46,45,1,34.9,34.4,0.5,0,0,0,0
545,bbafc0c4,19,691,7,5,2,14,10,1,12,12,0,9.6,11.0,-1.4,0,0,0,0
546,bcc81786,32,2646,29,31,26,1,1,1,36,56,-20,32.4,48.0,-15.6,0,0,0,0
547,bdc74a8f,0,0,0,0,0,0,12,0,0,0,0,0.0,0.0,0.0,0,0,0,0
548,be2706c0,29,1976,22,22,14,7,7,1,26,21,5,29.7,22.4,7.3,0,0,0,0
549,be6c1ccc,2,54,0,0,0,2,0,0,0,2,-2,0.2,1.4,-1.3,0,0,0,0
550,bee704fc,34,2926,32,34,29,0,2,1,46,41,5,50.0,32.9,17.1,0,0,0,0
551,bf309d24,4,170,1,2,1,2,25,2,1,1,0,2.2,1.5,0.7,0,0,0,0
552,bf356094,11,394,4,3,1,8,6,0,6,13,-7,5.7,9.3,-3.6,0,0,0,0
553,bf39bdec,10,116,1,0,0,10,4,0,2,3,-1,1.5,2.8,-1.3,0,0,0,0
554,bf57eaab,32,1866,20,19,7,13,1,0,19,44,-25,20.2,36.0,-15.8,0,0,0,0
555,c0c7ff58,32,2384,26,29,12,3,1,2,56,17,39,42.6,20.5,22.0,0,0,0,0
556,c0f732e1,0,0,0,0,0,0,2,0,0,0,0,0.0,0.0,0.0,0,0,0,0
557,c13ddd3e,2,5,0,0,0,2,7,2,0,0,0,0.9,0.0,0.9,0,0,0,0
558,c1471e11,0,0,0,0,0,0,1,0,0,0,0,0.0,0.0,0.0,0,0,0,0
559,c14dcfc2,0,0,0,0,0,0,1,0,0,0,0,0.0,0.0,0.0,0,0,0,0
560,c1d95617,34,3060,34,34,34,0,2,1,57,50,7,43.3,41.7,1.7,0,0,0,0
561,c1e8e74e,2,85,0,1,0,1,0,0,1,5,-4,1.1,3.0,-1.9,0,0,0,0
562,c20892ee,0,0,0,0,0,0,2,0,0,0,0,0.0,0.0,0.0,0,0,0,0
563,c235e803,8,537,6,6,4,2,28,2,13,7,6,12.4,4.8,7.6,0,0,0,0
564,c283ddef,2,38,0,0,0,2,0,2,1,1,0,0.4,0.1,0.3,0,0,0,0
565,c2a2ad20,0,0,0,0,0,0,2,0,0,0,0,0.0,0.0,0.0,0,0,0,0
566,c316607a,29,2300,25,27,21,2,8,1,43,43,0,35.4,44.5,-9.1,0,0,0,0
567,c375dfa5,18,488,5,3,0,15,20,1,8,8,0,8.9,9.3,-0.4,0,0,0,0
568,c459a650,26,1471,16,15,9,11,6,1,36,24,12,27.2,18.6,8.6,0,0,0,0
569,c50cee19,18,747,8,6,2,12,2,1,13,16,-3,9.1,12.0,-2.9,0,0,0,0
570,c56dc39e,20,1438,16,16,12,4,1,1,33,22,11,27.2,18.7,8.5,0,0,0,0
571,c5adc293,14,332,3,3,2,11,15,2,7,2,5,5.6,5.0,0.6,0,0,0,0
572,c6e8cf1f,35,2982,33,34,29,1,0,1,41,35,6,42.5,35.2,7.2,0,0,0,0
573,c707411f,4,313,3,3,3,1,5,3,8,2,6,6.3,2.3,4.0,0,0,0,0
574,c7259b83,21,1319,14,16,10,5,4,1,17,10,7,17.8,12.8,4.9,0,0,0,0
575,c730da00,2,46,0,0,0,2,13,2,1,0,1,0.2,0.5,-0.4,0,0,0,0
576,c83c203f,11,699,7,8,5,3,5,1,9,8,1,7.4,8.5,-1.2,0,0,0,0
577,c896d22a,0,0,0,0,0,0,1,0,0,0,0,0.0,0.0,0.0,0,0,0,0
578,c8c0dccd,24,1322,14,17,2,7,10,0,5,15,-10,13.4,19.0,-5.6,0,0,0,0
579,c8d7131c,25,2056,22,24,18,1,3,0,16,39,-23,20.7,45.4,-24.8,0,0,0,0
580,c976160c,12,808,9,9,5,3,1,0,7,17,-10,11.9,13.6,-1.7,0,0,0,0
581,c9c32262,6,495,5,6,5,0,7,1,5,9,-4,4.7,9.5,-4.8,0,0,0,0
582,ca3db240,25,1144,12,11,5,14,11,0,11,26,-15,12.1,25.8,-13.7,0,0,0,0
583,ca6edaa0,8,84,0,0,0,8,21,2,2,1,1,1.1,2.4,-1.3,0,0,0,0
584,ca73910d,0,0,0,0,0,0,2,0,0,0,0,0.0,0.0,0.0,0,0,0,0
585,ca8d584b,0,0,0,0,0,0,1,0,0,0,0,0.0,0.0,0.0,0,0,0,0
586,caaf2ed1,5,246,2,2,2,3,10,0,3,6,-3,2.0,7.9,-5.9,0,0,0,0
587,caffaf5a,26,1823,20,19,16,7,5,0,27,42,-15,21.9,33.6,-11.7,0,0,0,0
588,cb513531,0,0,0,0,0,0,2,0,0,0,0,0.0,0.0,0.0,0,0,0,0
589,cb678320,6,399,4,4,4,2,8,0,1,17,-16,2.4,13.1,-10.7,0,0,0,0
590,cc1a0c57,7,630,7,7,7,0,29,0,8,19,-11,7.4,11.8,-4.4,0,0,0,0
591,cce9f582,18,769,8,8,3,10,16,1,16,15,1,8.6,10.8,-2.2,0,0,0,0
592,cd0fa27b,34,2480,27,33,7,1,2,2,59,21,38,54.2,26.6,27.5,0,0,0,0
593,ce1806be,26,1239,13,14,4,12,4,0,17,28,-11,14.8,26.5,-11.7,0,0,0,0
594,ce1a6c7e,1,74,0,1,0,0,3,3,1,0,1,0.7,0.6,0.0,0,0,0,0
595,ce1ff12c,0,0,0,0,0,0,4,0,0,0,0,0.0,0.0,0.0,0,0,0,0
596,ce30bfc8,18,649,7,6,1,12,17,2,14,10,4,17.2,9.8,7.4,0,0,0,0
597,cf007308,37,1620,18,12,6,25,0,2,38,15,23,29.4,15.2,14.2,0,0,0,0
598,cf043a33,1,63,0,1,0,0,21,3,2,0,2,1.0,0.5,0.5,0,0,0,0
599,cf1c23d8,3,270,3,3,3,0,34,1,6,8,-2,4.1,6.0,-1.9,0,0,0,0
600,cf961d8d,36,3240,36,36,36,0,1,1,39,64,-25,39.0,59.2,-20.1,0,0,0,0
601,cfbf9881,6,108,1,1,0,5,24,1,0,3,-3,0.1,3.1,-2.9,0,0,0,0
602,d023d70f,16,896,10,11,2,5,20,1,10,9,1,10.3,7.3,3.0,0,0,0,0
603,d0d8dd44,30,2410,26,28,23,2,2,2,64,27,37,59.5,28.4,31.1,0,0,0,0
604,d0dbca9f,23,1643,18,20,8,3,15,1,21,26,-5,16.6,25.6,-8.9,0,0,0,0
605,d125f22f,32,2053,22,24,8,8,0,0,19,40,-21,19.0,43.5,-24.5,0,0,0,0
606,d183e9d6,22,983,10,13,1,9,15,0,15,24,-9,10.6,19.0,-8.4,0,0,0,0
607,d1b49282,35,2943,32,35,25,0,0,0,41,58,-17,31.0,49.1,-18.1,0,0,0,0
608,d26824b0,0,0,0,0,0,0,3,0,0,0,0,0.0,0.0,0.0,0,0,0,0
609,d2e8fd9b,5,334,3,3,3,2,14,0,1,15,-14,1.5,10.6,-9.1,0,0,0,0
610,d3298c99,33,1957,21,21,7,12,2,0,31,46,-15,24.2,34.9,-10.7,0,0,0,0
611,d37b0350,33,1518,16,14,5,19,2,0,14,30,-16,18.0,24.3,-6.3,0,0,0,0
612,d3aaad90,27,1055,11,8,1,19,4,1,16,14,2,22.5,12.5,9.9,0,0,0,0
613,d3b888e3,4,48,0,0,0,4,14,0,0,1,-1,0.3,0.2,0.1,0,0,0,0
614,d3d758d8,10,311,3,2,0,8,5,0,10,9,1,6.8,8.2,-1.4,0,0,0,0
615,d3de9af0,24,1722,19,20,9,4,2,1,35,31,4,35.2,26.2,9.0,0,0,0,0
616,d3e0c826,1,45,0,0,0,1,13,1,1,1,0,2.3,1.3,1.0,0,0,0,0
617,d44360be,35,1955,21,24,2,11,0,1,22,43,-21,23.8,36.5,-12.7,0,0,0,0
618,d4535821,33,2721,30,30,26,3,2,1,63,41,22,46.5,35.6,10.9,0,0,0,0
619,d4931a5a,14,406,4,4,0,10,3,1,8,9,-1,7.8,8.1,-0.3,0,0,0,0
620,d4a2533d,32,2286,25,26,12,6,2,1,27,26,1,30.4,28.3,2.2,0,0,0,0
621,d4c9725f,32,2711,30,30,26,2,0,2,58,22,36,51.0,26.5,24.5,0,0,0,0
622,d541e703,9,596,6,8,4,1,10,0,5,15,-10,3.9,13.8,-9.9,0,0,0,0
623,d60c26fc,4,58,0,0,0,4,12,0,4,0,4,1.9,0.5,1.4,0,0,0,0
624,d65cf468,0,0,0,0,0,0,5,0,0,0,0,0.0,0.0,0.0,0,0,0,0
625,d67bf53b,0,0,0,0,0,0,3,0,0,0,0,0.0,0.0,0.0,0,0,0,0
626,d697a2d0,5,113,1,1,0,4,13,1,4,5,-1,2.4,0.8,1.6,0,0,0,0
627,d6a889ea,8,288,3,2,1,6,18,1,4,7,-3,2.6,4.3,-1.7,0,0,0,0
628,d6e53a3a,31,2674,29,29,27,2,6,1,47,29,18,40.6,26.3,14.4,0,0,0,0
629,d6f88a1d,17,1083,12,12,6,5,0,1,21,21,0,14.8,15.8,-1.0,0,0,0,0
630,d705ba44,22,1371,15,16,4,6,1,1,14,16,-2,18.7,15.2,3.5,0,0,0,0
631,d711d04f,20,843,9,7,2,13,3,0,11,19,-8,11.0,16.9,-5.9,0,0,0,0
632,d7918b13,38,2020,22,23,9,15,0,1,31,44,-13,25.9,41.2,-15.3,0,0,0,0
633,d7a35008,1,5,0,0,0,1,34,3,0,1,-1,0.0,0.8,-0.8,0,0,0,0
634,d7d32194,27,1744,19,21,7,6,3,0,19,32,-13,20.1,29.6,-9.5,0,0,0,0
635,d80b1835,2,20,0,0,0,2,10,1,0,0,0,0.1,0.1,-0.1,0,0,0,0
636,d85c238b,31,2056,22,23,13,8,0,1,51,30,21,35.3,24.3,11.0,0,0,0,0
637,d8800a46,17,1248,13,13,12,4,17,0,17,34,-17,14.9,25.0,-10.1,0,0,0,0
638,d8c54a50,0,0,0,0,0,0,1,0,0,0,0,0.0,0.0,0.0,0,0,0,0
639,d9624b51,34,2358,26,29,11,5,2,1,41,41,0,33.6,31.6,1.9,0,0,0,0
640,d97ec0d1,1,2,0,0,0,1,0,1,0,0,0,0.0,0.1,-0.1,0,0,0,0
641,d97f2e8d,24,815,9,8,2,16,11,2,12,17,-5,9.6,13.5,-3.8,0,0,0,0
642,d995ed27,31,2266,25,28,10,3,1,1,44,31,13,40.0,25.0,14.9,0,0,0,0
643,d9cfca3d,6,160,1,2,0,4,1,0,4,6,-2,1.3,4.3,-3.0,0,0,0,0
644,d9d96d02,0,0,0,0,0,0,1,0,0,0,0,0.0,0.0,0.0,0,0,0,0
645,d9ebed1c,0,0,0,0,0,0,2,0,0,0,0,0.0,0.0,0.0,0,0,0,0
646,da5a981b,18,880,9,13,0,5,8,0,10,17,-7,8.7,15.1,-6.3,0,0,0,0
647,da77b60b,10,227,2,1,0,9,26,0,3,4,-1,3.0,3.9,-1.0,0,0,0,0
648,da974c7b,27,2405,26,27,25,0,0,2,58,19,39,39.8,22.6,17.3,0,0,0,0
649,daa4c94c,0,0,0,0,0,0,1,0,0,0,0,0.0,0.0,0.0,0,0,0,0
650,db092d3b,31,1525,16,15,4,16,0,2,29,14,15,22.0,16.0,6.0,0,0,0,0
651,dc3e663e,22,1964,21,21,21,1,8,1,24,35,-11,23.0,37.7,-14.6,0,0,0,0
652,dc3fa3b5,19,692,7,7,1,12,13,1,10,7,3,8.5,8.8,-0.3,0,0,0,0
653,dd0daf32,31,2495,27,29,18,2,1,1,42,28,14,47.0,25.6,21.5,0,0,0,0
654,dd403465,19,1028,11,11,4,8,10,0,6,20,-14,11.4,17.6,-6.2,0,0,0,0
655,dd86e8e4,10,466,5,5,2,5,5,0,5,9,-4,5.4,8.7,-3.3,0,0,0,0
656,de135234,3,51,0,0,0,3,17,0,0,1,-1,0.7,0.6,0.1,0,0,0,0
657,dea698d9,1,31,0,0,0,1,0,1,0,1,-1,0.3,0.5,-0.2,0,0,0,0
658,deb748c9,9,727,8,9,5,0,4,0,9,15,-6,9.5,19.8,-10.2,0,0,0,0
659,dece7370,0,0,0,0,0,0,1,0,0,0,0,0.0,0.0,0.0,0,0,0,0
660,df29265d,0,0,0,0,0,0,2,0,0,0,0,0.0,0.0,0.0,0,0,0,0
661,df3cda47,20,772,8,5,2,15,2,1,16,9,7,14.0,7.9,6.1,0,0,0,0
662,df85d472,7,67,0,0,0,7,16,1,2,2,0,2.7,1.3,1.3,0,0,0,0
663,df8d6029,31,2424,26,28,22,3,3,1,29,36,-7,29.0,37.9,-8.9,0,0,0,0
664,df8e6e7f,0,0,0,0,0,0,2,0,0,0,0,0.0,0.0,0.0,0,0,0,0
665,dff0c818,0,0,0,0,0,0,1,0,0,0,0,0.0,0.0,0.0,0,0,0,0
666,e0314d87,7,515,5,6,4,1,25,0,4,11,-7,4.1,8.9,-4.8,0,0,0,0
667,e07c9cbe,0,0,0,0,0,0,1,0,0,0,0,0.0,0.0,0.0,0,0,0,0
668,e0921a4f,29,2061,22,26,11,3,0,1,34,23,11,28.9,20.0,9.0,0,0,0,0
669,e14ec482,29,1785,19,21,6,8,8,1,21,24,-3,21.5,26.4,-4.9,0,0,0,0
670,e1884bef,0,0,0,0,0,0,2,0,0,0,0,0.0,0.0,0.0,0,0,0,0
671,e19e0ca1,0,0,0,0,0,0,5,0,0,0,0,0.0,0.0,0.0,0,0,0,0
672,e1b0a70d,32,2862,31,31,31,1,5,1,52,43,9,52.9,33.1,19.8,0,0,0,0
673,e1cbb531,23,1686,18,19,13,4,6,2,37,16,21,27.0,13.1,13.9,0,0,0,0
674,e288d4b3,24,1152,12,12,3,12,4,2,23,10,13,19.6,10.8,8.8,0,0,0,0
675,e2a302a8,18,585,6,4,0,14,16,0,5,12,-7,5.8,13.9,-8.1,0,0,0,0
676,e33f36d5,27,2033,22,23,17,4,6,1,37,36,1,30.0,32.4,-2.3,0,0,0,0
677,e34e086c,3,190,2,2,0,1,12,1,5,4,1,5.3,2.0,3.3,0,0,0,0
678,e358587b,15,1350,15,15,15,0,23,1,29,29,0,19.3,21.0,-1.7,0,0,0,0
679,e3756e72,31,2496,27,27,19,4,4,0,22,49,-27,27.7,45.8,-18.2,0,0,0,0
680,e3a5814e,8,487,5,7,1,1,10,1,10,8,2,8.6,3.8,4.8,0,0,0,0
681,e3cceee6,28,1917,21,22,16,6,6,1,30,22,8,33.0,27.0,6.0,0,0,0,0
682,e4ba67f2,2,4,0,0,0,2,9,3,1,0,1,0.1,0.0,0.1,0,0,0,0
683,e51336b7,0,0,0,0,0,0,13,0,0,0,0,0.0,0.0,0.0,0,0,0,0
684,e58bf189,0,0,0,0,0,0,1,0,0,0,0,0.0,0.0,0.0,0,0,0,0
685,e58cbfd5,21,1468,16,16,12,5,4,0,15,27,-12,18.1,22.3,-4.2,0,0,0,0
686,e599253a,37,2002,22,24,5,13,0,1,41,19,22,38.1,20.8,17.3,0,0,0,0
687,e5bf73f3,34,2134,23,25,5,9,1,1,26,34,-8,26.3,29.1,-2.8,0,0,0,0
688,e63e122d,2,76,0,1,0,1,1,1,1,0,1,0.5,0.9,-0.4,0,0,0,0
689,e66ebabb,0,0,0,0,0,0,29,0,0,0,0,0.0,0.0,0.0,0,0,0,0
690,e74f0e59,31,2294,25,27,18,4,1,1,30,44,-14,30.3,36.5,-6.2,0,0,0,0
691,e7e56091,0,0,0,0,0,0,1,0,0,0,0,0.0,0.0,0.0,0,0,0,0
692,e85fb9b8,21,1354,15,16,11,5,6,1,18,12,6,20.4,14.1,6.3,0,0,0,0
693,e8c930bb,34,2844,31,34,24,0,1,0,20,47,-27,28.9,41.6,-12.7,0,0,0,0
694,e921b9db,1,16,0,0,0,1,0,0,0,0,0,0.0,0.0,0.0,0,0,0,0
695,e94d79e3,14,832,9,9,6,5,0,0,8,17,-9,8.6,13.9,-5.4,0,0,0,0
696,e967e202,0,0,0,0,0,0,15,0,0,0,0,0.0,0.0,0.0,0,0,0,0
697,ea06dd97,15,440,4,2,0,13,15,1,3,9,-6,5.6,9.3,-3.7,0,0,0,0
698,ea0893d6,17,850,9,9,3,8,0,0,5,11,-6,12.9,12.2,0.7,0,0,0,0
699,eade5337,1,6,0,0,0,1,10,0,0,0,0,0.0,0.1,-0.1,0,0,0,0
700,eae85c6c,0,0,0,0,0,0,2,0,0,0,0,0.0,0.0,0.0,0,0,0,0
701,eb0ec070,33,2512,27,30,19,3,1,1,31,48,-17,29.1,43.3,-14.2,0,0,0,0
702,eb2fe5b6,27,1539,17,17,2,10,4,1,31,21,10,29.6,19.8,9.8,0,0,0,0
703,eb76987d,27,1495,16,14,11,13,11,1,19,37,-18,18.3,33.0,-14.7,0,0,0,0
704,ec1f737d,1,90,1,1,1,0,30,1,3,3,0,2.1,3.2,-1.1,0,0,0,0
705,ec5dae45,24,594,6,3,0,21,11,1,10,13,-3,10.1,11.8,-1.6,0,0,0,0
706,ec6773f5,2,25,0,0,0,2,10,1,1,0,1,0.5,0.7,-0.2,0,0,0,0
707,eccbe56a,12,671,7,9,1,3,3,0,8,10,-2,11.0,11.5,-0.6,0,0,0,0
708,ed5c0319,28,2173,24,24,17,4,0,1,37,40,-3,31.0,29.5,1.6,0,0,0,0
709,ed90babd,15,326,3,1,1,14,6,1,6,4,2,5.8,2.6,3.2,0,0,0,0
710,eda40760,3,42,0,0,0,3,20,3,1,1,0,1.3,0.4,0.9,0,0,0,0
711,ee251371,36,1865,20,22,6,14,2,2,37,21,16,34.7,20.0,14.7,0,0,0,0
712,ee3c4b3f,3,38,0,0,0,3,4,2,1,0,1,0.7,0.5,0.2,0,0,0,0
713,ee4f2f3b,33,1664,18,19,7,14,3,0,22,34,-12,15.9,28.4,-12.5,0,0,0,0
714,ee833569,10,900,10,10,10,0,26,1,7,8,-1,11.6,11.2,0.4,0,0,0,0
715,ee9040b4,4,21,0,0,0,4,14,0,0,0,0,0.1,0.9,-0.8,0,0,0,0
716,ee93c1a9,28,1475,16,16,3,12,3,1,26,13,13,22.5,17.5,5.0,0,0,0,0
717,ef2e5e1a,10,640,7,7,2,3,6,0,9,14,-5,7.9,10.0,-2.1,0,0,0,0
718,ef301f96,1,45,0,0,0,1,16,0,0,1,-1,0.5,0.2,0.4,0,0,0,0
719,ef3ff984,0,0,0,0,0,0,3,0,0,0,0,0.0,0.0,0.0,0,0,0,0
720,ef619b0b,3,99,1,1,0,2,6,1,2,3,-1,0.7,2.2,-1.5,0,0,0,0
721,ef7cd87a,8,430,4,6,1,2,10,0,4,9,-5,3.3,7.9,-4.6,0,0,0,0
722,ef94dc2f,1,36,0,0,0,1,0,0,2,1,1,1.1,0.7,0.4,0,0,0,0
723,efdeaff3,0,0,0,0,0,0,7,0,0,0,0,0.0,0.0,0.0,0,0,0,0
724,f02dde20,1,90,1,1,1,0,34,0,0,1,-1,1.1,0.8,0.3,0,0,0,0
725,f058ed1f,1,90,1,1,1,0,37,0,0,3,-3,0.6,1.8,-1.2,0,0,0,0
726,f1cfc209,24,1329,14,14,5,10,11,1,16,23,-7,15.0,20.6,-5.6,0,0,0,0
727,f1d25de7,1,3,0,0,0,1,13,0,0,0,0,0.0,0.0,0.0,0,0,0,0
728,f1d5e1f9,0,0,0,0,0,0,2,0,0,0,0,0.0,0.0,0.0,0,0,0,0
729,f1f1f238,30,2411,26,29,23,1,2,1,44,42,2,34.8,36.0,-1.2,0,0,0,0
730,f209b81e,9,183,2,0,0,9,12,0,3,5,-2,3.4,4.5,-1.1,0,0,0,0
731,f35430a4,5,219,2,2,2,3,24,0,1,7,-6,2.4,5.5,-3.1,0,0,0,0
732,f3dc2e80,0,0,0,0,0,0,3,0,0,0,0,0.0,0.0,0.0,0,0,0,0
733,f42d6c13,35,2054,22,23,5,12,3,1,33,39,-6,31.3,35.9,-4.6,0,0,0,0
734,f449640d,10,446,5,5,2,5,22,2,8,9,-1,5.7,8.4,-2.7,0,0,0,0
735,f45f9427,28,2081,23,27,10,1,2,0,22,43,-21,24.1,37.8,-13.7,0,0,0,0
736,f4797849,0,0,0,0,0,0,8,0,0,0,0,0.0,0.0,0.0,0,0,0,0
737,f49c4ae9,26,1428,15,14,2,12,1,2,30,13,17,23.5,13.8,9.8,0,0,0,0
738,f4d60499,10,695,7,6,5,4,5,1,4,9,-5,8.7,9.7,-1.0,0,0,0,0
739,f503ea63,26,1637,18,19,7,7,5,1,20,27,-7,14.8,25.0,-10.2,0,0,0,0
740,f52f5334,0,0,0,0,0,0,4,0,0,0,0,0.0,0.0,0.0,0,0,0,0
741,f554e29b,35,3150,35,35,35,0,0,0,32,63,-31,36.4,54.7,-18.3,0,0,0,0
742,f573a8bf,22,911,10,11,1,11,2,1,19,20,-1,15.5,15.0,0.5,0,0,0,0
743,f586779e,37,3084,34,36,23,1,0,1,54,38,16,59.3,33.2,26.1,0,0,0,0
744,f5f21026,5,65,0,0,0,5,30,0,1,2,-1,1.8,2.0,-0.2,0,0,0,0
745,f61c7c4e,23,1421,15,16,5,7,0,0,13,29,-16,13.1,23.2,-10.1,0,0,0,0
746,f673a77c,0,0,0,0,0,0,5,0,0,0,0,0.0,0.0,0.0,0,0,0,0
747,f6a06749,1,45,0,0,0,1,35,0,0,1,-1,0.0,1.2,-1.2,0,0,0,0
748,f7036e1c,35,2282,25,28,4,7,1,2,60,25,35,58.8,26.5,32.3,0,0,0,0
749,f7223718,24,1649,18,19,11,5,11,1,40,27,13,30.6,20.9,9.7,0,0,0,0
750,f794b426,0,0,0,0,0,0,25,0,0,0,0,0.0,0.0,0.0,0,0,0,0
751,f7c491f1,20,1692,18,19,15,1,12,1,31,32,-1,26.1,28.5,-2.4,0,0,0,0
752,f7e2af2c,30,2215,24,25,18,5,7,0,24,41,-17,27.5,36.4,-8.9,0,0,0,0
753,f7fd61b6,0,0,0,0,0,0,2,0,0,0,0,0.0,0.0,0.0,0,0,0,0
754,f8342731,16,1288,14,14,12,2,2,0,6,19,-13,15.1,17.6,-2.6,0,0,0,0
755,f8d41a8c,1,13,0,0,0,1,1,1,0,1,-1,0.0,0.1,-0.1,0,0,0,0
756,f91e81c9,11,684,7,8,2,3,0,1,7,12,-5,6.6,11.9,-5.3,0,0,0,0
757,f944979d,1,6,0,0,0,1,0,1,0,0,0,0.0,0.0,0.0,0,0,0,0
758,f95f49d2,15,636,7,5,2,10,6,0,11,13,-2,10.2,9.8,0.4,0,0,0,0
759,f9758dae,36,3035,33,35,25,1,0,1,37,58,-21,34.4,54.9,-20.6,0,0,0,0
760,f9c927de,12,443,4,4,2,8,4,1,3,2,1,4.6,7.8,-3.2,0,0,0,0
761,fa449bba,16,1001,11,11,3,5,1,1,18,18,0,15.3,18.4,-3.1,0,0,0,0
762,fabe85d7,0,0,0,0,0,0,1,0,0,0,0,0.0,0.0,0.0,0,0,0,0
763,fb77bfef,22,1210,13,14,8,8,8,1,18,20,-2,15.7,17.8,-2.2,0,0,0,0
764,fb920f3a,0,0,0,0,0,0,1,0,0,0,0,0.0,0.0,0.0,0,0,0,0
765,fc4f85b1,11,818,9,9,7,2,0,0,6,22,-16,6.9,16.0,-9.1,0,0,0,0
766,fcb38f57,32,2880,32,32,32,0,0,2,55,21,34,51.4,27.7,23.8,0,0,0,0
767,fdcdb521,6,392,4,4,4,2,20,1,4,6,-2,4.2,9.0,-4.8,0,0,0,0
768,fdf4b948,10,315,3,4,0,6,21,1,6,8,-2,2.5,6.0,-3.5,0,0,0,0
769,fe012aca,27,1434,15,15,4,12,0,1,18,21,-3,24.6,22.4,2.2,0,0,0,0
770,fe471a89,0,0,0,0,0,0,6,0,0,0,0,0.0,0.0,0.0,0,0,0,0
771,fec5accc,6,55,0,0,0,6,21,1,1,2,-1,0.4,2.1,-1.7,0,0,0,0
772,ff37d2ef,14,699,7,10,0,4,0,0,4,18,-14,6.2,12.3,-6.1,0,0,0,0
773,ff4296df,0,0,0,0,0,0,4,0,0,0,0,0.0,0.0,0.0,0,0,0,0
