id,Player,Nation,Pos,Squad,Age,Born,90s,Tkl,TklW,Def 3rd,Mid 3rd,Att 3rd,Tkl.1,Att,Tkl%,Lost,Blocks,Sh,Pass,Int,Tkl+Int,Clr,Err,Matches
22919e97,Sargis Adamyan,am ARM,"FW,MF",Köln,29-282,1993,6.2,11,6,4,2,5,5,12,41.7,7,9,0,9,2,13,3,0,Matches
501055d8,Karim Adeyemi,de GER,"FW,MF",Dortmund,21-042,2002,8.9,11,7,3,5,3,6,18,33.3,12,11,0,11,6,17,1,0,Matches
dcfb17f4,Amine Adli,fr FRA,FW,Leverkusen,22-295,2000,8.1,12,9,3,5,4,4,9,44.4,5,17,2,15,4,16,4,0,Matches
cb6d81b3,Felix Agu,de GER,"DF,FW",Werder Bremen,23-155,1999,0.5,1,0,0,1,0,0,0,,0,1,1,0,0,1,0,0,Matches
a6c58494,Naouirou Ahamada,fr FRA,MF,Stuttgart,20-337,2002,15.5,17,11,7,7,3,8,20,40.0,12,16,5,11,8,25,7,0,Matches
462475ed,Ludovic Ajorque,fr FRA,"FW,MF",Mainz 05,29-004,1994,4.2,2,2,1,1,0,0,3,0.0,3,5,1,4,0,2,2,0,Matches
6ec6fde0,Kevin Akpoguma,ng NGA,DF,Hoffenheim,27-316,1995,12.6,42,24,22,17,3,17,24,70.8,7,28,8,20,15,57,31,1,Matches
834d0be5,Lucas Alario,ar ARG,FW,Eint Frankfurt,30-144,1992,3.0,3,2,1,0,2,0,0,,0,0,0,0,0,3,10,0,Matches
00f518d8,Faride Alidou,de GER,"DF,MF",Eint Frankfurt,21-226,2001,1.4,7,4,3,4,0,3,6,50.0,3,1,0,1,1,8,0,0,Matches
8ce30c57,Éder Álvarez Balanta,co COL,MF,Schalke 04,30-001,1993,0.9,2,2,1,1,0,1,4,25.0,3,0,0,0,1,3,2,0,Matches
cd682b6b,Lukáš Ambros,cz CZE,MF,Wolfsburg,18-269,2004,0.2,1,1,1,0,0,1,4,25.0,3,1,0,1,0,1,2,1,Matches
555d5edd,Nadiem Amiri,de GER,"MF,FW",Leverkusen,26-125,1996,7.7,10,3,4,5,1,6,12,50.0,6,7,0,7,4,14,9,1,Matches
e0b113a7,Robert Andrich,de GER,MF,Leverkusen,28-160,1994,17.7,40,26,21,15,4,16,24,66.7,8,20,7,13,21,61,36,2,Matches
30941e96,Angeliño,es ESP,DF,Hoffenheim,26-056,1997,19.7,22,11,10,10,2,10,16,62.5,6,20,5,15,15,37,33,0,Matches
5e66fa06,Waldemar Anton,de GER,DF,Stuttgart,26-224,1996,21.4,35,21,17,16,2,15,27,55.6,12,30,12,18,29,64,77,2,Matches
0a3f6cde,Christopher Antwi-Adjei,gh GHA,"FW,MF",Bochum,29-022,1994,10.8,13,8,4,4,5,3,15,20.0,12,8,0,8,3,16,3,0,Matches
56413b1f,Charles Aránguiz,cl CHI,MF,Leverkusen,33-318,1989,5.5,17,7,7,10,0,12,20,60.0,8,4,0,4,7,24,4,0,Matches
86e119e0,Maximilian Arnold,de GER,MF,Wolfsburg,28-278,1994,21.2,39,19,14,19,6,16,36,44.4,20,25,9,16,18,57,46,0,Matches
13ddc856,Takuma Asano,jp JPN,"FW,MF",Bochum,28-111,1994,8.7,6,3,1,2,3,1,3,33.3,2,9,1,8,4,10,1,0,Matches
35f67a30,Fisnik Asllani,xk KVX,FW,Hoffenheim,20-205,2002,1.4,0,0,0,0,0,0,3,0.0,3,1,0,1,2,2,1,0,Matches
fe46e261,Mehmet-Can Aydin,de GER,DF,Schalke 04,21-020,2002,4.3,16,11,9,6,1,7,15,46.7,8,8,0,8,9,25,10,0,Matches
ce81d82d,Ayman Azhil,ma MAR,MF,Leverkusen,21-325,2001,0.0,0,0,0,0,0,0,0,,0,0,0,0,0,0,0,0,Matches
10549b49,Sardar Azmoun,ir IRN,"FW,MF",Leverkusen,28-059,1995,5.4,5,3,1,3,1,1,6,16.7,5,3,0,3,1,6,6,0,Matches
f582d5c1,Sanoussy Ba,de GER,DF,RB Leipzig,19-055,2004,0.0,0,0,0,0,0,0,0,,0,0,0,0,0,0,0,0,Matches
a8567629,Mitchel Bakker,nl NED,"MF,DF",Leverkusen,22-254,2000,11.8,11,7,5,6,0,3,6,50.0,3,10,2,8,9,20,13,2,Matches
442b56fa,Ridle Baku,de GER,DF,Wolfsburg,24-327,1998,20.9,34,14,21,10,3,20,41,48.8,21,35,5,30,18,52,41,0,Matches
a2a85828,Aymen Barkok,ma MAR,MF,Mainz 05,24-284,1998,3.6,12,5,9,1,2,3,6,50.0,3,2,0,2,3,15,4,0,Matches
00242b75,Leandro Barreiro Martins,lu LUX,MF,Mainz 05,23-057,2000,14.0,33,20,10,15,8,12,24,50.0,12,25,10,15,24,57,18,0,Matches
e61bdd69,Gil Bastião Dias,pt POR,FW,Stuttgart,26-154,1996,2.6,3,3,0,2,1,1,3,33.3,2,2,0,2,1,4,1,0,Matches
44a20f0c,Maximilian Bauer,de GER,DF,Augsburg,23-020,2000,11.6,16,10,12,4,0,10,18,55.6,8,11,3,8,19,35,45,0,Matches
47064058,Oliver Baumann,de GER,GK,Hoffenheim,32-272,1990,22.0,0,0,0,0,0,0,0,,0,0,0,0,0,0,10,1,Matches
bd7d2e6d,Timo Baumgartl,de GER,DF,Union Berlin,26-362,1996,4.5,9,5,5,2,2,4,13,30.8,9,8,2,6,1,10,10,0,Matches
69374ff5,Julian Baumgartlinger,at AUT,MF,Augsburg,35-058,1988,3.5,8,3,3,3,2,2,6,33.3,4,2,1,1,2,10,11,0,Matches
437f2b00,Christoph Baumgartner,at AUT,"MF,FW",Hoffenheim,23-212,1999,19.5,24,12,8,13,3,6,33,18.2,27,44,5,39,13,37,13,1,Matches
fbbc8e15,Noah Joel Sarenren Bazee,ng NGA,FW,Augsburg,26-192,1996,0.1,0,0,0,0,0,0,1,0.0,1,1,0,1,0,0,0,0,Matches
a53b661f,Ihlas Bebou,tg TOG,FW,Hoffenheim,28-312,1994,4.9,5,5,1,3,1,2,5,40.0,3,4,1,3,4,9,1,0,Matches
8eb55dbb,Sheraldo Becker,sr SUR,FW,Union Berlin,28-020,1995,17.2,8,3,0,5,3,1,5,20.0,4,6,1,5,1,9,2,0,Matches
30ae134d,Kevin Behrens,de GER,FW,Union Berlin,32-026,1991,9.5,5,4,2,1,2,2,5,40.0,3,9,2,7,4,9,18,0,Matches
857a5abe,Stefan Bell,de GER,DF,Mainz 05,31-189,1991,14.7,20,12,18,2,0,11,22,50.0,11,22,9,13,31,51,66,0,Matches
bee0bab1,Karim Bellarabi,de GER,FW,Leverkusen,32-327,1990,0.9,2,0,1,1,0,2,2,100.0,0,0,0,0,0,2,0,0,Matches
57d88cf9,Jude Bellingham,eng ENG,MF,Dortmund,19-245,2003,20.1,56,30,20,24,12,25,32,78.1,7,42,3,39,28,84,22,0,Matches
378825c7,Ramy Bensebaini,dz ALG,DF,M'Gladbach,27-319,1995,19.9,30,20,18,9,3,23,30,76.7,7,31,10,21,24,54,71,1,Matches
eb6e14be,Mergim Berisha,de GER,FW,Augsburg,24-294,1998,14.7,8,4,3,2,3,2,6,33.3,4,11,0,11,0,8,16,0,Matches
7aac47fe,Ermin Bičakčić,ba BIH,DF,Hoffenheim,33-036,1990,1.8,3,0,2,1,0,1,4,25.0,3,2,1,1,4,7,3,0,Matches
07d3bfec,Tom Bischof,de GER,"MF,FW",Hoffenheim,17-246,2005,2.9,11,7,4,3,4,5,7,71.4,2,4,0,4,0,11,0,0,Matches
dc62fbee,Leonardo Bittencourt,de GER,"MF,DF",Werder Bremen,29-072,1993,10.6,24,13,5,14,5,10,21,47.6,11,6,0,6,8,32,6,0,Matches
663e080e,Janis Blaswich,de GER,GK,RB Leipzig,31-303,1991,15.0,0,0,0,0,0,0,0,,0,0,0,0,0,0,6,0,Matches
691bef82,Daley Blind,nl NED,"DF,MF",Bayern Munich,32-357,1990,1.4,2,0,2,0,0,0,1,0.0,1,4,2,2,2,4,6,0,Matches
f4ec4fd0,Kevin-Prince Boateng,gh GHA,MF,Hertha BSC,35-360,1987,1.6,2,1,1,1,0,0,2,0.0,2,1,1,0,0,2,2,0,Matches
635f2732,Jean-Paul Boëtius,nl NED,MF,Hertha BSC,28-344,1994,9.1,23,13,15,6,2,5,16,31.3,11,18,1,17,10,33,8,0,Matches
36578017,Yvandro Borges Sanches,lu LUX,"FW,MF",M'Gladbach,18-281,2004,0.3,2,2,0,2,0,2,2,100.0,0,0,0,0,0,2,0,0,Matches
01834aa0,Sebastiaan Bornauw,be BEL,DF,Wolfsburg,23-344,1999,13.6,14,10,8,5,1,8,13,61.5,5,16,8,8,18,32,56,0,Matches
c68da769,Rafael Borré,co COL,"FW,MF",Eint Frankfurt,27-167,1995,6.1,16,11,4,8,4,1,6,16.7,5,4,1,3,2,18,4,0,Matches
a167537f,Julian Brandt,de GER,"MF,FW",Dortmund,26-303,1996,18.6,19,13,3,10,6,8,25,32.0,17,13,0,13,12,31,5,1,Matches
d28339cb,Fabian Bredlow,de GER,GK,Stuttgart,27-364,1995,3.0,0,0,0,0,0,0,0,,0,0,0,0,0,0,1,0,Matches
d4a2533d,Josip Brekalo,hr CRO,"MF,FW",Wolfsburg,24-251,1998,3.0,2,1,2,0,0,0,4,0.0,4,0,0,0,2,4,2,0,Matches
e27da244,John Brooks,us USA,DF,Hoffenheim,30-032,1993,4.0,5,4,2,3,0,4,5,80.0,1,5,1,4,6,11,18,0,Matches
bbd79358,Moritz Broschinski,de GER,FW,Bochum,22-159,2000,0.8,0,0,0,0,0,0,2,0.0,2,0,0,0,0,0,1,0,Matches
f0a37d36,Cédric Brunner,ch SUI,DF,Schalke 04,29-012,1994,16.8,27,20,18,7,2,22,29,75.9,7,17,6,11,31,58,51,0,Matches
4e204552,Jacob Bruun Larsen,dk DEN,FW,Hoffenheim,24-163,1998,3.3,3,2,0,0,3,2,2,100.0,0,2,0,2,1,4,0,0,Matches
45e95f21,Lee Buchanan,eng ENG,"DF,FW",Werder Bremen,21-359,2001,3.3,10,8,2,8,0,6,8,75.0,2,3,0,3,7,17,10,0,Matches
ab5b7dc1,Marius Bülter,de GER,"FW,MF",Schalke 04,29-337,1993,18.3,14,7,7,3,4,7,16,43.8,9,17,0,17,9,23,10,0,Matches
05e2d5ea,Delano Burgzorg,nl NED,"FW,MF",Mainz 05,24-114,1998,2.3,3,3,1,1,1,2,3,66.7,1,2,0,2,0,3,1,0,Matches
05f99a4a,Jonathan Burkardt,de GER,"MF,FW",Mainz 05,22-233,2000,5.9,3,1,0,1,2,1,3,33.3,2,6,1,5,1,4,1,0,Matches
f631c17f,Oliver Burke,sct SCO,"FW,MF",Werder Bremen,25-328,1997,3.0,1,0,0,0,1,0,0,,0,2,0,2,0,1,0,0,Matches
b4705807,Aurélio Buta,pt POR,DF,Eint Frankfurt,26-019,1997,3.6,7,5,4,3,0,5,7,71.4,2,7,1,6,4,11,5,0,Matches
10745192,Jamie Bynoe-Gittens,eng ENG,FW,Dortmund,18-205,2004,4.5,6,4,2,3,1,2,5,40.0,3,0,0,0,0,6,1,0,Matches
0118c54c,Anthony Caci,fr FRA,DF,Mainz 05,25-243,1997,13.5,36,20,21,11,4,15,23,65.2,8,12,4,8,36,72,27,0,Matches
d1db4b83,Kerim Calhanoglu,de GER,DF,Schalke 04,20-187,2002,0.7,2,1,2,0,0,2,2,100.0,0,1,0,1,0,2,3,0,Matches
d1273f09,Daniel Caligiuri,it ITA,"DF,MF",Augsburg,35-045,1988,2.9,8,5,5,3,0,4,5,80.0,1,2,2,0,3,11,2,0,Matches
a65ce836,Emre Can,de GER,MF,Dortmund,29-048,1994,10.1,34,19,11,20,3,12,21,57.1,9,7,1,6,12,46,21,0,Matches
bd6351cd,João Cancelo,pt POR,"FW,DF",Bayern Munich,28-278,1994,2.5,7,6,4,2,1,3,8,37.5,5,4,1,3,4,11,6,0,Matches
5e080f73,Irvin Cardona,fr FRA,MF,Augsburg,25-205,1997,0.6,0,0,0,0,0,0,1,0.0,1,2,0,2,2,2,3,0,Matches
db401046,Koen Casteels,be BEL,GK,Wolfsburg,30-249,1992,22.0,0,0,0,0,0,0,0,,0,0,0,0,1,1,6,0,Matches
ae7058f9,Julian Chabot,de GER,DF,Köln,25-017,1998,8.4,24,15,15,6,3,13,18,72.2,5,13,10,3,14,38,59,0,Matches
b3b7f5a6,Timothy Chandler,us USA,DF,Eint Frankfurt,32-337,1990,0.9,2,2,2,0,0,2,2,100.0,0,1,0,1,0,2,3,0,Matches
48780156,Fabio Chiarodia,it ITA,DF,Werder Bremen,17-269,2005,0.0,0,0,0,0,0,0,0,,0,0,0,0,1,1,1,0,Matches
af104654,Oliver Christensen,dk DEN,GK,Hertha BSC,23-344,1999,22.0,1,0,1,0,0,0,1,0.0,1,0,0,0,0,1,17,1,Matches
c6608135,Darko Churlinov,mk MKD,FW,Stuttgart,22-233,2000,0.3,3,2,2,1,0,2,3,66.7,1,1,0,1,0,3,0,0,Matches
6e17c802,Tolga Ciğerci,tr TUR,MF,Hertha BSC,30-343,1992,3.3,7,4,3,3,1,4,7,57.1,3,1,1,0,2,9,2,0,Matches
dd5bbe0d,David Čolina,hr CRO,"DF,MF",Augsburg,22-225,2000,0.7,2,0,1,1,0,1,1,100.0,0,4,0,4,3,5,0,0,Matches
042e8a49,Kingsley Coman,fr FRA,"FW,MF",Bayern Munich,26-261,1996,9.0,8,5,2,4,2,4,9,44.4,5,11,1,10,0,8,4,0,Matches
5ddb8f9f,Danny da Costa,de GER,DF,Mainz 05,29-231,1993,8.6,11,10,3,5,3,5,10,50.0,5,16,3,13,9,20,14,0,Matches
05ba9d7c,Tanguy Coulibaly,fr FRA,"FW,DF",Stuttgart,22-011,2001,1.1,4,2,3,1,0,1,2,50.0,1,4,0,4,2,6,0,0,Matches
eac044ad,Moanes Dabbur,il ISR,FW,Hoffenheim,30-291,1992,6.0,7,4,2,5,0,3,4,75.0,1,3,0,3,3,10,0,0,Matches
dee3013b,Finn Dahmen,de GER,GK,Mainz 05,24-339,1998,6.0,0,0,0,0,0,0,0,,0,0,0,0,0,0,0,0,Matches
db4ed67b,Mahmoud Dahoud,de GER,MF,Dortmund,27-059,1996,2.2,8,6,2,3,3,6,6,100.0,0,4,1,3,4,12,2,0,Matches
d3d77413,Muhammed Damar,de GER,MF,Hoffenheim,18-326,2004,1.6,6,3,1,2,3,1,2,50.0,1,3,0,3,0,6,0,0,Matches
41bff4fa,Márton Dárdai,de GER,DF,Hertha BSC,21-017,2002,3.9,7,4,3,4,0,1,2,50.0,1,4,1,3,6,13,19,0,Matches
3eb0f2df,Vladimír Darida,cz CZE,MF,Hertha BSC,32-205,1990,0.3,1,1,0,1,0,0,0,,0,1,0,1,0,1,0,0,Matches
d781d855,Alphonso Davies,ca CAN,DF,Bayern Munich,22-119,2000,17.5,32,21,19,9,4,12,21,57.1,9,20,4,16,17,49,14,3,Matches
fe641c1a,Thomas Delaney,dk DEN,MF,Hoffenheim,31-179,1991,2.6,5,3,3,2,0,3,7,42.9,4,5,0,5,1,6,4,0,Matches
54b4dc4e,Kerem Demirbay,de GER,MF,Leverkusen,29-241,1993,12.0,25,12,12,11,2,13,24,54.2,11,19,4,15,11,36,5,0,Matches
ed79b7d3,Ermedin Demirović,ba BIH,"MF,FW",Augsburg,24-341,1998,18.5,25,12,8,9,8,8,15,53.3,7,23,3,20,14,39,25,0,Matches
7bf9400b,Sepp van den Berg,nl NED,DF,Schalke 04,21-071,2001,3.6,2,1,1,1,0,0,0,,0,4,2,2,8,10,19,1,Matches
aeed5c06,Moussa Diaby,fr FRA,FW,Leverkusen,23-237,1999,19.1,11,6,3,7,1,6,13,46.2,7,6,0,6,4,15,2,0,Matches
fc62f087,Abdou Diallo,sn SEN,"DF,MF",RB Leipzig,26-301,1996,4.8,6,5,5,1,0,1,3,33.3,2,4,3,1,7,13,18,0,Matches
d82a310a,Justin Diehl,de GER,"MF,FW",Köln,18-094,2004,0.2,0,0,0,0,0,0,0,,0,0,0,0,0,0,0,0,Matches
8779ddf8,Florian Dietz,de GER,FW,Köln,24-210,1998,4.4,2,1,0,2,0,1,4,25.0,3,4,1,3,0,2,2,0,Matches
95bb6ddc,Junior Dina Ebimbe,fr FRA,"DF,MF",Eint Frankfurt,22-100,2000,8.7,24,16,12,12,0,13,23,56.5,10,12,4,8,7,31,12,0,Matches
4ccd8957,Eren Dinkçi,de GER,"FW,MF",Werder Bremen,21-078,2001,1.6,3,3,2,0,1,1,2,50.0,1,2,0,2,0,3,1,0,Matches
d01bbb6f,Ritsu Doan,jp JPN,"FW,MF",Freiburg,24-258,1998,17.6,43,19,12,21,10,17,35,48.6,18,30,1,29,10,53,7,0,Matches
f67c9d29,Danilho Doekhi,nl NED,DF,Union Berlin,24-244,1998,12.9,20,14,12,8,0,9,12,75.0,3,16,5,11,17,37,52,0,Matches
cc83b74d,Kasper Dolberg,dk DEN,"FW,MF",Hoffenheim,25-146,1997,3.2,4,3,0,2,2,3,4,75.0,1,4,2,2,0,4,2,0,Matches
7f73bdf4,Niklas Dorsch,de GER,MF,Augsburg,25-045,1998,1.6,11,5,4,7,0,4,7,57.1,3,4,1,3,1,12,2,0,Matches
9a2e3a23,Dion Drena Beljo,hr CRO,FW,Augsburg,21-000,2002,3.8,3,2,0,1,2,0,4,0.0,4,5,0,5,0,3,2,0,Matches
809940aa,Dominick Drexler,de GER,"MF,FW",Schalke 04,32-279,1990,11.3,18,13,9,7,2,6,14,42.9,8,13,1,12,4,22,9,0,Matches
638a4d71,Marvin Ducksch,de GER,FW,Werder Bremen,28-359,1994,20.4,6,3,1,4,1,2,11,18.2,9,6,0,6,6,12,28,1,Matches
79ca3e23,Ondrej Duda,sk SVK,MF,Köln,28-086,1994,7.7,9,8,2,5,2,4,11,36.4,7,7,1,6,2,11,3,0,Matches
beb882a8,Maximilian Eggestein,de GER,MF,Freiburg,26-083,1996,17.5,32,15,11,15,6,11,20,55.0,9,23,6,17,20,52,13,0,Matches
2f7fec15,Lilian Egloff,de GER,"MF,FW",Stuttgart,20-193,2002,2.7,12,10,4,5,3,4,6,66.7,2,2,0,2,1,13,1,0,Matches
76b2817e,Kingsley Ehizibue,nl NED,DF,Köln,27-280,1995,0.7,0,0,0,0,0,0,0,,0,1,0,1,2,2,1,0,Matches
e7f3e8a7,Chidera Ejuke,ng NGA,"FW,MF",Hertha BSC,25-058,1998,8.8,4,3,1,3,0,1,3,33.3,2,3,0,3,2,6,0,0,Matches
48035304,Nico Elvedi,ch SUI,DF,M'Gladbach,26-152,1996,19.5,34,18,23,9,2,21,25,84.0,4,18,9,9,21,55,82,2,Matches
c149016b,Wataru Endo,jp JPN,MF,Stuttgart,30-020,1993,20.5,47,26,20,23,4,23,49,46.9,26,25,6,19,17,64,44,0,Matches
554bcc91,Arne Engels,be BEL,MF,Augsburg,19-174,2003,6.7,12,6,7,4,1,5,8,62.5,3,6,3,3,6,18,3,0,Matches
1e43fad8,Ralf Fährmann,de GER,GK,Schalke 04,34-155,1988,5.0,0,0,0,0,0,0,0,,0,0,0,0,0,0,1,1,Matches
677da306,Ohis Felix Uduokhai,de GER,DF,Augsburg,25-173,1997,10.8,24,16,12,10,2,13,19,68.4,6,17,8,9,18,42,46,1,Matches
3bb625ac,Edimilson Fernandes,ch SUI,DF,Mainz 05,26-320,1996,15.9,19,16,15,2,2,12,21,57.1,9,24,8,16,35,54,43,1,Matches
79f7302a,Kilian Fischer,de GER,DF,Wolfsburg,22-140,2000,2.3,1,0,0,1,0,0,2,0.0,2,3,0,3,5,6,7,0,Matches
a92ab7be,Mark Flekken,nl NED,GK,Freiburg,29-261,1993,22.0,0,0,0,0,0,0,1,0.0,1,0,0,0,0,0,5,3,Matches
9642c929,Florian Flick,de GER,MF,Schalke 04,22-304,2000,5.7,12,3,7,5,0,4,14,28.6,10,9,3,6,4,16,18,0,Matches
9a2e0ccc,Emil Forsberg,se SWE,"MF,FW",RB Leipzig,31-129,1991,10.0,11,8,1,5,5,4,13,30.8,9,17,0,17,1,12,4,0,Matches
76fa965f,Philipp Förster,de GER,MF,Bochum,28-025,1995,10.1,21,14,8,9,4,6,22,27.3,16,17,0,17,3,24,4,0,Matches
a9142dc3,Timothy Fosu-Mensah,nl NED,DF,Leverkusen,25-058,1998,1.3,4,3,2,2,0,1,1,100.0,0,1,0,1,0,4,1,0,Matches
626fab5f,Raphael Framberger,de GER,"DF,FW",Augsburg,27-176,1995,2.0,10,6,6,4,0,3,5,60.0,2,2,1,1,2,12,5,0,Matches
697dc00a,Bartol Franjić,hr CRO,MF,Wolfsburg,23-046,2000,2.5,4,2,2,2,0,0,2,0.0,2,4,1,3,5,9,4,0,Matches
33182cb8,Michael Frey,ch SUI,FW,Schalke 04,28-225,1994,4.2,4,1,1,1,2,0,3,0.0,3,3,0,3,0,4,1,0,Matches
f86ad3f5,Marco Friedl,at AUT,DF,Werder Bremen,24-350,1998,18.8,36,24,24,12,0,21,37,56.8,16,26,11,15,42,78,81,1,Matches
b77f44a4,Marvin Friedrich,de GER,DF,M'Gladbach,27-078,1995,10.7,13,9,10,2,1,8,10,80.0,2,9,4,5,11,24,39,0,Matches
74f2e748,Jeremie Frimpong,nl NED,"DF,MF",Leverkusen,22-081,2000,19.4,39,19,18,18,3,17,29,58.6,12,17,1,16,11,50,31,0,Matches
0cf778df,Chris Führich,de GER,"FW,MF",Stuttgart,25-051,1998,14.9,33,12,14,13,6,23,37,62.2,14,24,2,22,6,39,9,0,Matches
4b96c347,Angelo Fulgini,fr FRA,MF,Mainz 05,26-193,1996,5.8,6,5,2,3,1,5,11,45.5,6,5,0,5,5,11,7,0,Matches
4f16405e,Niclas Füllkrug,de GER,FW,Werder Bremen,30-020,1993,20.5,8,4,0,6,2,2,8,25.0,6,10,4,6,0,8,22,0,Matches
f27680d9,Cristian Gamboa,cr CRC,DF,Bochum,33-128,1989,14.1,37,20,26,10,1,17,25,68.0,8,17,6,11,14,51,31,1,Matches
6c731625,Silvère Ganvoula M'Boussy,cg CGO,FW,Bochum,26-252,1996,2.5,2,2,0,1,1,0,0,,0,0,0,0,0,2,3,0,Matches
37f606f0,Dennis Geiger,de GER,MF,Hoffenheim,24-264,1998,13.1,23,12,8,14,1,10,19,52.6,9,16,2,14,12,35,6,1,Matches
62ab9184,Yannick Gerhardt,de GER,MF,Wolfsburg,28-353,1994,12.8,20,11,6,9,5,8,17,47.1,9,14,2,12,5,25,16,0,Matches
7242b495,Niko Gießelmann,de GER,DF,Union Berlin,31-156,1991,11.7,16,8,6,8,2,10,22,45.5,12,16,5,11,6,22,19,0,Matches
17376543,Rafał Gikiewicz,pl POL,GK,Augsburg,35-126,1987,18.0,2,2,2,0,0,2,3,66.7,1,0,0,0,0,2,11,2,Matches
f521b80a,Matthias Ginter,de GER,DF,Freiburg,29-041,1994,22.0,28,14,17,9,2,17,28,60.7,11,29,17,12,28,56,92,2,Matches
88e357ef,Serge Gnabry,de GER,"FW,MF",Bayern Munich,27-230,1995,13.1,16,9,5,6,5,7,17,41.2,10,17,1,16,8,24,3,1,Matches
83b9c48f,Jacek Góralski,pl POL,MF,Bochum,30-161,1992,1.6,6,3,3,3,0,4,6,66.7,2,4,0,4,3,9,5,0,Matches
cc86b9a3,Leon Goretzka,de GER,MF,Bayern Munich,28-023,1995,13.0,28,18,14,10,4,17,28,60.7,11,29,3,26,19,47,23,0,Matches
9efa1d25,Mario Götze,de GER,MF,Eint Frankfurt,30-271,1992,19.8,26,14,9,11,6,8,31,25.8,23,18,0,18,12,38,7,0,Matches
1025db8e,Jeffrey Gouweleeuw,nl NED,DF,Augsburg,31-234,1991,20.3,34,20,14,14,6,18,32,56.3,14,30,19,11,32,66,90,2,Matches
b8e740fb,Ryan Gravenberch,nl NED,MF,Bayern Munich,20-289,2002,3.3,8,4,1,6,1,5,8,62.5,3,3,1,2,3,11,4,0,Matches
8e235926,Michael Gregoritsch,at AUT,FW,Freiburg,28-317,1994,17.9,16,9,6,6,4,2,13,15.4,11,17,3,14,4,20,10,0,Matches
f9dfb7ae,Leo Greiml,at AUT,DF,Schalke 04,21-241,2001,2.5,3,1,1,1,1,3,5,60.0,2,4,3,1,1,4,11,0,Matches
54e4866f,Vincenzo Grifo,it ITA,"FW,MF",Freiburg,29-328,1993,16.2,10,5,3,4,3,5,17,29.4,12,3,0,3,10,20,11,0,Matches
37998008,Lennart Grill,de GER,GK,Union Berlin,24-035,1999,4.0,0,0,0,0,0,0,1,0.0,1,0,0,0,0,0,0,1,Matches
14a7af33,Christian Groß,de GER,MF,Werder Bremen,34-021,1989,14.3,41,19,12,27,2,21,45,46.7,24,17,5,12,17,58,27,0,Matches
ae9b998d,Brajan Gruda,de GER,MF,Mainz 05,18-274,2004,0.0,0,0,0,0,0,0,0,,0,0,0,0,0,0,0,0,Matches
1fc4f3d1,Ilia Gruev,bg BUL,MF,Werder Bremen,22-299,2000,11.8,27,16,11,14,2,11,19,57.9,8,16,5,11,17,44,13,1,Matches
f2dd9a21,Carlos Gruezo,ec ECU,MF,Augsburg,27-316,1995,10.7,21,12,12,9,0,9,16,56.3,7,13,4,9,10,31,15,0,Matches
048a1cbc,Raphaël Guerreiro,pt POR,DF,Dortmund,29-069,1993,16.4,22,9,10,8,4,14,24,58.3,10,13,1,12,25,47,11,0,Matches
e6c43eec,Josuha Guilavogui,fr FRA,"MF,DF",Wolfsburg,32-163,1990,5.8,8,5,0,7,1,2,11,18.2,9,12,7,5,8,16,23,0,Matches
923f4dda,Sehrou Guirassy,gn GUI,FW,Stuttgart,26-354,1996,10.8,2,1,1,1,0,1,1,100.0,0,5,1,4,0,2,10,0,Matches
bcb2ccd8,Péter Gulácsi,hu HUN,GK,RB Leipzig,32-299,1990,6.0,0,0,0,0,0,0,0,,0,0,0,0,0,0,2,0,Matches
25ab9c9c,Manuel Gulde,de GER,"DF,FW",Freiburg,32-017,1991,1.6,1,0,1,0,0,0,0,,0,0,0,0,3,4,6,0,Matches
1df0c0b9,Robert Gumny,pl POL,DF,Augsburg,24-270,1998,16.2,24,16,8,12,4,6,16,37.5,10,12,4,8,18,42,43,1,Matches
8593f88c,Christian Günter,de GER,"DF,MF",Freiburg,30-001,1993,20.6,23,15,13,8,2,10,31,32.3,21,13,4,9,11,34,23,0,Matches
5ad50391,Joško Gvardiol,hr CRO,DF,RB Leipzig,21-037,2002,15.5,13,9,8,5,0,6,14,42.9,8,21,8,13,23,36,53,1,Matches
70dcf94d,Janik Haberer,de GER,MF,Union Berlin,28-333,1994,15.0,19,11,5,11,3,12,31,38.7,19,23,0,23,8,27,16,0,Matches
a5ec3ede,Alexander Hack,de GER,DF,Mainz 05,29-174,1993,12.5,30,17,21,9,0,19,30,63.3,11,16,5,11,24,54,45,1,Matches
cd82452e,André Hahn,de GER,"FW,MF",Augsburg,32-200,1990,4.3,9,5,4,4,1,8,12,66.7,4,9,2,7,4,13,14,0,Matches
92432bc6,Amadou Haidara,ml MLI,MF,RB Leipzig,25-029,1998,8.1,12,6,6,6,0,5,15,33.3,10,15,4,11,11,23,11,0,Matches
ba115a40,Sébastien Haller,ci CIV,FW,Dortmund,28-252,1994,3.8,0,0,0,0,0,0,1,0.0,1,3,0,3,0,0,5,0,Matches
8ff2354e,Marcel Halstenberg,de GER,DF,RB Leipzig,31-155,1991,11.9,29,15,16,10,3,15,26,57.7,11,19,1,18,14,43,17,0,Matches
2e77d607,Andreas Hanche-Olsen,no NOR,DF,Mainz 05,26-043,1997,5.6,9,5,8,0,1,6,11,54.5,5,5,3,2,12,21,19,1,Matches
f24ea523,Genki Haraguchi,jp JPN,MF,Stuttgart,31-296,1991,3.7,5,3,1,3,1,1,4,25.0,3,5,0,5,2,7,4,0,Matches
f24ea523,Genki Haraguchi,jp JPN,MF,Union Berlin,31-296,1991,5.5,12,8,1,10,1,3,8,37.5,5,7,1,6,3,15,9,0,Matches
9ab16552,Makoto Hasebe,jp JPN,DF,Eint Frankfurt,39-042,1984,6.1,10,6,9,1,0,4,10,40.0,6,11,5,6,5,15,22,0,Matches
50871bcc,Thorgan Hazard,be BEL,"FW,DF",Dortmund,29-337,1993,5.2,17,6,5,11,1,12,17,70.6,5,6,0,6,5,22,5,0,Matches
c2009df3,Jonas Hector,de GER,DF,Köln,32-278,1990,19.4,62,35,36,20,6,37,60,61.7,23,37,4,33,22,84,44,0,Matches
699fb8db,Dominique Heintz,de GER,DF,Bochum,29-198,1993,3.8,5,3,3,2,0,2,5,40.0,3,7,5,2,4,9,16,0,Matches
0a89e877,Benjamin Henrichs,de GER,"DF,MF",RB Leipzig,26-006,1997,15.7,51,32,28,23,0,31,45,68.9,14,36,2,34,23,74,29,0,Matches
c3ee18ef,Lucas Hernández,fr FRA,DF,Bayern Munich,27-015,1996,5.3,6,4,3,3,0,5,6,83.3,1,2,1,1,5,11,7,0,Matches
dfb6490a,Patrick Herrmann,de GER,"FW,MF",M'Gladbach,32-017,1991,1.6,6,2,4,1,1,2,4,50.0,2,2,0,2,2,8,0,0,Matches
0c7a48f8,Piero Hincapié,ec ECU,DF,Leverkusen,21-051,2002,16.7,30,21,17,12,1,14,18,77.8,4,28,15,13,20,50,49,1,Matches
5521f419,Adam Hložek,cz CZE,"FW,MF",Leverkusen,20-219,2002,10.3,8,3,4,3,1,2,5,40.0,3,8,2,6,5,13,7,0,Matches
5d8e331f,Nicolas Höfler,de GER,MF,Freiburg,32-357,1990,20.4,43,21,14,28,1,21,43,48.8,22,30,9,21,33,76,27,0,Matches
2903a856,Jonas Hofmann,de GER,"FW,MF",M'Gladbach,30-230,1992,18.6,19,10,11,7,1,8,28,28.6,20,19,2,17,11,30,10,0,Matches
877bc844,Philipp Hofmann,de GER,FW,Bochum,29-336,1993,18.1,7,5,0,4,3,4,7,57.1,3,13,5,8,6,13,19,0,Matches
ca618d23,Lucas Höler,de GER,"FW,MF",Freiburg,28-234,1994,6.1,8,5,2,3,3,3,8,37.5,5,6,0,6,5,13,11,0,Matches
2979c05a,Gerrit Holtmann,ph PHI,FW,Bochum,27-341,1995,9.2,12,6,6,5,1,10,15,66.7,5,14,1,13,2,14,2,0,Matches
2b83fa49,Jannes Horn,de GER,"DF,FW",Bochum,26-023,1997,0.7,2,1,1,1,0,1,1,100.0,0,1,0,1,3,5,2,0,Matches
ad3389d5,Lukáš Hrádecký,fi FIN,GK,Leverkusen,33-097,1989,21.0,0,0,0,0,0,0,0,,0,0,0,0,0,0,2,1,Matches
94302c52,Timo Hübers,de GER,DF,Köln,26-224,1996,16.4,31,19,25,6,0,17,33,51.5,16,16,6,10,31,62,88,0,Matches
15f3ec41,Callum Hudson-Odoi,eng ENG,"FW,MF",Leverkusen,22-114,2000,6.6,5,3,4,0,1,1,1,100.0,0,0,0,0,2,7,4,0,Matches
05d548d8,Mats Hummels,de GER,DF,Dortmund,34-075,1988,13.9,32,15,15,16,1,15,28,53.6,13,21,12,9,21,53,55,0,Matches
b116c6e3,Denis Huseinbasic,de GER,"MF,FW",Köln,21-241,2001,7.0,18,8,7,7,4,8,18,44.4,10,16,2,14,3,21,4,0,Matches
054849d2,Iago,br BRA,"DF,MF",Augsburg,25-343,1997,12.9,22,9,16,3,3,7,16,43.8,9,11,3,8,11,33,39,0,Matches
f5c4fd91,Arijon Ibrahimović,de GER,MF,Bayern Munich,17-080,2005,0.2,1,1,1,0,0,0,0,,0,0,0,0,0,1,0,0,Matches
271b8617,Marcus Ingvartsen,dk DEN,"FW,MF",Mainz 05,27-056,1996,8.3,3,1,0,1,2,1,7,14.3,6,6,1,5,1,4,7,0,Matches
97d545ae,Ko Itakura,jp JPN,DF,M'Gladbach,26-033,1997,11.6,11,6,5,4,2,5,13,38.5,8,24,17,7,15,26,41,0,Matches
204dded0,Hiroki Ito,jp JPN,DF,Stuttgart,23-293,1999,18.5,21,17,13,6,2,13,25,52.0,12,27,12,15,27,48,65,0,Matches
8bf58a80,Andreas Ivan,ro ROU,MF,Schalke 04,28-050,1995,0.5,0,0,0,0,0,0,1,0.0,1,0,0,0,0,0,1,0,Matches
34b0387f,Lee Jae-sung,kr KOR,MF,Mainz 05,30-203,1992,13.9,25,11,4,16,5,9,23,39.1,14,21,4,17,10,35,9,0,Matches
a93b6f4e,Paul Jaeckel,de GER,DF,Union Berlin,24-222,1998,9.9,18,13,7,11,0,13,24,54.2,11,8,3,5,13,31,33,1,Matches
a8ee54ad,Kristijan Jakić,hr CRO,"DF,MF",Eint Frankfurt,25-291,1997,13.6,30,19,19,10,1,20,32,62.5,12,30,9,21,9,39,45,1,Matches
fa4cabd1,Jan Jakob Olschowsky,de GER,GK,M'Gladbach,21-103,2001,2.0,0,0,0,0,0,0,1,0.0,1,0,0,0,0,0,1,0,Matches
689c9cf4,Saidy Janko,gm GAM,DF,Bochum,27-130,1995,7.9,14,9,9,3,2,8,14,57.1,6,15,4,11,9,23,16,1,Matches
34b54da7,Tony Jantschke,de GER,"DF,MF",M'Gladbach,32-328,1990,1.0,2,1,1,1,0,1,1,100.0,0,4,2,2,0,2,5,0,Matches
3eeb80e0,Fredrik Jensen,fi FIN,"FW,MF",Augsburg,25-173,1997,8.8,12,9,7,3,2,4,8,50.0,4,11,5,6,3,15,12,0,Matches
ee644761,Moritz Jenz,de GER,DF,Schalke 04,23-305,1999,5.0,8,7,3,4,1,3,5,60.0,2,12,7,5,5,13,17,1,Matches
f36c432f,Stevan Jovetić,me MNE,"FW,MF",Hertha BSC,33-119,1989,4.6,1,1,0,1,0,0,1,0.0,1,1,1,0,0,1,4,0,Matches
de838f86,Anthony Jung,de GER,"DF,FW",Werder Bremen,31-118,1991,18.9,33,20,13,13,7,23,33,69.7,10,17,3,14,15,48,37,0,Matches
0a084b35,Josip Juranović,hr CRO,DF,Union Berlin,27-197,1995,2.0,3,2,1,1,1,3,3,100.0,0,2,0,2,1,4,6,0,Matches
2d61d13a,Ozan Kabak,tr TUR,DF,Hoffenheim,22-341,2000,18.6,33,21,19,13,1,9,16,56.3,7,23,13,10,38,71,57,0,Matches
79c90e45,Pavel Kadeřábek,cz CZE,DF,Hoffenheim,30-310,1992,10.7,18,13,8,7,3,9,12,75.0,3,7,1,6,7,25,21,1,Matches
94c18565,Florian Kainz,at AUT,"FW,MF",Köln,30-128,1992,16.1,14,7,4,8,2,5,12,41.7,7,19,4,15,21,35,21,0,Matches
15f24fe7,Sasa Kalajdzic,at AUT,FW,Stuttgart,25-237,1997,2.6,3,2,0,1,2,1,3,33.3,2,1,0,1,0,3,0,0,Matches
091c86e2,Felix Kalu Nmecha,de GER,MF,Wolfsburg,22-142,2000,10.5,19,12,4,11,4,7,14,50.0,7,11,5,6,10,29,18,0,Matches
15b287da,Daichi Kamada,jp JPN,"MF,FW",Eint Frankfurt,26-208,1996,16.2,32,20,5,25,2,20,36,55.6,16,22,2,20,12,44,9,1,Matches
202b3b68,Jakub Kamiński,pl POL,"FW,MF",Wolfsburg,20-269,2002,12.9,21,14,7,9,5,8,19,42.1,11,15,0,15,4,25,4,0,Matches
463503e2,Marcin Kamiński,pl POL,DF,Schalke 04,31-045,1992,1.0,0,0,0,0,0,0,0,,0,2,2,0,3,3,5,0,Matches
b825a650,Kevin Kampl,si SVN,MF,RB Leipzig,32-143,1990,8.9,16,10,4,11,1,4,13,30.8,9,14,5,9,12,28,4,0,Matches
b4c816a9,Wilfried Kanga,ci CIV,FW,Hertha BSC,25-008,1998,13.0,5,4,2,1,2,2,3,66.7,1,11,3,8,0,5,11,0,Matches
8f0f2230,Kenan Karaman,tr TUR,FW,Schalke 04,28-361,1994,4.5,6,4,1,3,2,0,3,0.0,3,5,0,5,1,7,4,0,Matches
5762be5c,Atakan Karazor,de GER,MF,Stuttgart,26-139,1996,12.3,39,21,13,20,6,19,27,70.4,8,21,6,15,18,57,26,0,Matches
778ccc44,Thomas Kastanaras,gr GRE,"FW,DF",Stuttgart,20-051,2003,0.8,0,0,0,0,0,0,0,,0,1,0,1,0,0,0,0,Matches
de4cac2d,Silas Katompa,cd COD,"FW,DF",Stuttgart,24-146,1998,15.2,19,14,4,11,4,6,15,40.0,9,9,2,7,4,23,1,0,Matches
d2c580ce,Yannik Keitel,de GER,MF,Freiburg,23-014,2000,4.9,8,5,2,5,1,2,2,100.0,0,3,0,3,9,17,2,0,Matches
815c314f,Marc-Oliver Kempf,de GER,DF,Hertha BSC,28-032,1995,21.3,36,20,22,13,1,16,20,80.0,4,35,27,8,38,74,93,0,Matches
099e666f,Jonjoe Kenny,eng ENG,DF,Hertha BSC,25-351,1997,17.7,35,25,18,15,2,17,31,54.8,14,22,6,16,34,69,48,0,Matches
59e4b92e,Rani Khedira,de GER,MF,Union Berlin,29-033,1994,20.3,44,22,14,24,6,18,32,56.3,14,23,7,16,26,70,21,0,Matches
610aa1e9,Luca Kilian,de GER,DF,Köln,23-181,1999,12.2,22,16,14,7,1,12,21,57.1,9,16,8,8,10,32,48,0,Matches
49296448,Joshua Kimmich,de GER,MF,Bayern Munich,28-021,1995,19.6,50,28,10,33,7,24,43,55.8,19,19,1,18,26,76,23,0,Matches
ca8033cb,Lukas Klostermann,de GER,DF,RB Leipzig,26-271,1996,4.2,10,6,3,7,0,5,7,71.4,2,0,0,0,4,14,10,0,Matches
19a967ab,Ansgar Knauff,de GER,DF,Eint Frankfurt,21-050,2002,11.4,26,18,15,9,2,12,27,44.4,15,17,1,16,11,37,22,0,Matches
6bd5cd5d,Robin Knoche,de GER,DF,Union Berlin,30-283,1992,21.0,34,23,21,9,4,18,31,58.1,13,25,12,13,21,55,96,0,Matches
cd59b9df,Gregor Kobel,ch SUI,GK,Dortmund,25-085,1997,18.0,0,0,0,0,0,0,0,,0,0,0,0,0,0,5,1,Matches
0fbecd11,Dominik Kohr,de GER,MF,Mainz 05,29-029,1994,17.0,41,24,12,24,5,18,41,43.9,23,28,6,22,23,64,18,0,Matches
c0b3669f,Randal Kolo Muani,fr FRA,FW,Eint Frankfurt,24-086,1998,18.8,11,9,2,2,7,1,5,20.0,4,9,1,8,2,13,7,0,Matches
ab096c6f,Timothée Kolodziejczak,fr FRA,DF,Schalke 04,31-151,1991,0.3,0,0,0,0,0,0,1,0.0,1,0,0,0,1,1,1,0,Matches
86574238,Kouadio Koné,fr FRA,MF,M'Gladbach,21-288,2001,20.3,57,28,29,24,4,18,30,60.0,12,30,6,24,22,79,14,0,Matches
1f3afdcb,Odilon Kossonou,ci CIV,DF,Leverkusen,22-056,2001,8.9,10,8,6,3,1,4,4,100.0,0,14,4,10,7,17,31,1,Matches
b1cd37e6,Filip Kostić,rs SRB,"DF,MF",Eint Frankfurt,30-120,1992,0.8,2,0,1,1,0,0,0,,0,0,0,0,1,3,0,0,Matches
dc366c36,Tomáš Koubek,cz CZE,GK,Augsburg,30-187,1992,4.0,0,0,0,0,0,0,0,,0,0,0,0,0,0,2,0,Matches
f1e855eb,Soichiro Kozuki,jp JPN,"FW,MF",Schalke 04,22-069,2000,4.2,6,4,3,3,0,4,6,66.7,2,6,0,6,3,9,3,0,Matches
e717705a,Alex Král,cz CZE,MF,Schalke 04,24-286,1998,14.2,23,14,7,15,1,10,18,55.6,8,25,3,22,12,35,35,0,Matches
603cb947,Andrej Kramarić,hr CRO,"MF,FW",Hoffenheim,31-255,1991,16.5,5,2,2,1,2,1,6,16.7,5,9,1,8,3,8,9,0,Matches
496aeede,Christoph Kramer,de GER,MF,M'Gladbach,32-010,1991,18.7,30,21,16,12,2,19,42,45.2,23,25,1,24,14,44,32,0,Matches
9f77012e,Tom Krauß,de GER,MF,Schalke 04,21-252,2001,19.9,91,53,34,49,8,36,74,48.6,38,30,4,26,26,117,20,0,Matches
f9446dcd,Max Kruse,de GER,"MF,FW",Wolfsburg,34-347,1988,3.0,1,1,0,1,0,0,1,0.0,1,2,1,1,0,1,1,0,Matches
2a29eb9b,Lukas Kübler,de GER,DF,Freiburg,30-183,1992,10.6,25,16,16,5,4,13,18,72.2,5,14,7,7,18,43,25,0,Matches
9ceb7642,Pierre Kunde,cm CMR,MF,Bochum,27-218,1995,3.1,8,3,2,6,0,4,9,44.4,5,4,0,4,5,13,4,0,Matches
f1bc3876,Alou Kuol,au AUS,FW,Stuttgart,22-155,2000,0.1,0,0,0,0,0,0,0,,0,0,0,0,0,0,0,0,Matches
2770726a,Daniel Kyereh,gh GHA,"MF,FW",Freiburg,26-358,1996,6.2,6,4,2,4,0,3,6,50.0,3,4,0,4,2,8,6,0,Matches
277c49ed,Maxence Lacroix,fr FRA,DF,Wolfsburg,22-329,2000,12.6,13,7,10,3,0,6,13,46.2,7,16,6,10,21,34,69,0,Matches
22798128,Aïssa Laïdouni,tn TUN,MF,Union Berlin,26-078,1996,2.9,7,4,2,4,1,3,8,37.5,5,8,1,7,3,10,0,0,Matches
c1b7847c,Konrad Laimer,at AUT,MF,RB Leipzig,25-278,1997,8.7,30,16,12,13,5,17,29,58.6,12,14,1,13,8,38,6,0,Matches
4aea5077,Stefan Lainer,at AUT,DF,M'Gladbach,30-186,1992,3.8,6,3,2,3,1,3,7,42.9,4,1,0,1,6,12,16,1,Matches
591477c9,Vassilis Lambropoulos,gr GRE,DF,Bochum,32-335,1990,6.8,8,7,5,3,0,4,5,80.0,1,4,3,1,10,18,35,0,Matches
72984eee,Jordan Larsson,se SWE,"FW,MF",Schalke 04,25-254,1997,5.1,8,5,1,7,0,2,8,25.0,6,9,0,9,4,12,3,0,Matches
33b554b7,Danny Latza,de GER,MF,Schalke 04,33-084,1989,5.1,10,8,5,4,1,4,7,57.1,3,11,0,11,1,11,7,0,Matches
c4987edc,Diogo Leite,pt POR,DF,Union Berlin,24-037,1999,17.2,23,13,13,10,0,14,23,60.9,9,17,10,7,19,42,64,0,Matches
7e12a98d,Maxim Leitsch,de GER,DF,Mainz 05,24-287,1998,7.4,9,7,6,3,0,4,5,80.0,1,7,4,3,18,27,26,1,Matches
792ffa71,Tim Lemperle,de GER,FW,Köln,21-024,2002,1.1,6,4,3,1,2,3,5,60.0,2,2,0,2,1,7,4,0,Matches
bbd86530,Christopher Lenz,de GER,DF,Eint Frankfurt,28-160,1994,7.4,18,14,8,6,4,10,20,50.0,10,10,0,10,9,27,19,0,Matches
13fe7b69,Jamie Leweling,de GER,FW,Union Berlin,22-003,2001,1.7,3,3,2,1,0,2,3,66.7,1,1,0,1,1,4,0,0,Matches
302527b2,Philipp Lienhart,at AUT,DF,Freiburg,26-233,1996,21.3,24,14,17,7,0,9,17,52.9,8,22,11,11,26,50,76,0,Matches
d6e53a3a,Matthijs de Ligt,nl NED,DF,Bayern Munich,23-201,1999,14.8,15,10,8,6,1,6,9,66.7,3,18,13,5,13,28,55,0,Matches
37dc1a48,Jesper Lindstrøm,dk DEN,"MF,FW",Eint Frankfurt,23-000,2000,16.1,21,10,12,5,4,5,17,29.4,12,20,2,18,7,28,9,0,Matches
c455a2b2,Dejan Ljubicic,at AUT,MF,Köln,25-144,1997,10.0,15,9,4,8,3,9,22,40.9,13,9,0,9,6,21,1,0,Matches
07c7eb0c,Anthony Losilla,fr FRA,MF,Bochum,36-356,1986,20.4,53,36,24,23,6,27,44,61.4,17,20,6,14,27,80,38,0,Matches
0c61c77c,Dodi Lukebakio,be BEL,"FW,MF",Hertha BSC,25-158,1997,17.5,14,8,5,7,2,6,17,35.3,11,18,5,13,8,22,12,0,Matches
8a6ab963,Andrey Lunyov,ru RUS,GK,Leverkusen,31-108,1991,1.0,0,0,0,0,0,0,0,,0,0,0,0,0,0,0,0,Matches
ab700320,Arne Maier,de GER,MF,Augsburg,24-052,1999,12.2,16,10,9,5,2,6,8,75.0,2,14,0,14,7,23,10,0,Matches
e5d85da8,Linton Maina,de GER,"FW,MF",Köln,23-251,1999,14.8,13,9,3,9,1,6,17,35.3,11,9,0,9,3,16,6,0,Matches
864163f3,Donyell Malen,nl NED,FW,Dortmund,24-041,1999,10.1,7,2,2,2,3,2,4,50.0,2,10,0,10,4,11,5,0,Matches
c691bfe2,Sadio Mané,sn SEN,FW,Bayern Munich,30-325,1992,10.4,5,3,2,1,2,0,4,0.0,4,11,2,9,0,5,2,0,Matches
706a60e1,Myziane Maolida,fr FRA,"FW,MF",Hertha BSC,24-015,1999,1.1,1,1,1,0,0,1,2,50.0,1,0,0,0,0,1,1,0,Matches
0e0102eb,Omar Marmoush,eg EGY,FW,Wolfsburg,24-022,1999,10.2,12,8,6,1,5,4,12,33.3,8,9,0,9,6,18,3,0,Matches
92a16062,Eric Martel,de GER,MF,Köln,20-306,2002,12.8,34,22,16,13,5,18,38,47.4,20,14,3,11,19,53,28,0,Matches
2f3e911a,Aarón Martín,es ESP,DF,Mainz 05,25-313,1997,16.0,32,22,19,9,4,16,25,64.0,9,14,1,13,13,45,22,0,Matches
a396fb61,Erhan Mašović,rs SRB,DF,Bochum,24-099,1998,12.5,26,16,14,12,0,14,27,51.9,13,17,9,8,12,38,32,0,Matches
ab3f1bdf,Henning Matriciani,de GER,DF,Schalke 04,22-352,2000,10.7,22,11,15,5,2,12,24,50.0,12,11,6,5,11,33,29,0,Matches
00963611,Konstantinos Mavropanos,gr GRE,DF,Stuttgart,25-080,1997,17.8,40,23,25,13,2,24,27,88.9,3,31,16,15,39,79,65,0,Matches
826e8b63,Philipp Max,de GER,DF,Eint Frankfurt,29-152,1993,3.2,7,6,3,3,1,3,10,30.0,7,6,0,6,1,8,3,0,Matches
0e6bc38c,Eric Maxim Choupo-Moting,cm CMR,FW,Bayern Munich,33-343,1989,10.7,8,7,1,5,2,1,1,100.0,0,7,0,7,0,8,4,0,Matches
b74277a0,Noussair Mazraoui,ma MAR,DF,Bayern Munich,25-107,1997,6.2,17,12,3,6,8,8,12,66.7,4,5,1,4,6,23,14,0,Matches
e162b013,Thomas Meunier,be BEL,DF,Dortmund,31-170,1991,6.3,15,7,7,5,3,9,14,64.3,5,7,2,5,9,24,15,0,Matches
b56dd813,Alexander Meyer,de GER,GK,Dortmund,31-322,1991,4.0,0,0,0,0,0,0,1,0.0,1,0,0,0,0,0,1,0,Matches
1e274a0a,Sven Michel,de GER,FW,Union Berlin,32-229,1990,3.6,7,4,1,5,1,4,5,80.0,1,3,1,2,0,7,2,0,Matches
f76022e7,Enzo Millot,fr FRA,MF,Stuttgart,20-227,2002,4.1,10,7,5,3,2,4,7,57.1,3,13,2,11,9,19,4,0,Matches
88d4144a,Maximilian Mittelstädt,de GER,DF,Hertha BSC,25-348,1997,6.1,28,14,20,6,2,12,23,52.2,11,10,1,9,14,42,19,0,Matches
34e4343c,Anthony Modeste,fr FRA,FW,Dortmund,34-321,1988,8.3,4,4,2,0,2,2,5,40.0,3,5,0,5,2,6,18,0,Matches
9ec9c8b6,Tobias Mohr,de GER,"DF,MF",Schalke 04,27-189,1995,7.8,7,4,3,4,0,2,7,28.6,5,13,5,8,8,15,19,0,Matches
29ddfb9c,Clinton Mola,eng ENG,DF,Stuttgart,21-351,2001,0.2,3,1,2,1,0,1,1,100.0,0,1,1,0,1,4,2,0,Matches
7e82a78f,Florent Mollet,fr FRA,MF,Schalke 04,31-102,1991,4.6,4,1,0,4,0,2,7,28.6,5,7,1,6,1,5,1,0,Matches
6ce43701,Youssoufa Moukoko,de GER,FW,Dortmund,18-101,2004,10.5,12,6,3,6,3,3,6,50.0,3,6,0,6,1,13,1,0,Matches
cbac6ec9,Florian Müller,de GER,GK,Stuttgart,25-108,1997,19.0,0,0,0,0,0,0,0,,0,0,0,0,0,0,7,4,Matches
3c6089ab,Thomas Müller,de GER,"FW,MF",Bayern Munich,33-169,1989,10.1,8,5,3,3,2,4,8,50.0,4,8,2,6,3,11,7,0,Matches
2c0558b8,Jamal Musiala,de GER,"MF,FW",Bayern Munich,20-003,2003,16.6,26,18,8,12,6,9,20,45.0,11,17,1,16,13,39,3,0,Matches
9ff8ec4a,Suliman Mustapha,at AUT,"FW,MF",Mainz 05,21-281,2001,0.8,2,2,0,2,0,0,0,,0,4,0,4,0,2,0,0,Matches
441197b8,Obite N'Dicka,fr FRA,DF,Eint Frankfurt,23-193,1999,20.9,17,13,9,6,2,12,23,52.2,11,35,15,20,23,40,117,0,Matches
e110ea4b,Nathan N'Goumou,fr FRA,FW,M'Gladbach,22-352,2000,3.6,7,3,4,2,1,4,8,50.0,4,4,0,4,0,7,3,0,Matches
61590953,Stanley N'Soki,fr FRA,DF,Hoffenheim,23-326,1999,12.1,20,11,13,6,1,10,18,55.6,8,17,4,13,20,40,29,0,Matches
30261ba1,Nikolas Nartey,dk DEN,"DF,MF",Stuttgart,23-007,2000,4.1,8,4,6,1,1,4,8,50.0,4,8,0,8,2,10,11,0,Matches
e79269bd,Luca Netz,de GER,"DF,FW",M'Gladbach,19-290,2003,2.6,11,4,9,2,0,8,9,88.9,1,1,0,1,2,13,18,0,Matches
8778c910,Manuel Neuer,de GER,GK,Bayern Munich,36-339,1986,12.0,0,0,0,0,0,0,0,,0,0,0,0,0,0,4,1,Matches
36a59ba4,Florian Neuhaus,de GER,MF,M'Gladbach,25-350,1997,6.5,6,2,3,1,2,2,7,28.6,5,11,3,8,5,11,3,0,Matches
bc249af8,Jessic Ngankam,de GER,"FW,MF",Hertha BSC,22-224,2000,3.6,5,2,2,1,2,1,3,33.3,2,4,0,4,0,5,1,0,Matches
d6862409,Florian Niederlechner,de GER,"FW,MF",Augsburg,32-128,1990,10.1,10,5,5,4,1,4,7,57.1,3,16,2,14,1,11,9,0,Matches
d6862409,Florian Niederlechner,de GER,FW,Hertha BSC,32-128,1990,3.5,5,4,0,2,3,1,2,50.0,1,5,0,5,0,5,4,0,Matches
a45241d5,Justin Njinmah,de GER,FW,Dortmund,22-106,2000,0.2,0,0,0,0,0,0,0,,0,0,0,0,0,0,0,0,Matches
7c56da38,Christopher Nkunku,fr FRA,"FW,MF",RB Leipzig,25-107,1997,14.8,3,2,0,1,2,1,4,25.0,3,6,2,4,6,9,8,0,Matches
0cc5f4a5,Lukas Nmecha,de GER,FW,Wolfsburg,24-077,1998,9.6,5,3,0,2,3,3,3,100.0,0,4,0,4,3,8,3,0,Matches
5458f670,Hugo Novoa,es ESP,"DF,FW",RB Leipzig,20-059,2003,2.0,8,2,1,3,4,4,7,57.1,3,4,0,4,1,9,0,0,Matches
bdedffac,Ørjan Nyland,no NOR,GK,RB Leipzig,32-172,1990,1.0,0,0,0,0,0,0,0,,0,0,0,0,0,0,0,0,Matches
57ec75bf,Tim Oermann,de GER,DF,Bochum,19-146,2003,2.2,2,1,2,0,0,1,1,100.0,0,3,2,1,1,3,8,1,Matches
dd2e62da,Finn Ole Becker,de GER,MF,Hoffenheim,22-266,2000,0.2,3,0,0,3,0,1,1,100.0,0,0,0,0,0,3,0,0,Matches
86adbcc7,Mathias Olesen,lu LUX,MF,Köln,21-345,2001,3.7,8,4,4,3,1,4,5,80.0,1,6,2,4,1,9,2,0,Matches
ae44e8e2,Dani Olmo,es ESP,"MF,FW",RB Leipzig,24-298,1998,8.3,11,7,1,7,3,5,8,62.5,3,9,0,9,5,16,3,0,Matches
c631f952,Jonas Omlin,ch SUI,GK,M'Gladbach,29-050,1994,6.3,0,0,0,0,0,0,1,0.0,1,1,0,1,0,0,4,0,Matches
f26834c7,Karim Onisiwo,at AUT,"FW,MF",Mainz 05,30-349,1992,20.3,13,8,1,6,6,3,11,27.3,8,14,0,14,2,15,5,0,Matches
20030c06,Willi Orban,hu HUN,DF,RB Leipzig,30-118,1992,21.0,36,26,21,15,0,19,30,63.3,11,25,16,9,30,66,90,0,Matches
86c75897,Ivan Ordets,ua UKR,DF,Bochum,30-236,1992,16.5,25,14,18,6,1,15,21,71.4,6,16,8,8,27,52,70,0,Matches
0a16eb36,Jordi Osei-Tutu,eng ENG,"DF,FW",Bochum,24-150,1998,7.0,19,14,10,5,4,8,14,57.1,6,12,5,7,8,27,6,0,Matches
9662c9ec,Patrick Osterhage,de GER,"MF,FW",Bochum,23-028,2000,4.3,8,6,1,6,1,4,8,50.0,4,6,2,4,6,14,8,0,Matches
1cbe4984,Paulo Otávio,br BRA,DF,Wolfsburg,28-098,1994,17.3,56,33,36,14,6,32,44,72.7,12,36,4,32,25,81,59,1,Matches
36d9dabe,Thomas Ouwejan,nl NED,DF,Schalke 04,26-152,1996,9.0,19,8,13,5,1,6,10,60.0,4,17,4,13,13,32,23,0,Matches
8b6e0db2,Reece Oxford,eng ENG,DF,Augsburg,24-075,1998,1.0,1,1,1,0,0,0,0,,0,4,3,1,1,2,5,0,Matches
15413fa5,Salih Özcan,tr TUR,MF,Dortmund,25-049,1998,14.0,24,14,6,14,4,13,31,41.9,18,19,2,17,19,43,15,2,Matches
66385c46,Levin Öztunalı,de GER,MF,Union Berlin,26-351,1996,0.1,0,0,0,0,0,0,1,0.0,1,0,0,0,0,0,0,0,Matches
e82adcab,Exequiel Palacios,ar ARG,MF,Leverkusen,24-147,1998,10.3,34,17,12,20,2,19,30,63.3,11,13,1,12,19,53,16,0,Matches
5dc15574,Miloš Pantović,rs SRB,MF,Union Berlin,26-237,1996,2.0,3,1,3,0,0,3,4,75.0,1,2,0,2,0,3,4,0,Matches
13d23b29,Antonios Papadopoulos,de GER,DF,Dortmund,23-172,1999,0.1,0,0,0,0,0,0,0,,0,0,0,0,1,1,0,0,Matches
5c50fdbc,Kevin Paredes,us USA,"FW,MF",Wolfsburg,19-298,2003,3.3,9,6,3,3,3,6,8,75.0,2,2,0,2,3,12,3,0,Matches
1866b0f1,Marco Pašalić,hr CRO,MF,Dortmund,22-168,2000,0.1,0,0,0,0,0,0,0,,0,0,0,0,0,0,0,0,Matches
5c899683,Felix Passlack,de GER,DF,Dortmund,24-276,1998,0.5,1,0,0,1,0,0,0,,0,0,0,0,0,1,0,0,Matches
53070b63,Paulinho,br BRA,FW,Leverkusen,22-229,2000,0.9,0,0,0,0,0,0,0,,0,1,0,1,0,0,2,0,Matches
45a03961,Benjamin Pavard,fr FRA,DF,Bayern Munich,26-338,1996,17.3,49,31,24,19,6,22,26,84.6,4,18,8,10,27,76,49,0,Matches
0a1cb833,Jiří Pavlenka,cz CZE,GK,Werder Bremen,30-321,1992,21.3,0,0,0,0,0,0,4,0.0,4,0,0,0,2,2,15,1,Matches
5154b2ba,Kristian Pedersen,dk DEN,DF,Köln,28-209,1994,3.0,5,4,4,1,0,0,2,0.0,2,3,0,3,5,10,17,0,Matches
582a5247,Mads Pedersen,dk DEN,"DF,MF",Augsburg,26-181,1996,11.8,28,12,22,5,1,12,16,75.0,4,19,6,13,17,45,27,1,Matches
b684a484,Jordan Pefok,us USA,FW,Union Berlin,26-309,1996,11.9,15,7,4,3,8,3,13,23.1,10,16,5,11,4,19,12,0,Matches
c18d22f5,Peter Pekarík,sk SVK,DF,Hertha BSC,36-122,1986,1.0,3,3,3,0,0,3,4,75.0,1,6,2,4,1,4,3,0,Matches
3b61c9ec,Luca Pellegrini,it ITA,DF,Eint Frankfurt,23-359,1999,6.2,13,8,10,3,0,8,8,100.0,0,8,2,6,7,20,11,1,Matches
a2b1ed42,Ricardo Pepi,us USA,FW,Augsburg,20-051,2003,1.1,1,1,1,0,0,1,1,100.0,0,1,0,1,0,1,1,0,Matches
ff3d391c,Juan Perea,co COL,FW,Stuttgart,23-006,2000,2.8,4,3,0,1,3,2,3,66.7,1,2,1,1,1,5,3,0,Matches
f93e6e94,Nils Petersen,de GER,FW,Freiburg,34-085,1988,2.3,6,4,0,3,3,2,4,50.0,2,9,2,7,1,7,6,0,Matches
f503ef6e,Lukas Petkov,de GER,"MF,FW",Augsburg,22-120,2000,1.6,5,1,4,1,0,2,3,66.7,1,4,1,3,1,6,0,0,Matches
83e1f40e,Luca Pfeiffer,de GER,FW,Stuttgart,26-193,1996,7.4,1,1,1,0,0,0,1,0.0,1,3,0,3,1,2,5,0,Matches
061e8e23,Maximilian Philipp,de GER,FW,Wolfsburg,29-000,1994,1.3,2,1,1,1,0,1,1,100.0,0,1,0,1,0,2,0,0,Matches
061e8e23,Maximilian Philipp,de GER,MF,Werder Bremen,29-000,1994,0.5,1,1,1,0,0,0,2,0.0,2,2,0,2,1,2,1,0,Matches
526ea7cc,Amos Pieper,de GER,DF,Werder Bremen,25-043,1998,17.5,37,21,21,15,1,17,27,63.0,10,18,9,9,23,60,72,1,Matches
f7aa75bd,Marvin Plattenhardt,de GER,DF,Hertha BSC,31-034,1992,16.6,29,21,17,9,3,21,33,63.6,12,19,6,13,9,38,43,0,Matches
bc6bd723,Alassane Pléa,fr FRA,FW,M'Gladbach,29-356,1993,13.5,12,6,4,5,3,6,15,40.0,9,18,1,17,9,21,11,0,Matches
ea003d07,Joel Pohjanpalo,fi FIN,"FW,MF",Leverkusen,28-169,1994,0.0,0,0,0,0,0,0,0,,0,0,0,0,0,0,0,0,Matches
3745e8bd,Sebastian Polter,de GER,"FW,MF",Schalke 04,31-334,1991,5.2,4,3,0,4,0,1,3,33.3,2,3,0,3,0,4,6,0,Matches
7f609bfc,Stefan Posch,at AUT,DF,Hoffenheim,25-291,1997,0.2,0,0,0,0,0,0,0,,0,0,0,0,0,0,0,0,Matches
d2416c2e,Yussuf Poulsen,dk DEN,FW,RB Leipzig,28-259,1994,2.8,1,0,0,1,0,0,1,0.0,1,3,1,2,0,1,3,0,Matches
924f9191,Grischa Prömel,de GER,MF,Hoffenheim,28-051,1995,11.9,23,18,12,9,2,7,17,41.2,10,16,3,13,5,28,17,0,Matches
c68b1b13,Tymoteusz Puchacz,pl POL,DF,Union Berlin,24-037,1999,0.6,1,0,1,0,0,0,0,,0,0,0,0,0,1,1,0,Matches
3c200e05,Joshua Quarshie,de GER,MF,Hoffenheim,18-218,2004,0.0,0,0,0,0,0,0,0,,0,0,0,0,0,0,0,0,Matches
b90c4a43,Diant Ramaj,de GER,GK,Eint Frankfurt,21-163,2001,1.0,0,0,0,0,0,0,0,,0,0,0,0,0,0,1,0,Matches
c8b3a472,Nicolai Rapp,de GER,"MF,DF",Werder Bremen,26-078,1996,0.8,3,1,3,0,0,0,3,0.0,3,0,0,0,0,3,1,0,Matches
7d450ed3,David Raum,de GER,"DF,FW",RB Leipzig,24-313,1998,14.1,34,21,21,9,4,13,21,61.9,8,20,5,15,15,49,19,1,Matches
cc971106,Rocco Reitz,de GER,MF,M'Gladbach,20-276,2002,0.0,0,0,0,0,0,0,0,,0,0,0,0,0,0,0,0,Matches
36a3ff67,Marco Reus,de GER,MF,Dortmund,33-274,1989,10.6,22,14,8,12,2,5,17,29.4,12,8,3,5,4,26,5,0,Matches
1ae836b1,Elvis Rexhbeçaj,de GER,MF,Augsburg,25-120,1997,18.6,34,23,11,16,7,19,40,47.5,21,26,9,17,11,45,30,0,Matches
7fa4e703,Gio Reyna,us USA,"FW,MF",Dortmund,20-108,2002,5.6,10,4,2,4,4,4,8,50.0,4,6,2,4,3,13,4,0,Matches
f972644c,Marco Richter,de GER,"MF,FW",Hertha BSC,25-097,1997,12.3,32,17,13,13,6,16,34,47.1,18,21,0,21,13,45,16,0,Matches
9f941969,Manuel Riemann,de GER,GK,Bochum,34-173,1988,22.0,2,1,2,0,0,2,2,100.0,0,1,0,1,3,5,15,4,Matches
e12b0b5b,Sebastian Rode,de GER,MF,Eint Frankfurt,32-141,1990,8.9,23,14,4,17,2,6,22,27.3,16,9,1,8,7,30,8,0,Matches
ea42c03f,Agustín Rogel,uy URU,DF,Hertha BSC,25-135,1997,10.3,10,6,7,3,0,6,8,75.0,2,10,4,6,11,21,38,0,Matches
90c1f9a4,Tom Rothe,de GER,DF,Dortmund,18-123,2004,0.2,1,1,0,1,0,1,1,100.0,0,0,0,0,0,1,0,0,Matches
13203c45,Jérôme Roussillon,fr FRA,"MF,DF",Wolfsburg,30-054,1993,0.2,0,0,0,0,0,0,0,,0,0,0,0,0,0,0,0,Matches
13203c45,Jérôme Roussillon,fr FRA,DF,Union Berlin,30-054,1993,2.6,2,1,1,0,1,1,2,50.0,1,1,0,1,0,2,7,0,Matches
80f36c88,Sebastian Rudy,de GER,MF,Hoffenheim,33-001,1990,5.5,18,10,7,11,0,7,19,36.8,12,13,1,12,6,24,12,0,Matches
c64c01fc,Georginio Rutter,fr FRA,FW,Hoffenheim,20-315,2002,11.2,7,4,1,4,2,1,3,33.3,2,10,2,8,5,12,6,0,Matches
009a4f60,Julian Ryerson,no NOR,DF,Union Berlin,25-104,1997,11.5,28,17,17,10,1,15,23,65.2,8,15,3,12,12,40,19,0,Matches
009a4f60,Julian Ryerson,no NOR,DF,Dortmund,25-104,1997,5.0,10,3,7,3,0,8,10,80.0,2,4,1,3,5,15,10,0,Matches
a70b8345,Frederik Rønnow,dk DEN,GK,Union Berlin,30-209,1992,18.0,0,0,0,0,0,0,3,0.0,3,0,0,0,0,0,6,0,Matches
e280527c,Marcel Sabitzer,at AUT,MF,Bayern Munich,28-349,1994,7.0,27,14,11,10,6,10,17,58.8,7,3,0,3,10,37,9,0,Matches
e1830c52,Dikeni Salifou,tg TOG,MF,Werder Bremen,19-266,2003,0.0,0,0,0,0,0,0,0,,0,0,0,0,0,0,0,0,Matches
bf075f6b,Roland Sallai,hu HUN,"MF,FW",Freiburg,25-283,1997,6.2,5,5,1,3,1,2,7,28.6,5,6,1,5,2,7,4,0,Matches
08593525,Diadie Samassékou,ml MLI,"MF,FW",Hoffenheim,27-049,1996,0.4,1,0,0,1,0,0,1,0.0,1,0,0,0,0,1,0,0,Matches
2b114be3,Leroy Sané,de GER,"MF,FW",Bayern Munich,27-049,1996,14.2,23,17,7,11,5,9,16,56.3,7,8,1,7,1,24,1,1,Matches
6a52a6c6,Sidi Sané,de GER,FW,Schalke 04,19-314,2003,0.3,1,1,1,0,0,1,1,100.0,0,0,0,0,0,1,0,0,Matches
236f02cd,Joe Scally,us USA,DF,M'Gladbach,20-060,2002,17.9,22,15,17,5,0,17,22,77.3,5,14,6,8,7,29,42,0,Matches
52afb588,Kevin Schade,de GER,"FW,MF",Freiburg,21-094,2001,2.0,6,4,3,2,1,3,5,60.0,2,0,0,0,0,6,2,0,Matches
049751d7,András Schäfer,hu HUN,MF,Union Berlin,23-322,1999,8.4,20,8,7,12,1,6,13,46.2,7,11,2,9,4,24,11,0,Matches
93cba339,Derry Scherhant,de GER,FW,Hertha BSC,20-111,2002,2.1,4,3,2,2,0,2,3,66.7,1,1,0,1,0,4,3,0,Matches
5d4f7d61,Patrik Schick,cz CZE,FW,Leverkusen,27-036,1996,10.2,1,0,0,0,1,0,1,0.0,1,4,1,3,1,2,7,0,Matches
bd527260,Kingsley Schindler,de GER,"DF,MF",Köln,29-232,1993,7.7,17,10,11,5,1,13,19,68.4,6,6,1,5,8,25,20,0,Matches
8f056768,Xaver Schlager,at AUT,MF,RB Leipzig,25-154,1997,15.3,38,23,12,24,2,19,39,48.7,20,17,2,15,14,52,22,0,Matches
f6bdc830,Keven Schlotterbeck,de GER,DF,Freiburg,25-307,1997,0.2,0,0,0,0,0,0,0,,0,1,1,0,2,2,2,0,Matches
f6bdc830,Keven Schlotterbeck,de GER,DF,Bochum,25-307,1997,5.2,12,5,8,4,0,6,7,85.7,1,9,3,6,11,23,28,0,Matches
34e12499,Nico Schlotterbeck,de GER,DF,Dortmund,23-090,1999,21.3,50,30,30,19,1,30,44,68.2,14,29,15,14,27,77,64,1,Matches
220ace7e,Romano Schmid,at AUT,MF,Werder Bremen,23-033,2000,11.6,20,13,4,11,5,8,17,47.1,9,18,3,15,6,26,10,0,Matches
b9ae8560,Niklas Schmidt,de GER,MF,Werder Bremen,25-000,1998,7.4,17,6,9,8,0,6,17,35.3,11,6,0,6,1,18,5,0,Matches
ad00b1a8,Benno Schmitz,de GER,DF,Köln,28-104,1994,17.2,45,30,21,20,4,29,48,60.4,19,26,4,22,15,60,38,0,Matches
87436846,Marvin Schwäbe,de GER,GK,Köln,27-310,1995,22.0,1,0,1,0,0,1,1,100.0,0,0,0,0,2,3,4,2,Matches
0d55d942,Alexander Schwolow,de GER,GK,Schalke 04,30-272,1992,17.0,0,0,0,0,0,0,0,,0,0,0,0,1,1,6,2,Matches
8872ed17,Paul Seguin,de GER,MF,Union Berlin,27-337,1995,5.5,12,6,7,1,4,6,13,46.2,7,6,0,6,1,13,4,0,Matches
1238a3f9,Davie Selke,de GER,FW,Hertha BSC,28-040,1995,3.1,2,1,1,1,0,0,1,0.0,1,3,1,2,1,3,5,0,Matches
1238a3f9,Davie Selke,de GER,FW,Köln,28-040,1995,2.5,0,0,0,0,0,0,0,,0,2,0,2,0,0,2,0,Matches
b3325a30,Suat Serdar,de GER,MF,Hertha BSC,25-324,1997,16.3,42,18,10,25,7,17,29,58.6,12,36,10,26,21,63,19,0,Matches
313254a3,Kiliann Sildillia,fr FRA,"DF,MF",Freiburg,20-289,2002,17.1,27,16,6,18,3,14,18,77.8,4,17,6,11,17,44,29,1,Matches
3effaa34,André Silva,pt POR,FW,RB Leipzig,27-115,1995,14.3,6,1,0,4,2,1,3,33.3,2,9,1,8,2,8,3,0,Matches
fcb27134,Mohamed Simakan,fr FRA,DF,RB Leipzig,22-302,2000,9.2,10,8,7,2,1,6,11,54.5,5,11,2,9,10,20,35,0,Matches
7ec723b7,Eduardo Simões,pt POR,DF,Hoffenheim,20-364,2002,1.0,5,3,3,2,0,1,3,33.3,2,3,2,1,0,5,3,0,Matches
73000a79,Daley Sinkgraven,nl NED,"DF,MF",Leverkusen,27-240,1995,3.5,6,6,3,3,0,5,6,83.3,1,8,4,4,5,11,7,0,Matches
0d8a37c2,Tobias Sippel,de GER,GK,M'Gladbach,34-344,1988,3.7,0,0,0,0,0,0,0,,0,0,0,0,0,0,1,1,Matches
c6cf860f,Hugo Siquet,be BEL,DF,Freiburg,20-235,2002,0.2,2,2,2,0,0,2,2,100.0,0,1,0,1,0,2,0,0,Matches
65857fdf,Tim Skarke,de GER,"DF,MF",Union Berlin,26-175,1996,0.6,1,1,0,0,1,0,0,,0,1,0,1,0,1,0,0,Matches
65857fdf,Tim Skarke,de GER,"FW,MF",Schalke 04,26-175,1996,2.4,4,1,1,3,0,2,5,40.0,3,2,0,2,0,4,1,0,Matches
c2211709,Ellyes Skhiri,tn TUN,MF,Köln,27-295,1995,20.7,60,35,21,32,7,20,47,42.6,27,34,9,25,37,97,32,0,Matches
ff98492b,Robert Skov,dk DEN,DF,Hoffenheim,26-285,1996,11.7,14,9,10,4,0,7,16,43.8,9,18,6,12,8,22,16,1,Matches
c967f6b8,Hrvoje Smolčić,hr CRO,DF,Eint Frankfurt,22-196,2000,4.2,8,7,6,2,0,5,9,55.6,4,11,4,7,5,13,33,0,Matches
c05f2f8c,Danilo Soares,br BRA,DF,Bochum,31-123,1991,13.1,49,31,27,15,7,29,42,69.0,13,24,3,21,16,65,31,1,Matches
4f627629,Nikola Soldo,hr CRO,DF,Köln,22-035,2001,6.6,15,9,8,7,0,7,10,70.0,3,8,6,2,7,22,27,0,Matches
420c18a1,Yann Sommer,ch SUI,GK,Bayern Munich,34-074,1988,7.0,0,0,0,0,0,0,0,,0,0,0,0,1,1,1,0,Matches
420c18a1,Yann Sommer,ch SUI,GK,M'Gladbach,34-074,1988,10.0,1,0,1,0,0,1,1,100.0,0,0,0,0,0,1,8,0,Matches
af0d79a9,Borna Sosa,hr CRO,"DF,MF",Stuttgart,25-039,1998,13.0,17,11,12,4,1,13,22,59.1,9,12,3,9,10,27,21,0,Matches
4c6facae,Djibril Sow,ch SUI,MF,Eint Frankfurt,26-023,1997,19.8,34,18,11,21,2,15,27,55.6,12,18,4,14,26,60,17,0,Matches
0f59a7bf,Anton Stach,de GER,MF,Mainz 05,24-106,1998,14.4,20,16,9,9,2,10,20,50.0,10,21,2,19,24,44,18,0,Matches
861e0116,Kostas Stafylidis,gr GRE,"DF,MF",Bochum,29-089,1993,7.1,21,12,9,7,5,6,14,42.9,8,14,4,10,12,33,16,1,Matches
1fffae99,Jens Stage,dk DEN,MF,Werder Bremen,26-113,1996,11.0,23,11,10,13,0,4,21,19.0,17,21,8,13,13,36,18,0,Matches
7ed08d5c,Josip Stanišić,hr CRO,DF,Bayern Munich,22-333,2000,3.8,13,6,9,2,2,9,12,75.0,3,3,0,3,4,17,8,0,Matches
aad48be9,Niklas Stark,de GER,DF,Werder Bremen,27-321,1995,12.6,33,24,18,14,1,15,20,75.0,5,10,4,6,26,59,61,0,Matches
99f7e9aa,Pascal Stenzel,de GER,DF,Stuttgart,26-346,1996,3.6,12,8,8,4,0,5,9,55.6,4,8,2,6,6,18,6,0,Matches
3b1ed320,Angelo Stiller,de GER,MF,Hoffenheim,21-331,2001,4.8,21,9,8,11,2,7,8,87.5,1,7,2,5,8,29,4,0,Matches
7cd6badb,Lars Stindl,de GER,"FW,MF",M'Gladbach,34-187,1988,12.3,15,8,3,10,2,8,20,40.0,12,17,3,14,7,22,14,0,Matches
e5649a78,Kevin Stöger,at AUT,MF,Bochum,29-186,1993,18.9,46,23,19,20,7,14,46,30.4,32,16,3,13,21,67,9,0,Matches
e33c06cf,Niklas Süle,de GER,DF,Dortmund,27-179,1995,13.8,10,8,7,1,2,4,9,44.4,5,20,12,8,10,20,29,0,Matches
e18098de,Ivan Šunjić,hr CRO,MF,Hertha BSC,26-143,1996,10.7,37,19,15,21,1,15,23,65.2,8,17,5,12,13,50,19,1,Matches
92d83c27,Mattias Svanberg,se SWE,MF,Wolfsburg,24-055,1999,12.4,13,8,5,8,0,6,17,35.3,11,20,4,16,13,26,17,1,Matches
934e1968,Dominik Szoboszlai,hu HUN,"MF,FW",RB Leipzig,22-127,2000,17.0,27,18,7,12,8,9,26,34.6,17,25,2,23,11,38,22,0,Matches
e92cd3f7,Alexander Sørloth,no NOR,FW,RB Leipzig,27-086,1995,0.1,0,0,0,0,0,0,0,,0,0,0,0,0,0,0,0,Matches
bd142efb,Jonathan Tah,de GER,DF,Leverkusen,27-018,1996,17.6,19,10,15,4,0,10,14,71.4,4,15,8,7,21,40,78,0,Matches
a73c8f95,Edmond Tapsoba,bf BFA,DF,Leverkusen,24-027,1999,21.6,34,20,23,8,3,18,28,64.3,10,27,14,13,25,59,68,1,Matches
27270af4,Niklas Tauer,de GER,"DF,MF",Mainz 05,22-012,2001,1.0,2,1,2,0,0,1,3,33.3,2,2,1,1,2,4,4,0,Matches
829aa60c,Mathys Tel,fr FRA,FW,Bayern Munich,17-308,2005,3.2,1,1,0,1,0,1,1,100.0,0,5,1,4,0,1,1,0,Matches
0b45a8d7,Semir Telalovic,de GER,MF,M'Gladbach,23-068,1999,0.1,0,0,0,0,0,0,0,,0,0,0,0,0,0,0,0,Matches
863ff1ee,Simon Terodde,de GER,FW,Schalke 04,34-364,1988,14.6,13,7,4,5,4,2,9,22.2,7,6,2,4,6,19,6,0,Matches
ff5ea0bf,Malick Thiaw,de GER,DF,Schalke 04,21-205,2001,3.0,3,1,2,1,0,1,2,50.0,1,4,3,1,9,12,24,1,Matches
fd53759d,Jan Thielmann,de GER,FW,Köln,20-279,2002,6.2,9,8,3,5,1,3,8,37.5,5,8,2,6,3,12,5,0,Matches
d1b49282,Morten Thorsby,no NOR,MF,Union Berlin,26-300,1996,5.8,15,8,6,8,1,9,12,75.0,3,7,3,4,2,17,12,0,Matches
6f8cd6d0,Marcus Thuram,fr FRA,FW,M'Gladbach,25-207,1997,19.4,13,6,3,5,5,6,9,66.7,3,10,2,8,5,18,12,0,Matches
6b8887c2,Steffen Tigges,de GER,FW,Köln,24-213,1998,13.2,6,4,1,4,1,4,10,40.0,6,10,2,8,6,12,13,0,Matches
e547d3cf,Umut Tohumcu,de GER,MF,Hoffenheim,18-202,2004,2.5,10,6,4,5,1,3,7,42.9,4,3,0,3,0,10,4,0,Matches
b492126a,Tiago Tomás,pt POR,"FW,MF",Stuttgart,20-258,2002,9.4,7,4,2,3,2,5,7,71.4,2,8,2,6,0,7,2,0,Matches
c8c60119,Almamy Touré,ml MLI,DF,Eint Frankfurt,26-307,1996,1.8,5,4,2,3,0,3,5,60.0,2,5,2,3,5,10,2,0,Matches
71ec39ef,Lucas Tousart,fr FRA,MF,Hertha BSC,25-306,1997,20.7,52,28,24,20,8,17,34,50.0,17,17,1,16,35,87,47,1,Matches
ce17b5eb,Kevin Trapp,de GER,GK,Eint Frankfurt,32-236,1990,21.0,1,1,1,0,0,0,0,,0,2,0,2,0,1,7,0,Matches
056d2d95,Christopher Trimmel,at AUT,DF,Union Berlin,36-005,1987,15.3,26,16,16,9,1,16,26,61.5,10,11,1,10,21,47,36,0,Matches
35d64857,Tuta,br BRA,DF,Eint Frankfurt,23-240,1999,20.9,28,18,11,12,5,17,32,53.1,15,30,8,22,29,57,94,1,Matches
7d3e7da6,Sven Ulreich,de GER,GK,Bayern Munich,34-210,1988,3.0,1,1,1,0,0,1,1,100.0,0,0,0,0,0,1,0,1,Matches
cd61c7af,Lauren Ulrich,de GER,MF,Stuttgart,18-029,2005,0.1,1,1,0,0,1,0,0,,0,0,0,0,0,1,0,0,Matches
d248cd8f,Dayot Upamecano,fr FRA,DF,Bayern Munich,24-125,1998,19.0,52,31,34,18,0,21,33,63.6,12,17,5,12,21,73,58,4,Matches
af842091,Filip Uremović,hr CRO,DF,Hertha BSC,26-018,1997,11.4,20,10,14,5,1,9,13,69.2,4,8,6,2,23,43,51,2,Matches
d75f3980,Jere Uronen,fi FIN,DF,Schalke 04,28-231,1994,4.7,7,4,4,3,0,2,6,33.3,4,4,2,2,4,11,6,0,Matches
a3ddb1b9,Mark Uth,de GER,"MF,FW",Köln,31-189,1991,0.5,0,0,0,0,0,0,0,,0,0,0,0,0,0,0,0,Matches
fb377d11,Josha Vagnoman,de GER,"DF,MF",Stuttgart,22-080,2000,7.3,10,6,4,5,1,5,7,71.4,2,8,2,6,6,16,19,0,Matches
6ecbddf6,Ruben Vargas,ch SUI,"MF,FW",Augsburg,24-208,1998,6.1,10,5,4,4,2,3,8,37.5,5,5,2,3,3,13,9,1,Matches
fc8fcbd1,Renato Veiga,pt POR,DF,Augsburg,19-215,2003,2.6,4,3,2,1,1,3,3,100.0,0,4,1,3,3,7,8,0,Matches
a5ae8f8e,Miloš Veljković,rs SRB,DF,Werder Bremen,27-156,1995,15.9,22,13,14,8,0,14,22,63.6,8,19,11,8,24,46,68,0,Matches
8fe2a392,Mickey van de Ven,nl NED,DF,Wolfsburg,21-316,2001,22.0,32,21,18,14,0,21,29,72.4,8,30,17,13,19,51,80,2,Matches
5360a956,Gabriel Vidovic,hr CRO,FW,Bayern Munich,19-090,2003,0.2,0,0,0,0,0,0,0,,0,0,0,0,0,0,0,0,Matches
1d8e9add,Kevin Vogt,de GER,DF,Hoffenheim,31-159,1991,15.3,13,10,9,4,0,7,15,46.7,8,13,9,4,21,34,53,0,Matches
f86cd5df,Aster Vranckx,be BEL,MF,Wolfsburg,20-148,2002,0.1,0,0,0,0,0,0,0,,0,0,0,0,0,0,1,0,Matches
e3d3fbeb,Robert Wagner,de GER,MF,Freiburg,19-230,2003,0.3,0,0,0,0,0,0,0,,0,2,0,2,0,0,2,0,Matches
e5a35ae9,Luca Waldschmidt,de GER,FW,Wolfsburg,26-286,1996,3.9,5,2,2,1,2,2,6,33.3,4,1,0,1,2,7,3,0,Matches
cb64672e,Paul Wanner,de GER,MF,Bayern Munich,17-068,2005,0.3,3,1,1,2,0,1,1,100.0,0,0,0,0,0,3,1,0,Matches
346d51d9,Julian Weigl,de GER,MF,M'Gladbach,27-174,1995,14.0,29,12,14,14,1,16,28,57.1,12,14,1,13,12,41,21,0,Matches
231c67ff,Nelson Weiper,de GER,"MF,FW",Mainz 05,17-349,2005,0.1,2,0,0,0,2,1,1,100.0,0,1,0,1,0,2,0,0,Matches
30c220c3,Mitchell Weiser,de GER,"DF,FW",Werder Bremen,28-314,1994,18.2,50,31,24,20,6,22,42,52.4,20,33,3,30,24,74,25,0,Matches
dd676a97,Noah Weißhaupt,de GER,"FW,MF",Freiburg,21-162,2001,1.5,4,1,1,3,0,1,4,25.0,3,2,0,2,2,6,4,0,Matches
1c86aa16,Marcel Wenig,de GER,MF,Eint Frankfurt,18-301,2004,0.0,0,0,0,0,0,0,0,,0,0,0,0,0,0,0,0,Matches
49fe9070,Timo Werner,de GER,"FW,MF",RB Leipzig,26-360,1996,12.8,5,3,2,2,1,2,8,25.0,6,7,0,7,3,8,4,0,Matches
f68b64fc,Silvan Widmer,ch SUI,DF,Mainz 05,29-361,1993,13.4,19,12,13,5,1,15,24,62.5,9,16,5,11,26,45,16,0,Matches
cb11b429,Patrick Wimmer,at AUT,"FW,MF",Wolfsburg,21-275,2001,11.2,24,15,11,7,6,7,21,33.3,14,19,2,17,12,36,13,0,Matches
2077ae86,Jonas Wind,dk DEN,FW,Wolfsburg,24-022,1999,6.9,5,1,1,2,2,2,4,50.0,2,5,3,2,1,6,6,0,Matches
a1257b5e,Frederik Winther,dk DEN,DF,Augsburg,22-056,2001,1.0,2,2,1,1,0,0,2,0.0,2,1,1,0,0,2,7,0,Matches
e7fcf289,Florian Wirtz,de GER,"FW,MF",Leverkusen,19-302,2003,4.0,12,7,6,6,0,5,7,71.4,2,6,0,6,1,13,5,0,Matches
be42a291,Hannes Wolf,at AUT,FW,M'Gladbach,23-319,1999,3.6,8,5,4,3,1,2,8,25.0,6,3,0,3,2,10,7,0,Matches
fa661778,Marius Wolf,de GER,"DF,FW",Dortmund,27-278,1995,9.7,10,7,4,3,3,6,9,66.7,3,23,8,15,12,22,15,1,Matches
6190474d,Jeong Woo-yeong,kr KOR,"MF,FW",Freiburg,23-162,1999,6.7,7,3,4,2,1,2,4,50.0,2,7,1,6,1,8,7,0,Matches
ea0893d6,Kelvin Yeboah,it ITA,"FW,MF",Augsburg,22-299,2000,2.6,3,3,1,2,0,1,4,25.0,3,4,0,4,1,4,1,0,Matches
caffaf5a,Maya Yoshida,jp JPN,DF,Schalke 04,34-189,1988,21.9,28,17,16,12,0,15,21,71.4,6,27,21,6,39,67,107,1,Matches
a4effc55,Dan-Axel Zagadou,fr FRA,DF,Stuttgart,23-271,1999,6.4,8,4,6,2,0,3,7,42.9,4,10,9,1,8,16,34,1,Matches
fc3697dd,Rodrigo Zalazar,uy URU,"MF,FW",Schalke 04,23-201,1999,7.1,8,5,4,4,0,5,13,38.5,8,6,1,5,3,11,8,0,Matches
65bf7e2b,Aaron Zehnter,de GER,DF,Augsburg,18-121,2004,0.0,0,0,0,0,0,0,1,0.0,1,0,0,0,1,1,0,0,Matches
5c4bf6ba,Robin Zentner,de GER,GK,Mainz 05,28-124,1994,16.0,0,0,0,0,0,0,2,0.0,2,0,0,0,0,0,10,0,Matches
9b688ae1,Michael Zetterer,de GER,GK,Werder Bremen,27-232,1995,0.7,0,0,0,0,0,0,0,,0,0,0,0,0,0,1,0,Matches
29f7cfd9,Simon Zoller,de GER,FW,Bochum,31-248,1991,14.2,8,2,2,6,0,3,9,33.3,6,13,1,12,6,14,19,0,Matches
