id,Player,Nation,Pos,Squad,Age,Born,90s,Tkl,TklW,Def 3rd,Mid 3rd,Att 3rd,Tkl.1,Att,Tkl%,Lost,Blocks,Sh,Pass,Int,Tkl+Int,Clr,Err,Matches
abf0cad0,Suleiman Abdullahi,ng NGA,"FW,MF",Union Berlin,22,1996,1.7,0,0,0,0,0,0,3,0.0,3,2,1,1,1,1,1,0,Matches
565bf0da,David Abraham,ar ARG,DF,Eint Frankfurt,33,1986,18.8,21,14,16,4,1,15,32,46.9,17,27,11,16,25,46,61,1,Matches
1c08a3c8,Amir Abrashi,al ALB,MF,Freiburg,29,1990,7.4,16,8,7,8,1,10,19,52.6,9,18,3,15,7,23,16,2,Matches
2b09d998,Tyler Adams,us USA,"MF,DF",RB Leipzig,20,1999,10.6,22,15,13,8,1,12,25,48.0,13,16,1,15,14,36,14,0,Matches
22919e97,Sargis Adamyan,am ARM,"FW,MF",Hoffenheim,26,1993,8.3,11,7,3,6,2,3,21,14.3,18,8,1,7,2,13,4,0,Matches
89ac64a6,Manuel Akanji,ch SUI,DF,Dortmund,24,1995,25.7,38,21,23,14,1,12,20,60.0,8,20,11,9,30,68,61,2,Matches
6ec6fde0,Kevin Akpoguma,ng NGA,DF,Hoffenheim,24,1995,12.7,24,16,20,4,0,13,24,54.2,11,21,11,10,13,37,48,0,Matches
05439de2,David Alaba,at AUT,DF,Bayern Munich,27,1992,27.8,30,17,14,15,1,16,25,64.0,9,19,10,9,29,59,40,0,Matches
834d0be5,Lucas Alario,ar ARG,FW,Leverkusen,26,1992,13.0,6,3,0,4,2,1,8,12.5,7,12,2,10,1,7,9,0,Matches
a7a9d95a,Paco Alcácer,es ESP,FW,Dortmund,25,1993,5.9,2,2,0,2,0,1,5,20.0,4,4,1,3,2,4,3,0,Matches
77e84962,Thiago Alcántara,es ESP,MF,Bayern Munich,28,1991,19.7,45,26,17,23,5,12,33,36.4,21,12,3,9,45,90,13,1,Matches
555d5edd,Nadiem Amiri,de GER,"MF,FW",Leverkusen,22,1996,20.6,26,16,7,15,4,16,34,47.1,18,12,2,10,14,40,8,1,Matches
10b9fa99,Ethan Ampadu,wls WAL,DF,RB Leipzig,18,2000,0.9,5,4,3,2,0,1,1,100.0,0,3,1,2,1,6,3,0,Matches
e7199efb,Opoku Ampomah,gh GHA,"FW,MF",Düsseldorf,23,1996,5.6,9,4,3,4,2,3,12,25.0,9,3,0,3,4,13,5,0,Matches
b4cf5806,Sebastian Andersson,se SWE,FW,Union Berlin,28,1991,29.8,20,10,0,12,8,4,19,21.1,15,19,3,16,5,25,36,0,Matches
e0b113a7,Robert Andrich,de GER,MF,Union Berlin,24,1994,28.6,52,27,28,18,6,19,60,31.7,41,27,7,20,47,99,36,0,Matches
30941e96,Angeliño,es ESP,"DF,FW",RB Leipzig,22,1997,12.2,15,9,7,5,3,5,15,33.3,10,14,1,13,19,34,24,0,Matches
0a3f6cde,Christopher Antwi-Adjei,gh GHA,"MF,FW",Paderborn 07,25,1994,27.4,25,16,13,9,3,9,33,27.3,24,29,2,27,15,40,14,0,Matches
56413b1f,Charles Aránguiz,cl CHI,MF,Leverkusen,30,1989,23.5,56,37,19,29,8,27,74,36.5,47,27,6,21,22,78,21,1,Matches
86e119e0,Maximilian Arnold,de GER,MF,Wolfsburg,25,1994,31.3,42,24,15,23,4,16,62,25.8,46,25,6,19,25,67,35,0,Matches
e26fcca3,Santiago Ascacíbar,ar ARG,MF,Hertha BSC,22,1997,7.0,26,13,15,11,0,11,28,39.3,17,13,2,11,16,42,13,0,Matches
9fec8860,Ludwig Augustinsson,se SWE,"DF,MF",Werder Bremen,25,1994,10.3,29,12,15,9,5,12,23,52.2,11,19,5,14,10,39,29,0,Matches
e5478b87,Taiwo Awoniyi,ng NGA,"FW,MF",Mainz 05,21,1997,5.4,2,0,0,2,0,0,4,0.0,4,4,2,2,2,4,3,0,Matches
2200181e,Kaan Ayhan,tr TUR,DF,Düsseldorf,24,1994,30.3,38,25,26,11,1,20,37,54.1,17,28,15,13,45,83,72,1,Matches
3489184e,Matthias Bader,de GER,DF,Köln,22,1997,0.1,1,1,1,0,0,1,2,50.0,1,0,0,0,0,1,1,0,Matches
f261abcb,Daniel Baier,de GER,MF,Augsburg,35,1984,21.6,33,17,14,14,5,15,43,34.9,28,19,7,12,58,91,27,0,Matches
3a233281,Leon Bailey,jm JAM,"FW,MF",Leverkusen,21,1997,12.1,6,3,1,5,0,6,16,37.5,10,9,0,9,8,14,3,0,Matches
1b278bf5,Lewis Baker,eng ENG,MF,Düsseldorf,24,1995,6.1,8,5,6,2,0,2,10,20.0,8,5,2,3,2,10,5,0,Matches
442b56fa,Ridle Baku,de GER,"DF,MF",Mainz 05,21,1998,26.1,54,31,25,22,7,26,53,49.1,27,45,7,38,42,96,57,0,Matches
7c3ed041,Leonardo Balerdi,ar ARG,"DF,MF",Dortmund,20,1999,1.5,2,1,1,1,0,2,2,100.0,0,0,0,0,4,6,3,0,Matches
3f7cd8f1,Philipp Bargfrede,de GER,MF,Werder Bremen,30,1989,6.5,15,12,8,5,2,6,23,26.1,17,8,2,6,16,31,15,0,Matches
a2a85828,Aymen Barkok,ma MAR,"FW,MF",Düsseldorf,21,1998,0.9,1,1,0,0,1,0,2,0.0,2,2,0,2,3,4,1,0,Matches
00242b75,Leandro Barreiro Martins,lu LUX,MF,Mainz 05,19,2000,10.4,38,21,16,19,3,14,29,48.3,15,18,3,15,9,47,18,1,Matches
acc7b7ec,Fin Bartels,de GER,"MF,FW",Werder Bremen,32,1987,3.8,9,5,4,4,1,3,12,25.0,9,3,1,2,1,10,1,0,Matches
b7828a08,Oliver Batista-Meier,de GER,MF,Bayern Munich,18,2001,0.1,0,0,0,0,0,0,2,0.0,2,0,0,0,0,0,0,0,Matches
47064058,Oliver Baumann,de GER,GK,Hoffenheim,29,1990,30.0,0,0,0,0,0,0,0,,0,1,0,1,3,3,15,0,Matches
69374ff5,Julian Baumgartlinger,at AUT,MF,Leverkusen,31,1988,19.9,42,21,15,21,6,18,42,42.9,24,37,4,33,20,62,16,1,Matches
437f2b00,Christoph Baumgartner,at AUT,"MF,FW",Hoffenheim,19,1999,16.6,32,17,15,16,1,10,37,27.0,27,25,1,24,8,40,13,0,Matches
fbbc8e15,Noah Joel Sarenren Bazee,ng NGA,FW,Augsburg,22,1996,4.2,4,3,0,4,0,1,4,25.0,3,2,1,1,5,9,4,0,Matches
a53b661f,Ihlas Bebou,tg TOG,"FW,MF",Hoffenheim,25,1994,23.4,27,15,9,13,5,8,23,34.8,15,25,4,21,11,38,25,0,Matches
8eb55dbb,Sheraldo Becker,sr SUR,"MF,FW",Union Berlin,24,1995,6.0,2,1,2,0,0,1,3,33.3,2,1,0,1,0,2,1,0,Matches
543ddcaf,Timo Becker,de GER,"DF,MF",Schalke 04,22,1997,3.7,10,9,3,6,1,5,9,55.6,4,6,1,5,3,13,8,0,Matches
5db45ee5,Maximilian Beier,de GER,FW,Hoffenheim,16,2002,1.2,5,2,0,1,4,1,2,50.0,1,2,0,2,0,5,0,0,Matches
ff182fdc,Ishak Belfodil,dz ALG,"FW,MF",Hoffenheim,27,1992,3.0,0,0,0,0,0,0,1,0.0,1,0,0,0,0,0,2,0,Matches
bee0bab1,Karim Bellarabi,de GER,"FW,DF",Leverkusen,29,1990,15.8,19,11,9,7,3,9,28,32.1,19,16,0,16,10,29,4,0,Matches
c50281a0,Lars Bender,de GER,"DF,MF",Leverkusen,30,1989,15.3,42,26,17,20,5,19,38,50.0,19,32,6,26,24,66,30,0,Matches
070ec0b1,Sven Bender,de GER,DF,Leverkusen,30,1989,30.3,53,34,29,17,7,23,48,47.9,25,42,13,29,67,120,88,2,Matches
fe888e39,László Bénes,sk SVK,MF,M'Gladbach,21,1997,10.0,15,8,3,5,7,6,19,31.6,13,6,2,4,8,23,3,1,Matches
f4c7c708,Keanan Bennetts,eng ENG,MF,M'Gladbach,20,1999,0.0,0,0,0,0,0,0,1,0.0,1,0,0,0,0,0,0,0,Matches
378825c7,Ramy Bensebaini,dz ALG,DF,M'Gladbach,24,1995,16.1,33,17,17,12,4,18,31,58.1,13,24,4,20,38,71,49,0,Matches
d5575935,Valon Berisha,xk KVX,MF,Düsseldorf,26,1993,10.5,14,9,3,8,3,6,21,28.6,15,4,1,3,9,23,8,0,Matches
9af1f9ff,Louis Beyer,de GER,DF,M'Gladbach,19,2000,1.2,3,1,3,0,0,0,1,0.0,1,4,2,2,1,4,4,0,Matches
7aac47fe,Ermin Bičakčić,ba BIH,DF,Hoffenheim,29,1990,13.1,7,3,5,2,0,4,11,36.4,7,14,8,6,25,32,64,2,Matches
dc62fbee,Leonardo Bittencourt,de GER,MF,Hoffenheim,25,1993,0.0,1,1,0,0,1,0,0,,0,0,0,0,0,1,0,0,Matches
dc62fbee,Leonardo Bittencourt,de GER,"FW,MF",Werder Bremen,25,1993,21.0,52,28,23,18,11,9,51,17.6,42,20,3,17,12,64,14,0,Matches
2db2fd7b,Jérôme Boateng,de GER,DF,Bayern Munich,30,1988,20.0,21,14,9,12,0,11,22,50.0,11,15,11,4,33,54,58,1,Matches
bb8a42fa,Adam Bodzek,de GER,MF,Düsseldorf,33,1985,22.4,42,26,21,20,1,14,46,30.4,32,34,11,23,25,67,39,0,Matches
635f2732,Jean-Paul Boëtius,nl NED,MF,Mainz 05,25,1994,25.2,63,33,21,31,11,20,57,35.1,37,38,1,37,26,89,6,0,Matches
1fda91b3,Melayro Bogarde,nl NED,DF,Hoffenheim,17,2002,0.6,2,1,2,0,0,2,2,100.0,0,0,0,0,0,2,3,0,Matches
78b9e99c,Dennis Borkowski,de GER,FW,RB Leipzig,17,2002,0.1,0,0,0,0,0,0,0,,0,0,0,0,0,0,0,0,Matches
d728acae,Robin Bormuth,de GER,DF,Düsseldorf,23,1995,2.0,2,1,2,0,0,2,3,66.7,1,6,5,1,0,2,12,0,Matches
01834aa0,Sebastiaan Bornauw,be BEL,DF,Köln,20,1999,27.2,37,24,24,12,1,20,39,51.3,19,32,12,20,42,79,99,0,Matches
b4d90315,Brandon Borrello,au AUS,"MF,FW",Freiburg,24,1995,3.3,10,4,6,4,0,4,10,40.0,6,7,1,6,1,11,1,0,Matches
541127d5,Nassim Boujellab,ma MAR,"MF,FW",Schalke 04,20,1999,4.7,12,10,5,4,3,5,14,35.7,9,8,1,7,7,19,5,0,Matches
7c473e12,Dedryck Boyata,be BEL,DF,Hertha BSC,28,1990,27.1,24,18,17,5,2,4,12,33.3,8,39,32,7,62,86,158,1,Matches
b797f558,Can Bozdogan,de GER,MF,Schalke 04,18,2001,2.6,8,6,5,3,0,3,12,25.0,9,2,0,2,2,10,2,0,Matches
a167537f,Julian Brandt,de GER,"MF,FW",Dortmund,23,1996,24.5,48,33,15,21,12,25,55,45.5,30,35,2,33,16,64,10,1,Matches
d4a2533d,Josip Brekalo,hr CRO,"MF,FW",Wolfsburg,21,1998,18.6,18,8,5,6,7,5,23,21.7,18,26,0,26,16,34,4,0,Matches
e27da244,John Brooks,us USA,DF,Wolfsburg,26,1993,24.7,38,27,27,9,2,24,49,49.0,25,31,12,19,41,79,93,0,Matches
a7813ac4,Daniel Brosinski,de GER,DF,Mainz 05,31,1988,19.0,40,27,13,23,4,15,34,44.1,19,16,2,14,14,54,58,0,Matches
fbffc4b1,Jeffrey Bruma,nl NED,DF,Wolfsburg,27,1991,9.0,9,5,4,5,0,7,13,53.8,6,6,3,3,13,22,51,1,Matches
fbffc4b1,Jeffrey Bruma,nl NED,DF,Mainz 05,27,1991,7.5,12,8,8,4,0,4,6,66.7,2,11,5,6,6,18,34,1,Matches
4e204552,Jacob Bruun Larsen,dk DEN,"FW,MF",Hoffenheim,20,1998,4.3,3,2,3,0,0,3,8,37.5,5,3,0,3,3,6,1,0,Matches
4e204552,Jacob Bruun Larsen,dk DEN,FW,Dortmund,20,1998,0.8,0,0,0,0,0,0,0,,0,0,0,0,0,0,0,0,Matches
ab5b7dc1,Marius Bülter,de GER,"MF,FW",Union Berlin,26,1993,25.8,38,22,19,13,6,17,54,31.5,37,37,3,34,11,49,20,1,Matches
2bcc6d52,Guido Burgstaller,at AUT,FW,Schalke 04,30,1989,13.7,7,3,0,5,2,4,15,26.7,11,12,3,9,4,11,10,0,Matches
05f99a4a,Jonathan Burkardt,de GER,"FW,MF",Mainz 05,19,2000,2.8,9,4,2,5,2,3,8,37.5,5,6,1,5,0,9,1,0,Matches
9d12e142,Roman Bürki,ch SUI,GK,Dortmund,28,1990,30.8,2,2,2,0,0,2,3,66.7,1,1,0,1,2,4,13,1,Matches
d1273f09,Daniel Caligiuri,it ITA,"MF,FW",Schalke 04,31,1988,25.5,58,37,18,25,15,27,74,36.5,47,67,6,61,25,83,39,0,Matches
a65ce836,Emre Can,de GER,"MF,DF",Dortmund,25,1994,10.6,19,12,11,7,1,5,12,41.7,7,14,6,8,19,38,15,0,Matches
db401046,Koen Casteels,be BEL,GK,Wolfsburg,27,1992,26.0,0,0,0,0,0,0,0,,0,0,0,0,0,0,9,1,Matches
b3b7f5a6,Timothy Chandler,us USA,"DF,MF",Eint Frankfurt,29,1990,13.6,22,10,9,8,5,9,16,56.3,7,9,4,5,13,35,21,0,Matches
7961f7aa,Kwon Chang-hoon,kr KOR,"MF,FW",Freiburg,25,1994,7.5,7,4,2,3,2,1,10,10.0,9,5,1,4,7,14,14,0,Matches
c6608135,Darko Churlinov,mk MKD,MF,Köln,19,2000,0.2,1,1,1,0,0,1,2,50.0,1,0,0,0,1,2,0,0,Matches
ecab64a0,Per Ciljan Skjelbred,no NOR,MF,Hertha BSC,32,1987,18.1,50,30,18,29,3,17,41,41.5,24,14,3,11,23,73,17,0,Matches
612cb8d3,Christian Clemens,de GER,FW,Köln,27,1991,0.2,0,0,0,0,0,0,0,,0,1,1,0,0,0,0,0,Matches
33a95e0a,Jamilu Collins,ng NGA,DF,Paderborn 07,24,1994,29.6,69,43,44,21,4,37,62,59.7,25,53,19,34,70,139,91,1,Matches
042e8a49,Kingsley Coman,fr FRA,"FW,MF",Bayern Munich,23,1996,16.7,19,11,6,7,6,12,27,44.4,15,9,0,9,4,23,3,0,Matches
9f381d8b,Jhon Córdoba,co COL,FW,Köln,26,1993,22.2,9,6,1,5,3,3,13,23.1,10,19,1,18,5,14,17,0,Matches
229cd98a,Sergio Córdova,ve VEN,FW,Augsburg,21,1997,4.1,3,0,0,2,1,1,10,10.0,9,0,0,0,0,3,3,0,Matches
5ddb8f9f,Danny da Costa,de GER,"DF,FW",Eint Frankfurt,26,1993,15.4,26,17,14,8,4,6,16,37.5,10,16,1,15,15,41,26,0,Matches
0ef89a37,Philippe Coutinho,br BRA,"MF,FW",Bayern Munich,27,1992,15.7,21,15,1,13,7,2,13,15.4,11,9,2,7,6,27,0,0,Matches
5722eced,Mickaël Cuisance,fr FRA,"MF,FW",Bayern Munich,19,1999,3.4,2,1,0,2,0,1,9,11.1,8,1,1,0,3,5,0,0,Matches
dc62b55d,Matheus Cunha,br BRA,"FW,MF",Hertha BSC,20,1999,8.3,10,5,6,4,0,4,11,36.4,7,11,1,10,10,20,1,0,Matches
dc62b55d,Matheus Cunha,br BRA,"FW,MF",RB Leipzig,20,1999,3.1,6,2,0,1,5,0,2,0.0,2,5,1,4,1,7,0,0,Matches
b0a0698b,Rafael Czichos,de GER,DF,Köln,29,1990,24.5,43,34,26,16,1,22,45,48.9,23,24,13,11,35,78,110,1,Matches
eac044ad,Moanes Dabbur,il ISR,FW,Hoffenheim,27,1992,8.5,8,5,1,3,4,3,10,30.0,7,6,2,4,4,12,1,0,Matches
db4ed67b,Mahmoud Dahoud,de GER,MF,Dortmund,23,1996,6.2,10,6,4,4,2,6,18,33.3,12,8,2,6,8,18,4,0,Matches
aeaf1bc1,Leon Dajaku,de GER,"DF,MF",Bayern Munich,18,2001,0.1,0,0,0,0,0,0,1,0.0,1,0,0,0,0,0,0,0,Matches
3eb0f2df,Vladimír Darida,cz CZE,MF,Hertha BSC,28,1990,25.1,50,27,14,31,5,11,48,22.9,37,44,7,37,27,77,19,2,Matches
d781d855,Alphonso Davies,ca CAN,DF,Bayern Munich,18,2000,24.8,70,43,35,24,11,38,58,65.5,20,35,6,29,31,101,51,0,Matches
fe641c1a,Thomas Delaney,dk DEN,MF,Dortmund,27,1991,9.2,22,10,10,11,1,9,15,60.0,6,16,7,9,26,48,26,0,Matches
54b4dc4e,Kerem Demirbay,de GER,MF,Leverkusen,26,1993,17.5,35,19,10,21,4,12,31,38.7,19,19,5,14,22,57,7,1,Matches
dc3fa3b5,Diego Demme,de GER,MF,RB Leipzig,27,1991,13.5,41,18,17,19,5,17,42,40.5,25,14,2,12,15,56,14,0,Matches
aeed5c06,Moussa Diaby,fr FRA,"FW,MF",Leverkusen,20,1999,19.7,10,8,3,7,0,5,15,33.3,10,6,0,6,9,19,4,0,Matches
34a0f5ff,Javairô Dilrosun,nl NED,"MF,FW",Hertha BSC,21,1998,14.5,15,8,11,1,3,5,13,38.5,8,20,0,20,18,33,10,0,Matches
7d841904,Ji Dong-won,kr KOR,"FW,MF",Mainz 05,28,1991,1.1,0,0,0,0,0,0,1,0.0,1,1,0,1,0,0,0,0,Matches
dc90cfbe,Bas Dost,nl NED,FW,Eint Frankfurt,30,1989,16.4,11,7,1,7,3,3,7,42.9,4,6,2,4,5,16,22,0,Matches
7bd5b8fd,Mamadou Doucouré,fr FRA,MF,M'Gladbach,21,1998,0.0,0,0,0,0,0,0,0,,0,0,0,0,0,0,0,0,Matches
8954fddc,Mohamed Dräger,tn TUN,DF,Paderborn 07,23,1996,16.2,32,21,22,8,2,14,33,42.4,19,17,5,12,18,50,39,0,Matches
6fd8a334,Aleksandar Dragović,at AUT,DF,Leverkusen,28,1991,11.4,18,11,11,6,1,10,21,47.6,11,9,3,6,15,33,39,0,Matches
809940aa,Dominick Drexler,de GER,"MF,FW",Köln,29,1990,17.6,34,25,12,19,3,8,32,25.0,24,11,5,6,26,60,11,0,Matches
79ca3e23,Ondrej Duda,sk SVK,MF,Hertha BSC,24,1994,5.0,6,4,1,2,3,1,10,10.0,9,3,1,2,5,11,5,0,Matches
cf623c78,Erik Durm,de GER,"DF,FW",Eint Frankfurt,27,1992,5.7,13,6,9,2,2,9,17,52.9,8,11,2,9,3,16,11,0,Matches
d571df78,Johannes Eggestein,de GER,"MF,FW",Werder Bremen,21,1998,5.7,8,6,2,2,4,3,12,25.0,9,6,0,6,2,10,4,0,Matches
beb882a8,Maximilian Eggestein,de GER,MF,Werder Bremen,22,1996,31.7,40,28,20,18,2,15,43,34.9,28,37,8,29,36,76,57,0,Matches
76b2817e,Kingsley Ehizibue,nl NED,DF,Köln,24,1995,25.9,79,53,44,30,5,33,53,62.3,20,28,8,20,39,118,79,1,Matches
6cb0211b,Ilay Elmkies,il ISR,MF,Hoffenheim,19,2000,0.0,1,1,1,0,0,0,0,,0,0,0,0,0,1,0,0,Matches
48035304,Nico Elvedi,ch SUI,DF,M'Gladbach,22,1996,29.1,45,27,37,8,0,19,38,50.0,19,32,15,17,62,107,112,0,Matches
0b4f388a,Breel Embolo,ch SUI,"FW,MF",M'Gladbach,22,1997,17.2,22,11,2,15,5,4,15,26.7,11,12,1,11,8,30,5,0,Matches
b48215cd,Alexander Esswein,de GER,"FW,MF",Hertha BSC,29,1990,2.4,6,4,4,2,0,3,8,37.5,5,8,1,7,7,13,7,1,Matches
cce7087c,Antony Evans,eng ENG,"MF,DF",Paderborn 07,20,1998,1.7,5,4,1,3,1,1,5,20.0,4,1,1,0,2,7,4,0,Matches
b82880c6,Simon Falette,gn GUI,DF,Eint Frankfurt,27,1992,1.0,0,0,0,0,0,0,1,0.0,1,3,3,0,3,3,5,0,Matches
677da306,Ohis Felix Uduokhai,de GER,DF,Augsburg,21,1997,21.8,43,26,30,12,1,19,29,65.5,10,40,30,10,36,79,125,2,Matches
3bb625ac,Edimilson Fernandes,ch SUI,"MF,DF",Mainz 05,23,1996,16.5,33,20,12,15,6,15,33,45.5,18,17,9,8,32,65,47,1,Matches
8e58987d,Gelson Fernandes,ch SUI,MF,Eint Frankfurt,32,1986,8.6,30,18,13,17,0,7,21,33.3,14,11,3,8,16,46,9,2,Matches
316162b6,Oliver Fink,de GER,"MF,FW",Düsseldorf,37,1982,7.5,21,12,7,11,3,5,16,31.3,11,12,1,11,15,36,7,0,Matches
f9e7c4ac,Alfreð Finnbogason,is ISL,FW,Augsburg,30,1989,10.7,11,6,1,9,1,2,7,28.6,5,8,2,6,3,14,8,0,Matches
a92ab7be,Mark Flekken,nl NED,GK,Freiburg,26,1993,10.0,0,0,0,0,0,0,1,0.0,1,0,0,0,0,0,2,2,Matches
9a2e0ccc,Emil Forsberg,se SWE,MF,RB Leipzig,27,1991,12.7,16,10,5,8,3,6,26,23.1,20,15,0,15,5,21,3,0,Matches
626fab5f,Raphael Framberger,de GER,DF,Augsburg,23,1995,13.1,43,25,23,16,4,21,29,72.4,8,23,9,14,20,63,26,0,Matches
482b70ad,Mike Frantz,de GER,MF,Freiburg,32,1986,3.9,4,2,1,3,0,2,9,22.2,7,5,3,2,1,5,4,0,Matches
f86ad3f5,Marco Friedl,at AUT,"DF,MF",Werder Bremen,21,1998,24.3,61,39,42,15,4,29,54,53.7,25,29,9,20,34,95,78,0,Matches
b77f44a4,Marvin Friedrich,de GER,DF,Union Berlin,23,1995,31.0,45,31,30,14,1,12,37,32.4,25,46,24,22,42,87,110,0,Matches
55557b25,Samúel Friðjónsson,is ISL,MF,Paderborn 07,23,1996,2.1,4,1,3,1,0,1,3,33.3,2,4,1,3,4,8,4,0,Matches
4f16405e,Niclas Füllkrug,de GER,FW,Werder Bremen,26,1993,4.5,2,2,1,1,0,1,3,33.3,2,3,0,3,3,5,6,0,Matches
16daec92,Mijat Gaćinović,rs SRB,"MF,FW",Eint Frankfurt,24,1995,11.6,19,11,7,8,4,6,25,24.0,19,26,2,24,15,34,6,0,Matches
3f65898c,Theodor Gebre Selassie,cz CZE,"DF,MF",Werder Bremen,32,1986,27.0,36,27,23,10,3,17,35,48.6,18,26,9,17,63,99,81,0,Matches
37f606f0,Dennis Geiger,de GER,MF,Hoffenheim,21,1998,12.6,12,5,4,6,2,2,16,12.5,14,9,2,7,6,18,4,0,Matches
a4f94a0d,Christian Gentner,de GER,MF,Union Berlin,33,1985,27.1,53,28,16,32,5,22,73,30.1,51,46,8,38,54,107,50,0,Matches
62ab9184,Yannick Gerhardt,de GER,MF,Wolfsburg,25,1994,9.2,28,18,7,15,6,8,21,38.1,13,11,3,8,12,40,9,0,Matches
7242b495,Niko Gießelmann,de GER,DF,Düsseldorf,27,1991,22.9,46,31,31,11,4,22,45,48.9,23,23,6,17,27,73,55,1,Matches
17376543,Rafał Gikiewicz,pl POL,GK,Union Berlin,31,1987,33.0,1,0,1,0,0,1,4,25.0,3,0,0,0,2,3,26,4,Matches
e5f63987,Daniel Ginczek,de GER,FW,Wolfsburg,28,1991,8.5,4,3,3,1,0,1,11,9.1,10,3,1,2,1,5,3,0,Matches
f521b80a,Matthias Ginter,de GER,DF,M'Gladbach,25,1994,30.9,34,20,19,14,1,17,31,54.8,14,27,22,5,34,68,125,3,Matches
431c837b,Klaus Gjasula,al ALB,MF,Paderborn 07,29,1989,25.3,69,39,30,35,4,30,61,49.2,31,33,6,27,32,101,50,2,Matches
88e357ef,Serge Gnabry,de GER,"FW,MF",Bayern Munich,24,1995,24.4,36,16,4,19,13,9,29,31.0,20,17,0,17,16,52,2,1,Matches
deee6467,Akaki Gogia,de GER,"MF,FW",Union Berlin,27,1992,1.3,2,1,0,0,2,0,2,0.0,2,2,2,0,0,2,0,0,Matches
d5980989,Benjamin Goller,de GER,"FW,MF",Werder Bremen,20,1999,3.2,8,3,3,4,1,3,10,30.0,7,3,0,3,1,9,1,0,Matches
49ffe0f2,Jérôme Gondorf,de GER,MF,Freiburg,31,1988,1.3,9,6,7,1,1,3,6,50.0,3,3,2,1,0,9,2,0,Matches
cc86b9a3,Leon Goretzka,de GER,MF,Bayern Munich,24,1995,16.8,28,15,7,18,3,10,32,31.3,22,18,2,16,24,52,8,0,Matches
9efa1d25,Mario Götze,de GER,FW,Dortmund,27,1992,5.8,10,7,0,6,4,3,12,25.0,9,3,0,3,2,12,1,0,Matches
1025db8e,Jeffrey Gouweleeuw,nl NED,DF,Augsburg,28,1991,18.3,28,16,22,5,1,12,21,57.1,9,15,8,7,37,65,97,0,Matches
8e235926,Michael Gregoritsch,at AUT,"MF,FW",Augsburg,25,1994,3.4,2,2,0,2,0,0,4,0.0,4,4,1,3,3,5,7,0,Matches
8e235926,Michael Gregoritsch,at AUT,FW,Schalke 04,25,1994,9.2,8,5,0,6,2,0,9,0.0,9,9,1,8,2,10,10,0,Matches
54e4866f,Vincenzo Grifo,it ITA,MF,Hoffenheim,26,1993,0.2,0,0,0,0,0,0,0,,0,0,0,0,0,0,0,0,Matches
54e4866f,Vincenzo Grifo,it ITA,"MF,FW",Freiburg,26,1993,18.0,15,10,9,3,3,6,25,24.0,19,13,1,12,14,29,18,1,Matches
ffbbc83b,Florian Grillitsch,at AUT,"MF,DF",Hoffenheim,23,1995,26.8,59,29,34,24,1,29,61,47.5,32,33,6,27,49,108,41,1,Matches
14a7af33,Christian Groß,de GER,"DF,MF",Werder Bremen,30,1989,9.7,23,17,16,5,2,9,16,56.3,7,13,7,6,14,37,50,1,Matches
f2dd9a21,Carlos Gruezo,ec ECU,MF,Augsburg,24,1995,9.8,28,12,12,15,1,5,24,20.8,19,5,0,5,6,34,5,0,Matches
8b8e759d,Marko Grujić,rs SRB,MF,Hertha BSC,23,1996,26.8,56,34,21,30,5,19,63,30.2,44,43,9,34,22,78,69,0,Matches
048a1cbc,Raphaël Guerreiro,pt POR,"DF,MF",Dortmund,25,1993,25.9,44,24,18,21,5,20,32,62.5,12,27,3,24,42,86,26,0,Matches
4942dad3,Babacar Guèye,sn SEN,FW,Paderborn 07,24,1994,1.2,2,0,0,0,2,0,1,0.0,1,1,1,0,0,2,3,0,Matches
e6c43eec,Josuha Guilavogui,fr FRA,"MF,DF",Wolfsburg,28,1990,22.9,41,26,17,23,1,10,30,33.3,20,35,9,26,45,86,64,2,Matches
bcb2ccd8,Péter Gulácsi,hu HUN,GK,RB Leipzig,29,1990,32.0,0,0,0,0,0,0,0,,0,0,0,0,1,1,18,6,Matches
25ab9c9c,Manuel Gulde,de GER,DF,Freiburg,28,1991,15.2,28,16,17,9,2,15,24,62.5,9,23,13,10,22,50,80,1,Matches
8593f88c,Christian Günter,de GER,DF,Freiburg,26,1993,33.7,25,11,17,7,1,12,35,34.3,23,29,13,16,14,39,40,0,Matches
1bcca8b8,Jonathan de Guzmán,nl NED,MF,Eint Frankfurt,31,1987,1.0,1,1,0,1,0,1,7,14.3,6,2,0,2,1,2,0,0,Matches
1f44ac21,Erling Haaland,no NOR,FW,Dortmund,19,2000,11.8,4,2,1,0,3,0,4,0.0,4,7,4,3,4,8,4,0,Matches
70dcf94d,Janik Haberer,de GER,"MF,FW",Freiburg,25,1994,19.1,26,18,8,14,4,12,45,26.7,33,25,4,21,25,51,23,0,Matches
a5ec3ede,Alexander Hack,de GER,DF,Mainz 05,25,1993,8.9,26,10,19,6,1,16,27,59.3,11,20,9,11,23,49,60,1,Matches
cd82452e,André Hahn,de GER,"FW,MF",Augsburg,28,1990,7.8,15,9,7,5,3,5,21,23.8,16,23,5,18,13,28,14,0,Matches
92432bc6,Amadou Haidara,ml MLI,MF,RB Leipzig,21,1998,8.4,26,16,7,17,2,10,24,41.7,14,14,2,12,8,34,10,1,Matches
e42d61c7,Achraf Hakimi,ma MAR,"DF,MF",Dortmund,20,1998,30.2,60,41,38,14,8,27,64,42.2,37,26,2,24,30,90,27,2,Matches
8ff2354e,Marcel Halstenberg,de GER,DF,RB Leipzig,27,1991,28.0,46,31,27,17,2,28,58,48.3,30,37,11,26,46,92,72,2,Matches
e7d59f4f,Amine Harit,ma MAR,"MF,FW",Schalke 04,22,1997,23.4,16,7,8,5,3,6,25,24.0,19,13,0,13,7,23,2,1,Matches
99b7584f,Martin Harnik,at AUT,"MF,FW",Werder Bremen,32,1987,0.1,0,0,0,0,0,0,0,,0,0,0,0,0,0,0,0,Matches
9ab16552,Makoto Hasebe,jp JPN,"DF,MF",Eint Frankfurt,35,1984,21.9,28,20,16,9,3,18,39,46.2,21,38,10,28,26,54,38,0,Matches
fed7cb61,Kai Havertz,de GER,"MF,FW",Leverkusen,20,1999,27.3,21,15,5,10,6,6,39,15.4,33,22,0,22,2,23,22,0,Matches
50871bcc,Thorgan Hazard,be BEL,"FW,MF",Dortmund,26,1993,26.4,40,27,17,14,9,12,50,24.0,38,29,0,29,13,53,2,1,Matches
c2009df3,Jonas Hector,de GER,"MF,DF",Köln,29,1990,27.0,76,49,37,34,5,24,75,32.0,51,44,10,34,46,122,38,1,Matches
699fb8db,Dominique Heintz,de GER,DF,Freiburg,25,1993,27.0,47,30,40,6,1,17,43,39.5,26,38,25,13,41,88,131,1,Matches
17611373,Rouwen Hennings,de GER,FW,Düsseldorf,31,1987,27.3,11,5,2,7,2,3,18,16.7,15,12,0,12,2,13,33,0,Matches
c3ee18ef,Lucas Hernández,fr FRA,DF,Bayern Munich,23,1996,10.2,18,9,13,3,2,9,15,60.0,6,6,1,5,15,33,17,0,Matches
dfb6490a,Patrick Herrmann,de GER,"FW,MF",M'Gladbach,28,1991,16.1,24,11,8,10,6,5,16,31.3,11,21,4,17,11,35,8,0,Matches
080440a4,Martin Hinteregger,at AUT,DF,Eint Frankfurt,26,1992,30.2,66,51,33,30,3,28,57,49.1,29,41,21,20,36,102,96,0,Matches
2e7ff968,Marwin Hitz,ch SUI,GK,Dortmund,31,1987,3.2,0,0,0,0,0,0,0,,0,0,0,0,0,0,0,0,Matches
34b306a1,André Hoffmann,de GER,DF,Düsseldorf,26,1993,27.0,48,22,30,18,0,16,50,32.0,34,22,9,13,56,104,90,0,Matches
5d8e331f,Nicolas Höfler,de GER,MF,Freiburg,29,1990,30.9,65,40,31,28,6,22,64,34.4,42,58,18,40,71,136,59,3,Matches
2903a856,Jonas Hofmann,de GER,"MF,FW",M'Gladbach,27,1992,18.1,43,27,22,12,9,22,76,28.9,54,28,3,25,18,61,14,0,Matches
9908c518,Jonas Hofmann,de GER,MF,Schalke 04,22,1997,0.0,0,0,0,0,0,0,0,,0,0,0,0,0,0,2,0,Matches
4114f306,Marco Höger,de GER,MF,Köln,29,1989,7.5,10,6,4,5,1,6,16,37.5,10,14,4,10,6,16,15,0,Matches
ca618d23,Lucas Höler,de GER,"FW,MF",Freiburg,25,1994,27.6,35,15,11,16,8,11,46,23.9,35,30,9,21,12,47,38,0,Matches
2979c05a,Gerrit Holtmann,ph PHI,"MF,DF",Paderborn 07,24,1995,11.8,24,14,14,6,4,15,37,40.5,22,21,1,20,6,30,8,0,Matches
60dfc525,Luca Horn,de GER,DF,Wolfsburg,20,1998,0.1,0,0,0,0,0,0,0,,0,0,0,0,0,0,0,0,Matches
3cd9e95a,Timo Horn,de GER,GK,Köln,26,1993,34.0,0,0,0,0,0,0,5,0.0,5,0,0,0,2,2,15,1,Matches
ad3389d5,Lukáš Hrádecký,fi FIN,GK,Leverkusen,29,1989,34.0,0,0,0,0,0,0,1,0.0,1,0,0,0,2,2,19,2,Matches
99de6b6f,Benjamin Hübner,de GER,DF,Hoffenheim,30,1989,23.0,42,26,33,9,0,23,45,51.1,22,18,13,5,30,72,98,2,Matches
e87ad81a,Florian Hübner,de GER,DF,Union Berlin,28,1991,9.4,16,14,12,4,0,7,17,41.2,10,11,7,4,16,32,39,0,Matches
05d548d8,Mats Hummels,de GER,DF,Dortmund,30,1988,28.7,57,30,30,26,1,20,38,52.6,18,41,18,23,59,116,110,1,Matches
f42456eb,Uwe Hünemeier,de GER,DF,Paderborn 07,33,1986,13.4,20,15,9,11,0,10,20,50.0,10,22,12,10,24,44,63,0,Matches
e8fd2e5b,Jannik Huth,de GER,GK,Paderborn 07,25,1994,6.0,0,0,0,0,0,0,1,0.0,1,0,0,0,0,0,2,0,Matches
054849d2,Iago,br BRA,"DF,MF",Augsburg,22,1997,7.5,19,12,12,7,0,9,18,50.0,9,6,2,4,14,33,27,0,Matches
c3fd9887,Vedad Ibišević,ba BIH,FW,Hertha BSC,34,1984,14.0,4,3,0,1,3,0,3,0.0,3,4,0,4,1,5,15,0,Matches
e5cad51e,Luc Ihorst,de GER,FW,Werder Bremen,19,2000,0.1,1,1,0,0,1,0,0,,0,1,0,1,0,1,0,0,Matches
8494acc4,Stefan Ilsanker,at AUT,DF,RB Leipzig,30,1989,4.6,3,1,3,0,0,3,6,50.0,3,6,3,3,7,10,21,0,Matches
8494acc4,Stefan Ilsanker,at AUT,"DF,MF",Eint Frankfurt,30,1989,9.3,23,15,16,7,0,10,23,43.5,13,8,1,7,19,42,26,0,Matches
271b8617,Marcus Ingvartsen,dk DEN,"MF,FW",Union Berlin,23,1996,19.1,20,14,5,7,8,9,28,32.1,19,16,1,15,16,36,16,0,Matches
e6c15f6e,Gian-Luca Itter,de GER,"DF,MF",Freiburg,20,1999,0.4,1,1,1,0,0,1,1,100.0,0,0,0,0,1,2,4,0,Matches
a0415710,Ismail Jakobs,sn SEN,"FW,DF",Köln,19,1999,18.6,34,23,18,9,7,10,23,43.5,13,25,3,22,24,58,30,0,Matches
0fbb73c2,Laurent Jans,lu LUX,DF,Paderborn 07,26,1992,17.5,42,25,30,8,4,22,48,45.8,26,25,10,15,19,61,49,1,Matches
34b54da7,Tony Jantschke,de GER,DF,M'Gladbach,29,1990,11.2,33,21,23,10,0,15,24,62.5,9,20,11,9,27,60,48,0,Matches
27d2618c,Rune Jarstein,no NOR,GK,Hertha BSC,34,1984,28.3,4,1,4,0,0,2,3,66.7,1,0,0,0,1,5,11,3,Matches
6bba916f,Dennis Jastrzembski,pl POL,"MF,FW",Paderborn 07,19,2000,2.0,2,0,1,1,0,0,1,0.0,1,3,0,3,3,5,0,0,Matches
f820504e,Tin Jedvaj,hr CRO,DF,Augsburg,23,1995,29.3,44,26,25,19,0,23,47,48.9,24,36,18,18,60,104,123,1,Matches
3eeb80e0,Fredrik Jensen,fi FIN,"MF,FW",Augsburg,21,1997,5.1,3,1,2,1,0,2,7,28.6,5,7,1,6,1,4,3,0,Matches
76e5da9d,Fabian Johnson,us USA,"MF,DF",M'Gladbach,31,1987,3.0,5,3,2,2,1,2,4,50.0,2,4,1,3,2,7,3,0,Matches
95a24690,Dejan Joveljić,rs SRB,FW,Eint Frankfurt,19,1999,1.7,2,2,1,1,0,0,1,0.0,1,0,0,0,0,2,1,0,Matches
0db5d2c8,Mathias Jørgensen,dk DEN,DF,Düsseldorf,29,1990,5.5,4,3,3,1,0,2,4,50.0,2,7,3,4,13,17,33,0,Matches
2d61d13a,Ozan Kabak,tr TUR,DF,Schalke 04,19,2000,19.7,37,23,28,9,0,14,21,66.7,7,33,19,14,37,74,97,0,Matches
79c90e45,Pavel Kadeřábek,cz CZE,"DF,FW",Hoffenheim,27,1992,27.5,32,22,17,13,2,13,30,43.3,17,29,7,22,27,59,55,1,Matches
94c18565,Florian Kainz,at AUT,"FW,MF",Köln,26,1992,17.3,21,13,12,6,3,15,33,45.5,18,26,2,24,13,34,11,0,Matches
2042d931,Salomon Kalou,ci CIV,"FW,MF",Hertha BSC,33,1985,1.6,1,0,1,0,0,0,2,0.0,2,2,0,2,0,1,1,0,Matches
15b287da,Daichi Kamada,jp JPN,"MF,FW",Eint Frankfurt,22,1996,21.9,29,20,7,17,5,8,42,19.0,34,16,1,15,10,39,6,0,Matches
b825a650,Kevin Kampl,si SVN,MF,RB Leipzig,28,1990,7.5,17,11,7,10,0,7,23,30.4,16,7,2,5,16,33,6,0,Matches
62ba5881,Stefanos Kapino,gr GRE,GK,Werder Bremen,25,1994,1.0,0,0,0,0,0,0,0,,0,0,0,0,1,1,0,0,Matches
8f0f2230,Kenan Karaman,tr TUR,"FW,MF",Düsseldorf,25,1994,15.0,11,5,2,5,4,4,9,44.4,5,9,4,5,2,13,7,0,Matches
23a10591,Mamoudou Karamoko,fr FRA,MF,Wolfsburg,19,1999,0.1,0,0,0,0,0,0,0,,0,0,0,0,0,0,0,0,Matches
dc2e4736,Florian Kastenmeier,de GER,GK,Düsseldorf,22,1997,17.0,1,1,1,0,0,0,0,,0,0,0,0,2,3,3,1,Matches
e27de4fa,Noah Katterbach,de GER,DF,Köln,18,2001,14.6,29,23,21,8,0,11,28,39.3,17,12,1,11,29,58,26,0,Matches
d2c580ce,Yannik Keitel,de GER,MF,Freiburg,19,2000,1.9,2,1,1,1,0,0,6,0.0,6,3,1,2,4,6,4,0,Matches
099e666f,Jonjoe Kenny,eng ENG,DF,Schalke 04,22,1997,30.2,49,29,24,19,6,26,51,51.0,25,45,10,35,26,75,79,0,Matches
59e4b92e,Rani Khedira,de GER,MF,Augsburg,25,1994,29.4,60,36,21,35,4,18,45,40.0,27,47,12,35,48,108,62,0,Matches
610aa1e9,Luca Kilian,de GER,DF,Paderborn 07,19,1999,14.0,33,24,27,6,0,22,41,53.7,19,20,9,11,12,45,67,0,Matches
49296448,Joshua Kimmich,de GER,"MF,DF",Bayern Munich,24,1995,31.3,52,29,21,20,11,22,55,40.0,33,38,9,29,29,81,29,0,Matches
15fd5593,Davy Klaassen,nl NED,MF,Werder Bremen,26,1993,32.6,55,43,19,23,13,19,57,33.3,38,46,18,28,38,93,45,2,Matches
aeda1f69,Felix Klaus,de GER,"MF,FW",Wolfsburg,26,1992,7.4,24,16,4,13,7,7,19,36.8,12,10,2,8,3,27,5,0,Matches
ca8033cb,Lukas Klostermann,de GER,DF,RB Leipzig,23,1996,29.4,45,26,24,16,5,18,31,58.1,13,34,16,18,26,71,101,2,Matches
92948149,Lukas Klünter,de GER,DF,Hertha BSC,23,1996,20.9,44,31,26,16,2,20,30,66.7,10,16,4,12,27,71,61,1,Matches
6bd5cd5d,Robin Knoche,de GER,DF,Wolfsburg,27,1992,17.7,29,14,24,5,0,17,30,56.7,13,19,11,8,27,56,77,1,Matches
ea6bc03a,Robin Koch,de GER,"DF,MF",Freiburg,23,1996,30.1,34,20,20,13,1,11,26,42.3,15,30,22,8,45,79,94,4,Matches
0fbecd11,Dominik Kohr,de GER,MF,Eint Frankfurt,25,1994,16.1,44,35,15,25,4,18,53,34.0,35,31,11,20,30,74,16,0,Matches
5ed9b537,Ibrahima Konaté,fr FRA,DF,RB Leipzig,20,1999,6.3,11,6,10,1,0,2,7,28.6,5,9,4,5,5,16,35,1,Matches
3861d9cc,Pascal Köpke,de GER,FW,Hertha BSC,23,1995,1.3,0,0,0,0,0,0,0,,0,0,0,0,0,0,0,0,Matches
b1cd37e6,Filip Kostić,rs SRB,"DF,FW",Eint Frankfurt,26,1992,32.9,59,38,30,20,9,22,59,37.3,37,45,2,43,23,82,16,0,Matches
dc366c36,Tomáš Koubek,cz CZE,GK,Augsburg,26,1992,24.0,3,2,3,0,0,3,11,27.3,8,1,0,1,1,4,23,3,Matches
be5e1c4c,Dawid Kownacki,pl POL,"FW,MF",Düsseldorf,22,1997,12.1,13,8,5,7,1,9,20,45.0,11,13,2,11,6,19,8,0,Matches
bb25c778,Thomas Kraft,de GER,GK,Hertha BSC,31,1988,4.0,0,0,0,0,0,0,0,,0,0,0,0,1,1,0,0,Matches
603cb947,Andrej Kramarić,hr CRO,"FW,MF",Hoffenheim,28,1991,15.8,2,1,1,0,1,1,7,14.3,6,6,0,6,3,5,4,0,Matches
496aeede,Christoph Kramer,de GER,MF,M'Gladbach,28,1991,16.3,45,29,19,21,5,19,49,38.8,30,22,3,19,14,59,19,0,Matches
9f77012e,Tom Krauß,de GER,MF,RB Leipzig,18,2001,0.0,1,1,0,1,0,1,2,50.0,1,0,0,0,0,1,0,0,Matches
4d7faad1,Felix Kroos,de GER,"MF,DF",Union Berlin,28,1991,4.2,17,9,9,6,2,8,15,53.3,7,6,3,3,3,20,13,1,Matches
2a29eb9b,Lukas Kübler,de GER,DF,Freiburg,26,1992,2.3,1,1,0,1,0,1,5,20.0,4,2,0,2,1,2,6,0,Matches
9ceb7642,Pierre Kunde,cm CMR,MF,Mainz 05,24,1995,20.7,34,17,15,18,1,12,30,40.0,18,16,4,12,26,60,55,0,Matches
beda9675,Ahmed Kutucu,tr TUR,"FW,MF",Schalke 04,19,2000,7.5,11,7,3,6,2,4,15,26.7,11,5,0,5,2,13,5,0,Matches
c1b7847c,Konrad Laimer,at AUT,MF,RB Leipzig,22,1997,23.5,91,45,30,46,15,43,102,42.2,59,51,8,43,34,125,14,0,Matches
4aea5077,Stefan Lainer,at AUT,DF,M'Gladbach,26,1992,30.1,51,30,25,19,7,24,54,44.4,30,38,7,31,29,80,71,0,Matches
864db10a,Michael Lang,ch SUI,"DF,FW",Werder Bremen,28,1991,6.0,8,5,3,5,0,6,12,50.0,6,5,1,4,7,15,22,0,Matches
74d70fb5,Sebastian Langkamp,de GER,DF,Werder Bremen,31,1988,3.5,3,2,3,0,0,2,4,50.0,2,5,3,2,3,6,11,1,Matches
33b554b7,Danny Latza,de GER,MF,Mainz 05,29,1989,15.3,33,19,15,17,1,16,49,32.7,33,22,5,17,17,50,24,0,Matches
b93b7882,Mathew Leckie,au AUS,"DF,FW",Hertha BSC,28,1991,2.2,3,1,1,2,0,2,3,66.7,1,6,0,6,2,5,2,1,Matches
364445b2,Toni Leistner,de GER,DF,Köln,28,1990,11.2,19,12,10,9,0,5,13,38.5,8,16,7,9,32,51,57,0,Matches
792ffa71,Tim Lemperle,de GER,MF,Köln,17,2002,0.2,0,0,0,0,0,0,0,,0,0,0,0,0,0,0,0,Matches
bbd86530,Christopher Lenz,de GER,"DF,MF",Union Berlin,24,1994,25.2,63,37,37,20,6,26,49,53.1,23,46,11,35,43,106,65,0,Matches
8d78e732,Robert Lewandowski,pl POL,FW,Bayern Munich,30,1988,30.7,18,9,3,9,6,3,15,20.0,12,13,1,12,7,25,13,0,Matches
99b1d0e6,Stephan Lichtsteiner,ch SUI,DF,Augsburg,35,1984,14.9,23,14,16,5,2,10,22,45.5,12,15,7,8,16,39,35,0,Matches
302527b2,Philipp Lienhart,at AUT,DF,Freiburg,23,1996,20.2,11,4,10,1,0,6,13,46.2,7,24,17,7,28,39,86,0,Matches
6cc47ae1,Jürgen Locadia,nl NED,FW,Hoffenheim,25,1993,5.9,5,4,0,4,1,1,4,25.0,3,1,0,1,0,5,3,0,Matches
7c104bb7,Ademola Lookman,ng NGA,"FW,MF",RB Leipzig,21,1997,3.4,6,4,3,1,2,1,1,100.0,0,3,0,3,1,7,0,1,Matches
70678132,Eduard Löwen,de GER,MF,Augsburg,22,1997,7.5,10,8,6,2,2,6,18,33.3,12,11,2,9,5,15,7,0,Matches
70678132,Eduard Löwen,de GER,MF,Hertha BSC,22,1997,3.5,9,6,3,6,0,5,11,45.5,6,2,1,1,7,16,2,0,Matches
3588d4fe,Jan Luca Rumpf,de GER,DF,Paderborn 07,20,1999,1.0,0,0,0,0,0,0,0,,0,0,0,0,0,0,2,0,Matches
0c61c77c,Dodi Lukebakio,be BEL,"FW,MF",Hertha BSC,21,1997,22.6,25,18,13,8,4,10,28,35.7,18,22,4,18,10,35,14,0,Matches
7fe12375,Andreas Luthe,de GER,GK,Augsburg,32,1987,10.0,1,0,1,0,0,1,2,50.0,1,0,0,0,0,1,5,1,Matches
ab700320,Arne Maier,de GER,MF,Hertha BSC,20,1999,5.9,9,7,6,1,2,1,10,10.0,9,5,0,5,7,16,2,1,Matches
f3722c97,Yunus Mallı,tr TUR,"MF,FW",Union Berlin,27,1992,7.5,8,3,1,5,2,5,10,50.0,5,2,0,2,7,15,7,0,Matches
625e41b1,Streli Mamba,de GER,FW,Paderborn 07,25,1994,16.9,15,9,0,9,6,1,13,7.7,12,12,2,10,6,21,2,0,Matches
0e0102eb,Omar Marmoush,eg EGY,"MF,FW",Wolfsburg,20,1999,0.9,1,1,1,0,0,0,0,,0,1,0,1,1,2,0,0,Matches
2f3e911a,Aarón Martín,es ESP,DF,Mainz 05,22,1997,19.9,29,15,17,8,4,9,22,40.9,13,11,5,6,30,59,36,0,Matches
7f97771d,Javi Martínez,es ESP,"DF,MF",Bayern Munich,30,1988,7.5,16,12,9,7,0,9,11,81.8,2,9,8,1,18,34,30,0,Matches
11fd2b75,Omar Mascarell,es ESP,MF,Schalke 04,26,1993,22.5,42,23,17,22,3,21,57,36.8,36,46,14,32,62,104,40,0,Matches
50e6dc35,Jean-Philippe Mateta,fr FRA,FW,Mainz 05,22,1997,11.7,2,2,0,2,0,0,6,0.0,6,3,2,1,1,3,11,0,Matches
33144cc5,Rabbi Matondo,wls WAL,"FW,MF",Schalke 04,18,2000,12.9,10,3,3,2,5,3,13,23.1,10,4,0,4,5,15,1,0,Matches
826e8b63,Philipp Max,de GER,DF,Augsburg,25,1993,30.1,42,29,22,16,4,20,45,44.4,25,19,4,15,26,68,50,0,Matches
61fc9685,Alexandru Maxim,ro ROU,"MF,DF",Mainz 05,29,1990,1.3,4,2,1,2,1,1,3,33.3,2,0,0,0,1,5,1,0,Matches
493924a7,Kevin Mbabu,ch SUI,DF,Wolfsburg,24,1995,18.8,69,48,39,24,6,35,54,64.8,19,33,10,23,23,92,53,0,Matches
01c3aff5,Weston McKennie,us USA,"MF,DF",Schalke 04,20,1998,23.0,38,20,17,16,5,13,40,32.5,27,38,12,26,46,84,39,0,Matches
4b6dd263,Joshua Mees,de GER,"MF,FW",Union Berlin,23,1996,3.6,8,5,3,4,1,4,12,33.3,8,3,0,3,2,10,4,0,Matches
b500b384,Admir Mehmedi,ch SUI,"MF,FW",Wolfsburg,28,1991,13.3,14,6,2,9,3,4,15,26.7,11,10,0,10,5,19,4,0,Matches
33340bd6,Levent Mercan,de GER,"MF,FW",Schalke 04,18,2000,0.8,0,0,0,0,0,0,0,,0,0,0,0,0,0,2,1,Matches
9f979eb2,Jorge Meré,es ESP,DF,Köln,22,1997,6.9,6,5,2,4,0,1,2,50.0,1,13,11,2,14,20,30,0,Matches
1e274a0a,Sven Michel,de GER,FW,Paderborn 07,29,1990,15.3,14,12,3,5,6,3,20,15.0,17,13,2,11,7,21,7,0,Matches
ead61f73,Juan Miranda,es ESP,DF,Schalke 04,19,2000,8.7,14,10,8,6,0,6,18,33.3,12,12,4,8,10,24,27,1,Matches
88d4144a,Maximilian Mittelstädt,de GER,"DF,FW",Hertha BSC,22,1997,21.0,61,38,31,25,5,26,54,48.1,28,38,6,32,53,114,64,0,Matches
34e4343c,Anthony Modeste,fr FRA,FW,Köln,31,1988,12.6,10,5,1,5,4,1,10,10.0,9,5,3,2,0,10,19,0,Matches
a5ce09f2,Kevin Möhwald,de GER,MF,Werder Bremen,26,1993,0.8,2,1,1,1,0,1,2,50.0,1,0,0,0,0,2,1,0,Matches
00844823,Niklas Moisander,fi FIN,DF,Werder Bremen,33,1985,22.0,27,15,19,6,2,11,26,42.3,15,37,19,18,49,76,85,0,Matches
ff45add5,Alfredo Morales,us USA,MF,Düsseldorf,29,1990,19.2,31,15,11,16,4,11,35,31.4,24,17,6,11,18,49,37,0,Matches
e7d22eae,Jan Morávek,cz CZE,MF,Augsburg,29,1989,5.3,23,12,9,14,0,11,24,45.8,13,4,1,3,8,31,11,0,Matches
5fd5e542,Mateu Morey,es ESP,"DF,MF",Dortmund,19,2000,2.2,7,3,2,4,1,4,10,40.0,6,4,0,4,5,12,3,0,Matches
ac73ec79,Nordi Mukiele,fr FRA,"DF,FW",RB Leipzig,21,1997,19.8,61,39,39,12,10,25,38,65.8,13,26,4,22,47,108,57,0,Matches
cbac6ec9,Florian Müller,de GER,GK,Mainz 05,21,1997,12.5,0,0,0,0,0,0,0,,0,0,0,0,2,2,3,1,Matches
3c6089ab,Thomas Müller,de GER,"MF,FW",Bayern Munich,29,1989,25.1,45,27,7,26,12,22,69,31.9,47,27,3,24,12,57,8,0,Matches
d01b9ad6,Torben Müsel,de GER,FW,M'Gladbach,20,1999,0.0,0,0,0,0,0,0,0,,0,0,0,0,1,1,0,0,Matches
2c0558b8,Jamal Musiala,de GER,MF,Bayern Munich,16,2003,0.0,0,0,0,0,0,0,0,,0,0,0,0,0,0,0,0,Matches
dc29b608,Yvon Mvogo,ch SUI,GK,RB Leipzig,25,1994,2.0,0,0,0,0,0,0,0,,0,0,0,0,0,0,0,1,Matches
2ff76adc,Phillipp Mwene,at AUT,DF,Mainz 05,25,1994,3.5,11,5,9,2,0,7,12,58.3,5,10,1,9,3,14,11,0,Matches
441197b8,Obite N'Dicka,fr FRA,DF,Eint Frankfurt,19,1999,19.1,27,13,13,11,3,15,28,53.6,13,28,6,22,29,56,57,0,Matches
f35430a4,Matija Nastasić,rs SRB,DF,Schalke 04,26,1993,15.2,26,16,17,9,0,14,17,82.4,3,28,16,12,22,48,79,0,Matches
8778c910,Manuel Neuer,de GER,GK,Bayern Munich,33,1986,33.0,2,1,1,0,1,2,4,50.0,2,0,0,0,0,2,15,4,Matches
36a59ba4,Florian Neuhaus,de GER,MF,M'Gladbach,22,1997,26.2,42,23,13,22,7,12,54,22.2,42,24,4,20,27,69,8,0,Matches
bc249af8,Jessic Ngankam,de GER,"FW,MF",Hertha BSC,19,2000,0.9,2,2,1,1,0,2,2,100.0,0,2,0,2,0,2,1,0,Matches
00242715,Moussa Niakhate,fr FRA,DF,Mainz 05,23,1996,33.0,35,22,29,6,0,16,29,55.2,13,40,26,14,40,75,124,4,Matches
226ddf9d,Moritz Nicolas,de GER,GK,Union Berlin,21,1997,1.0,0,0,0,0,0,0,0,,0,0,0,0,0,0,0,0,Matches
d6862409,Florian Niederlechner,de GER,"FW,MF",Augsburg,28,1990,30.2,21,13,7,9,5,4,21,19.0,17,21,5,16,8,29,38,0,Matches
7c56da38,Christopher Nkunku,fr FRA,"MF,FW",RB Leipzig,21,1997,21.4,21,13,4,11,6,9,33,27.3,24,25,2,23,20,41,8,0,Matches
0cc5f4a5,Lukas Nmecha,de GER,"MF,FW",Wolfsburg,20,1998,1.5,0,0,0,0,0,0,0,,0,0,0,0,0,0,0,0,Matches
6cafd68d,Håvard Nordtveit,no NOR,DF,Hoffenheim,29,1990,7.8,4,1,3,1,0,3,7,42.9,4,17,12,5,13,17,45,0,Matches
afb0c500,Alexander Nübel,de GER,GK,Schalke 04,22,1996,25.7,0,0,0,0,0,0,0,,0,0,0,0,2,2,9,6,Matches
93a50d2c,Kasim Nuhu,gh GHA,DF,Düsseldorf,24,1995,11.1,14,7,12,1,1,9,19,47.4,10,16,12,4,25,39,54,0,Matches
d1661819,Bastian Oczipka,de GER,DF,Schalke 04,30,1989,33.5,72,50,42,21,9,36,62,58.1,26,35,6,29,37,109,68,0,Matches
1d1691ad,Álvaro Odriozola,es ESP,DF,Bayern Munich,23,1995,1.7,2,2,1,0,1,2,3,66.7,1,1,0,1,1,3,2,0,Matches
1151fb6e,Kelvin Ofori,gh GHA,MF,Düsseldorf,18,2001,0.4,0,0,0,0,0,0,0,,0,0,0,0,0,0,0,0,Matches
7124239e,Kwasi Okyere Wriedt,gh GHA,FW,Bayern Munich,25,1994,0.2,0,0,0,0,0,0,0,,0,0,0,0,0,0,0,0,Matches
2b53f7a5,Cauly Oliveira Souza,br BRA,"MF,FW",Paderborn 07,23,1995,8.0,11,7,5,5,1,3,11,27.3,8,9,0,9,6,17,1,0,Matches
ae44e8e2,Dani Olmo,es ESP,"MF,FW",RB Leipzig,21,1998,8.3,20,14,5,10,5,1,13,7.7,12,7,1,6,4,24,6,0,Matches
f26834c7,Karim Onisiwo,at AUT,FW,Mainz 05,27,1992,19.2,27,19,6,10,11,5,13,38.5,8,20,3,17,7,34,11,0,Matches
20030c06,Willi Orban,hu HUN,DF,RB Leipzig,26,1992,9.5,20,12,13,7,0,12,20,60.0,8,14,3,11,16,36,52,1,Matches
f69fba57,Yuya Osako,jp JPN,"FW,MF",Werder Bremen,29,1990,20.5,29,16,5,19,5,3,29,10.3,26,10,1,9,6,35,13,1,Matches
1cbe4984,Paulo Otávio,br BRA,DF,Wolfsburg,24,1994,4.2,21,16,11,9,1,10,13,76.9,3,12,2,10,9,30,11,0,Matches
8b6e0db2,Reece Oxford,eng ENG,MF,Augsburg,20,1998,4.2,7,4,2,4,1,2,8,25.0,6,8,5,3,5,12,10,1,Matches
66385c46,Levin Öztunalı,de GER,"MF,FW",Mainz 05,23,1996,19.8,28,19,13,12,3,12,35,34.3,23,27,1,26,9,37,14,2,Matches
962e54cb,Gonçalo Paciência,pt POR,FW,Eint Frankfurt,24,1994,14.3,9,5,1,4,4,3,13,23.1,10,9,1,8,1,10,11,0,Matches
e82adcab,Exequiel Palacios,ar ARG,MF,Leverkusen,20,1998,2.0,8,7,4,4,0,2,5,40.0,3,2,0,2,1,9,0,0,Matches
3acad81a,Michael Parensen,de GER,DF,Union Berlin,33,1986,7.0,11,6,5,6,0,5,10,50.0,5,14,8,6,12,23,17,0,Matches
53070b63,Paulinho,br BRA,"MF,FW",Leverkusen,19,2000,3.4,4,3,3,1,0,1,2,50.0,1,5,1,4,1,5,0,0,Matches
45a03961,Benjamin Pavard,fr FRA,DF,Bayern Munich,23,1996,31.0,34,22,15,10,9,16,28,57.1,12,28,10,18,52,86,60,0,Matches
0a1cb833,Jiří Pavlenka,cz CZE,GK,Werder Bremen,27,1992,33.0,1,0,1,0,0,1,2,50.0,1,1,0,1,5,6,11,3,Matches
582a5247,Mads Pedersen,dk DEN,DF,Augsburg,22,1996,1.1,4,2,3,0,1,2,6,33.3,4,3,1,2,2,6,0,0,Matches
c18d22f5,Peter Pekarík,sk SVK,"DF,FW",Hertha BSC,32,1986,8.5,14,7,7,3,4,8,20,40.0,12,11,4,7,7,21,31,0,Matches
c41f7379,Philipp Pentke,de GER,GK,Hoffenheim,34,1985,4.0,0,0,0,0,0,0,0,,0,0,0,0,0,0,2,0,Matches
6fe90922,Ivan Perišić,hr CRO,"FW,MF",Bayern Munich,30,1989,13.4,16,12,5,6,5,8,33,24.2,25,14,3,11,4,20,8,0,Matches
c89e8aae,Pavao Pervan,at AUT,GK,Wolfsburg,31,1987,8.0,0,0,0,0,0,0,1,0.0,1,0,0,0,0,0,4,0,Matches
f93e6e94,Nils Petersen,de GER,"FW,MF",Freiburg,30,1988,27.1,19,14,7,9,3,10,28,35.7,18,32,6,26,10,29,67,0,Matches
17f3620a,Krzysztof Piątek,pl POL,FW,Hertha BSC,24,1995,10.1,5,4,1,1,3,0,11,0.0,11,7,0,7,5,10,3,0,Matches
64ba07c0,Ronaël Pierre-Gabriel,fr FRA,DF,Mainz 05,21,1998,6.4,16,10,9,6,1,7,13,53.8,6,7,0,7,8,24,31,1,Matches
fe2db476,Łukasz Piszczek,pl POL,DF,Dortmund,34,1985,23.4,45,32,27,16,2,28,50,56.0,22,27,11,16,26,71,47,1,Matches
54b6ee79,Claudio Pizarro,pe PER,"FW,MF",Werder Bremen,40,1978,2.6,2,1,0,1,1,0,1,0.0,1,2,0,2,2,4,2,0,Matches
f7aa75bd,Marvin Plattenhardt,de GER,DF,Hertha BSC,27,1992,15.5,18,12,13,4,1,12,17,70.6,5,18,7,11,11,29,47,0,Matches
bc6bd723,Alassane Pléa,fr FRA,FW,M'Gladbach,26,1993,23.8,16,7,5,6,5,8,28,28.6,20,21,2,19,9,25,7,0,Matches
1748c9f7,Thomas Pledl,de GER,"MF,FW",Düsseldorf,25,1994,1.0,4,2,2,2,0,0,1,0.0,1,0,0,0,0,4,1,0,Matches
ea003d07,Joel Pohjanpalo,fi FIN,MF,Leverkusen,24,1994,0.0,0,0,0,0,0,0,0,,0,0,0,0,0,0,0,0,Matches
3745e8bd,Sebastian Polter,de GER,FW,Union Berlin,28,1991,3.7,2,2,0,1,1,1,3,33.3,2,2,0,2,1,3,1,0,Matches
2a6cd437,Marin Pongračić,hr CRO,DF,Wolfsburg,21,1997,10.3,14,9,11,2,1,9,10,90.0,1,11,7,4,19,33,21,1,Matches
7f609bfc,Stefan Posch,at AUT,DF,Hoffenheim,22,1997,25.6,63,34,35,27,1,35,63,55.6,28,57,25,32,40,103,101,1,Matches
d2416c2e,Yussuf Poulsen,dk DEN,FW,RB Leipzig,25,1994,13.6,14,10,2,10,2,4,21,19.0,17,12,0,12,4,18,15,0,Matches
8a080a61,Kai Pröger,de GER,"MF,FW",Paderborn 07,27,1992,23.1,43,22,21,17,5,17,58,29.3,41,34,6,28,14,57,20,1,Matches
924f9191,Grischa Prömel,de GER,MF,Union Berlin,24,1995,10.3,14,11,6,6,2,7,19,36.8,12,10,2,8,14,28,9,0,Matches
74c7c2db,Robin Quaison,se SWE,"FW,MF",Mainz 05,25,1993,28.9,25,17,15,7,3,11,32,34.4,21,27,5,22,11,36,8,0,Matches
791af558,Raffael,br BRA,"MF,FW",M'Gladbach,34,1985,0.7,0,0,0,0,0,0,2,0.0,2,2,0,2,0,0,0,0,Matches
867501bf,Benito Raman,be BEL,FW,Schalke 04,24,1994,17.8,18,9,4,9,5,7,24,29.2,17,11,1,10,7,25,1,0,Matches
bd992863,Tobias Raschl,de GER,MF,Dortmund,19,2000,0.3,0,0,0,0,0,0,1,0.0,1,1,0,1,0,0,0,0,Matches
6c6a3300,Milot Rashica,xk KVX,FW,Werder Bremen,23,1996,25.2,21,14,13,6,2,9,33,27.3,24,15,2,13,6,27,16,1,Matches
536cebe5,Ante Rebić,hr CRO,"FW,MF",Eint Frankfurt,25,1993,1.0,1,0,0,1,0,0,0,,0,0,0,0,0,1,1,0,Matches
16b4260e,Daishawn Redan,nl NED,MF,Hertha BSC,18,2001,0.2,0,0,0,0,0,0,1,0.0,1,0,0,0,0,0,0,0,Matches
b1823b08,Fabian Reese,de GER,FW,Schalke 04,21,1997,1.0,1,1,1,0,0,0,0,,0,1,1,0,0,1,1,0,Matches
e881ed15,Ken Reichel,de GER,DF,Union Berlin,32,1986,5.9,6,3,2,3,1,3,13,23.1,10,8,1,7,9,15,12,0,Matches
3376a776,Karim Rekik,nl NED,DF,Hertha BSC,24,1994,14.0,16,10,10,6,0,3,6,50.0,3,23,15,8,18,34,44,0,Matches
4bd00a50,Panagiotis Retsos,gr GRE,DF,Leverkusen,20,1998,1.3,6,3,4,2,0,1,4,25.0,3,2,0,2,2,8,2,0,Matches
36a3ff67,Marco Reus,de GER,"MF,FW",Dortmund,30,1989,16.6,26,16,5,11,10,3,19,15.8,16,17,2,15,9,35,11,0,Matches
1ae836b1,Elvis Rexhbeçaj,de GER,MF,Köln,21,1997,6.9,16,12,9,5,2,5,13,38.5,8,7,0,7,3,19,4,0,Matches
7fa4e703,Gio Reyna,us USA,"MF,FW",Dortmund,16,2002,3.9,6,2,1,5,0,1,4,25.0,3,3,0,3,0,6,2,0,Matches
607d64c6,Lucas Ribeiro,br BRA,MF,Hoffenheim,20,1999,0.7,1,0,1,0,0,0,3,0.0,3,1,0,1,1,2,1,0,Matches
0a3d6d2b,Chris Richards,us USA,DF,Bayern Munich,19,2000,0.1,0,0,0,0,0,0,0,,0,0,0,0,0,0,1,0,Matches
f972644c,Marco Richter,de GER,"MF,FW",Augsburg,21,1997,25.3,21,16,7,9,5,14,51,27.5,37,15,0,15,24,45,17,0,Matches
140afefb,Marcel Risse,de GER,"MF,FW",Köln,29,1989,1.5,3,2,3,0,0,1,1,100.0,0,1,0,1,1,4,1,0,Matches
ce2c51c0,Marlon Ritter,de GER,MF,Paderborn 07,24,1994,4.8,7,5,5,2,0,4,9,44.4,5,7,0,7,8,15,3,0,Matches
e12b0b5b,Sebastian Rode,de GER,MF,Eint Frankfurt,28,1990,21.5,58,33,27,27,4,17,59,28.8,42,32,5,27,34,92,13,0,Matches
13203c45,Jérôme Roussillon,fr FRA,DF,Wolfsburg,26,1993,26.3,48,29,26,18,4,15,29,51.7,14,33,5,28,30,78,58,0,Matches
80f36c88,Sebastian Rudy,de GER,"MF,DF",Hoffenheim,29,1990,30.4,73,49,31,29,13,28,75,37.3,47,26,5,21,27,100,38,0,Matches
3faa1780,Lukas Rupp,de GER,MF,Hoffenheim,28,1991,3.8,9,4,3,5,1,3,6,50.0,3,5,0,5,5,14,3,0,Matches
009a4f60,Julian Ryerson,no NOR,"DF,MF",Union Berlin,21,1997,4.1,7,5,2,1,4,3,6,50.0,3,5,3,2,5,12,9,0,Matches
a70b8345,Frederik Rønnow,dk DEN,GK,Eint Frankfurt,26,1992,9.0,0,0,0,0,0,0,1,0.0,1,0,0,0,0,0,1,0,Matches
1a1033a1,João Victor Santos Sá,br BRA,"MF,FW",Wolfsburg,25,1994,18.1,35,22,12,17,6,10,38,26.3,28,31,1,30,9,44,9,0,Matches
4830e0af,Abdelhamid Sabiri,ma MAR,MF,Paderborn 07,22,1996,11.6,20,16,6,11,3,9,27,33.3,18,9,2,7,8,28,18,1,Matches
e280527c,Marcel Sabitzer,at AUT,"MF,FW",RB Leipzig,25,1994,27.8,39,25,15,18,6,19,56,33.9,37,27,4,23,23,62,25,0,Matches
f4081572,Nuri Şahin,tr TUR,MF,Werder Bremen,30,1988,13.9,27,16,10,14,3,11,35,31.4,24,15,7,8,37,64,38,0,Matches
bf075f6b,Roland Sallai,hu HUN,"MF,FW",Freiburg,22,1997,12.9,17,10,4,9,4,7,20,35.0,13,12,2,10,7,24,4,0,Matches
217c93a1,Lazar Samardzic,de GER,"MF,FW",Hertha BSC,17,2002,0.4,4,4,2,2,0,1,4,25.0,3,2,1,1,0,4,0,0,Matches
08593525,Diadie Samassékou,ml MLI,MF,Hoffenheim,23,1996,14.6,37,18,14,17,6,12,34,35.3,22,25,8,17,40,77,27,1,Matches
032f894e,Renato Sanches,pt POR,MF,Bayern Munich,21,1997,0.1,0,0,0,0,0,0,0,,0,0,0,0,0,0,0,0,Matches
dbf053da,Jadon Sancho,eng ENG,"FW,MF",Dortmund,19,2000,25.4,14,11,6,6,2,8,24,33.3,16,8,0,8,14,28,6,0,Matches
791abba1,Salif Sané,sn SEN,DF,Schalke 04,28,1990,12.5,16,9,12,4,0,11,19,57.9,8,19,7,12,21,37,50,0,Matches
1c96ad85,Marcelo Saracchi,uy URU,DF,RB Leipzig,21,1998,2.0,8,6,2,5,1,5,6,83.3,1,3,1,2,1,9,5,0,Matches
a8d4428b,Josh Sargent,us USA,FW,Werder Bremen,19,2000,15.7,11,6,5,4,2,2,12,16.7,10,17,1,16,14,25,21,0,Matches
b50ec54b,Louis Schaub,at AUT,MF,Köln,24,1994,6.9,15,12,2,9,4,5,14,35.7,9,10,1,9,3,18,2,0,Matches
5d4f7d61,Patrik Schick,cz CZE,FW,RB Leipzig,23,1996,14.4,7,3,1,3,3,2,9,22.2,7,8,2,6,2,9,17,0,Matches
37c213cf,Julian Schieber,de GER,FW,Augsburg,30,1989,0.5,1,1,0,1,0,0,0,,0,0,0,0,0,1,0,0,Matches
bd527260,Kingsley Schindler,de GER,"FW,MF",Köln,26,1993,9.4,8,5,3,5,0,4,12,33.3,8,6,1,5,6,14,17,0,Matches
8f056768,Xaver Schlager,at AUT,MF,Wolfsburg,21,1997,19.1,47,29,13,30,4,14,44,31.8,30,16,2,14,17,64,12,0,Matches
f6bdc830,Keven Schlotterbeck,de GER,DF,Union Berlin,22,1997,21.5,52,27,36,15,1,17,29,58.6,12,40,21,19,40,92,113,1,Matches
34e12499,Nico Schlotterbeck,de GER,DF,Freiburg,19,1999,4.1,6,3,4,2,0,2,5,40.0,3,7,5,2,3,9,20,1,Matches
89565ac5,Marcel Schmelzer,de GER,DF,Dortmund,31,1988,0.7,2,1,1,1,0,1,1,100.0,0,0,0,0,1,3,2,0,Matches
088ca1bd,Jonathan Schmid,fr FRA,DF,Freiburg,29,1990,31.5,42,27,19,19,4,19,37,51.4,18,23,8,15,35,77,84,0,Matches
d8f5dc3d,Manuel Schmiedebach,de GER,MF,Union Berlin,30,1988,2.0,4,1,0,3,1,1,7,14.3,6,1,1,0,3,7,3,0,Matches
ad00b1a8,Benno Schmitz,de GER,DF,Köln,24,1994,12.9,28,17,13,11,4,16,36,44.4,20,11,1,10,16,44,27,0,Matches
efd623db,Sebastian Schonlau,de GER,DF,Paderborn 07,24,1994,23.0,64,43,50,14,0,41,66,62.1,25,36,15,21,40,104,138,1,Matches
106bca06,Alessandro Schöpf,at AUT,MF,Schalke 04,25,1994,15.9,29,16,11,10,8,12,33,36.4,21,17,1,16,26,55,8,0,Matches
289b90cd,Markus Schubert,de GER,GK,Schalke 04,21,1998,8.2,0,0,0,0,0,0,1,0.0,1,0,0,0,0,0,9,4,Matches
fa274d97,Nico Schulz,de GER,"DF,MF",Dortmund,26,1993,6.6,11,7,3,6,2,8,13,61.5,5,14,4,10,9,20,9,0,Matches
0d55d942,Alexander Schwolow,de GER,GK,Freiburg,27,1992,23.2,0,0,0,0,0,0,0,,0,2,0,2,1,1,8,3,Matches
1238a3f9,Davie Selke,de GER,FW,Hertha BSC,24,1995,10.7,6,3,2,2,2,4,7,57.1,3,7,1,6,1,7,11,0,Matches
1238a3f9,Davie Selke,de GER,FW,Werder Bremen,24,1995,5.1,2,0,1,1,0,0,2,0.0,2,1,0,1,0,2,2,0,Matches
b3325a30,Suat Serdar,de GER,MF,Schalke 04,22,1997,17.8,56,37,16,33,7,18,61,29.5,43,39,7,32,24,80,7,0,Matches
f935709c,Khiry Shelton,us USA,FW,Paderborn 07,26,1993,0.4,1,1,1,0,0,0,0,,0,0,0,0,0,1,0,0,Matches
3effaa34,André Silva,pt POR,FW,Eint Frankfurt,23,1995,17.5,7,2,0,5,2,2,14,14.3,12,9,0,9,8,15,4,0,Matches
4ba886c6,Sarpreet Singh,nz NZL,"FW,MF",Bayern Munich,20,1999,0.8,1,0,0,1,0,0,1,0.0,1,0,0,0,0,1,0,0,Matches
73000a79,Daley Sinkgraven,nl NED,"DF,MF",Leverkusen,24,1995,10.1,20,16,11,6,3,8,24,33.3,16,12,3,9,10,30,16,0,Matches
c2211709,Ellyes Skhiri,tn TUN,MF,Köln,24,1995,29.7,74,52,30,37,7,29,77,37.7,48,47,9,38,67,141,33,0,Matches
ff98492b,Robert Skov,dk DEN,"DF,FW",Hoffenheim,23,1996,29.0,41,28,30,9,2,26,50,52.0,24,26,6,20,20,61,40,0,Matches
58ce23e5,Steven Skrzybski,de GER,"FW,MF",Düsseldorf,26,1992,5.9,4,4,2,1,1,0,16,0.0,16,10,0,10,10,14,4,0,Matches
45f6f52b,Dennis Smarsch,de GER,GK,Hertha BSC,20,1999,1.7,0,0,0,0,0,0,0,,0,0,0,0,0,0,1,0,Matches
c46607bf,Lasse Sobiech,de GER,DF,Köln,28,1991,1.0,1,0,0,0,1,0,0,,0,0,0,0,4,5,6,0,Matches
664590fa,Marcel Sobottka,de GER,MF,Düsseldorf,25,1994,7.8,15,10,6,8,1,4,13,30.8,9,9,1,8,9,24,12,0,Matches
420c18a1,Yann Sommer,ch SUI,GK,M'Gladbach,30,1988,34.0,0,0,0,0,0,0,1,0.0,1,0,0,0,1,1,11,6,Matches
4c6facae,Djibril Sow,ch SUI,MF,Eint Frankfurt,22,1997,19.4,56,33,26,17,13,16,47,34.0,31,15,3,12,30,86,9,0,Matches
1fdec858,Dennis Srbeny,de GER,"FW,MF",Paderborn 07,25,1994,12.4,11,6,4,4,3,5,18,27.8,13,11,1,10,3,14,9,0,Matches
90339309,Jerry St. Juste,nl NED,DF,Mainz 05,22,1996,23.5,46,25,34,10,2,14,34,41.2,20,35,19,16,52,98,86,1,Matches
861e0116,Kostas Stafylidis,gr GRE,DF,Hoffenheim,25,1993,4.4,10,3,7,2,1,4,10,40.0,6,10,3,7,2,12,17,0,Matches
5939baa2,Benjamin Stambouli,fr FRA,DF,Schalke 04,28,1990,9.0,31,19,14,15,2,11,21,52.4,10,16,6,10,12,43,28,1,Matches
aad48be9,Niklas Stark,de GER,DF,Hertha BSC,24,1995,19.2,36,20,24,10,2,9,21,42.9,12,27,12,15,21,57,97,2,Matches
dd669209,Renato Steffen,ch SUI,"MF,FW",Wolfsburg,27,1991,17.6,25,18,4,14,7,14,39,35.9,25,25,2,23,23,48,10,0,Matches
42130443,Zack Steffen,us USA,GK,Düsseldorf,24,1995,17.0,0,0,0,0,0,0,0,,0,0,0,0,0,0,5,4,Matches
7cd6badb,Lars Stindl,de GER,"MF,FW",M'Gladbach,30,1988,15.9,27,16,4,15,8,10,28,35.7,18,18,2,16,10,37,7,0,Matches
e5649a78,Kevin Stöger,at AUT,MF,Düsseldorf,25,1993,14.1,21,15,10,7,4,6,24,25.0,18,24,2,22,26,47,7,1,Matches
17780d2b,Tobias Strobl,de GER,"MF,DF",M'Gladbach,29,1990,6.8,9,6,5,4,0,3,8,37.5,5,8,4,4,11,20,5,0,Matches
9c2394c9,Christian Strohdiek,de GER,DF,Paderborn 07,31,1988,15.1,26,22,21,5,0,20,42,47.6,22,16,10,6,25,51,92,0,Matches
821233cc,Neven Subotić,rs SRB,DF,Union Berlin,30,1988,21.8,30,18,12,16,2,8,32,25.0,24,21,8,13,34,64,89,0,Matches
c5224618,Marek Suchý,cz CZE,DF,Augsburg,31,1988,4.4,7,5,7,0,0,4,6,66.7,2,4,1,3,6,13,15,0,Matches
e33c06cf,Niklas Süle,de GER,DF,Bayern Munich,23,1995,7.1,10,6,8,2,0,4,5,80.0,1,8,6,2,8,18,22,1,Matches
7391c2d9,Markus Suttner,at AUT,DF,Düsseldorf,32,1987,14.9,21,16,11,9,1,11,24,45.8,13,22,7,15,13,34,33,0,Matches
53e07d0b,Ádám Szalai,hu HUN,FW,Mainz 05,31,1987,12.7,8,4,0,6,2,1,11,9.1,10,9,0,9,2,10,14,0,Matches
bd142efb,Jonathan Tah,de GER,DF,Leverkusen,23,1996,23.2,36,26,23,11,2,18,29,62.1,11,25,13,12,27,63,98,2,Matches
a73c8f95,Edmond Tapsoba,bf BFA,DF,Leverkusen,20,1999,11.8,24,15,17,5,2,15,25,60.0,10,9,5,4,9,33,44,0,Matches
c8cfb04d,Georg Teigl,at AUT,"DF,MF",Augsburg,28,1991,1.2,3,1,1,2,0,2,4,50.0,2,0,0,0,3,6,1,0,Matches
7bf8ad6c,Bernard Tekpetey,gh GHA,"FW,MF",Düsseldorf,21,1997,5.0,4,4,1,2,1,0,2,0.0,2,5,0,5,2,6,0,0,Matches
4e3a947f,Lino Tempelmann,de GER,MF,Freiburg,20,1999,0.4,1,0,1,0,0,1,1,100.0,0,1,1,0,0,1,0,0,Matches
863ff1ee,Simon Terodde,de GER,FW,Köln,31,1988,9.0,8,5,4,3,1,3,13,23.1,10,14,3,11,2,10,14,0,Matches
ff5ea0bf,Malick Thiaw,de GER,DF,Schalke 04,17,2001,0.8,2,0,1,1,0,1,2,50.0,1,2,2,0,2,4,4,1,Matches
cac55e10,Niclas Thiede,de GER,GK,Freiburg,20,1999,0.8,0,0,0,0,0,0,0,,0,0,0,0,0,0,1,0,Matches
fd53759d,Jan Thielmann,de GER,"FW,MF",Köln,17,2002,6.2,9,6,2,6,1,5,12,41.7,7,8,0,8,8,17,6,0,Matches
df8e7b62,Erik Thommy,de GER,"MF,FW",Düsseldorf,24,1994,25.1,40,23,16,16,8,15,39,38.5,24,23,2,21,16,56,20,1,Matches
6f8cd6d0,Marcus Thuram,fr FRA,FW,M'Gladbach,21,1997,24.5,26,18,7,8,11,11,29,37.9,18,20,1,19,12,38,18,0,Matches
45954ec7,Marcel Tisserand,cd COD,DF,Wolfsburg,26,1993,13.4,21,10,14,5,2,7,12,58.3,5,13,4,9,32,53,49,2,Matches
88f130ed,Jean-Clair Todibo,fr FRA,DF,Schalke 04,19,1999,4.1,15,10,10,5,0,8,9,88.9,1,2,0,2,15,30,24,0,Matches
652d4c37,Corentin Tolisso,fr FRA,MF,Bayern Munich,24,1994,7.1,9,4,4,3,2,1,9,11.1,8,9,3,6,4,13,2,1,Matches
c5fd13e9,Ömer Toprak,tr TUR,DF,Werder Bremen,30,1989,7.9,7,2,4,2,1,3,6,50.0,3,6,4,2,12,19,41,0,Matches
0e4fef6e,Lucas Torró,es ESP,MF,Eint Frankfurt,25,1994,3.7,12,7,6,6,0,8,16,50.0,8,2,1,1,8,20,3,0,Matches
f86cabbd,Jordan Torunarigha,de GER,DF,Hertha BSC,21,1997,16.2,32,19,21,11,0,18,27,66.7,9,33,18,15,31,63,75,0,Matches
c8c60119,Almamy Touré,ml MLI,DF,Eint Frankfurt,23,1996,16.6,32,19,18,11,3,11,22,50.0,11,18,7,11,23,55,54,1,Matches
096a77c4,Ibrahima Traoré,gn GUI,"FW,MF",M'Gladbach,31,1988,1.7,4,3,1,1,2,1,7,14.3,6,1,0,1,1,5,3,0,Matches
ce17b5eb,Kevin Trapp,de GER,GK,Eint Frankfurt,29,1990,22.0,0,0,0,0,0,0,1,0.0,1,0,0,0,3,3,5,0,Matches
056d2d95,Christopher Trimmel,at AUT,"DF,MF",Union Berlin,32,1987,31.8,71,41,35,32,4,32,54,59.3,22,31,10,21,51,122,88,1,Matches
99be8fb5,Anthony Ujah,ng NGA,"FW,MF",Union Berlin,28,1990,10.5,8,6,4,2,2,1,6,16.7,5,0,0,0,3,11,10,0,Matches
7d3e7da6,Sven Ulreich,de GER,GK,Bayern Munich,30,1988,1.0,0,0,0,0,0,0,0,,0,0,0,0,0,0,0,0,Matches
d248cd8f,Dayot Upamecano,fr FRA,DF,RB Leipzig,20,1998,26.2,52,31,37,15,0,23,43,53.5,20,31,17,14,43,95,88,1,Matches
a3ddb1b9,Mark Uth,de GER,"MF,FW",Köln,27,1991,12.9,19,12,4,10,5,9,32,28.1,23,15,0,15,7,26,3,0,Matches
a3ddb1b9,Mark Uth,de GER,"FW,MF",Schalke 04,27,1991,3.9,3,2,1,1,1,0,3,0.0,3,4,0,4,1,4,0,0,Matches
6ecbddf6,Ruben Vargas,ch SUI,"FW,MF",Augsburg,20,1998,28.1,32,16,18,7,7,8,36,22.2,28,26,1,25,26,58,35,0,Matches
d3112d86,Sebastian Vasiliadis,gr GRE,MF,Paderborn 07,21,1997,31.2,73,45,34,31,8,28,81,34.6,53,47,6,41,34,107,50,0,Matches
a5ae8f8e,Miloš Veljković,rs SRB,DF,Werder Bremen,23,1995,22.8,55,33,36,18,1,33,53,62.3,20,25,11,14,26,81,92,1,Matches
28eaa0f3,Birger Verstraete,be BEL,MF,Köln,25,1994,7.4,20,11,9,10,1,11,21,52.4,10,8,1,7,4,24,10,1,Matches
1d8e9add,Kevin Vogt,de GER,DF,Hoffenheim,27,1991,10.7,7,5,4,3,0,3,9,33.3,6,12,6,6,8,15,52,1,Matches
1d8e9add,Kevin Vogt,de GER,"DF,MF",Werder Bremen,27,1991,12.3,14,10,8,6,0,8,16,50.0,8,15,12,3,25,39,37,1,Matches
64f69877,Kevin Volland,de GER,FW,Leverkusen,27,1992,22.7,16,6,5,6,5,5,16,31.3,11,14,2,12,5,21,7,0,Matches
e5a35ae9,Luca Waldschmidt,de GER,"FW,MF",Freiburg,23,1996,14.1,10,7,3,5,2,2,18,11.1,16,11,2,9,4,14,4,0,Matches
c4e87b8b,Wout Weghorst,nl NED,FW,Wolfsburg,26,1992,30.4,15,8,4,5,6,1,17,5.9,16,17,4,13,2,17,30,0,Matches
346d51d9,Julian Weigl,de GER,"MF,DF",Dortmund,23,1995,11.3,16,9,12,3,1,9,16,56.3,7,10,0,10,8,24,21,0,Matches
30c220c3,Mitchell Weiser,de GER,"DF,MF",Leverkusen,25,1994,13.0,41,29,20,17,4,18,30,60.0,12,19,2,17,24,65,22,1,Matches
f9acca3a,Wendell,br BRA,"DF,MF",Leverkusen,26,1993,21.1,64,42,26,26,12,41,66,62.1,25,30,4,26,36,100,36,0,Matches
b69261a0,Oscar Wendt,se SWE,DF,M'Gladbach,33,1985,18.7,26,14,16,8,2,12,31,38.7,19,27,6,21,20,46,45,0,Matches
49fe9070,Timo Werner,de GER,FW,RB Leipzig,23,1996,31.1,20,9,6,7,7,3,16,18.8,13,16,0,16,5,25,2,0,Matches
e2d34771,Felix Wiedwald,de GER,GK,Eint Frankfurt,29,1990,3.0,0,0,0,0,0,0,0,,0,0,0,0,0,0,2,1,Matches
d4d0a9ad,William,br BRA,DF,Wolfsburg,24,1995,15.2,55,26,34,14,7,27,59,45.8,32,10,3,7,24,79,38,1,Matches
e7fcf289,Florian Wirtz,de GER,FW,Leverkusen,16,2003,4.1,4,2,0,4,0,2,4,50.0,2,4,0,4,2,6,1,0,Matches
5dfc6ad5,Axel Witsel,be BEL,MF,Dortmund,30,1989,24.9,28,20,10,17,1,14,33,42.4,19,26,7,19,31,59,19,1,Matches
be42a291,Hannes Wolf,at AUT,"FW,MF",RB Leipzig,20,1999,0.6,3,0,0,1,2,1,4,25.0,3,0,0,0,0,3,0,0,Matches
fa661778,Marius Wolf,de GER,"FW,MF",Hertha BSC,24,1995,15.7,19,11,9,7,3,10,27,37.0,17,14,1,13,17,36,13,0,Matches
7ca196eb,Nick Woltemade,de GER,"FW,MF",Werder Bremen,17,2002,1.0,2,1,0,2,0,0,1,0.0,1,1,0,1,0,2,2,0,Matches
a4effc55,Dan-Axel Zagadou,fr FRA,DF,Dortmund,20,1999,10.9,16,10,12,4,0,6,8,75.0,2,12,8,4,15,31,38,0,Matches
384d58d9,Denis Zakaria,ch SUI,"MF,DF",M'Gladbach,22,1996,21.6,49,30,23,23,3,20,39,51.3,19,39,12,27,37,86,31,1,Matches
5c4bf6ba,Robin Zentner,de GER,GK,Mainz 05,24,1994,21.5,1,1,1,0,0,1,1,100.0,0,0,0,0,0,1,11,0,Matches
912e63b5,Jean Zimmer,de GER,"DF,FW",Düsseldorf,25,1993,8.0,11,6,5,5,1,5,10,50.0,5,3,1,2,3,14,0,0,Matches
e199d5b0,Matthias Zimmermann,de GER,"DF,MF",Düsseldorf,27,1992,32.5,62,47,26,27,9,31,64,48.4,33,41,15,26,43,105,59,0,Matches
bf9d9070,Leopold Zingerle,de GER,GK,Paderborn 07,25,1994,28.0,3,1,3,0,0,2,4,50.0,2,0,0,0,0,3,7,2,Matches
028e70b9,Joshua Zirkzee,nl NED,FW,Bayern Munich,18,2001,3.3,5,2,0,2,3,2,4,50.0,2,2,0,2,1,6,0,0,Matches
4d50454e,Ben Zolinski,de GER,"FW,MF",Paderborn 07,27,1992,13.4,17,9,7,9,1,7,27,25.9,20,12,0,12,8,25,4,0,Matches
b6a6e0a7,Steven Zuber,ch SUI,"DF,FW",Hoffenheim,27,1991,8.3,11,10,7,2,2,9,19,47.4,10,4,1,3,9,20,12,0,Matches
