id,Player,Nation,Pos,Squad,Age,Born,90s,Tkl,TklW,Def 3rd,Mid 3rd,Att 3rd,Tkl.1,Att,Tkl%,Lost,Blocks,Sh,Pass,Int,Tkl+Int,Clr,Err,Matches
22919e97,Sargis Adamyan,am ARM,"FW,MF",Köln,29-292,1993,6.4,11,6,4,2,5,5,13,38.5,8,9,0,9,3,14,4,0,Matches
501055d8,Karim Adeyemi,de GER,"FW,MF",Dortmund,21-052,2002,8.9,11,7,3,5,3,6,18,33.3,12,11,0,11,6,17,1,0,Matches
dcfb17f4,Amine Adli,fr FRA,FW,Leverkusen,22-305,2000,8.4,12,9,3,5,4,4,10,40.0,6,17,2,15,4,16,4,0,Matches
cb6d81b3,Felix Agu,de GER,"DF,FW",Werder Bremen,23-165,1999,0.5,1,0,0,1,0,0,0,,0,1,1,0,0,1,0,0,Matches
a6c58494,Naouirou Ahamada,fr FRA,MF,Stuttgart,20-347,2002,15.5,17,11,7,7,3,8,20,40.0,12,16,5,11,8,25,7,0,Matches
462475ed,Ludovic Ajorque,fr FRA,FW,Mainz 05,29-014,1994,5.2,2,2,1,1,0,0,3,0.0,3,5,1,4,0,2,3,0,Matches
6ec6fde0,Kevin Akpoguma,ng NGA,DF,Hoffenheim,27-326,1995,13.3,45,27,23,19,3,18,25,72.0,7,32,11,21,15,60,37,1,Matches
834d0be5,Lucas Alario,ar ARG,FW,Eint Frankfurt,30-154,1992,3.0,3,2,1,0,2,0,0,,0,0,0,0,0,3,10,0,Matches
00f518d8,Faride Alidou,de GER,"DF,MF",Eint Frankfurt,21-236,2001,1.4,7,4,3,4,0,3,6,50.0,3,1,0,1,1,8,0,0,Matches
8ce30c57,Éder Álvarez Balanta,co COL,MF,Schalke 04,30-011,1993,1.6,2,2,1,1,0,1,4,25.0,3,0,0,0,2,4,3,0,Matches
cd682b6b,Lukáš Ambros,cz CZE,MF,Wolfsburg,18-279,2004,0.2,1,1,1,0,0,1,4,25.0,3,1,0,1,0,1,2,1,Matches
555d5edd,Nadiem Amiri,de GER,"MF,FW",Leverkusen,26-135,1996,7.8,10,3,4,5,1,6,12,50.0,6,7,0,7,4,14,9,1,Matches
e0b113a7,Robert Andrich,de GER,MF,Leverkusen,28-170,1994,18.7,45,28,22,19,4,19,29,65.5,10,22,8,14,25,70,36,2,Matches
30941e96,Angeliño,es ESP,DF,Hoffenheim,26-066,1997,20.7,26,15,14,10,2,13,20,65.0,7,21,5,16,15,41,41,0,Matches
5e66fa06,Waldemar Anton,de GER,DF,Stuttgart,26-234,1996,22.4,39,22,20,17,2,19,38,50.0,19,31,12,19,30,69,80,2,Matches
0a3f6cde,Christopher Antwi-Adjei,gh GHA,"FW,MF",Bochum,29-032,1994,12.8,16,11,4,5,7,5,18,27.8,13,10,0,10,3,19,3,0,Matches
56413b1f,Charles Aránguiz,cl CHI,MF,Leverkusen,33-328,1989,5.5,17,7,7,10,0,12,20,60.0,8,4,0,4,7,24,4,0,Matches
86e119e0,Maximilian Arnold,de GER,MF,Wolfsburg,28-288,1994,22.2,43,21,15,22,6,19,40,47.5,21,27,9,18,19,62,50,0,Matches
13ddc856,Takuma Asano,jp JPN,"FW,MF",Bochum,28-121,1994,10.4,6,3,1,2,3,1,3,33.3,2,9,1,8,6,12,1,0,Matches
35f67a30,Fisnik Asllani,xk KVX,FW,Hoffenheim,20-215,2002,1.4,0,0,0,0,0,0,3,0.0,3,1,0,1,2,2,1,0,Matches
fe46e261,Mehmet-Can Aydin,de GER,DF,Schalke 04,21-030,2002,4.3,16,11,9,6,1,7,15,46.7,8,8,0,8,9,25,10,0,Matches
ce81d82d,Ayman Azhil,ma MAR,MF,Leverkusen,21-335,2001,0.0,0,0,0,0,0,0,0,,0,0,0,0,0,0,0,0,Matches
10549b49,Sardar Azmoun,ir IRN,"FW,MF",Leverkusen,28-069,1995,6.2,5,3,1,3,1,1,6,16.7,5,3,0,3,1,6,6,0,Matches
f582d5c1,Sanoussy Ba,de GER,DF,RB Leipzig,19-065,2004,0.0,0,0,0,0,0,0,0,,0,0,0,0,0,0,0,0,Matches
a8567629,Mitchel Bakker,nl NED,"MF,DF",Leverkusen,22-264,2000,11.8,11,7,5,6,0,3,6,50.0,3,10,2,8,9,20,13,2,Matches
442b56fa,Ridle Baku,de GER,DF,Wolfsburg,24-337,1998,21.9,35,14,21,11,3,21,42,50.0,21,38,6,32,18,53,42,0,Matches
a2a85828,Aymen Barkok,ma MAR,MF,Mainz 05,24-294,1998,3.8,13,6,9,2,2,3,6,50.0,3,3,0,3,3,16,4,0,Matches
00242b75,Leandro Barreiro Martins,lu LUX,MF,Mainz 05,23-067,2000,15.0,34,21,10,16,8,13,27,48.1,14,28,11,17,26,60,19,0,Matches
e61bdd69,Gil Bastião Dias,pt POR,FW,Stuttgart,26-164,1996,3.1,5,4,1,3,1,2,5,40.0,3,3,0,3,1,6,2,0,Matches
44a20f0c,Maximilian Bauer,de GER,DF,Augsburg,23-030,2000,12.2,19,10,15,4,0,11,20,55.0,9,13,4,9,20,39,54,0,Matches
47064058,Oliver Baumann,de GER,GK,Hoffenheim,32-282,1990,23.0,0,0,0,0,0,0,0,,0,0,0,0,0,0,11,1,Matches
bd7d2e6d,Timo Baumgartl,de GER,DF,Union Berlin,27-007,1996,4.5,9,5,5,2,2,4,13,30.8,9,8,2,6,1,10,10,0,Matches
69374ff5,Julian Baumgartlinger,at AUT,MF,Augsburg,35-068,1988,4.0,9,3,3,3,3,2,9,22.2,7,2,1,1,4,13,13,0,Matches
437f2b00,Christoph Baumgartner,at AUT,"MF,FW",Hoffenheim,23-222,1999,20.5,27,14,9,14,4,6,37,16.2,31,45,5,40,13,40,15,1,Matches
fbbc8e15,Noah Joel Sarenren Bazee,ng NGA,FW,Augsburg,26-202,1996,0.1,0,0,0,0,0,0,1,0.0,1,1,0,1,0,0,0,0,Matches
a53b661f,Ihlas Bebou,tg TOG,FW,Hoffenheim,28-322,1994,5.2,5,5,1,3,1,2,5,40.0,3,4,1,3,4,9,1,0,Matches
8eb55dbb,Sheraldo Becker,sr SUR,FW,Union Berlin,28-030,1995,18.2,9,4,0,5,4,1,5,20.0,4,7,1,6,2,11,3,0,Matches
30ae134d,Kevin Behrens,de GER,FW,Union Berlin,32-036,1991,10.2,5,4,2,1,2,2,6,33.3,4,9,2,7,4,9,18,0,Matches
857a5abe,Stefan Bell,de GER,DF,Mainz 05,31-199,1991,15.7,21,13,19,2,0,11,24,45.8,13,24,11,13,33,54,70,0,Matches
bee0bab1,Karim Bellarabi,de GER,FW,Leverkusen,32-337,1990,0.9,2,0,1,1,0,2,2,100.0,0,0,0,0,0,2,0,0,Matches
57d88cf9,Jude Bellingham,eng ENG,MF,Dortmund,19-255,2003,21.1,59,32,22,25,12,28,35,80.0,7,42,3,39,29,88,22,0,Matches
378825c7,Ramy Bensebaini,dz ALG,DF,M'Gladbach,27-329,1995,20.8,32,20,19,10,3,25,32,78.1,7,33,10,23,26,58,74,1,Matches
eb6e14be,Mergim Berisha,de GER,FW,Augsburg,24-304,1998,14.9,8,4,3,2,3,2,6,33.3,4,12,1,11,0,8,16,0,Matches
7aac47fe,Ermin Bičakčić,ba BIH,DF,Hoffenheim,33-046,1990,1.8,3,0,2,1,0,1,4,25.0,3,2,1,1,4,7,3,0,Matches
07d3bfec,Tom Bischof,de GER,"MF,FW",Hoffenheim,17-256,2005,2.9,11,7,4,3,4,5,7,71.4,2,4,0,4,0,11,0,0,Matches
dc62fbee,Leonardo Bittencourt,de GER,"MF,DF",Werder Bremen,29-082,1993,11.3,25,14,5,15,5,10,23,43.5,13,7,0,7,8,33,7,0,Matches
663e080e,Janis Blaswich,de GER,GK,RB Leipzig,31-313,1991,16.0,0,0,0,0,0,0,0,,0,0,0,0,0,0,6,0,Matches
691bef82,Daley Blind,nl NED,"DF,MF",Bayern Munich,33-002,1990,1.4,2,0,2,0,0,0,1,0.0,1,4,2,2,2,4,6,0,Matches
f4ec4fd0,Kevin-Prince Boateng,gh GHA,MF,Hertha BSC,36-005,1987,1.6,2,1,1,1,0,0,2,0.0,2,1,1,0,0,2,2,0,Matches
635f2732,Jean-Paul Boëtius,nl NED,MF,Hertha BSC,28-354,1994,9.5,24,14,15,7,2,6,17,35.3,11,19,1,18,10,34,8,0,Matches
36578017,Yvandro Borges Sanches,lu LUX,"FW,MF",M'Gladbach,18-291,2004,0.3,2,2,0,2,0,2,2,100.0,0,0,0,0,0,2,0,0,Matches
01834aa0,Sebastiaan Bornauw,be BEL,DF,Wolfsburg,23-354,1999,13.8,14,10,8,5,1,8,13,61.5,5,16,8,8,18,32,58,0,Matches
c68da769,Rafael Borré,co COL,"FW,MF",Eint Frankfurt,27-177,1995,6.2,16,11,4,8,4,1,6,16.7,5,5,1,4,2,18,4,0,Matches
a167537f,Julian Brandt,de GER,"MF,FW",Dortmund,26-313,1996,19.5,20,14,3,11,6,9,27,33.3,18,13,0,13,14,34,6,1,Matches
d28339cb,Fabian Bredlow,de GER,GK,Stuttgart,28-009,1995,4.0,0,0,0,0,0,0,0,,0,0,0,0,0,0,1,0,Matches
d4a2533d,Josip Brekalo,hr CRO,"MF,FW",Wolfsburg,24-261,1998,3.0,2,1,2,0,0,0,4,0.0,4,0,0,0,2,4,2,0,Matches
e27da244,John Brooks,us USA,DF,Hoffenheim,30-042,1993,4.0,5,4,2,3,0,4,5,80.0,1,5,1,4,6,11,18,0,Matches
bbd79358,Moritz Broschinski,de GER,FW,Bochum,22-169,2000,1.1,0,0,0,0,0,0,2,0.0,2,0,0,0,0,0,1,0,Matches
f0a37d36,Cédric Brunner,ch SUI,DF,Schalke 04,29-022,1994,17.8,29,21,20,7,2,23,30,76.7,7,18,6,12,33,62,54,0,Matches
4e204552,Jacob Bruun Larsen,dk DEN,FW,Hoffenheim,24-173,1998,3.3,3,2,0,0,3,2,2,100.0,0,2,0,2,1,4,0,0,Matches
45e95f21,Lee Buchanan,eng ENG,"DF,FW",Werder Bremen,22-004,2001,3.3,10,8,2,8,0,6,8,75.0,2,3,0,3,7,17,10,0,Matches
ab5b7dc1,Marius Bülter,de GER,"FW,MF",Schalke 04,29-347,1993,19.3,16,9,8,4,4,8,17,47.1,9,19,0,19,9,25,11,0,Matches
05e2d5ea,Delano Burgzorg,nl NED,"FW,MF",Mainz 05,24-124,1998,2.3,3,3,1,1,1,2,3,66.7,1,2,0,2,0,3,1,0,Matches
05f99a4a,Jonathan Burkardt,de GER,"MF,FW",Mainz 05,22-243,2000,5.9,3,1,0,1,2,1,3,33.3,2,6,1,5,1,4,1,0,Matches
f631c17f,Oliver Burke,sct SCO,"FW,MF",Werder Bremen,25-338,1997,3.0,1,0,0,0,1,0,0,,0,2,0,2,0,1,0,0,Matches
b4705807,Aurélio Buta,pt POR,DF,Eint Frankfurt,26-029,1997,4.5,12,6,7,5,0,6,8,75.0,2,8,1,7,4,16,11,0,Matches
10745192,Jamie Bynoe-Gittens,eng ENG,"FW,MF",Dortmund,18-215,2004,4.7,6,4,2,3,1,2,6,33.3,4,0,0,0,0,6,1,0,Matches
0118c54c,Anthony Caci,fr FRA,DF,Mainz 05,25-253,1997,14.5,38,20,22,12,4,16,24,66.7,8,14,4,10,37,75,28,0,Matches
d1db4b83,Kerim Calhanoglu,de GER,DF,Schalke 04,20-197,2002,0.7,2,1,2,0,0,2,2,100.0,0,1,0,1,0,2,3,0,Matches
d1273f09,Daniel Caligiuri,it ITA,"DF,MF",Augsburg,35-055,1988,2.9,8,5,5,3,0,4,5,80.0,1,2,2,0,3,11,2,0,Matches
a65ce836,Emre Can,de GER,MF,Dortmund,29-058,1994,11.1,37,20,14,20,3,13,23,56.5,10,7,1,6,14,51,24,0,Matches
bd6351cd,João Cancelo,pt POR,"FW,DF",Bayern Munich,28-288,1994,2.5,7,6,4,2,1,3,8,37.5,5,4,1,3,4,11,6,0,Matches
5e080f73,Irvin Cardona,fr FRA,MF,Augsburg,25-215,1997,0.6,0,0,0,0,0,0,1,0.0,1,2,0,2,2,2,3,0,Matches
db401046,Koen Casteels,be BEL,GK,Wolfsburg,30-259,1992,23.0,0,0,0,0,0,0,0,,0,0,0,0,1,1,7,0,Matches
ae7058f9,Julian Chabot,de GER,DF,Köln,25-027,1998,10.4,24,16,15,6,3,13,21,61.9,8,14,11,3,19,43,63,0,Matches
b3b7f5a6,Timothy Chandler,us USA,DF,Eint Frankfurt,32-347,1990,0.9,2,2,2,0,0,2,2,100.0,0,1,0,1,0,2,3,0,Matches
48780156,Fabio Chiarodia,it ITA,DF,Werder Bremen,17-279,2005,0.0,0,0,0,0,0,0,0,,0,0,0,0,1,1,1,0,Matches
af104654,Oliver Christensen,dk DEN,GK,Hertha BSC,23-354,1999,23.0,1,0,1,0,0,0,1,0.0,1,0,0,0,0,1,17,1,Matches
c6608135,Darko Churlinov,mk MKD,FW,Stuttgart,22-243,2000,0.3,3,2,2,1,0,2,3,66.7,1,1,0,1,0,3,0,0,Matches
6e17c802,Tolga Ciğerci,tr TUR,MF,Hertha BSC,30-353,1992,4.1,10,7,5,4,1,6,10,60.0,4,2,1,1,3,13,2,0,Matches
dd5bbe0d,David Čolina,hr CRO,"DF,MF",Augsburg,22-235,2000,0.7,2,0,1,1,0,1,1,100.0,0,4,0,4,3,5,0,0,Matches
042e8a49,Kingsley Coman,fr FRA,"FW,MF",Bayern Munich,26-271,1996,9.7,9,6,3,4,2,5,10,50.0,5,12,1,11,1,10,4,0,Matches
5ddb8f9f,Danny da Costa,de GER,DF,Mainz 05,29-241,1993,9.4,12,11,3,5,4,5,10,50.0,5,18,3,15,9,21,15,0,Matches
05ba9d7c,Tanguy Coulibaly,fr FRA,"FW,DF",Stuttgart,22-021,2001,1.6,6,4,5,1,0,2,4,50.0,2,4,0,4,2,8,0,0,Matches
eac044ad,Moanes Dabbur,il ISR,FW,Hoffenheim,30-301,1992,6.4,7,4,2,5,0,3,4,75.0,1,3,0,3,3,10,0,0,Matches
dee3013b,Finn Dahmen,de GER,GK,Mainz 05,24-349,1998,6.0,0,0,0,0,0,0,0,,0,0,0,0,0,0,0,0,Matches
db4ed67b,Mahmoud Dahoud,de GER,MF,Dortmund,27-069,1996,2.3,9,7,2,4,3,7,7,100.0,0,5,1,4,5,14,2,0,Matches
d3d77413,Muhammed Damar,de GER,MF,Hoffenheim,18-336,2004,1.6,6,3,1,2,3,1,2,50.0,1,3,0,3,0,6,0,0,Matches
41bff4fa,Márton Dárdai,de GER,DF,Hertha BSC,21-027,2002,3.9,7,4,3,4,0,1,2,50.0,1,4,1,3,6,13,19,0,Matches
3eb0f2df,Vladimír Darida,cz CZE,MF,Hertha BSC,32-215,1990,0.3,1,1,0,1,0,0,0,,0,1,0,1,0,1,0,0,Matches
d781d855,Alphonso Davies,ca CAN,DF,Bayern Munich,22-129,2000,18.5,37,25,21,11,5,14,26,53.8,12,24,4,20,18,55,16,3,Matches
fe641c1a,Thomas Delaney,dk DEN,MF,Hoffenheim,31-189,1991,3.1,5,3,3,2,0,3,7,42.9,4,5,0,5,1,6,5,0,Matches
54b4dc4e,Kerem Demirbay,de GER,MF,Leverkusen,29-251,1993,12.0,25,12,12,11,2,13,24,54.2,11,19,4,15,11,36,5,0,Matches
ed79b7d3,Ermedin Demirović,ba BIH,"MF,FW",Augsburg,24-351,1998,19.5,28,13,8,11,9,9,16,56.3,7,24,3,21,14,42,28,0,Matches
7bf9400b,Sepp van den Berg,nl NED,DF,Schalke 04,21-081,2001,3.6,2,1,1,1,0,0,0,,0,4,2,2,8,10,19,1,Matches
aeed5c06,Moussa Diaby,fr FRA,"FW,MF",Leverkusen,23-247,1999,19.9,12,7,3,8,1,6,13,46.2,7,6,0,6,4,16,3,0,Matches
fc62f087,Abdou Diallo,sn SEN,"DF,MF",RB Leipzig,26-311,1996,4.8,6,5,5,1,0,1,3,33.3,2,4,3,1,7,13,18,0,Matches
d82a310a,Justin Diehl,de GER,"MF,FW",Köln,18-104,2004,0.2,0,0,0,0,0,0,0,,0,0,0,0,0,0,0,0,Matches
8779ddf8,Florian Dietz,de GER,FW,Köln,24-220,1998,4.4,2,1,0,2,0,1,4,25.0,3,4,1,3,0,2,2,0,Matches
95bb6ddc,Junior Dina Ebimbe,fr FRA,"DF,MF",Eint Frankfurt,22-110,2000,8.7,24,16,12,12,0,13,23,56.5,10,12,4,8,7,31,12,0,Matches
4ccd8957,Eren Dinkçi,de GER,"FW,MF",Werder Bremen,21-088,2001,1.8,4,4,2,0,2,1,2,50.0,1,2,0,2,0,4,1,0,Matches
d01bbb6f,Ritsu Doan,jp JPN,"FW,MF",Freiburg,24-268,1998,17.7,45,20,12,23,10,18,36,50.0,18,30,1,29,10,55,7,0,Matches
f67c9d29,Danilho Doekhi,nl NED,DF,Union Berlin,24-254,1998,13.9,21,15,13,8,0,10,13,76.9,3,17,6,11,19,40,53,0,Matches
cc83b74d,Kasper Dolberg,dk DEN,"FW,MF",Hoffenheim,25-156,1997,3.8,6,5,0,4,2,4,5,80.0,1,5,2,3,0,6,2,0,Matches
7f73bdf4,Niklas Dorsch,de GER,MF,Augsburg,25-055,1998,2.1,12,6,4,8,0,4,7,57.1,3,4,1,3,1,13,2,0,Matches
9a2e3a23,Dion Drena Beljo,hr CRO,FW,Augsburg,21-010,2002,4.6,5,4,2,1,2,1,6,16.7,5,6,0,6,1,6,3,0,Matches
809940aa,Dominick Drexler,de GER,"MF,FW",Schalke 04,32-289,1990,11.3,18,13,9,7,2,6,14,42.9,8,13,1,12,4,22,9,0,Matches
638a4d71,Marvin Ducksch,de GER,FW,Werder Bremen,29-004,1994,21.2,7,3,1,4,2,3,12,25.0,9,6,0,6,6,13,29,1,Matches
79ca3e23,Ondrej Duda,sk SVK,MF,Köln,28-096,1994,7.7,9,8,2,5,2,4,11,36.4,7,7,1,6,2,11,3,0,Matches
beb882a8,Maximilian Eggestein,de GER,MF,Freiburg,26-093,1996,18.3,33,16,12,15,6,11,21,52.4,10,26,6,20,22,55,14,0,Matches
2f7fec15,Lilian Egloff,de GER,"MF,FW",Stuttgart,20-203,2002,2.7,12,10,4,5,3,4,6,66.7,2,2,0,2,1,13,1,0,Matches
76b2817e,Kingsley Ehizibue,nl NED,DF,Köln,27-290,1995,0.7,0,0,0,0,0,0,0,,0,1,0,1,2,2,1,0,Matches
e7f3e8a7,Chidera Ejuke,ng NGA,"FW,MF",Hertha BSC,25-068,1998,8.8,4,3,1,3,0,1,3,33.3,2,3,0,3,2,6,0,0,Matches
48035304,Nico Elvedi,ch SUI,DF,M'Gladbach,26-162,1996,20.5,35,19,23,10,2,22,26,84.6,4,19,9,10,23,58,89,2,Matches
c149016b,Wataru Endo,jp JPN,MF,Stuttgart,30-030,1993,21.5,50,27,21,25,4,23,52,44.2,29,25,6,19,18,68,46,0,Matches
554bcc91,Arne Engels,be BEL,MF,Augsburg,19-184,2003,7.7,13,7,7,5,1,6,10,60.0,4,8,3,5,7,20,3,0,Matches
1e43fad8,Ralf Fährmann,de GER,GK,Schalke 04,34-165,1988,6.0,0,0,0,0,0,0,0,,0,0,0,0,0,0,3,1,Matches
677da306,Ohis Felix Uduokhai,de GER,DF,Augsburg,25-183,1997,10.8,24,16,12,10,2,13,19,68.4,6,17,8,9,18,42,46,1,Matches
3bb625ac,Edimilson Fernandes,ch SUI,DF,Mainz 05,26-330,1996,16.9,22,18,17,2,3,12,22,54.5,10,28,11,17,36,58,44,1,Matches
79f7302a,Kilian Fischer,de GER,DF,Wolfsburg,22-150,2000,2.3,1,0,0,1,0,0,2,0.0,2,3,0,3,5,6,7,0,Matches
a92ab7be,Mark Flekken,nl NED,GK,Freiburg,29-271,1993,23.0,0,0,0,0,0,0,1,0.0,1,0,0,0,0,0,5,3,Matches
9642c929,Florian Flick,de GER,MF,Schalke 04,22-314,2000,5.7,12,3,7,5,0,4,14,28.6,10,9,3,6,4,16,18,0,Matches
9a2e0ccc,Emil Forsberg,se SWE,"MF,FW",RB Leipzig,31-139,1991,11.0,13,10,1,5,7,5,14,35.7,9,17,0,17,1,14,5,0,Matches
76fa965f,Philipp Förster,de GER,MF,Bochum,28-035,1995,11.1,24,16,10,10,4,7,26,26.9,19,18,0,18,3,27,4,0,Matches
a9142dc3,Timothy Fosu-Mensah,nl NED,DF,Leverkusen,25-068,1998,1.9,6,5,3,3,0,3,3,100.0,0,2,0,2,0,6,1,0,Matches
626fab5f,Raphael Framberger,de GER,"DF,FW",Augsburg,27-186,1995,2.0,10,6,6,4,0,3,5,60.0,2,2,1,1,2,12,5,0,Matches
697dc00a,Bartol Franjić,hr CRO,MF,Wolfsburg,23-056,2000,2.5,4,2,2,2,0,0,2,0.0,2,4,1,3,5,9,4,0,Matches
33182cb8,Michael Frey,ch SUI,FW,Schalke 04,28-235,1994,5.0,5,2,1,2,2,1,4,25.0,3,3,0,3,0,5,1,0,Matches
f86ad3f5,Marco Friedl,at AUT,DF,Werder Bremen,24-360,1998,19.8,39,27,25,14,0,22,38,57.9,16,27,12,15,45,84,82,1,Matches
b77f44a4,Marvin Friedrich,de GER,DF,M'Gladbach,27-088,1995,10.7,13,9,10,2,1,8,10,80.0,2,9,4,5,11,24,39,0,Matches
74f2e748,Jeremie Frimpong,nl NED,"DF,MF",Leverkusen,22-091,2000,19.7,39,19,18,18,3,17,29,58.6,12,17,1,16,11,50,31,0,Matches
0cf778df,Chris Führich,de GER,"FW,MF",Stuttgart,25-061,1998,15.7,33,12,14,13,6,23,37,62.2,14,25,2,23,7,40,10,0,Matches
4b96c347,Angelo Fulgini,fr FRA,MF,Mainz 05,26-203,1996,5.8,6,5,2,3,1,5,11,45.5,6,5,0,5,5,11,7,0,Matches
4f16405e,Niclas Füllkrug,de GER,FW,Werder Bremen,30-030,1993,21.5,8,4,0,6,2,2,8,25.0,6,10,4,6,0,8,22,0,Matches
f27680d9,Cristian Gamboa,cr CRC,DF,Bochum,33-138,1989,14.1,37,20,26,10,1,17,25,68.0,8,17,6,11,14,51,31,1,Matches
6c731625,Silvère Ganvoula M'Boussy,cg CGO,"FW,MF",Bochum,26-262,1996,2.6,2,2,0,1,1,0,0,,0,0,0,0,0,2,3,0,Matches
37f606f0,Dennis Geiger,de GER,MF,Hoffenheim,24-274,1998,13.9,26,14,9,16,1,11,20,55.0,9,17,2,15,14,40,8,1,Matches
62ab9184,Yannick Gerhardt,de GER,MF,Wolfsburg,28-363,1994,13.8,23,12,8,10,5,11,20,55.0,9,16,2,14,5,28,19,0,Matches
7242b495,Niko Gießelmann,de GER,DF,Union Berlin,31-166,1991,11.7,16,8,6,8,2,10,22,45.5,12,16,5,11,6,22,19,0,Matches
17376543,Rafał Gikiewicz,pl POL,GK,Augsburg,35-136,1987,19.0,2,2,2,0,0,2,3,66.7,1,0,0,0,0,2,11,3,Matches
f521b80a,Matthias Ginter,de GER,DF,Freiburg,29-051,1994,23.0,29,15,18,9,2,18,30,60.0,12,29,17,12,29,58,96,2,Matches
88e357ef,Serge Gnabry,de GER,"FW,MF",Bayern Munich,27-240,1995,13.4,19,12,6,7,6,8,18,44.4,10,17,1,16,8,27,3,1,Matches
83b9c48f,Jacek Góralski,pl POL,MF,Bochum,30-171,1992,1.6,6,3,3,3,0,4,6,66.7,2,4,0,4,3,9,5,0,Matches
cc86b9a3,Leon Goretzka,de GER,MF,Bayern Munich,28-033,1995,13.9,30,19,16,10,4,18,30,60.0,12,30,3,27,20,50,24,0,Matches
9efa1d25,Mario Götze,de GER,MF,Eint Frankfurt,30-281,1992,20.8,27,14,9,12,6,8,31,25.8,23,18,0,18,12,39,7,0,Matches
1025db8e,Jeffrey Gouweleeuw,nl NED,DF,Augsburg,31-244,1991,21.3,35,20,15,14,6,19,35,54.3,16,31,19,12,37,72,100,2,Matches
b8e740fb,Ryan Gravenberch,nl NED,MF,Bayern Munich,20-299,2002,3.4,9,5,1,7,1,5,8,62.5,3,3,1,2,4,13,5,0,Matches
8e235926,Michael Gregoritsch,at AUT,FW,Freiburg,28-327,1994,17.9,16,9,6,6,4,2,13,15.4,11,17,3,14,4,20,10,0,Matches
f9dfb7ae,Leo Greiml,at AUT,DF,Schalke 04,21-251,2001,2.5,3,1,1,1,1,3,5,60.0,2,4,3,1,1,4,11,0,Matches
54e4866f,Vincenzo Grifo,it ITA,"FW,MF",Freiburg,29-338,1993,17.1,15,9,4,6,5,8,21,38.1,13,4,1,3,10,25,12,0,Matches
37998008,Lennart Grill,de GER,GK,Union Berlin,24-045,1999,4.0,0,0,0,0,0,0,1,0.0,1,0,0,0,0,0,0,1,Matches
14a7af33,Christian Groß,de GER,MF,Werder Bremen,34-031,1989,15.3,43,20,13,28,2,23,47,48.9,24,17,5,12,17,60,31,1,Matches
ae9b998d,Brajan Gruda,de GER,MF,Mainz 05,18-284,2004,0.0,0,0,0,0,0,0,0,,0,0,0,0,0,0,0,0,Matches
1fc4f3d1,Ilia Gruev,bg BUL,MF,Werder Bremen,22-309,2000,12.8,29,17,11,16,2,12,22,54.5,10,16,5,11,18,47,14,1,Matches
f2dd9a21,Carlos Gruezo,ec ECU,MF,Augsburg,27-326,1995,10.7,21,12,12,9,0,9,16,56.3,7,13,4,9,10,31,15,0,Matches
048a1cbc,Raphaël Guerreiro,pt POR,DF,Dortmund,29-079,1993,16.4,22,9,10,8,4,14,24,58.3,10,13,1,12,25,47,11,0,Matches
e6c43eec,Josuha Guilavogui,fr FRA,"MF,DF",Wolfsburg,32-173,1990,5.8,8,5,0,7,1,2,11,18.2,9,12,7,5,8,16,23,0,Matches
923f4dda,Sehrou Guirassy,gn GUI,FW,Stuttgart,26-364,1996,10.8,2,1,1,1,0,1,1,100.0,0,5,1,4,0,2,10,0,Matches
bcb2ccd8,Péter Gulácsi,hu HUN,GK,RB Leipzig,32-309,1990,6.0,0,0,0,0,0,0,0,,0,0,0,0,0,0,2,0,Matches
25ab9c9c,Manuel Gulde,de GER,"DF,FW",Freiburg,32-027,1991,1.6,2,0,2,0,0,0,0,,0,1,0,1,3,5,6,0,Matches
1df0c0b9,Robert Gumny,pl POL,DF,Augsburg,24-280,1998,17.2,25,17,9,12,4,7,17,41.2,10,16,5,11,19,44,48,1,Matches
8593f88c,Christian Günter,de GER,"DF,MF",Freiburg,30-011,1993,21.6,23,15,13,8,2,10,31,32.3,21,13,4,9,11,34,23,0,Matches
5ad50391,Joško Gvardiol,hr CRO,DF,RB Leipzig,21-047,2002,16.5,14,10,8,6,0,6,14,42.9,8,22,9,13,23,37,57,1,Matches
70dcf94d,Janik Haberer,de GER,MF,Union Berlin,28-343,1994,15.7,20,11,6,11,3,13,32,40.6,19,25,1,24,8,28,16,0,Matches
a5ec3ede,Alexander Hack,de GER,DF,Mainz 05,29-184,1993,12.5,30,17,21,9,0,19,30,63.3,11,16,5,11,24,54,45,1,Matches
cd82452e,André Hahn,de GER,"FW,MF",Augsburg,32-210,1990,4.3,9,5,4,4,1,8,12,66.7,4,9,2,7,4,13,14,0,Matches
92432bc6,Amadou Haidara,ml MLI,MF,RB Leipzig,25-039,1998,9.0,13,6,6,7,0,6,19,31.6,13,15,4,11,12,25,12,0,Matches
ba115a40,Sébastien Haller,ci CIV,FW,Dortmund,28-262,1994,4.6,0,0,0,0,0,0,1,0.0,1,3,0,3,0,0,5,0,Matches
8ff2354e,Marcel Halstenberg,de GER,DF,RB Leipzig,31-165,1991,12.6,31,16,16,10,5,17,29,58.6,12,21,1,20,14,45,18,0,Matches
2e77d607,Andreas Hanche-Olsen,no NOR,DF,Mainz 05,26-053,1997,6.6,15,9,11,1,3,11,18,61.1,7,7,4,3,12,27,21,1,Matches
f24ea523,Genki Haraguchi,jp JPN,MF,Stuttgart,31-306,1991,4.7,10,5,3,5,2,1,5,20.0,4,6,0,6,5,15,4,0,Matches
f24ea523,Genki Haraguchi,jp JPN,MF,Union Berlin,31-306,1991,5.5,12,8,1,10,1,3,8,37.5,5,7,1,6,3,15,9,0,Matches
9ab16552,Makoto Hasebe,jp JPN,DF,Eint Frankfurt,39-052,1984,7.1,11,7,10,1,0,4,11,36.4,7,13,7,6,6,17,24,0,Matches
50871bcc,Thorgan Hazard,be BEL,"FW,DF",Dortmund,29-347,1993,5.2,17,6,5,11,1,12,17,70.6,5,6,0,6,5,22,5,0,Matches
c2009df3,Jonas Hector,de GER,DF,Köln,32-288,1990,21.4,68,38,40,21,7,39,63,61.9,24,38,4,34,25,93,49,0,Matches
699fb8db,Dominique Heintz,de GER,DF,Bochum,29-208,1993,4.3,5,3,3,2,0,2,5,40.0,3,7,5,2,6,11,16,0,Matches
0a89e877,Benjamin Henrichs,de GER,"DF,MF",RB Leipzig,26-016,1997,16.7,55,36,31,24,0,32,49,65.3,17,37,2,35,24,79,30,0,Matches
c3ee18ef,Lucas Hernández,fr FRA,DF,Bayern Munich,27-025,1996,5.3,6,4,3,3,0,5,6,83.3,1,2,1,1,5,11,7,0,Matches
dfb6490a,Patrick Herrmann,de GER,"FW,MF",M'Gladbach,32-027,1991,1.6,6,2,4,1,1,2,4,50.0,2,2,0,2,2,8,0,0,Matches
0c7a48f8,Piero Hincapié,ec ECU,DF,Leverkusen,21-061,2002,17.6,33,23,19,12,2,15,20,75.0,5,28,15,13,20,53,53,1,Matches
5521f419,Adam Hložek,cz CZE,"FW,MF",Leverkusen,20-229,2002,10.3,8,3,4,3,1,2,5,40.0,3,8,2,6,5,13,7,0,Matches
5d8e331f,Nicolas Höfler,de GER,MF,Freiburg,33-002,1990,21.4,47,25,16,30,1,22,44,50.0,22,32,9,23,33,80,30,0,Matches
2903a856,Jonas Hofmann,de GER,"FW,MF",M'Gladbach,30-240,1992,19.6,19,10,11,7,1,8,29,27.6,21,19,2,17,14,33,11,0,Matches
877bc844,Philipp Hofmann,de GER,FW,Bochum,29-346,1993,20.1,9,7,1,4,4,4,7,57.1,3,14,6,8,6,15,22,0,Matches
ca618d23,Lucas Höler,de GER,"FW,MF",Freiburg,28-244,1994,7.1,8,5,2,3,3,3,8,37.5,5,8,1,7,5,13,11,0,Matches
2979c05a,Gerrit Holtmann,ph PHI,FW,Bochum,27-351,1995,9.2,12,6,6,5,1,10,15,66.7,5,14,1,13,2,14,2,0,Matches
2b83fa49,Jannes Horn,de GER,"DF,FW",Bochum,26-033,1997,0.7,2,1,1,1,0,1,1,100.0,0,1,0,1,3,5,2,0,Matches
ad3389d5,Lukáš Hrádecký,fi FIN,GK,Leverkusen,33-107,1989,22.0,0,0,0,0,0,0,0,,0,0,0,0,0,0,2,1,Matches
94302c52,Timo Hübers,de GER,DF,Köln,26-234,1996,18.4,32,20,26,6,0,17,33,51.5,16,17,7,10,34,66,95,0,Matches
15f3ec41,Callum Hudson-Odoi,eng ENG,"FW,MF",Leverkusen,22-124,2000,6.6,5,3,4,0,1,1,1,100.0,0,0,0,0,2,7,4,0,Matches
05d548d8,Mats Hummels,de GER,DF,Dortmund,34-085,1988,13.9,32,15,15,16,1,15,29,51.7,14,21,12,9,22,54,57,0,Matches
b116c6e3,Denis Huseinbasic,de GER,"MF,FW",Köln,21-251,2001,7.2,18,9,7,7,4,8,18,44.4,10,16,2,14,3,21,4,0,Matches
054849d2,Iago,br BRA,"DF,MF",Augsburg,25-353,1997,13.2,22,9,16,3,3,7,17,41.2,10,11,3,8,11,33,41,0,Matches
f5c4fd91,Arijon Ibrahimović,de GER,MF,Bayern Munich,17-090,2005,0.2,1,1,1,0,0,0,0,,0,0,0,0,0,1,0,0,Matches
271b8617,Marcus Ingvartsen,dk DEN,"FW,MF",Mainz 05,27-066,1996,9.1,3,1,0,1,2,1,7,14.3,6,6,1,5,1,4,7,0,Matches
97d545ae,Ko Itakura,jp JPN,DF,M'Gladbach,26-043,1997,12.6,12,7,6,4,2,5,13,38.5,8,25,17,8,17,29,46,0,Matches
204dded0,Hiroki Ito,jp JPN,DF,Stuttgart,23-303,1999,19.5,23,19,14,7,2,14,26,53.8,12,29,14,15,28,51,71,0,Matches
8bf58a80,Andreas Ivan,ro ROU,MF,Schalke 04,28-060,1995,0.5,0,0,0,0,0,0,1,0.0,1,0,0,0,0,0,1,0,Matches
34b0387f,Lee Jae-sung,kr KOR,MF,Mainz 05,30-213,1992,14.8,25,11,4,16,5,9,25,36.0,16,23,4,19,10,35,9,0,Matches
a93b6f4e,Paul Jaeckel,de GER,DF,Union Berlin,24-232,1998,9.9,18,13,7,11,0,13,24,54.2,11,8,3,5,13,31,33,1,Matches
a8ee54ad,Kristijan Jakić,hr CRO,"DF,MF",Eint Frankfurt,25-301,1997,13.8,31,19,19,10,2,21,33,63.6,12,30,9,21,9,40,45,1,Matches
fa4cabd1,Jan Jakob Olschowsky,de GER,GK,M'Gladbach,21-113,2001,2.0,0,0,0,0,0,0,1,0.0,1,0,0,0,0,0,1,0,Matches
689c9cf4,Saidy Janko,gm GAM,DF,Bochum,27-140,1995,9.0,18,11,12,4,2,9,15,60.0,6,15,4,11,10,28,19,1,Matches
34b54da7,Tony Jantschke,de GER,"DF,MF",M'Gladbach,32-338,1990,1.0,2,1,1,1,0,1,1,100.0,0,4,2,2,0,2,5,0,Matches
3eeb80e0,Fredrik Jensen,fi FIN,"FW,MF",Augsburg,25-183,1997,8.8,12,9,7,3,2,4,8,50.0,4,11,5,6,3,15,12,0,Matches
ee644761,Moritz Jenz,de GER,DF,Schalke 04,23-315,1999,6.0,10,8,4,5,1,3,5,60.0,2,13,8,5,5,15,26,1,Matches
f36c432f,Stevan Jovetić,me MNE,"FW,MF",Hertha BSC,33-129,1989,4.9,1,1,0,1,0,0,2,0.0,2,1,1,0,0,1,4,0,Matches
de838f86,Anthony Jung,de GER,"DF,FW",Werder Bremen,31-128,1991,19.8,33,20,13,13,7,23,34,67.6,11,19,3,16,15,48,40,0,Matches
0a084b35,Josip Juranović,hr CRO,DF,Union Berlin,27-207,1995,3.0,3,2,1,1,1,3,3,100.0,0,4,0,4,1,4,6,0,Matches
2d61d13a,Ozan Kabak,tr TUR,DF,Hoffenheim,22-351,2000,19.6,36,24,21,13,2,9,17,52.9,8,24,14,10,40,76,62,0,Matches
79c90e45,Pavel Kadeřábek,cz CZE,DF,Hoffenheim,30-320,1992,11.7,20,14,10,7,3,10,14,71.4,4,7,1,6,7,27,24,1,Matches
94c18565,Florian Kainz,at AUT,"FW,MF",Köln,30-138,1992,17.9,16,8,5,9,2,5,13,38.5,8,19,4,15,25,41,22,1,Matches
15f24fe7,Sasa Kalajdzic,at AUT,FW,Stuttgart,25-247,1997,2.6,3,2,0,1,2,1,3,33.3,2,1,0,1,0,3,0,0,Matches
091c86e2,Felix Kalu Nmecha,de GER,MF,Wolfsburg,22-152,2000,10.6,20,12,4,12,4,8,15,53.3,7,11,5,6,10,30,19,0,Matches
15b287da,Daichi Kamada,jp JPN,"MF,FW",Eint Frankfurt,26-218,1996,17.2,34,21,6,26,2,21,39,53.8,18,23,2,21,14,48,9,1,Matches
202b3b68,Jakub Kamiński,pl POL,"FW,MF",Wolfsburg,20-279,2002,13.9,21,14,7,9,5,8,19,42.1,11,16,0,16,4,25,6,0,Matches
463503e2,Marcin Kamiński,pl POL,DF,Schalke 04,31-055,1992,1.0,0,0,0,0,0,0,0,,0,2,2,0,3,3,5,0,Matches
b825a650,Kevin Kampl,si SVN,MF,RB Leipzig,32-153,1990,8.9,16,10,4,11,1,4,13,30.8,9,14,5,9,12,28,4,0,Matches
b4c816a9,Wilfried Kanga,ci CIV,FW,Hertha BSC,25-018,1998,13.0,5,4,2,1,2,2,3,66.7,1,11,3,8,0,5,11,0,Matches
8f0f2230,Kenan Karaman,tr TUR,FW,Schalke 04,29-006,1994,4.5,6,4,1,3,2,0,3,0.0,3,5,0,5,1,7,4,0,Matches
5762be5c,Atakan Karazor,de GER,MF,Stuttgart,26-149,1996,13.3,41,23,13,22,6,21,30,70.0,9,21,6,15,20,61,30,0,Matches
778ccc44,Thomas Kastanaras,gr GRE,"FW,DF",Stuttgart,20-061,2003,0.8,0,0,0,0,0,0,0,,0,1,0,1,0,0,0,0,Matches
de4cac2d,Silas Katompa,cd COD,"FW,DF",Stuttgart,24-156,1998,16.0,22,16,4,12,6,6,16,37.5,10,9,2,7,4,26,1,0,Matches
d2c580ce,Yannik Keitel,de GER,MF,Freiburg,23-024,2000,4.9,8,5,2,5,1,2,2,100.0,0,3,0,3,9,17,2,0,Matches
815c314f,Marc-Oliver Kempf,de GER,DF,Hertha BSC,28-042,1995,22.3,36,20,22,13,1,16,20,80.0,4,36,28,8,40,76,97,0,Matches
099e666f,Jonjoe Kenny,eng ENG,DF,Hertha BSC,25-361,1997,17.8,35,25,18,15,2,17,31,54.8,14,23,6,17,34,69,49,0,Matches
59e4b92e,Rani Khedira,de GER,MF,Union Berlin,29-043,1994,21.3,46,24,14,26,6,18,32,56.3,14,24,7,17,27,73,21,0,Matches
610aa1e9,Luca Kilian,de GER,DF,Köln,23-191,1999,12.2,22,16,14,7,1,12,21,57.1,9,16,8,8,10,32,48,0,Matches
49296448,Joshua Kimmich,de GER,MF,Bayern Munich,28-031,1995,20.6,55,32,12,36,7,29,50,58.0,21,21,2,19,28,83,25,0,Matches
ca8033cb,Lukas Klostermann,de GER,DF,RB Leipzig,26-281,1996,4.2,10,6,3,7,0,5,7,71.4,2,0,0,0,4,14,10,0,Matches
19a967ab,Ansgar Knauff,de GER,DF,Eint Frankfurt,21-060,2002,11.5,26,18,15,9,2,12,28,42.9,16,17,1,16,11,37,22,0,Matches
6bd5cd5d,Robin Knoche,de GER,DF,Union Berlin,30-293,1992,22.0,34,23,21,9,4,18,32,56.3,14,25,12,13,22,56,102,0,Matches
cd59b9df,Gregor Kobel,ch SUI,GK,Dortmund,25-095,1997,18.0,0,0,0,0,0,0,0,,0,0,0,0,0,0,5,1,Matches
0fbecd11,Dominik Kohr,de GER,MF,Mainz 05,29-039,1994,17.5,41,24,12,24,5,18,41,43.9,23,29,6,23,25,66,19,0,Matches
c0b3669f,Randal Kolo Muani,fr FRA,FW,Eint Frankfurt,24-096,1998,19.8,11,9,2,2,7,1,5,20.0,4,10,1,9,2,13,7,0,Matches
ab096c6f,Timothée Kolodziejczak,fr FRA,DF,Schalke 04,31-161,1991,0.3,0,0,0,0,0,0,1,0.0,1,0,0,0,1,1,1,0,Matches
86574238,Kouadio Koné,fr FRA,MF,M'Gladbach,21-298,2001,21.3,60,30,31,25,4,19,31,61.3,12,30,6,24,22,82,14,0,Matches
1f3afdcb,Odilon Kossonou,ci CIV,DF,Leverkusen,22-066,2001,9.9,11,9,7,3,1,5,5,100.0,0,14,4,10,8,19,36,1,Matches
b1cd37e6,Filip Kostić,rs SRB,"DF,MF",Eint Frankfurt,30-130,1992,0.8,2,0,1,1,0,0,0,,0,0,0,0,1,3,0,0,Matches
dc366c36,Tomáš Koubek,cz CZE,GK,Augsburg,30-197,1992,4.0,0,0,0,0,0,0,0,,0,0,0,0,0,0,2,0,Matches
f1e855eb,Soichiro Kozuki,jp JPN,"FW,MF",Schalke 04,22-079,2000,4.2,6,4,3,3,0,4,6,66.7,2,6,0,6,3,9,3,0,Matches
e717705a,Alex Král,cz CZE,MF,Schalke 04,24-296,1998,15.2,24,15,8,15,1,11,20,55.0,9,25,3,22,12,36,35,0,Matches
603cb947,Andrej Kramarić,hr CRO,"MF,FW",Hoffenheim,31-265,1991,17.1,5,2,2,1,2,1,6,16.7,5,9,1,8,3,8,9,0,Matches
496aeede,Christoph Kramer,de GER,MF,M'Gladbach,32-020,1991,19.7,31,22,17,12,2,19,43,44.2,24,27,1,26,14,45,33,0,Matches
9f77012e,Tom Krauß,de GER,MF,Schalke 04,21-262,2001,20.9,93,54,34,51,8,37,76,48.7,39,31,4,27,26,119,21,0,Matches
f9446dcd,Max Kruse,de GER,"MF,FW",Wolfsburg,34-357,1988,3.0,1,1,0,1,0,0,1,0.0,1,2,1,1,0,1,1,0,Matches
2a29eb9b,Lukas Kübler,de GER,DF,Freiburg,30-193,1992,11.6,27,18,16,7,4,15,20,75.0,5,16,7,9,18,45,27,0,Matches
9ceb7642,Pierre Kunde,cm CMR,MF,Bochum,27-228,1995,3.3,8,5,2,6,0,4,9,44.4,5,4,0,4,5,13,4,0,Matches
f1bc3876,Alou Kuol,au AUS,FW,Stuttgart,22-165,2000,0.1,0,0,0,0,0,0,0,,0,0,0,0,0,0,0,0,Matches
2770726a,Daniel Kyereh,gh GHA,"MF,FW",Freiburg,27-003,1996,6.2,6,4,2,4,0,3,6,50.0,3,4,0,4,2,8,6,0,Matches
277c49ed,Maxence Lacroix,fr FRA,DF,Wolfsburg,22-339,2000,13.5,15,8,11,4,0,7,14,50.0,7,16,6,10,21,36,74,0,Matches
22798128,Aïssa Laïdouni,tn TUN,MF,Union Berlin,26-088,1996,3.8,7,4,2,4,1,3,11,27.3,8,9,1,8,4,11,0,0,Matches
c1b7847c,Konrad Laimer,at AUT,MF,RB Leipzig,25-288,1997,8.7,30,16,12,13,5,17,29,58.6,12,14,1,13,8,38,6,0,Matches
4aea5077,Stefan Lainer,at AUT,DF,M'Gladbach,30-196,1992,3.8,6,3,2,3,1,3,7,42.9,4,1,0,1,6,12,16,1,Matches
591477c9,Vassilis Lambropoulos,gr GRE,DF,Bochum,32-345,1990,6.8,8,7,5,3,0,4,5,80.0,1,4,3,1,10,18,35,0,Matches
72984eee,Jordan Larsson,se SWE,"FW,MF",Schalke 04,25-264,1997,5.1,8,5,1,7,0,2,8,25.0,6,9,0,9,4,12,3,0,Matches
33b554b7,Danny Latza,de GER,MF,Schalke 04,33-094,1989,5.1,10,8,5,4,1,4,7,57.1,3,11,0,11,1,11,7,0,Matches
c4987edc,Diogo Leite,pt POR,DF,Union Berlin,24-047,1999,18.2,24,13,13,11,0,15,24,62.5,9,18,11,7,20,44,69,0,Matches
7e12a98d,Maxim Leitsch,de GER,DF,Mainz 05,24-297,1998,7.4,9,7,6,3,0,4,5,80.0,1,7,4,3,18,27,26,1,Matches
792ffa71,Tim Lemperle,de GER,FW,Köln,21-034,2002,1.3,6,4,3,1,2,3,5,60.0,2,2,0,2,1,7,4,0,Matches
bbd86530,Christopher Lenz,de GER,DF,Eint Frankfurt,28-170,1994,7.6,18,14,8,6,4,10,20,50.0,10,10,0,10,9,27,19,0,Matches
13fe7b69,Jamie Leweling,de GER,FW,Union Berlin,22-013,2001,1.7,3,3,2,1,0,2,3,66.7,1,1,0,1,1,4,0,0,Matches
302527b2,Philipp Lienhart,at AUT,DF,Freiburg,26-243,1996,22.3,24,14,17,7,0,9,17,52.9,8,22,11,11,27,51,79,0,Matches
d6e53a3a,Matthijs de Ligt,nl NED,DF,Bayern Munich,23-211,1999,15.8,16,11,9,6,1,7,10,70.0,3,23,16,7,15,31,58,0,Matches
37dc1a48,Jesper Lindstrøm,dk DEN,"MF,FW",Eint Frankfurt,23-010,2000,17.0,22,11,13,5,4,6,19,31.6,13,21,2,19,7,29,9,0,Matches
c455a2b2,Dejan Ljubicic,at AUT,MF,Köln,25-154,1997,11.8,16,11,4,8,4,9,23,39.1,14,11,0,11,7,23,2,0,Matches
07c7eb0c,Anthony Losilla,fr FRA,MF,Bochum,37-001,1986,21.4,53,36,24,23,6,27,44,61.4,17,20,6,14,27,80,38,0,Matches
0c61c77c,Dodi Lukebakio,be BEL,"FW,MF",Hertha BSC,25-168,1997,18.4,15,9,5,8,2,6,17,35.3,11,18,5,13,8,23,13,0,Matches
8a6ab963,Andrey Lunyov,ru RUS,GK,Leverkusen,31-118,1991,1.0,0,0,0,0,0,0,0,,0,0,0,0,0,0,0,0,Matches
ab700320,Arne Maier,de GER,MF,Augsburg,24-062,1999,13.2,19,12,10,7,2,6,8,75.0,2,14,0,14,8,27,10,0,Matches
e5d85da8,Linton Maina,de GER,"FW,MF",Köln,23-261,1999,16.6,14,10,3,10,1,7,19,36.8,12,10,0,10,3,17,6,0,Matches
864163f3,Donyell Malen,nl NED,FW,Dortmund,24-051,1999,10.1,7,2,2,2,3,2,4,50.0,2,10,0,10,4,11,5,0,Matches
c691bfe2,Sadio Mané,sn SEN,FW,Bayern Munich,30-335,1992,10.7,6,3,2,2,2,1,5,20.0,4,11,2,9,0,6,2,0,Matches
706a60e1,Myziane Maolida,fr FRA,"FW,MF",Hertha BSC,24-025,1999,1.1,1,1,1,0,0,1,2,50.0,1,0,0,0,0,1,1,0,Matches
0e0102eb,Omar Marmoush,eg EGY,FW,Wolfsburg,24-032,1999,11.2,12,8,6,1,5,4,12,33.3,8,9,0,9,6,18,3,0,Matches
92a16062,Eric Martel,de GER,MF,Köln,20-316,2002,14.7,36,24,17,14,5,19,40,47.5,21,14,3,11,21,57,32,0,Matches
2f3e911a,Aarón Martín,es ESP,DF,Mainz 05,25-323,1997,16.0,32,22,19,9,4,16,25,64.0,9,14,1,13,13,45,22,0,Matches
a396fb61,Erhan Mašović,rs SRB,DF,Bochum,24-109,1998,14.5,32,23,16,16,0,18,31,58.1,13,17,9,8,15,47,37,0,Matches
ab3f1bdf,Henning Matriciani,de GER,DF,Schalke 04,22-362,2000,11.7,22,11,15,5,2,12,24,50.0,12,12,6,6,11,33,31,0,Matches
00963611,Konstantinos Mavropanos,gr GRE,DF,Stuttgart,25-090,1997,18.8,41,23,26,13,2,24,30,80.0,6,32,16,16,43,84,72,0,Matches
826e8b63,Philipp Max,de GER,DF,Eint Frankfurt,29-162,1993,4.0,7,6,3,3,1,3,10,30.0,7,7,0,7,1,8,3,0,Matches
0e6bc38c,Eric Maxim Choupo-Moting,cm CMR,FW,Bayern Munich,33-353,1989,11.4,8,7,1,5,2,1,2,50.0,1,8,0,8,0,8,5,0,Matches
b74277a0,Noussair Mazraoui,ma MAR,DF,Bayern Munich,25-117,1997,6.2,17,12,3,6,8,8,12,66.7,4,5,1,4,6,23,14,0,Matches
e162b013,Thomas Meunier,be BEL,DF,Dortmund,31-180,1991,6.3,15,7,7,5,3,9,14,64.3,5,7,2,5,9,24,15,0,Matches
b56dd813,Alexander Meyer,de GER,GK,Dortmund,31-332,1991,5.0,0,0,0,0,0,0,1,0.0,1,0,0,0,0,0,1,0,Matches
1e274a0a,Sven Michel,de GER,FW,Union Berlin,32-239,1990,3.6,7,4,1,5,1,4,5,80.0,1,3,1,2,0,7,2,0,Matches
f76022e7,Enzo Millot,fr FRA,MF,Stuttgart,20-237,2002,4.1,10,7,5,3,2,4,7,57.1,3,13,2,11,9,19,4,0,Matches
88d4144a,Maximilian Mittelstädt,de GER,DF,Hertha BSC,25-358,1997,6.1,28,14,20,6,2,12,23,52.2,11,10,1,9,14,42,19,0,Matches
34e4343c,Anthony Modeste,fr FRA,FW,Dortmund,34-331,1988,8.5,4,4,2,0,2,2,5,40.0,3,6,0,6,2,6,20,0,Matches
9ec9c8b6,Tobias Mohr,de GER,"DF,MF",Schalke 04,27-199,1995,8.2,7,4,3,4,0,2,7,28.6,5,13,5,8,8,15,19,0,Matches
29ddfb9c,Clinton Mola,eng ENG,DF,Stuttgart,21-361,2001,0.2,3,1,2,1,0,1,1,100.0,0,1,1,0,1,4,2,0,Matches
7e82a78f,Florent Mollet,fr FRA,MF,Schalke 04,31-112,1991,4.6,4,1,0,4,0,2,7,28.6,5,7,1,6,1,5,1,0,Matches
6ce43701,Youssoufa Moukoko,de GER,FW,Dortmund,18-111,2004,10.5,12,6,3,6,3,3,6,50.0,3,6,0,6,1,13,1,0,Matches
cbac6ec9,Florian Müller,de GER,GK,Stuttgart,25-118,1997,19.0,0,0,0,0,0,0,0,,0,0,0,0,0,0,7,4,Matches
3c6089ab,Thomas Müller,de GER,"FW,MF",Bayern Munich,33-179,1989,11.0,11,7,3,5,3,4,9,44.4,5,8,2,6,3,14,7,0,Matches
2c0558b8,Jamal Musiala,de GER,"MF,FW",Bayern Munich,20-013,2003,17.3,27,19,8,13,6,10,22,45.5,12,17,1,16,14,41,3,0,Matches
9ff8ec4a,Suliman Mustapha,at AUT,"FW,MF",Mainz 05,21-291,2001,0.8,2,2,0,2,0,0,0,,0,4,0,4,0,2,0,0,Matches
441197b8,Obite N'Dicka,fr FRA,DF,Eint Frankfurt,23-203,1999,21.9,18,13,10,6,2,12,23,52.2,11,37,15,22,25,43,120,0,Matches
e110ea4b,Nathan N'Goumou,fr FRA,FW,M'Gladbach,22-362,2000,3.6,7,3,4,2,1,4,8,50.0,4,4,0,4,0,7,3,0,Matches
61590953,Stanley N'Soki,fr FRA,DF,Hoffenheim,23-336,1999,12.1,20,11,13,6,1,10,18,55.6,8,17,4,13,20,40,29,0,Matches
30261ba1,Nikolas Nartey,dk DEN,"DF,MF",Stuttgart,23-017,2000,4.2,9,4,6,2,1,4,8,50.0,4,8,0,8,3,12,11,0,Matches
e79269bd,Luca Netz,de GER,"DF,FW",M'Gladbach,19-300,2003,2.6,11,4,9,2,0,8,9,88.9,1,1,0,1,2,13,20,0,Matches
8778c910,Manuel Neuer,de GER,GK,Bayern Munich,36-349,1986,12.0,0,0,0,0,0,0,0,,0,0,0,0,0,0,4,1,Matches
36a59ba4,Florian Neuhaus,de GER,MF,M'Gladbach,25-360,1997,6.7,6,2,3,1,2,2,7,28.6,5,11,3,8,5,11,3,0,Matches
bc249af8,Jessic Ngankam,de GER,"FW,MF",Hertha BSC,22-234,2000,3.8,5,2,2,1,2,1,3,33.3,2,4,0,4,0,5,1,0,Matches
d6862409,Florian Niederlechner,de GER,"FW,MF",Augsburg,32-138,1990,10.1,10,5,5,4,1,4,7,57.1,3,16,2,14,1,11,9,0,Matches
d6862409,Florian Niederlechner,de GER,FW,Hertha BSC,32-138,1990,4.1,5,4,0,2,3,1,3,33.3,2,5,0,5,0,5,6,0,Matches
a45241d5,Justin Njinmah,de GER,FW,Dortmund,22-116,2000,0.2,0,0,0,0,0,0,0,,0,0,0,0,0,0,0,0,Matches
7c56da38,Christopher Nkunku,fr FRA,"FW,MF",RB Leipzig,25-117,1997,15.8,3,2,0,1,2,1,5,20.0,4,7,3,4,7,10,8,0,Matches
0cc5f4a5,Lukas Nmecha,de GER,FW,Wolfsburg,24-087,1998,9.7,5,3,0,2,3,3,3,100.0,0,4,0,4,3,8,3,0,Matches
5458f670,Hugo Novoa,es ESP,"DF,FW",RB Leipzig,20-069,2003,2.0,8,2,1,3,4,4,7,57.1,3,4,0,4,1,9,0,0,Matches
bdedffac,Ørjan Nyland,no NOR,GK,RB Leipzig,32-182,1990,1.0,0,0,0,0,0,0,0,,0,0,0,0,0,0,0,0,Matches
57ec75bf,Tim Oermann,de GER,DF,Bochum,19-156,2003,2.2,2,1,2,0,0,1,1,100.0,0,3,2,1,1,3,8,1,Matches
dd2e62da,Finn Ole Becker,de GER,MF,Hoffenheim,22-276,2000,0.5,3,0,0,3,0,1,1,100.0,0,0,0,0,0,3,0,0,Matches
86adbcc7,Mathias Olesen,lu LUX,MF,Köln,21-355,2001,3.9,8,4,4,3,1,4,5,80.0,1,6,2,4,1,9,2,0,Matches
ae44e8e2,Dani Olmo,es ESP,"MF,FW",RB Leipzig,24-308,1998,8.3,11,7,1,7,3,5,8,62.5,3,9,0,9,5,16,3,0,Matches
c631f952,Jonas Omlin,ch SUI,GK,M'Gladbach,29-060,1994,6.3,0,0,0,0,0,0,1,0.0,1,1,0,1,0,0,4,0,Matches
f26834c7,Karim Onisiwo,at AUT,"FW,MF",Mainz 05,30-359,1992,20.3,13,8,1,6,6,3,11,27.3,8,14,0,14,2,15,5,0,Matches
20030c06,Willi Orban,hu HUN,DF,RB Leipzig,30-128,1992,21.8,36,26,21,15,0,19,30,63.3,11,26,17,9,30,66,93,0,Matches
86c75897,Ivan Ordets,ua UKR,DF,Bochum,30-246,1992,17.5,25,14,18,6,1,15,21,71.4,6,16,8,8,28,53,70,0,Matches
0a16eb36,Jordi Osei-Tutu,eng ENG,"DF,FW",Bochum,24-160,1998,7.2,20,15,11,5,4,9,15,60.0,6,12,5,7,9,29,7,0,Matches
9662c9ec,Patrick Osterhage,de GER,"MF,FW",Bochum,23-038,2000,6.2,12,11,3,7,2,6,10,60.0,4,6,2,4,8,20,11,0,Matches
1cbe4984,Paulo Otávio,br BRA,DF,Wolfsburg,28-108,1994,18.3,60,36,40,14,6,35,49,71.4,14,37,4,33,27,87,60,1,Matches
36d9dabe,Thomas Ouwejan,nl NED,DF,Schalke 04,26-162,1996,9.0,19,8,13,5,1,6,10,60.0,4,17,4,13,13,32,23,0,Matches
8b6e0db2,Reece Oxford,eng ENG,DF,Augsburg,24-085,1998,1.0,1,1,1,0,0,0,0,,0,4,3,1,1,2,5,0,Matches
15413fa5,Salih Özcan,tr TUR,MF,Dortmund,25-059,1998,14.9,24,14,6,14,4,13,32,40.6,19,20,2,18,21,45,16,2,Matches
66385c46,Levin Öztunalı,de GER,MF,Union Berlin,26-361,1996,0.1,0,0,0,0,0,0,1,0.0,1,0,0,0,0,0,0,0,Matches
e82adcab,Exequiel Palacios,ar ARG,MF,Leverkusen,24-157,1998,11.3,38,21,13,23,2,20,31,64.5,11,13,1,12,23,61,17,0,Matches
5dc15574,Miloš Pantović,rs SRB,MF,Union Berlin,26-247,1996,2.0,3,1,3,0,0,3,4,75.0,1,2,0,2,0,3,4,0,Matches
13d23b29,Antonios Papadopoulos,de GER,DF,Dortmund,23-182,1999,0.1,0,0,0,0,0,0,0,,0,0,0,0,1,1,0,0,Matches
5c50fdbc,Kevin Paredes,us USA,"FW,MF",Wolfsburg,19-308,2003,3.5,9,6,3,3,3,6,8,75.0,2,2,0,2,3,12,4,0,Matches
1866b0f1,Marco Pašalić,hr CRO,MF,Dortmund,22-178,2000,0.1,0,0,0,0,0,0,0,,0,0,0,0,0,0,0,0,Matches
5c899683,Felix Passlack,de GER,DF,Dortmund,24-286,1998,0.5,1,0,0,1,0,0,0,,0,0,0,0,0,1,0,0,Matches
53070b63,Paulinho,br BRA,FW,Leverkusen,22-239,2000,0.9,0,0,0,0,0,0,0,,0,1,0,1,0,0,2,0,Matches
45a03961,Benjamin Pavard,fr FRA,DF,Bayern Munich,26-348,1996,17.4,49,31,24,19,6,22,26,84.6,4,18,8,10,28,77,49,0,Matches
0a1cb833,Jiří Pavlenka,cz CZE,GK,Werder Bremen,30-331,1992,22.3,0,0,0,0,0,0,4,0.0,4,0,0,0,2,2,16,1,Matches
5154b2ba,Kristian Pedersen,dk DEN,DF,Köln,28-219,1994,3.0,5,4,4,1,0,0,2,0.0,2,3,0,3,5,10,17,0,Matches
582a5247,Mads Pedersen,dk DEN,"DF,MF",Augsburg,26-191,1996,12.5,29,13,23,5,1,13,17,76.5,4,21,7,14,17,46,27,1,Matches
b684a484,Jordan Pefok,us USA,FW,Union Berlin,26-319,1996,12.1,15,7,4,3,8,3,14,21.4,11,16,5,11,4,19,12,0,Matches
c18d22f5,Peter Pekarík,sk SVK,DF,Hertha BSC,36-132,1986,1.0,3,3,3,0,0,3,4,75.0,1,6,2,4,1,4,3,0,Matches
3b61c9ec,Luca Pellegrini,it ITA,DF,Eint Frankfurt,24-004,1999,6.2,13,8,10,3,0,8,8,100.0,0,8,2,6,7,20,11,1,Matches
a2b1ed42,Ricardo Pepi,us USA,FW,Augsburg,20-061,2003,1.1,1,1,1,0,0,1,1,100.0,0,1,0,1,0,1,1,0,Matches
ff3d391c,Juan Perea,co COL,FW,Stuttgart,23-016,2000,3.0,4,3,0,1,3,2,3,66.7,1,2,1,1,1,5,3,0,Matches
f93e6e94,Nils Petersen,de GER,FW,Freiburg,34-095,1988,2.3,6,4,0,3,3,2,4,50.0,2,9,2,7,1,7,6,0,Matches
f503ef6e,Lukas Petkov,de GER,"MF,FW",Augsburg,22-130,2000,1.6,5,1,4,1,0,2,3,66.7,1,4,1,3,1,6,0,0,Matches
83e1f40e,Luca Pfeiffer,de GER,FW,Stuttgart,26-203,1996,7.4,1,1,1,0,0,0,1,0.0,1,3,0,3,1,2,5,0,Matches
061e8e23,Maximilian Philipp,de GER,FW,Wolfsburg,29-010,1994,1.3,2,1,1,1,0,1,1,100.0,0,1,0,1,0,2,0,0,Matches
061e8e23,Maximilian Philipp,de GER,"MF,FW",Werder Bremen,29-010,1994,0.6,1,1,1,0,0,0,2,0.0,2,2,0,2,1,2,1,0,Matches
526ea7cc,Amos Pieper,de GER,DF,Werder Bremen,25-053,1998,18.5,39,22,22,16,1,19,30,63.3,11,19,9,10,23,62,76,1,Matches
f7aa75bd,Marvin Plattenhardt,de GER,DF,Hertha BSC,31-044,1992,17.6,29,21,17,9,3,21,34,61.8,13,19,6,13,9,38,45,0,Matches
bc6bd723,Alassane Pléa,fr FRA,FW,M'Gladbach,30-001,1993,14.5,14,7,4,7,3,6,15,40.0,9,19,2,17,9,23,12,0,Matches
ea003d07,Joel Pohjanpalo,fi FIN,"FW,MF",Leverkusen,28-179,1994,0.0,0,0,0,0,0,0,0,,0,0,0,0,0,0,0,0,Matches
3745e8bd,Sebastian Polter,de GER,"FW,MF",Schalke 04,31-344,1991,5.2,4,3,0,4,0,1,3,33.3,2,3,0,3,0,4,6,0,Matches
7f609bfc,Stefan Posch,at AUT,DF,Hoffenheim,25-301,1997,0.2,0,0,0,0,0,0,0,,0,0,0,0,0,0,0,0,Matches
d2416c2e,Yussuf Poulsen,dk DEN,FW,RB Leipzig,28-269,1994,3.0,2,1,0,2,0,0,1,0.0,1,3,1,2,0,2,3,0,Matches
924f9191,Grischa Prömel,de GER,MF,Hoffenheim,28-061,1995,11.9,23,18,12,9,2,7,17,41.2,10,16,3,13,5,28,17,0,Matches
c68b1b13,Tymoteusz Puchacz,pl POL,DF,Union Berlin,24-047,1999,0.6,1,0,1,0,0,0,0,,0,0,0,0,0,1,1,0,Matches
3c200e05,Joshua Quarshie,de GER,MF,Hoffenheim,18-228,2004,0.0,0,0,0,0,0,0,0,,0,0,0,0,0,0,0,0,Matches
b90c4a43,Diant Ramaj,de GER,GK,Eint Frankfurt,21-173,2001,1.0,0,0,0,0,0,0,0,,0,0,0,0,0,0,1,0,Matches
c8b3a472,Nicolai Rapp,de GER,"MF,DF",Werder Bremen,26-088,1996,0.8,3,1,3,0,0,0,3,0.0,3,0,0,0,0,3,1,0,Matches
7d450ed3,David Raum,de GER,"DF,FW",RB Leipzig,24-323,1998,14.4,34,21,21,9,4,13,21,61.9,8,20,5,15,15,49,20,1,Matches
cc971106,Rocco Reitz,de GER,MF,M'Gladbach,20-286,2002,0.0,0,0,0,0,0,0,0,,0,0,0,0,0,0,0,0,Matches
36a3ff67,Marco Reus,de GER,MF,Dortmund,33-284,1989,11.4,23,14,9,12,2,5,19,26.3,14,8,3,5,5,28,5,0,Matches
1ae836b1,Elvis Rexhbeçaj,de GER,MF,Augsburg,25-130,1997,18.6,34,23,11,16,7,19,40,47.5,21,26,9,17,11,45,30,0,Matches
7fa4e703,Gio Reyna,us USA,"FW,MF",Dortmund,20-118,2002,5.6,10,4,2,4,4,4,8,50.0,4,6,2,4,3,13,4,0,Matches
f972644c,Marco Richter,de GER,"MF,FW",Hertha BSC,25-107,1997,13.3,34,18,14,14,6,17,37,45.9,20,22,0,22,13,47,17,0,Matches
9f941969,Manuel Riemann,de GER,GK,Bochum,34-183,1988,24.0,2,1,2,0,0,2,2,100.0,0,1,0,1,4,6,16,4,Matches
e12b0b5b,Sebastian Rode,de GER,MF,Eint Frankfurt,32-151,1990,9.7,26,16,5,18,3,8,25,32.0,17,10,1,9,9,35,9,0,Matches
ea42c03f,Agustín Rogel,uy URU,DF,Hertha BSC,25-145,1997,11.3,14,9,10,4,0,8,12,66.7,4,11,4,7,12,26,43,0,Matches
1f2c7b55,Merlin Röhl,de GER,MF,Freiburg,20-249,2002,0.1,1,1,1,0,0,0,0,,0,0,0,0,0,1,1,0,Matches
90c1f9a4,Tom Rothe,de GER,DF,Dortmund,18-133,2004,0.2,1,1,0,1,0,1,1,100.0,0,0,0,0,0,1,0,0,Matches
13203c45,Jérôme Roussillon,fr FRA,"MF,DF",Wolfsburg,30-064,1993,0.2,0,0,0,0,0,0,0,,0,0,0,0,0,0,0,0,Matches
13203c45,Jérôme Roussillon,fr FRA,DF,Union Berlin,30-064,1993,2.6,2,1,1,0,1,1,2,50.0,1,1,0,1,0,2,7,0,Matches
80f36c88,Sebastian Rudy,de GER,MF,Hoffenheim,33-011,1990,6.0,18,10,7,11,0,7,20,35.0,13,16,1,15,6,24,12,0,Matches
c64c01fc,Georginio Rutter,fr FRA,FW,Hoffenheim,20-325,2002,11.2,7,4,1,4,2,1,3,33.3,2,10,2,8,5,12,6,0,Matches
009a4f60,Julian Ryerson,no NOR,DF,Union Berlin,25-114,1997,11.5,28,17,17,10,1,15,23,65.2,8,15,3,12,12,40,19,0,Matches
009a4f60,Julian Ryerson,no NOR,DF,Dortmund,25-114,1997,6.0,13,5,9,3,1,11,14,78.6,3,4,1,3,6,19,13,0,Matches
a70b8345,Frederik Rønnow,dk DEN,GK,Union Berlin,30-219,1992,19.0,0,0,0,0,0,0,3,0.0,3,0,0,0,0,0,6,0,Matches
e280527c,Marcel Sabitzer,at AUT,MF,Bayern Munich,28-359,1994,7.0,27,14,11,10,6,10,17,58.8,7,3,0,3,10,37,9,0,Matches
e1830c52,Dikeni Salifou,tg TOG,MF,Werder Bremen,19-276,2003,0.0,0,0,0,0,0,0,0,,0,0,0,0,0,0,0,0,Matches
bf075f6b,Roland Sallai,hu HUN,"MF,FW",Freiburg,25-293,1997,7.0,5,5,1,3,1,2,7,28.6,5,6,1,5,2,7,4,0,Matches
08593525,Diadie Samassékou,ml MLI,"MF,FW",Hoffenheim,27-059,1996,0.4,1,0,0,1,0,0,1,0.0,1,0,0,0,0,1,0,0,Matches
2b114be3,Leroy Sané,de GER,"FW,MF",Bayern Munich,27-059,1996,14.5,23,17,7,11,5,9,17,52.9,8,8,1,7,1,24,1,1,Matches
6a52a6c6,Sidi Sané,de GER,FW,Schalke 04,19-324,2003,0.3,1,1,1,0,0,1,1,100.0,0,0,0,0,0,1,0,0,Matches
236f02cd,Joe Scally,us USA,DF,M'Gladbach,20-070,2002,18.9,22,15,17,5,0,17,23,73.9,6,14,6,8,7,29,46,0,Matches
52afb588,Kevin Schade,de GER,"FW,MF",Freiburg,21-104,2001,2.0,6,4,3,2,1,3,5,60.0,2,0,0,0,0,6,2,0,Matches
049751d7,András Schäfer,hu HUN,MF,Union Berlin,23-332,1999,8.4,20,8,7,12,1,6,13,46.2,7,11,2,9,4,24,11,0,Matches
93cba339,Derry Scherhant,de GER,FW,Hertha BSC,20-121,2002,2.1,4,3,2,2,0,2,3,66.7,1,1,0,1,0,4,3,0,Matches
5d4f7d61,Patrik Schick,cz CZE,FW,Leverkusen,27-046,1996,10.5,1,0,0,0,1,0,1,0.0,1,4,1,3,1,2,7,0,Matches
bd527260,Kingsley Schindler,de GER,"DF,MF",Köln,29-242,1993,7.7,17,10,11,5,1,13,19,68.4,6,6,1,5,8,25,20,0,Matches
8f056768,Xaver Schlager,at AUT,MF,RB Leipzig,25-164,1997,16.3,41,24,13,26,2,21,43,48.8,22,19,2,17,15,56,23,0,Matches
f6bdc830,Keven Schlotterbeck,de GER,DF,Freiburg,25-317,1997,0.2,0,0,0,0,0,0,0,,0,1,1,0,2,2,2,0,Matches
f6bdc830,Keven Schlotterbeck,de GER,DF,Bochum,25-317,1997,6.2,13,6,9,4,0,6,7,85.7,1,9,3,6,13,26,30,0,Matches
34e12499,Nico Schlotterbeck,de GER,DF,Dortmund,23-100,1999,22.3,52,31,32,19,1,31,46,67.4,15,34,18,16,28,80,66,1,Matches
220ace7e,Romano Schmid,at AUT,MF,Werder Bremen,23-043,2000,11.8,20,13,4,11,5,8,17,47.1,9,18,3,15,6,26,10,0,Matches
b9ae8560,Niklas Schmidt,de GER,MF,Werder Bremen,25-010,1998,8.4,21,9,10,10,1,10,22,45.5,12,6,0,6,2,23,6,0,Matches
ad00b1a8,Benno Schmitz,de GER,DF,Köln,28-114,1994,19.2,45,30,21,20,4,29,50,58.0,21,27,4,23,20,65,41,0,Matches
87436846,Marvin Schwäbe,de GER,GK,Köln,27-320,1995,24.0,1,0,1,0,0,1,1,100.0,0,0,0,0,2,3,4,2,Matches
0d55d942,Alexander Schwolow,de GER,GK,Schalke 04,30-282,1992,17.0,0,0,0,0,0,0,0,,0,0,0,0,1,1,6,2,Matches
8872ed17,Paul Seguin,de GER,MF,Union Berlin,27-347,1995,5.7,12,6,7,1,4,6,13,46.2,7,6,0,6,1,13,4,0,Matches
1238a3f9,Davie Selke,de GER,FW,Hertha BSC,28-050,1995,3.1,2,1,1,1,0,0,1,0.0,1,3,1,2,1,3,5,0,Matches
1238a3f9,Davie Selke,de GER,FW,Köln,28-050,1995,3.3,0,0,0,0,0,0,0,,0,2,0,2,0,0,2,0,Matches
b3325a30,Suat Serdar,de GER,MF,Hertha BSC,25-334,1997,16.9,42,18,10,25,7,17,31,54.8,14,38,10,28,22,64,19,0,Matches
313254a3,Kiliann Sildillia,fr FRA,"DF,MF",Freiburg,20-299,2002,18.1,28,16,6,19,3,14,19,73.7,5,17,6,11,21,49,31,1,Matches
3effaa34,André Silva,pt POR,FW,RB Leipzig,27-125,1995,15.1,6,1,0,4,2,1,3,33.3,2,9,1,8,2,8,3,0,Matches
fcb27134,Mohamed Simakan,fr FRA,DF,RB Leipzig,22-312,2000,9.4,11,9,8,2,1,7,12,58.3,5,11,2,9,10,21,35,0,Matches
7ec723b7,Eduardo Simões,pt POR,DF,Hoffenheim,21-009,2002,1.0,5,3,3,2,0,1,3,33.3,2,3,2,1,0,5,3,0,Matches
73000a79,Daley Sinkgraven,nl NED,"DF,MF",Leverkusen,27-250,1995,3.6,6,6,3,3,0,5,6,83.3,1,8,4,4,5,11,7,0,Matches
0d8a37c2,Tobias Sippel,de GER,GK,M'Gladbach,34-354,1988,4.7,0,0,0,0,0,0,0,,0,0,0,0,0,0,1,1,Matches
c6cf860f,Hugo Siquet,be BEL,DF,Freiburg,20-245,2002,0.2,2,2,2,0,0,2,2,100.0,0,1,0,1,0,2,0,0,Matches
65857fdf,Tim Skarke,de GER,"DF,MF",Union Berlin,26-185,1996,0.6,1,1,0,0,1,0,0,,0,1,0,1,0,1,0,0,Matches
65857fdf,Tim Skarke,de GER,"FW,MF",Schalke 04,26-185,1996,2.4,4,1,1,3,0,2,5,40.0,3,2,0,2,0,4,1,0,Matches
c2211709,Ellyes Skhiri,tn TUN,MF,Köln,27-305,1995,22.7,61,37,22,32,7,20,48,41.7,28,35,9,26,43,104,35,0,Matches
ff98492b,Robert Skov,dk DEN,DF,Hoffenheim,26-295,1996,11.9,14,9,10,4,0,7,16,43.8,9,19,6,13,8,22,16,1,Matches
c967f6b8,Hrvoje Smolčić,hr CRO,DF,Eint Frankfurt,22-206,2000,4.2,8,7,6,2,0,5,9,55.6,4,11,4,7,5,13,33,0,Matches
c05f2f8c,Danilo Soares,br BRA,DF,Bochum,31-133,1991,14.6,52,34,27,18,7,31,45,68.9,14,25,4,21,19,71,33,1,Matches
4f627629,Nikola Soldo,hr CRO,DF,Köln,22-045,2001,6.6,15,9,8,7,0,7,10,70.0,3,8,6,2,7,22,27,0,Matches
420c18a1,Yann Sommer,ch SUI,GK,Bayern Munich,34-084,1988,8.0,0,0,0,0,0,0,0,,0,0,0,0,1,1,3,0,Matches
420c18a1,Yann Sommer,ch SUI,GK,M'Gladbach,34-084,1988,10.0,1,0,1,0,0,1,1,100.0,0,0,0,0,0,1,8,0,Matches
af0d79a9,Borna Sosa,hr CRO,"DF,MF",Stuttgart,25-049,1998,13.0,17,11,12,4,1,13,22,59.1,9,12,3,9,10,27,21,0,Matches
4c6facae,Djibril Sow,ch SUI,MF,Eint Frankfurt,26-033,1997,19.8,34,18,11,21,2,15,27,55.6,12,18,4,14,26,60,17,0,Matches
0f59a7bf,Anton Stach,de GER,MF,Mainz 05,24-116,1998,14.9,20,16,9,9,2,10,23,43.5,13,21,2,19,24,44,18,0,Matches
861e0116,Kostas Stafylidis,gr GRE,"DF,MF",Bochum,29-099,1993,7.9,21,13,9,7,5,6,14,42.9,8,14,4,10,14,35,16,1,Matches
1fffae99,Jens Stage,dk DEN,MF,Werder Bremen,26-123,1996,11.7,23,11,10,13,0,4,23,17.4,19,24,8,16,13,36,19,0,Matches
7ed08d5c,Josip Stanišić,hr CRO,DF,Bayern Munich,22-343,2000,4.8,18,11,13,2,3,12,17,70.6,5,6,0,6,6,24,9,0,Matches
aad48be9,Niklas Stark,de GER,DF,Werder Bremen,27-331,1995,12.6,33,24,18,14,1,15,20,75.0,5,10,4,6,26,59,61,0,Matches
99f7e9aa,Pascal Stenzel,de GER,DF,Stuttgart,26-356,1996,3.6,12,8,8,4,0,5,9,55.6,4,8,2,6,6,18,6,0,Matches
3b1ed320,Angelo Stiller,de GER,MF,Hoffenheim,21-341,2001,4.8,21,9,8,11,2,7,8,87.5,1,7,2,5,8,29,4,0,Matches
7cd6badb,Lars Stindl,de GER,"FW,MF",M'Gladbach,34-197,1988,13.1,17,9,3,12,2,9,21,42.9,12,18,3,15,8,25,16,0,Matches
e5649a78,Kevin Stöger,at AUT,MF,Bochum,29-196,1993,20.8,49,27,20,22,7,16,51,31.4,35,17,3,14,21,70,11,0,Matches
e33c06cf,Niklas Süle,de GER,DF,Dortmund,27-189,1995,14.8,14,11,10,2,2,5,10,50.0,5,20,12,8,10,24,33,0,Matches
e18098de,Ivan Šunjić,hr CRO,MF,Hertha BSC,26-153,1996,10.7,38,20,16,21,1,16,24,66.7,8,17,5,12,13,51,19,1,Matches
92d83c27,Mattias Svanberg,se SWE,MF,Wolfsburg,24-065,1999,13.4,13,8,5,8,0,6,19,31.6,13,20,4,16,14,27,18,1,Matches
934e1968,Dominik Szoboszlai,hu HUN,"MF,FW",RB Leipzig,22-137,2000,18.0,29,20,8,13,8,11,28,39.3,17,26,2,24,12,41,24,0,Matches
e92cd3f7,Alexander Sørloth,no NOR,FW,RB Leipzig,27-096,1995,0.1,0,0,0,0,0,0,0,,0,0,0,0,0,0,0,0,Matches
bd142efb,Jonathan Tah,de GER,DF,Leverkusen,27-028,1996,18.6,19,10,15,4,0,10,14,71.4,4,16,9,7,22,41,79,0,Matches
a73c8f95,Edmond Tapsoba,bf BFA,DF,Leverkusen,24-037,1999,22.6,35,20,24,8,3,19,30,63.3,11,28,14,14,28,63,72,1,Matches
27270af4,Niklas Tauer,de GER,"DF,MF",Mainz 05,22-022,2001,1.0,2,1,2,0,0,1,3,33.3,2,2,1,1,2,4,4,0,Matches
829aa60c,Mathys Tel,fr FRA,FW,Bayern Munich,17-318,2005,3.2,1,1,0,1,0,1,1,100.0,0,5,1,4,0,1,1,0,Matches
0b45a8d7,Semir Telalovic,de GER,MF,M'Gladbach,23-078,1999,0.1,0,0,0,0,0,0,0,,0,0,0,0,0,0,0,0,Matches
863ff1ee,Simon Terodde,de GER,FW,Schalke 04,35-009,1988,14.8,13,7,4,5,4,2,9,22.2,7,6,2,4,6,19,6,0,Matches
ff5ea0bf,Malick Thiaw,de GER,DF,Schalke 04,21-215,2001,3.0,3,1,2,1,0,1,2,50.0,1,4,3,1,9,12,24,1,Matches
fd53759d,Jan Thielmann,de GER,FW,Köln,20-289,2002,6.2,9,8,3,5,1,3,8,37.5,5,8,2,6,3,12,5,0,Matches
d1b49282,Morten Thorsby,no NOR,MF,Union Berlin,26-310,1996,5.9,15,8,6,8,1,9,12,75.0,3,7,3,4,2,17,12,0,Matches
6f8cd6d0,Marcus Thuram,fr FRA,FW,M'Gladbach,25-217,1997,20.4,13,6,3,5,5,6,9,66.7,3,11,2,9,5,18,14,0,Matches
6b8887c2,Steffen Tigges,de GER,FW,Köln,24-223,1998,14.4,6,4,1,4,1,4,11,36.4,7,11,2,9,6,12,14,0,Matches
e547d3cf,Umut Tohumcu,de GER,MF,Hoffenheim,18-212,2004,2.5,10,6,4,5,1,3,7,42.9,4,3,0,3,0,10,4,0,Matches
b492126a,Tiago Tomás,pt POR,"FW,MF",Stuttgart,20-268,2002,9.6,7,4,2,3,2,5,7,71.4,2,8,2,6,0,7,2,0,Matches
c8c60119,Almamy Touré,ml MLI,DF,Eint Frankfurt,26-317,1996,1.8,5,4,2,3,0,3,5,60.0,2,5,2,3,5,10,2,0,Matches
71ec39ef,Lucas Tousart,fr FRA,MF,Hertha BSC,25-316,1997,21.7,52,28,24,20,8,17,36,47.2,19,19,1,18,36,88,48,1,Matches
ce17b5eb,Kevin Trapp,de GER,GK,Eint Frankfurt,32-246,1990,22.0,1,1,1,0,0,0,1,0.0,1,2,0,2,0,1,7,0,Matches
056d2d95,Christopher Trimmel,at AUT,DF,Union Berlin,36-015,1987,16.3,28,18,16,11,1,17,27,63.0,10,12,1,11,22,50,38,0,Matches
35d64857,Tuta,br BRA,DF,Eint Frankfurt,23-250,1999,21.9,33,22,15,13,5,20,35,57.1,15,33,10,23,30,63,98,1,Matches
7d3e7da6,Sven Ulreich,de GER,GK,Bayern Munich,34-220,1988,3.0,1,1,1,0,0,1,1,100.0,0,0,0,0,0,1,0,1,Matches
cd61c7af,Lauren Ulrich,de GER,MF,Stuttgart,18-039,2005,0.1,1,1,0,0,1,0,0,,0,0,0,0,0,1,0,0,Matches
d248cd8f,Dayot Upamecano,fr FRA,DF,Bayern Munich,24-135,1998,20.0,53,31,35,18,0,21,34,61.8,13,18,5,13,22,75,61,4,Matches
af842091,Filip Uremović,hr CRO,DF,Hertha BSC,26-028,1997,12.4,22,11,15,6,1,10,16,62.5,6,11,8,3,23,45,54,2,Matches
d75f3980,Jere Uronen,fi FIN,DF,Schalke 04,28-241,1994,4.7,7,4,4,3,0,2,6,33.3,4,4,2,2,4,11,6,0,Matches
a3ddb1b9,Mark Uth,de GER,"MF,FW",Köln,31-199,1991,0.5,0,0,0,0,0,0,0,,0,0,0,0,0,0,0,0,Matches
fb377d11,Josha Vagnoman,de GER,"DF,MF",Stuttgart,22-090,2000,7.3,10,6,4,5,1,5,7,71.4,2,8,2,6,6,16,19,0,Matches
6ecbddf6,Ruben Vargas,ch SUI,"MF,FW",Augsburg,24-218,1998,6.8,10,5,4,4,2,3,8,37.5,5,6,2,4,3,13,12,1,Matches
fc8fcbd1,Renato Veiga,pt POR,DF,Augsburg,19-225,2003,3.0,4,3,2,1,1,3,3,100.0,0,5,2,3,3,7,8,1,Matches
a5ae8f8e,Miloš Veljković,rs SRB,DF,Werder Bremen,27-166,1995,15.9,22,13,14,8,0,14,22,63.6,8,19,11,8,24,46,68,0,Matches
8fe2a392,Mickey van de Ven,nl NED,DF,Wolfsburg,21-326,2001,23.0,34,22,19,15,0,23,32,71.9,9,31,18,13,19,53,83,2,Matches
5360a956,Gabriel Vidovic,hr CRO,FW,Bayern Munich,19-100,2003,0.2,0,0,0,0,0,0,0,,0,0,0,0,0,0,0,0,Matches
1d8e9add,Kevin Vogt,de GER,DF,Hoffenheim,31-169,1991,16.3,14,10,9,5,0,8,16,50.0,8,15,10,5,21,35,62,0,Matches
f86cd5df,Aster Vranckx,be BEL,MF,Wolfsburg,20-158,2002,0.1,0,0,0,0,0,0,0,,0,0,0,0,0,0,1,0,Matches
e3d3fbeb,Robert Wagner,de GER,MF,Freiburg,19-240,2003,0.3,0,0,0,0,0,0,0,,0,2,0,2,0,0,2,0,Matches
e5a35ae9,Luca Waldschmidt,de GER,FW,Wolfsburg,26-296,1996,3.9,5,2,2,1,2,2,6,33.3,4,1,0,1,2,7,3,0,Matches
cb64672e,Paul Wanner,de GER,MF,Bayern Munich,17-078,2005,0.3,3,1,1,2,0,1,1,100.0,0,0,0,0,0,3,1,0,Matches
346d51d9,Julian Weigl,de GER,MF,M'Gladbach,27-184,1995,14.0,29,12,14,14,1,16,28,57.1,12,14,1,13,12,41,21,0,Matches
231c67ff,Nelson Weiper,de GER,"FW,MF",Mainz 05,17-359,2005,0.2,2,0,0,0,2,1,1,100.0,0,1,0,1,0,2,0,0,Matches
30c220c3,Mitchell Weiser,de GER,"DF,FW",Werder Bremen,28-324,1994,18.4,51,32,25,20,6,23,43,53.5,20,33,3,30,24,75,25,0,Matches
dd676a97,Noah Weißhaupt,de GER,"FW,MF",Freiburg,21-172,2001,1.5,4,1,1,3,0,1,4,25.0,3,2,0,2,2,6,4,0,Matches
1c86aa16,Marcel Wenig,de GER,MF,Eint Frankfurt,18-311,2004,0.0,0,0,0,0,0,0,0,,0,0,0,0,0,0,0,0,Matches
49fe9070,Timo Werner,de GER,"FW,MF",RB Leipzig,27-005,1996,12.9,5,3,2,2,1,2,8,25.0,6,7,0,7,3,8,4,0,Matches
f68b64fc,Silvan Widmer,ch SUI,DF,Mainz 05,30-006,1993,13.6,19,12,13,5,1,15,24,62.5,9,16,5,11,26,45,16,0,Matches
cb11b429,Patrick Wimmer,at AUT,"FW,MF",Wolfsburg,21-285,2001,11.9,27,16,13,7,7,9,23,39.1,14,20,2,18,14,41,13,0,Matches
2077ae86,Jonas Wind,dk DEN,FW,Wolfsburg,24-032,1999,6.9,5,1,1,2,2,2,4,50.0,2,5,3,2,1,6,6,0,Matches
a1257b5e,Frederik Winther,dk DEN,DF,Augsburg,22-066,2001,1.0,2,2,1,1,0,0,2,0.0,2,1,1,0,0,2,7,0,Matches
e7fcf289,Florian Wirtz,de GER,"FW,MF",Leverkusen,19-312,2003,4.9,13,7,6,7,0,5,7,71.4,2,7,1,6,1,14,7,0,Matches
be42a291,Hannes Wolf,at AUT,FW,M'Gladbach,23-329,1999,3.6,8,5,4,3,1,2,8,25.0,6,3,0,3,2,10,7,0,Matches
fa661778,Marius Wolf,de GER,"DF,FW",Dortmund,27-288,1995,10.7,13,9,6,4,3,7,11,63.6,4,31,9,22,14,27,17,1,Matches
6190474d,Jeong Woo-yeong,kr KOR,"MF,FW",Freiburg,23-172,1999,6.7,7,3,4,2,1,2,4,50.0,2,7,1,6,1,8,7,0,Matches
ea0893d6,Kelvin Yeboah,it ITA,"FW,MF",Augsburg,22-309,2000,2.8,3,3,1,2,0,1,4,25.0,3,4,0,4,1,4,2,0,Matches
caffaf5a,Maya Yoshida,jp JPN,DF,Schalke 04,34-199,1988,22.9,29,18,16,13,0,16,22,72.7,6,27,21,6,40,69,110,1,Matches
a4effc55,Dan-Axel Zagadou,fr FRA,DF,Stuttgart,23-281,1999,7.3,10,5,8,2,0,4,8,50.0,4,11,10,1,8,18,39,1,Matches
fc3697dd,Rodrigo Zalazar,uy URU,"MF,FW",Schalke 04,23-211,1999,8.1,10,6,4,5,1,6,14,42.9,8,8,1,7,5,15,8,0,Matches
65bf7e2b,Aaron Zehnter,de GER,DF,Augsburg,18-131,2004,0.0,0,0,0,0,0,0,1,0.0,1,0,0,0,1,1,0,0,Matches
5c4bf6ba,Robin Zentner,de GER,GK,Mainz 05,28-134,1994,17.0,0,0,0,0,0,0,2,0.0,2,0,0,0,0,0,10,0,Matches
9b688ae1,Michael Zetterer,de GER,GK,Werder Bremen,27-242,1995,0.7,0,0,0,0,0,0,0,,0,0,0,0,0,0,1,0,Matches
29f7cfd9,Simon Zoller,de GER,FW,Bochum,31-258,1991,14.2,8,2,2,6,0,3,9,33.3,6,13,1,12,6,14,19,0,Matches
