id,Player,Nation,Pos,Squad,Age,Born,90s,Tkl,TklW,Def 3rd,Mid 3rd,Att 3rd,Tkl.1,Att,Tkl%,Lost,Blocks,Sh,Pass,Int,Tkl+Int,Clr,Err,Matches
5f09991f,Patrick van Aanholt,nl NED,DF,Crystal Palace,29,1990,19.7,35,22,18,17,0,19,43,44.2,24,18,6,12,30,65,40,2,Matches
f586779e,Tammy Abraham,eng ENG,FW,Chelsea,22,1997,11.6,7,5,3,3,1,1,7,14.3,6,6,0,6,5,12,17,0,Matches
f2bf1b0f,Che Adams,sct SCO,FW,Southampton,24,1996,29.6,25,16,4,15,6,6,17,35.3,11,20,2,18,4,29,19,1,Matches
c81d773d,Tosin Adarabioyo,eng ENG,DF,Fulham,22,1997,32.8,37,19,30,6,1,19,40,47.5,21,26,20,6,42,79,197,2,Matches
f76e6b4e,Adrián,es ESP,GK,Liverpool,33,1987,3.0,0,0,0,0,0,0,0,,0,0,0,0,0,0,3,1,Matches
4d034881,Sergio Agüero,ar ARG,FW,Manchester City,32,1988,6.2,4,1,0,2,2,2,11,18.2,9,2,0,2,2,6,0,0,Matches
246d153b,Ola Aina,ng NGA,DF,Fulham,23,1996,29.6,37,20,22,7,8,21,43,48.8,22,22,6,16,45,82,94,2,Matches
9b398aea,Rayan Aït Nouri,fr FRA,DF,Wolves,19,2001,15.6,29,16,18,10,1,13,27,48.1,14,14,1,13,15,44,25,0,Matches
d6192210,Semi Ajayi,ng NGA,DF,West Brom,26,1993,30.9,40,14,34,6,0,23,41,56.1,18,51,32,19,42,82,122,2,Matches
eaeca114,Nathan Aké,nl NED,DF,Manchester City,25,1995,8.9,10,5,3,6,1,3,4,75.0,1,2,1,1,9,19,23,0,Matches
b827d5b3,Marc Albrighton,eng ENG,"DF,FW",Leicester City,30,1989,19.4,33,19,14,15,4,16,45,35.6,29,29,3,26,17,50,27,1,Matches
77e84962,Thiago Alcántara,es ESP,MF,Liverpool,29,1991,20.6,61,36,20,30,11,17,49,34.7,32,26,0,26,30,91,14,0,Matches
f7d50789,Toby Alderweireld,be BEL,DF,Tottenham,31,1989,24.9,35,22,22,11,2,18,30,60.0,12,40,28,12,10,45,121,0,Matches
8fa8f8d2,Rúnar Alex Rúnarsson,is ISL,GK,Arsenal,25,1995,0.2,0,0,0,0,0,0,0,,0,0,0,0,0,0,0,0,Matches
cd1acf9d,Trent Alexander-Arnold,eng ENG,DF,Liverpool,21,1998,33.7,56,33,31,18,7,36,56,64.3,20,24,3,21,49,105,50,3,Matches
1a7fcf39,Ezgjan Alioski,mk MKD,"DF,MF",Leeds United,28,1992,27.3,74,31,38,28,8,32,74,43.2,42,17,2,15,23,97,50,2,Matches
7a2e46a8,Alisson,br BRA,GK,Liverpool,27,1992,33.0,3,2,3,0,0,3,4,75.0,1,0,0,0,2,5,26,7,Matches
cc700722,Allan,br BRA,MF,Everton,29,1991,22.8,80,45,39,37,4,28,95,29.5,67,31,12,19,19,99,25,1,Matches
cea4ee8f,Dele Alli,eng ENG,MF,Tottenham,24,1996,6.9,18,11,8,6,4,7,19,36.8,12,9,0,9,7,25,3,0,Matches
862a1c15,Miguel Almirón,py PAR,"MF,FW",Newcastle Utd,26,1994,27.0,49,29,21,25,3,14,56,25.0,42,23,4,19,25,74,20,1,Matches
f4290206,Marcos Alonso,es ESP,DF,Chelsea,29,1990,10.7,13,3,6,4,3,7,14,50.0,7,12,1,11,12,25,30,0,Matches
ad1f61f3,Steven Alzate,co COL,MF,Brighton,21,1998,10.0,17,8,10,4,3,6,15,40.0,9,8,1,7,8,25,10,0,Matches
1a4ef233,Daniel Amartey,gh GHA,DF,Leicester City,25,1994,8.0,11,7,6,4,1,8,12,66.7,4,8,4,4,12,23,26,0,Matches
10b9fa99,Ethan Ampadu,wls WAL,"DF,MF",Sheffield Utd,19,2000,23.2,57,36,31,24,2,20,46,43.5,26,40,19,21,49,106,87,3,Matches
e34fc66d,Joachim Andersen,dk DEN,DF,Fulham,24,1996,30.3,33,19,18,11,4,15,28,53.6,13,24,13,11,44,77,151,1,Matches
de31038e,Elliot Anderson,sct SCO,MF,Newcastle Utd,17,2002,0.0,0,0,0,0,0,0,0,,0,0,0,0,0,0,0,0,Matches
9f1893b9,Felipe Anderson,br BRA,"FW,MF",West Ham,27,1993,0.0,1,1,0,1,0,0,0,,0,0,0,0,0,1,0,0,Matches
ac05f970,Michail Antonio,jm JAM,FW,West Ham,30,1990,21.9,7,4,1,5,1,1,7,14.3,6,20,3,17,7,14,7,0,Matches
2f965a72,Alphonse Areola,fr FRA,GK,Fulham,27,1993,36.0,1,0,1,0,0,1,5,20.0,4,0,0,0,1,2,13,3,Matches
97333cf5,Stuart Armstrong,sct SCO,MF,Southampton,28,1992,30.7,60,41,19,32,9,27,75,36.0,48,26,1,25,24,84,19,0,Matches
28d596a0,Kepa Arrizabalaga,es ESP,GK,Chelsea,25,1994,6.5,0,0,0,0,0,0,1,0.0,1,0,0,0,0,0,0,3,Matches
d5dd5f1f,Pierre-Emerick Aubameyang,ga GAB,FW,Arsenal,31,1989,25.9,12,8,7,4,1,3,20,15.0,17,18,0,18,7,19,17,0,Matches
5c2b4f07,Serge Aurier,ci CIV,DF,Tottenham,27,1992,17.8,55,33,33,17,5,15,40,37.5,25,28,5,23,19,74,44,3,Matches
8d228291,Charlie Austin,eng ENG,"FW,MF",West Brom,31,1989,1.5,4,2,1,2,1,1,3,33.3,2,0,0,0,3,7,4,0,Matches
da052c14,Jordan Ayew,gh GHA,"FW,MF",Crystal Palace,28,1991,23.3,38,26,8,16,14,16,44,36.4,28,28,2,26,16,54,12,0,Matches
420d7c7d,Luke Ayling,eng ENG,DF,Leeds United,28,1991,37.8,108,61,69,30,9,49,87,56.3,38,53,36,17,36,144,96,5,Matches
53cad200,César Azpilicueta,es ESP,DF,Chelsea,30,1989,24.3,53,28,22,24,7,19,37,51.4,18,30,5,25,28,81,62,2,Matches
a1232f4e,Eric Bailly,ci CIV,DF,Manchester Utd,26,1994,10.2,5,5,3,1,1,0,1,0.0,1,13,11,2,13,18,36,2,Matches
3626f7d9,Fabián Balbuena,py PAR,DF,West Ham,28,1991,13.3,24,12,23,1,0,14,23,60.9,9,23,6,17,25,49,63,0,Matches
394854c4,George Baldock,gr GRE,DF,Sheffield Utd,27,1993,31.0,47,34,28,14,5,21,50,42.0,29,26,7,19,25,72,70,1,Matches
a58bb1e1,Gareth Bale,wls WAL,FW,Tottenham,31,1989,10.2,17,10,4,9,4,7,14,50.0,7,13,2,11,8,25,16,0,Matches
93feac6e,Patrick Bamford,eng ENG,FW,Leeds United,26,1993,33.9,21,9,2,11,8,8,27,29.6,19,14,4,10,10,31,37,0,Matches
1ae30132,Phil Bardsley,sct SCO,DF,Burnley,35,1985,3.0,6,5,4,2,0,3,6,50.0,3,3,1,2,6,12,12,0,Matches
3a24769f,Ross Barkley,eng ENG,MF,Aston Villa,26,1993,17.0,6,2,2,4,0,3,15,20.0,12,9,1,8,5,11,6,1,Matches
3a24769f,Ross Barkley,eng ENG,"FW,MF",Chelsea,26,1993,0.5,0,0,0,0,0,0,0,,0,0,0,0,0,0,0,0,Matches
2691c772,Ashley Barnes,eng ENG,FW,Burnley,30,1989,14.8,12,6,2,6,4,3,13,23.1,10,14,2,12,5,17,11,0,Matches
3ea50f67,Harvey Barnes,eng ENG,"FW,MF",Leicester City,22,1997,21.6,19,9,11,3,5,5,22,22.7,17,16,3,13,8,27,11,0,Matches
18e96f64,Kyle Bartley,eng ENG,DF,West Brom,29,1991,28.7,27,16,14,10,3,11,23,47.8,12,50,35,15,38,65,159,1,Matches
1aa84968,Chris Basham,eng ENG,"DF,MF",Sheffield Utd,32,1988,28.6,69,42,41,23,5,41,67,61.2,26,36,15,21,49,118,105,1,Matches
2973d8ff,Michy Batshuayi,be BEL,FW,Crystal Palace,26,1993,8.1,5,3,1,2,2,1,9,11.1,8,5,1,4,4,9,5,0,Matches
4115ce4e,Jan Bednarek,pl POL,DF,Southampton,24,1996,34.4,37,19,25,11,1,25,49,51.0,24,44,27,17,84,121,132,0,Matches
50dc94ce,Donny van de Beek,nl NED,"MF,FW",Manchester Utd,23,1997,5.8,15,10,2,11,2,7,15,46.7,8,10,1,9,6,21,7,0,Matches
f874dd44,Héctor Bellerín,es ESP,"DF,MF",Arsenal,25,1995,23.2,29,19,14,12,3,12,41,29.3,29,26,8,18,33,62,33,0,Matches
5a04fd92,Saïd Benrahma,dz ALG,"FW,MF",West Ham,24,1995,15.5,24,15,8,11,5,8,28,28.6,20,10,0,10,8,32,8,0,Matches
bf3aeb61,Josh Benson,eng ENG,MF,Burnley,20,1999,2.9,5,1,3,0,2,1,6,16.7,5,3,0,3,3,8,2,0,Matches
ab070c55,Christian Benteke,be BEL,FW,Crystal Palace,29,1990,20.2,15,7,1,7,7,2,9,22.2,7,17,6,11,4,19,39,0,Matches
5348aada,Gaetano Berardi,ch SUI,DF,Leeds United,31,1988,1.3,2,2,1,0,1,0,0,,0,2,1,1,1,3,2,0,Matches
f72293fc,Jóhann Berg Guðmundsson,is ISL,MF,Burnley,29,1990,15.1,19,11,6,9,4,11,23,47.8,12,11,2,9,17,36,19,0,Matches
d0b6129f,Sander Berge,no NOR,MF,Sheffield Utd,22,1998,12.4,16,7,8,5,3,7,15,46.7,8,11,2,9,4,20,18,0,Matches
a29b1131,Steven Bergwijn,nl NED,"FW,MF",Tottenham,22,1997,13.4,15,7,8,3,4,7,20,35.0,13,7,1,6,5,20,9,0,Matches
ab4b3e35,Bernard,br BRA,"MF,FW",Everton,27,1992,5.1,8,3,3,3,2,7,15,46.7,8,5,0,5,8,16,6,0,Matches
17370b95,Bernardo,br BRA,"DF,MF",Brighton,25,1995,2.3,10,8,8,1,1,4,6,66.7,2,2,0,2,1,11,1,0,Matches
01226327,Ryan Bertrand,eng ENG,DF,Southampton,30,1989,28.9,60,32,26,27,7,30,48,62.5,18,19,1,18,30,90,41,1,Matches
6c203af0,Yves Bissouma,ml MLI,MF,Brighton,23,1996,34.6,104,68,50,48,6,33,67,49.3,34,42,6,36,64,168,67,0,Matches
ae5019e6,Jayden Bogle,eng ENG,"DF,MF",Sheffield Utd,20,2000,12.3,33,23,21,10,2,20,39,51.3,19,14,4,10,14,47,22,0,Matches
a4ac4b8f,Willy Boly,ci CIV,DF,Wolves,29,1991,20.9,33,20,26,7,0,13,24,54.2,11,18,12,6,32,65,84,1,Matches
79c84d1c,Jarrod Bowen,eng ENG,"FW,MF",West Ham,23,1996,28.5,26,15,12,7,7,10,29,34.5,19,19,1,18,22,48,10,0,Matches
96bb8cc2,Robbie Brady,ie IRL,MF,Burnley,28,1992,11.7,22,15,12,6,4,12,35,34.3,23,16,0,16,9,31,29,1,Matches
30e81a88,Rhian Brewster,eng ENG,"FW,MF",Sheffield Utd,20,2000,12.5,8,5,1,4,3,1,13,7.7,12,15,2,13,5,13,5,0,Matches
43309491,Nathan Broadhead,wls WAL,FW,Everton,22,1998,0.0,1,1,0,1,0,0,0,,0,0,0,0,0,1,0,0,Matches
47369df8,Josh Brownhill,eng ENG,MF,Burnley,24,1995,31.3,45,27,9,29,7,15,44,34.1,29,33,11,22,69,114,39,0,Matches
af69e7f0,Joe Bryan,eng ENG,"DF,MF",Fulham,26,1993,7.4,15,8,7,5,3,7,12,58.3,5,8,2,6,14,29,16,0,Matches
c684d3c9,Kean Bryan,eng ENG,DF,Sheffield Utd,23,1996,11.2,20,10,9,11,0,9,19,47.4,10,16,10,6,13,33,39,1,Matches
f631c17f,Oliver Burke,sct SCO,FW,Sheffield Utd,23,1997,14.1,16,8,6,9,1,5,24,20.8,19,24,0,24,2,18,6,0,Matches
b2d31e83,Dan Burn,eng ENG,DF,Brighton,28,1992,22.9,50,26,33,14,3,27,53,50.9,26,30,7,23,31,81,75,0,Matches
cc70a1d5,Jack Butland,eng ENG,GK,Crystal Palace,27,1993,1.0,0,0,0,0,0,0,0,,0,0,0,0,0,0,0,0,Matches
e608ed4c,David Button,eng ENG,GK,West Brom,31,1989,1.0,0,0,0,0,0,0,0,,0,0,0,0,0,0,0,0,Matches
aa6f2f2c,Oskar Buur,dk DEN,DF,Wolves,22,1998,0.2,0,0,0,0,0,0,2,0.0,2,0,0,0,0,0,0,0,Matches
a179d516,Willy Caballero,ar ARG,GK,Chelsea,38,1981,1.0,0,0,0,0,0,0,0,,0,0,0,0,0,0,0,0,Matches
7914b9fe,Gary Cahill,eng ENG,DF,Crystal Palace,34,1985,20.0,13,9,10,3,0,7,11,63.6,4,27,22,5,13,26,88,0,Matches
a8748947,Tom Cairney,sct SCO,MF,Fulham,29,1991,8.4,9,3,1,4,4,1,4,25.0,3,6,0,6,0,9,3,0,Matches
59e6e5bf,Dominic Calvert-Lewin,eng ENG,FW,Everton,23,1997,31.9,17,8,1,8,8,6,12,50.0,6,22,6,16,6,23,33,0,Matches
bd6351cd,João Cancelo,pt POR,"DF,MF",Manchester City,26,1994,25.5,68,41,42,19,7,43,83,51.8,40,23,2,21,41,109,33,2,Matches
55b4f1d6,Ian Carlo Poveda,eng ENG,MF,Leeds United,20,2000,3.9,5,4,3,0,2,1,7,14.3,6,5,1,4,1,6,2,0,Matches
b581987a,Andy Carroll,eng ENG,FW,Newcastle Utd,31,1989,4.4,3,1,1,1,1,1,8,12.5,7,1,0,1,0,3,14,0,Matches
3e1550ee,Scott Carson,eng ENG,GK,Manchester City,34,1985,1.0,0,0,0,0,0,0,0,,0,0,0,0,0,0,0,0,Matches
966e28d0,Fabio Carvalho,pt POR,"MF,FW",Fulham,17,2002,2.8,9,6,4,4,1,5,9,55.6,4,2,0,2,1,10,1,1,Matches
2389cdc2,Matty Cash,pl POL,DF,Aston Villa,22,1997,26.4,71,40,43,22,6,41,74,55.4,33,50,11,39,60,131,95,0,Matches
58bc7d18,Kiko Casilla,es ESP,GK,Leeds United,33,1986,3.0,0,0,0,0,0,0,0,,0,0,0,0,0,0,0,0,Matches
197640fd,Timothy Castagne,be BEL,DF,Leicester City,24,1995,26.1,52,32,29,18,5,24,44,54.5,20,29,5,24,29,81,62,1,Matches
e28868f3,Jonny Castro,es ESP,"MF,DF",Wolves,26,1994,5.5,11,5,6,4,1,6,13,46.2,7,9,3,6,9,20,7,0,Matches
979b811d,Ivan Cavaleiro,pt POR,FW,Fulham,26,1993,27.5,23,14,9,11,3,12,34,35.3,22,25,1,24,19,42,14,0,Matches
527f063d,Edinson Cavani,uy URU,FW,Manchester Utd,33,1987,15.3,12,8,1,8,3,2,13,15.4,11,2,0,2,6,18,11,0,Matches
c0617e2b,Dani Ceballos,es ESP,MF,Arsenal,23,1996,17.9,37,22,20,11,6,21,51,41.2,30,23,6,17,35,72,14,1,Matches
dc6f5bdd,Calum Chambers,eng ENG,DF,Arsenal,25,1995,8.4,7,3,3,2,2,3,8,37.5,5,6,2,4,10,17,37,0,Matches
d2424d1b,Ben Chilwell,eng ENG,DF,Chelsea,23,1996,25.4,42,22,16,22,4,15,33,45.5,18,28,3,25,24,66,58,0,Matches
7d2d3329,Hamza Choudhury,eng ENG,MF,Leicester City,22,1997,3.5,8,7,3,5,0,4,10,40.0,6,4,1,3,4,12,9,1,Matches
1cb49278,Andreas Christensen,dk DEN,DF,Chelsea,24,1996,15.2,11,6,8,3,0,0,8,0.0,8,19,14,5,20,31,51,1,Matches
b2f9c73e,Carney Chukwuemeka,eng ENG,"MF,FW",Aston Villa,16,2003,0.2,2,2,1,0,1,1,3,33.3,2,0,0,0,0,2,0,0,Matches
2b91cf8e,Ciaran Clark,ie IRL,DF,Newcastle Utd,30,1989,21.0,24,14,15,6,3,6,13,46.2,7,27,20,7,29,53,104,1,Matches
0442183b,Nathaniel Clyne,eng ENG,DF,Crystal Palace,29,1991,12.7,17,10,8,8,1,9,16,56.3,7,7,2,5,18,35,25,1,Matches
2928dca2,Conor Coady,eng ENG,DF,Wolves,27,1993,36.7,35,23,25,10,0,19,35,54.3,16,40,32,8,27,62,134,2,Matches
0420d84f,Séamus Coleman,ie IRL,"DF,MF",Everton,31,1988,17.9,39,26,21,14,4,21,30,70.0,9,22,6,16,13,52,37,2,Matches
27c01749,Aaron Connolly,ie IRL,FW,Brighton,20,2000,8.8,6,3,1,3,2,0,2,0.0,2,4,0,4,0,6,2,0,Matches
dc64b8b3,Liam Cooper,sct SCO,DF,Leeds United,28,1991,24.3,68,45,39,27,2,37,59,62.7,22,39,32,7,61,129,70,1,Matches
25b82f9a,Theo Corbeanu,ca CAN,FW,Wolves,18,2002,0.1,2,1,0,2,0,1,1,100.0,0,0,0,0,1,3,0,0,Matches
74e12f1e,Jack Cork,eng ENG,MF,Burnley,31,1989,15.0,26,10,5,17,4,11,31,35.5,20,15,4,11,16,42,20,0,Matches
f13d02a6,Hélder Costa,ao ANG,"MF,FW",Leeds United,26,1994,12.8,25,11,12,5,8,11,32,34.4,21,11,0,11,3,28,5,1,Matches
fdf3cb77,Vladimír Coufal,cz CZE,DF,West Ham,27,1992,33.9,73,36,50,15,8,52,89,58.4,37,41,7,34,41,114,102,1,Matches
4f974391,Aaron Cresswell,eng ENG,DF,West Ham,30,1989,35.2,32,13,15,15,2,18,32,56.3,14,29,14,15,32,64,79,2,Matches
a4fe8cda,Patrick Cutrone,it ITA,FW,Wolves,22,1998,0.3,0,0,0,0,0,0,0,,0,0,0,0,0,0,0,0,Matches
67ca8566,Stuart Dallas,nir NIR,"MF,DF",Leeds United,29,1991,37.9,74,45,46,22,6,30,88,34.1,58,41,3,38,44,118,52,1,Matches
52105203,Scott Dann,eng ENG,DF,Crystal Palace,33,1987,15.0,6,4,5,1,0,4,11,36.4,7,16,14,2,18,24,59,1,Matches
cde3309f,Karl Darlow,eng ENG,GK,Newcastle Utd,29,1990,25.0,0,0,0,0,0,0,0,,0,0,0,0,0,0,17,0,Matches
44781702,Ben Davies,wls WAL,DF,Tottenham,27,1993,15.0,27,17,10,11,6,13,30,43.3,17,10,5,5,18,45,49,2,Matches
9228b07c,Tom Davies,eng ENG,MF,Everton,22,1998,15.8,31,18,17,12,2,16,39,41.0,23,15,9,6,34,65,21,2,Matches
9deaf2c8,Keinan Davis,eng ENG,"FW,MF",Aston Villa,22,1998,3.1,2,1,1,0,1,0,1,0.0,1,1,0,1,0,2,2,0,Matches
8574c61f,Leif Davis,eng ENG,DF,Leeds United,20,2000,0.4,0,0,0,0,0,0,3,0.0,3,1,0,1,1,1,0,0,Matches
3e9e06cb,Craig Dawson,eng ENG,DF,West Ham,30,1990,21.4,11,8,7,4,0,5,12,41.7,7,26,22,4,32,43,88,3,Matches
e46012d4,Kevin De Bruyne,be BEL,MF,Manchester City,29,1991,22.2,34,21,6,18,10,13,48,27.1,35,26,1,25,9,43,10,0,Matches
dd897ee7,Liam Delap,eng ENG,FW,Manchester City,17,2003,0.4,0,0,0,0,0,0,0,,0,0,0,0,0,0,0,0,Matches
111c3236,Fabian Delph,eng ENG,"MF,DF",Everton,30,1989,3.0,5,2,3,2,0,1,3,33.3,2,2,0,2,4,9,8,1,Matches
5a7301ae,Leander Dendoncker,be BEL,"MF,DF",Wolves,25,1995,27.8,54,29,29,22,3,31,60,51.7,29,38,15,23,27,81,52,2,Matches
dda3969e,Mbaye Diagne,sn SEN,FW,West Brom,28,1991,13.2,4,3,3,0,1,1,4,25.0,3,2,1,1,1,5,16,0,Matches
9dc96f10,Amad Diallo,ci CIV,FW,Manchester Utd,18,2002,1.8,3,3,1,2,0,0,0,,0,2,1,1,0,3,1,0,Matches
11ff3d56,Ibrahima Diallo,fr FRA,MF,Southampton,21,1999,11.3,29,16,11,17,1,9,16,56.3,7,10,1,9,10,39,12,2,Matches
f522d7ec,Grady Diangana,eng ENG,"MF,FW",West Brom,22,1998,13.7,35,19,19,9,7,19,43,44.2,24,16,2,14,16,51,9,0,Matches
31c69ef1,Rúben Dias,pt POR,DF,Manchester City,23,1997,31.6,24,13,13,8,3,4,16,25.0,12,31,23,8,35,59,92,0,Matches
ac861941,Eric Dier,eng ENG,DF,Tottenham,26,1994,28.0,23,14,13,10,0,11,18,61.1,7,37,31,6,23,46,123,3,Matches
1b84dbe1,Lucas Digne,fr FRA,"DF,MF",Everton,27,1993,29.8,63,38,40,16,7,29,54,53.7,25,42,4,38,31,94,87,0,Matches
a712ca2b,Issa Diop,fr FRA,DF,West Ham,23,1997,15.3,20,14,12,8,0,7,18,38.9,11,32,22,10,22,42,59,0,Matches
254147d4,Moussa Djenepo,ml MLI,MF,Southampton,22,1998,13.8,52,27,27,17,8,28,63,44.4,35,24,2,22,10,62,14,0,Matches
d557d734,Matt Doherty,ie IRL,DF,Tottenham,28,1992,13.8,29,15,15,10,4,13,33,39.4,20,20,5,15,23,52,46,0,Matches
67ac5bb8,Gabriel Dos Santos,br BRA,DF,Arsenal,22,1997,22.2,25,15,19,5,1,13,19,68.4,6,27,19,8,26,51,74,2,Matches
02b29014,Abdoulaye Doucouré,ml MLI,MF,Everton,27,1993,27.1,52,32,25,19,8,14,43,32.6,29,24,7,17,39,91,31,1,Matches
3a949a25,Martin Dúbravka,sk SVK,GK,Newcastle Utd,31,1989,13.0,0,0,0,0,0,0,0,,0,0,0,0,0,0,3,0,Matches
3fe6bd8c,Paul Dummett,wls WAL,DF,Newcastle Utd,28,1991,13.9,16,7,11,5,0,13,21,61.9,8,12,7,5,16,32,74,0,Matches
282f75f3,Lewis Dunk,eng ENG,DF,Brighton,28,1991,32.6,30,15,20,8,2,16,23,69.6,7,29,20,9,32,62,106,0,Matches
1fdfd6da,Jimmy Dunne,ie IRL,DF,Burnley,22,1997,3.0,3,3,2,1,0,1,2,50.0,1,3,2,1,6,9,16,1,Matches
3bb7b8b4,Ederson,br BRA,GK,Manchester City,26,1993,36.0,3,1,3,0,0,3,4,75.0,1,0,0,0,0,3,11,4,Matches
1566e437,Kyle Edwards,eng ENG,"MF,FW",West Brom,22,1998,1.3,3,2,1,1,1,0,0,,0,2,0,2,1,4,0,0,Matches
debe38a0,John Egan,ie IRL,DF,Sheffield Utd,27,1992,29.2,41,21,29,12,0,22,39,56.4,17,43,31,12,41,82,131,0,Matches
2fba6108,Anthony Elanga,se SWE,FW,Manchester Utd,18,2002,1.7,4,2,3,1,0,4,5,80.0,1,1,1,0,1,5,1,0,Matches
615ef733,Ahmed Elmohamady,eg EGY,DF,Aston Villa,32,1987,9.3,17,13,12,4,1,9,14,64.3,5,6,3,3,17,34,26,0,Matches
47a34c4f,Mohamed Elneny,eg EGY,MF,Arsenal,28,1992,17.2,14,6,7,7,0,7,28,25.0,21,11,4,7,24,38,20,2,Matches
f8fcd2a5,Jonny Evans,nir NIR,DF,Leicester City,32,1988,27.5,25,12,22,2,1,14,20,70.0,6,8,3,5,46,71,98,1,Matches
ae4fc6a4,Eberechi Eze,eng ENG,MF,Crystal Palace,22,1998,28.4,27,14,11,13,3,16,35,45.7,19,19,3,16,24,51,9,1,Matches
9328b835,Łukasz Fabiański,pl POL,GK,West Ham,35,1985,35.0,1,0,1,0,0,1,1,100.0,0,1,0,1,1,2,12,3,Matches
7f3b388c,Fabinho,br BRA,"DF,MF",Liverpool,26,1993,28.5,58,31,21,29,8,27,54,50.0,27,28,10,18,44,102,66,1,Matches
507c7bdf,Bruno Fernandes,pt POR,MF,Manchester Utd,25,1994,34.4,57,30,16,29,12,26,100,26.0,74,38,0,38,26,83,29,0,Matches
f25b010f,Federico Fernández,ar ARG,DF,Newcastle Utd,31,1989,23.1,29,22,23,5,1,17,21,81.0,4,41,31,10,17,46,147,0,Matches
101da2b5,Fernandinho,br BRA,MF,Manchester City,35,1985,13.2,31,17,8,14,9,20,43,46.5,23,11,2,9,23,54,17,0,Matches
bd8a7d05,Sam Field,eng ENG,MF,West Brom,22,1998,0.7,5,5,3,2,0,0,0,,0,4,1,3,2,7,4,0,Matches
4c370d81,Roberto Firmino,br BRA,FW,Liverpool,28,1991,31.5,33,15,3,17,13,6,32,18.8,26,42,5,37,11,44,12,0,Matches
b63e789d,John Fleck,sct SCO,MF,Sheffield Utd,28,1991,28.6,51,33,28,18,5,26,83,31.3,57,26,4,22,28,79,12,1,Matches
ed1e53f3,Phil Foden,eng ENG,"FW,MF",Manchester City,20,2000,18.0,22,11,12,8,2,9,23,39.1,14,9,0,9,11,33,11,0,Matches
132a82f1,Wesley Fofana,fr FRA,DF,Leicester City,19,2000,25.1,51,37,27,22,2,31,46,67.4,15,28,16,12,61,112,94,0,Matches
82927de4,Pablo Fornals,es ESP,"FW,MF",West Ham,24,1996,28.6,44,26,14,24,6,11,73,15.1,62,43,1,42,36,80,9,0,Matches
c3e39f12,Fraser Forster,eng ENG,GK,Southampton,32,1988,8.0,1,0,1,0,0,1,2,50.0,1,0,0,0,0,1,9,0,Matches
a9142dc3,Timothy Fosu-Mensah,nl NED,DF,Manchester Utd,22,1998,0.9,2,0,1,1,0,1,1,100.0,0,0,0,0,3,5,1,0,Matches
6722d4f0,Tyrese Francois,au AUS,DF,Fulham,20,2000,0.2,0,0,0,0,0,0,0,,0,0,0,0,0,0,0,0,Matches
d56543a0,Ryan Fraser,sct SCO,"FW,MF",Newcastle Utd,26,1994,10.3,4,1,3,1,0,2,5,40.0,3,1,0,1,6,10,7,0,Matches
b853e0ad,Fred,br BRA,MF,Manchester Utd,27,1993,26.6,81,39,39,38,4,29,89,32.6,60,49,9,40,45,126,26,1,Matches
c067631c,Ryan Fredericks,eng ENG,"DF,FW",West Ham,27,1992,6.3,9,5,5,4,0,3,7,42.9,4,6,2,4,11,20,20,0,Matches
a67a09fb,Christian Fuchs,at AUT,DF,Leicester City,34,1986,7.8,18,7,15,2,1,8,15,53.3,7,6,4,2,16,34,34,1,Matches
3ec9195b,Darnell Furlong,eng ENG,DF,West Brom,24,1995,32.6,45,27,27,12,6,21,44,47.7,23,39,16,23,49,94,90,0,Matches
c2731c10,Conor Gallagher,eng ENG,MF,West Brom,20,2000,28.1,81,41,30,39,12,29,97,29.9,68,47,8,39,27,108,31,0,Matches
2bed3eab,Eric García,es ESP,DF,Manchester City,19,2001,4.3,8,7,5,3,0,5,7,71.4,2,4,1,3,4,12,10,0,Matches
e58a03c6,Dwight Gayle,eng ENG,"FW,MF",Newcastle Utd,29,1990,5.7,2,0,1,1,0,0,7,0.0,7,3,1,2,1,3,2,0,Matches
6bd603db,Jean-Philippe Gbamin,ci CIV,MF,Everton,24,1995,0.1,1,0,0,1,0,0,0,,0,1,0,1,0,1,1,0,Matches
7ba6d84e,David de Gea,es ESP,GK,Manchester Utd,29,1990,25.5,0,0,0,0,0,0,0,,0,0,0,0,0,0,8,3,Matches
ffa90327,Anwar El Ghazi,nl NED,FW,Aston Villa,25,1995,17.9,16,13,6,7,3,7,23,30.4,16,11,0,11,6,22,11,0,Matches
46ee5234,Kieran Gibbs,eng ENG,DF,West Brom,30,1989,9.0,15,11,11,3,1,8,10,80.0,2,8,6,2,16,31,30,1,Matches
32f60ed8,Morgan Gibbs-White,eng ENG,"MF,FW",Wolves,20,2000,4.6,9,7,3,4,2,5,12,41.7,7,6,0,6,3,12,1,0,Matches
df10e27c,Billy Gilmour,sct SCO,MF,Chelsea,19,2001,2.9,4,2,1,2,1,2,7,28.6,5,3,2,1,3,7,1,0,Matches
16ceb862,Olivier Giroud,fr FRA,FW,Chelsea,33,1986,8.3,4,2,0,1,3,1,7,14.3,6,4,1,3,5,9,10,0,Matches
9f7c837d,Ben Godfrey,eng ENG,DF,Everton,22,1998,29.8,55,33,37,15,3,27,41,65.9,14,56,37,19,33,88,120,0,Matches
1961b2aa,André Gomes,pt POR,MF,Everton,27,1993,17.4,35,23,16,16,3,17,58,29.3,41,19,1,18,10,45,12,1,Matches
7a11550b,Joe Gomez,eng ENG,DF,Liverpool,23,1997,6.6,3,2,1,1,1,0,4,0.0,4,3,2,1,4,7,29,0,Matches
2bd83368,Anthony Gordon,eng ENG,"FW,MF",Everton,19,2001,1.0,3,3,3,0,0,0,2,0.0,2,1,0,1,1,4,3,0,Matches
87f7500e,Karlan Grant,eng ENG,"FW,MF",West Brom,22,1997,12.5,5,3,3,2,0,2,4,50.0,2,7,0,7,5,10,17,0,Matches
4468ec10,Demarai Gray,eng ENG,FW,Leicester City,24,1996,0.2,1,1,1,0,0,0,0,,0,0,0,0,0,1,0,0,Matches
b0b4fd3e,Jack Grealish,eng ENG,"FW,MF",Aston Villa,24,1995,24.3,31,14,8,16,7,15,24,62.5,9,20,3,17,12,43,5,3,Matches
58eee997,Mason Greenwood,eng ENG,FW,Manchester Utd,18,2001,20.2,13,10,6,4,3,5,22,22.7,17,9,0,9,5,18,1,0,Matches
8aec0537,Pascal Groß,de GER,"MF,DF",Brighton,29,1991,27.6,45,24,24,15,6,24,53,45.3,29,25,4,21,23,68,18,1,Matches
81d8091f,Kamil Grosicki,pl POL,"MF,FW",West Brom,32,1988,1.6,2,1,2,0,0,2,8,25.0,6,1,0,1,2,4,1,0,Matches
ab13a5aa,Vicente Guaita,es ESP,GK,Crystal Palace,33,1987,37.0,1,1,1,0,0,1,1,100.0,0,0,0,0,1,2,11,1,Matches
819b3158,İlkay Gündoğan,de GER,MF,Manchester City,29,1990,22.5,25,15,8,12,5,10,39,25.6,29,13,4,9,20,45,9,0,Matches
a7588cdc,Antwoine Hackford,eng ENG,DF,Sheffield Utd,16,2004,0.1,0,0,0,0,0,0,0,,0,0,0,0,0,0,0,0,Matches
ba115a40,Sébastien Haller,ci CIV,FW,West Ham,26,1994,10.4,14,9,1,6,7,4,20,20.0,16,7,1,6,5,19,7,0,Matches
3c066877,Rekeem Harper,eng ENG,MF,West Brom,20,2000,0.4,0,0,0,0,0,0,0,,0,2,0,2,1,1,0,0,Matches
aa849a12,Jack Harrison,eng ENG,"MF,FW",Leeds United,23,1996,31.6,63,38,20,30,13,26,59,44.1,33,30,2,28,15,78,21,0,Matches
bf8fad51,Kortney Hause,eng ENG,DF,Aston Villa,25,1995,7.0,4,2,3,1,0,0,3,0.0,3,4,2,2,8,12,53,0,Matches
fed7cb61,Kai Havertz,de GER,"MF,FW",Chelsea,21,1999,16.9,18,9,6,10,2,6,27,22.2,21,25,0,25,4,22,22,1,Matches
c951a6df,Isaac Hayden,eng ENG,"MF,DF",Newcastle Utd,25,1995,21.6,52,29,23,22,7,14,35,40.0,21,32,9,23,43,95,47,0,Matches
5f1a2f31,Michael Hector,jm JAM,DF,Fulham,28,1992,2.9,3,2,1,2,0,1,6,16.7,5,4,2,2,0,3,6,0,Matches
5540c9dc,Ahmed Hegazi,eg EGY,DF,West Brom,29,1991,1.0,0,0,0,0,0,0,0,,0,2,0,2,1,1,7,0,Matches
e5a76dfe,Dean Henderson,eng ENG,GK,Manchester Utd,23,1997,12.5,1,1,1,0,0,1,2,50.0,1,0,0,0,0,1,3,2,Matches
935e6b8f,Jordan Henderson,eng ENG,"MF,DF",Liverpool,30,1990,18.9,24,15,12,9,3,10,26,38.5,16,12,1,11,34,58,30,0,Matches
989d5705,Jeff Hendrick,ie IRL,MF,Newcastle Utd,28,1992,15.8,8,3,5,3,0,1,13,7.7,12,14,9,5,19,27,18,0,Matches
c0398aca,Pablo Hernández,es ESP,MF,Leeds United,35,1985,4.7,5,3,2,1,2,5,16,31.3,11,2,0,2,0,5,0,1,Matches
92e7e919,Son Heung-min,kr KOR,FW,Tottenham,28,1992,34.6,32,18,11,14,7,18,72,25.0,54,28,3,25,14,46,8,0,Matches
9a71e978,Ki-Jana Hoever,nl NED,"DF,MF",Wolves,18,2002,6.4,14,6,11,2,1,10,22,45.5,12,2,0,2,9,23,23,0,Matches
d79a8c87,Rob Holding,eng ENG,DF,Arsenal,24,1995,28.4,43,20,28,13,2,17,35,48.6,18,37,27,10,24,67,120,0,Matches
d0042ab9,Mason Holgate,eng ENG,DF,Everton,23,1996,25.4,56,36,31,18,7,20,50,40.0,30,37,13,24,35,91,90,3,Matches
fcab00a0,Conor Hourihane,ie IRL,MF,Aston Villa,29,1991,2.5,0,0,0,0,0,0,2,0.0,2,3,0,3,0,0,2,0,Matches
15f3ec41,Callum Hudson-Odoi,eng ENG,"FW,DF",Chelsea,19,2000,11.8,23,15,11,7,5,8,21,38.1,13,15,1,14,6,29,6,0,Matches
6d646ff7,Niall Huggins,wls WAL,DF,Leeds United,19,2000,0.4,0,0,0,0,0,0,1,0.0,1,0,0,0,0,0,1,0,Matches
8b04d6c1,Pierre Højbjerg,dk DEN,MF,Tottenham,24,1995,38.0,98,51,45,42,11,54,129,41.9,75,51,9,42,48,146,66,0,Matches
03622183,Odion Ighalo,ng NGA,FW,Manchester Utd,31,1989,0.1,0,0,0,0,0,0,1,0.0,1,0,0,0,0,0,0,0,Matches
c92e1a31,Kelechi Iheanacho,ng NGA,FW,Leicester City,23,1996,16.2,12,5,2,4,6,4,17,23.5,13,14,0,14,2,14,1,1,Matches
07802f7f,Danny Ings,eng ENG,FW,Southampton,28,1992,24.1,22,13,3,16,3,12,28,42.9,16,39,2,37,3,25,27,1,Matches
85f8571a,Branislav Ivanović,rs SRB,DF,West Brom,36,1984,8.5,14,5,11,3,0,7,13,53.8,6,11,5,6,8,22,25,0,Matches
6ca5ec4b,Alex Iwobi,ng NGA,"FW,MF",Everton,24,1996,17.1,27,10,10,14,3,13,25,52.0,12,20,1,19,16,43,14,0,Matches
ca2bc3df,José Izquierdo,co COL,DF,Brighton,28,1992,0.1,0,0,0,0,0,0,0,,0,0,0,0,0,0,0,0,Matches
3233eefd,Phil Jagielka,eng ENG,DF,Sheffield Utd,37,1982,5.8,5,4,4,0,1,2,7,28.6,5,11,5,6,10,15,26,2,Matches
08452314,Alireza Jahanbakhsh,ir IRN,"FW,MF",Brighton,26,1993,5.9,9,7,3,5,1,2,12,16.7,10,8,0,8,8,17,1,0,Matches
c931d9f9,Daniel James,wls WAL,FW,Manchester Utd,22,1997,10.1,15,9,4,7,4,3,18,16.7,15,10,1,9,0,15,6,0,Matches
1265a93a,Reece James,eng ENG,DF,Chelsea,20,1999,26.4,55,35,24,22,9,21,44,47.7,23,36,7,29,17,72,52,0,Matches
7c39363f,Alexandre Jankewitz,ch SUI,MF,Southampton,18,2001,0.0,2,1,2,0,0,1,1,100.0,0,0,0,0,0,2,0,0,Matches
03edb878,Daniel Jebbison,eng ENG,FW,Sheffield Utd,17,2003,3.2,6,2,1,3,2,3,7,42.9,4,6,1,5,1,7,0,0,Matches
b66315ae,Gabriel Jesus,br BRA,FW,Manchester City,23,1997,22.9,17,6,5,5,7,11,28,39.3,17,16,0,16,15,32,5,0,Matches
b561db50,Raúl Jiménez,mx MEX,FW,Wolves,29,1991,9.1,3,2,1,2,0,0,7,0.0,7,2,0,2,8,11,12,0,Matches
c17bfb65,Joelinton,br BRA,"FW,MF",Newcastle Utd,23,1996,22.0,33,21,7,21,5,14,37,37.8,23,30,2,28,9,42,24,0,Matches
9319781b,Ben Johnson,eng ENG,"DF,FW",West Ham,20,2000,5.8,11,5,5,3,3,7,9,77.8,2,5,1,4,11,22,9,0,Matches
9e5708be,Sam Johnstone,eng ENG,GK,West Brom,27,1993,37.0,0,0,0,0,0,0,0,,0,0,0,0,2,2,15,2,Matches
4fb9c88f,Curtis Jones,eng ENG,MF,Liverpool,19,2001,13.1,16,6,6,7,3,12,25,48.0,13,13,0,13,19,35,11,1,Matches
45db685d,Jorginho,it ITA,MF,Chelsea,28,1991,22.3,57,30,22,31,4,31,76,40.8,45,33,5,28,40,97,21,3,Matches
d87e2cae,Willian José,br BRA,FW,Wolves,28,1991,12.3,2,1,1,1,0,1,4,25.0,3,6,1,5,1,3,12,0,Matches
178ae8f8,Diogo Jota,pt POR,FW,Liverpool,23,1996,12.4,12,6,4,7,1,2,29,6.9,27,9,0,9,5,17,3,0,Matches
fb614c44,James Justin,eng ENG,DF,Leicester City,22,1998,23.0,61,37,38,18,5,20,41,48.8,21,36,10,26,30,91,58,1,Matches
2d61d13a,Ozan Kabak,tr TUR,DF,Liverpool,20,2000,8.9,19,10,11,4,4,6,9,66.7,3,2,2,0,12,31,28,1,Matches
4047c976,Aboubakar Kamara,mr MTN,"FW,MF",Fulham,25,1995,3.5,2,2,1,1,0,0,5,0.0,5,6,0,6,1,3,0,0,Matches
21a66f6a,Harry Kane,eng ENG,FW,Tottenham,27,1993,34.2,22,12,1,17,4,8,26,30.8,18,28,11,17,11,33,40,0,Matches
b9fbae28,N'Golo Kanté,fr FRA,MF,Chelsea,29,1991,23.8,79,42,39,35,5,27,56,48.2,29,42,4,38,59,138,34,0,Matches
3d50bcdb,Moise Kean,it ITA,"FW,MF",Everton,20,2000,0.2,0,0,0,0,0,0,0,,0,0,0,0,0,0,0,0,Matches
c5b7c315,Michael Keane,eng ENG,DF,Everton,27,1993,33.2,28,15,20,8,0,14,31,45.2,17,46,33,13,51,79,161,0,Matches
18b999f4,Neeskens Kebano,cd COD,"FW,MF",Fulham,28,1992,1.3,0,0,0,0,0,0,1,0.0,1,3,0,3,0,0,0,0,Matches
f25c8e3a,Naby Keïta,gn GUI,MF,Liverpool,25,1995,5.8,11,5,1,8,2,7,17,41.2,10,10,0,10,9,20,6,0,Matches
62d7ef38,Caoimhín Kelleher,ie IRL,GK,Liverpool,21,1998,2.0,0,0,0,0,0,0,0,,0,0,0,0,0,0,2,0,Matches
d7492450,Martin Kelly,eng ENG,DF,Crystal Palace,30,1990,0.0,1,0,1,0,0,1,1,100.0,0,0,0,0,0,1,0,0,Matches
099e666f,Jonjoe Kenny,eng ENG,DF,Everton,23,1997,0.9,2,1,1,0,1,2,2,100.0,0,0,0,0,1,3,3,0,Matches
88acf83f,Reda Khadra,de GER,MF,Brighton,19,2001,0.1,0,0,0,0,0,0,0,,0,0,0,0,0,0,0,0,Matches
d0f72bf1,Max Kilman,eng ENG,DF,Wolves,23,1997,14.6,21,14,13,4,4,8,14,57.1,6,17,8,9,19,40,46,0,Matches
43458538,Joshua King,no NOR,"MF,FW",Everton,28,1992,1.6,4,1,2,1,1,0,0,,0,3,0,3,1,5,1,0,Matches
282679b4,Mateusz Klich,pl POL,MF,Leeds United,30,1990,26.6,38,20,14,20,4,14,61,23.0,47,13,4,9,11,49,16,0,Matches
ea6bc03a,Robin Koch,de GER,"DF,MF",Leeds United,24,1996,12.6,27,16,17,10,0,10,19,52.6,9,18,12,6,27,54,34,2,Matches
3935e52e,Sead Kolašinac,ba BIH,DF,Arsenal,27,1993,1.0,0,0,0,0,0,0,0,,0,0,0,0,1,1,0,0,Matches
1f9a3a04,Terence Kongolo,nl NED,DF,Fulham,26,1994,1.0,3,2,1,2,0,1,1,100.0,0,0,0,0,2,5,3,0,Matches
0313a347,Ezri Konsa,eng ENG,DF,Aston Villa,22,1997,35.5,25,13,18,6,1,9,13,69.2,4,53,47,6,29,54,162,1,Matches
8d3c902d,Cheikhou Kouyaté,sn SEN,DF,Crystal Palace,30,1989,34.7,58,37,44,12,2,25,43,58.1,18,42,26,16,32,90,125,2,Matches
79c0821a,Mateo Kovačić,hr CRO,MF,Chelsea,26,1994,20.2,46,28,19,24,3,17,32,53.1,15,18,1,17,15,61,11,2,Matches
77cf6852,Emil Krafth,se SWE,DF,Newcastle Utd,25,1994,14.3,19,8,9,9,1,12,25,48.0,13,15,9,6,15,34,52,2,Matches
c2dfedeb,Filip Krovinović,hr CRO,MF,West Brom,24,1995,6.1,13,10,6,5,2,6,18,33.3,12,2,0,2,4,17,2,0,Matches
9dbb75ca,Alexandre Lacazette,fr FRA,FW,Arsenal,29,1991,21.4,18,10,4,11,3,4,22,18.2,18,20,1,19,12,30,13,0,Matches
99813635,Adam Lallana,eng ENG,"MF,FW",Brighton,32,1988,17.7,28,13,11,13,4,8,39,20.5,31,18,3,15,15,43,13,0,Matches
abe66106,Érik Lamela,ar ARG,"FW,MF",Tottenham,28,1992,8.0,17,9,1,11,5,8,21,38.1,13,11,1,10,6,23,2,0,Matches
f4e433d4,Tariq Lamptey,gh GHA,"DF,MF",Brighton,19,2000,9.8,17,9,7,6,4,6,13,46.2,7,8,1,7,19,36,12,1,Matches
26f6dca8,Manuel Lanzini,ar ARG,"MF,FW",West Ham,27,1993,6.3,9,2,3,4,2,3,10,30.0,7,9,0,9,7,16,5,0,Matches
119b9a8e,Aymeric Laporte,es ESP,DF,Manchester City,26,1994,14.9,13,6,10,3,0,7,11,63.6,4,12,7,5,11,24,28,0,Matches
450ab6fc,Jamaal Lascelles,eng ENG,DF,Newcastle Utd,26,1993,18.1,14,7,5,9,0,3,6,50.0,3,27,17,10,12,26,86,0,Matches
321a71a7,Maxime Le Marchand,fr FRA,DF,Fulham,30,1989,1.4,2,2,2,0,0,2,2,100.0,0,0,0,0,0,2,3,0,Matches
2b471f99,Mario Lemina,ga GAB,MF,Fulham,26,1993,18.9,62,35,25,30,7,23,44,52.3,21,26,5,21,30,92,21,0,Matches
2628fd2b,Bernd Leno,de GER,GK,Arsenal,28,1992,34.8,1,0,1,0,0,1,1,100.0,0,1,0,1,0,1,11,2,Matches
383e68b1,Khanya Leshabela,za RSA,MF,Leicester City,20,1999,0.1,0,0,0,0,0,0,0,,0,0,0,0,0,0,0,0,Matches
efb9215a,Jamal Lewis,nir NIR,DF,Newcastle Utd,22,1998,20.4,37,20,23,13,1,16,38,42.1,22,21,7,14,11,48,44,1,Matches
f5deef4c,Victor Lindelöf,se SWE,DF,Manchester Utd,26,1994,28.7,22,10,12,10,0,12,24,50.0,12,22,14,8,30,52,95,1,Matches
810e3c74,Jesse Lingard,eng ENG,"MF,FW",West Ham,27,1992,15.8,12,6,4,8,0,5,14,35.7,9,7,1,6,4,16,0,0,Matches
b98570d1,Jake Livermore,eng ENG,MF,West Brom,30,1989,13.8,33,18,14,16,3,14,31,45.2,17,21,6,15,16,49,26,0,Matches
bba30585,Diego Llorente,es ESP,DF,Leeds United,26,1993,13.4,34,21,21,13,0,19,32,59.4,13,18,13,5,20,54,40,2,Matches
8f62b6ee,Hugo Lloris,fr FRA,GK,Tottenham,33,1986,38.0,0,0,0,0,0,0,1,0.0,1,0,0,0,0,0,10,1,Matches
d7553721,Giovani Lo Celso,ar ARG,MF,Tottenham,24,1996,10.5,28,22,12,11,5,10,29,34.5,19,12,1,11,7,35,5,0,Matches
e97fd090,Ruben Loftus-Cheek,eng ENG,FW,Chelsea,24,1996,0.7,0,0,0,0,0,0,0,,0,0,0,0,0,0,0,0,Matches
e97fd090,Ruben Loftus-Cheek,eng ENG,"MF,FW",Fulham,24,1996,21.2,25,14,7,15,3,7,23,30.4,16,20,2,18,7,32,18,0,Matches
5a4280b1,Kevin Long,ie IRL,DF,Burnley,29,1990,7.1,11,6,9,2,0,7,9,77.8,2,11,7,4,6,17,24,0,Matches
9f472354,Shane Long,ie IRL,FW,Southampton,33,1987,2.3,2,1,0,0,2,2,3,66.7,1,0,0,0,3,5,1,0,Matches
c0027d2d,Matthew Longstaff,eng ENG,MF,Newcastle Utd,20,2000,4.2,3,2,2,1,0,2,8,25.0,6,7,0,7,7,10,2,0,Matches
a2b105e0,Sean Longstaff,eng ENG,MF,Newcastle Utd,22,1997,15.7,31,14,13,15,3,18,42,42.9,24,26,5,21,19,50,14,2,Matches
7c104bb7,Ademola Lookman,ng NGA,"FW,MF",Fulham,22,1997,30.5,35,11,18,9,8,13,44,29.5,31,31,1,30,20,55,9,0,Matches
7af88b33,Max Lowe,eng ENG,DF,Sheffield Utd,23,1997,6.1,26,11,18,6,2,9,21,42.9,12,12,4,8,5,31,11,0,Matches
9a9c05db,Matthew Lowton,eng ENG,DF,Burnley,31,1989,34.0,54,32,31,22,1,32,73,43.8,41,36,13,23,56,110,91,1,Matches
c0e27d1a,David Luiz,br BRA,DF,Arsenal,33,1987,15.5,12,9,5,7,0,4,4,100.0,0,16,9,7,16,28,50,2,Matches
6f7d826d,Douglas Luiz,br BRA,MF,Aston Villa,22,1998,30.9,49,18,22,26,1,20,58,34.5,38,52,17,35,43,92,44,2,Matches
0df2b165,John Lundstram,eng ENG,MF,Sheffield Utd,26,1994,22.6,25,16,12,11,2,13,47,27.7,34,26,8,18,14,39,29,1,Matches
83d074ff,Alexis Mac Allister,ar ARG,"MF,FW",Brighton,21,1998,12.4,26,12,6,16,4,11,38,28.9,27,25,4,21,9,35,4,0,Matches
ee38d9c5,James Maddison,eng ENG,MF,Leicester City,23,1996,23.3,32,16,5,16,11,14,41,34.1,27,14,1,13,9,41,5,0,Matches
d8931174,Harry Maguire,eng ENG,DF,Manchester Utd,27,1993,33.9,29,17,19,10,0,18,29,62.1,11,28,23,5,60,89,122,4,Matches
892d5bb1,Riyad Mahrez,dz ALG,FW,Manchester City,29,1991,21.7,20,5,2,10,8,6,30,20.0,24,19,0,19,8,28,4,0,Matches
e3a5814e,Ainsley Maitland-Niles,eng ENG,"MF,DF",Arsenal,22,1997,5.4,11,7,6,5,0,8,12,66.7,4,12,2,10,14,25,7,1,Matches
e3a5814e,Ainsley Maitland-Niles,eng ENG,MF,West Brom,22,1997,13.7,22,10,7,8,7,9,28,32.1,19,12,1,11,17,39,24,0,Matches
bc0bfc64,Josh Maja,ng NGA,FW,Fulham,21,1998,9.0,7,4,0,3,4,4,10,40.0,6,3,1,2,4,11,1,0,Matches
c691bfe2,Sadio Mané,sn SEN,FW,Liverpool,28,1992,31.2,48,30,6,22,20,12,33,36.4,21,30,0,30,15,63,11,0,Matches
758dd7f0,Javier Manquillo,es ESP,DF,Newcastle Utd,26,1994,9.2,24,14,8,14,2,11,17,64.7,6,8,1,7,9,33,15,1,Matches
9ae9eaea,Fernando Marçal,br BRA,"DF,MF",Wolves,31,1989,6.9,13,5,6,7,0,6,11,54.5,5,11,2,9,12,25,25,0,Matches
bb5fbd2b,Solly March,eng ENG,"DF,MF",Brighton,26,1994,18.6,49,23,24,15,10,18,34,52.9,16,30,5,25,22,71,30,0,Matches
aa54ec6f,Pablo Marí,es ESP,DF,Arsenal,26,1993,10.0,15,9,12,3,0,5,10,50.0,5,8,7,1,9,24,30,2,Matches
8b788c01,Anthony Martial,fr FRA,FW,Manchester Utd,24,1995,16.4,2,1,1,1,0,0,10,0.0,10,17,3,14,1,3,8,0,Matches
48a5a5d6,Martinelli,br BRA,FW,Arsenal,19,2001,6.5,7,1,2,3,2,4,10,40.0,6,6,0,6,8,15,4,0,Matches
7956236f,Emiliano Martínez,ar ARG,GK,Aston Villa,27,1992,38.0,3,3,3,0,0,3,4,75.0,1,0,0,0,2,5,10,2,Matches
57df7a11,Arthur Masuaku,cd COD,"DF,MF",West Ham,26,1993,11.2,20,12,14,6,0,11,34,32.4,23,12,0,12,8,28,28,2,Matches
29733c72,Juan Mata,es ESP,"FW,MF",Manchester Utd,32,1988,5.7,1,0,1,0,0,0,7,0.0,7,3,0,3,3,4,3,0,Matches
50e6dc35,Jean-Philippe Mateta,fr FRA,FW,Crystal Palace,23,1997,2.5,1,1,0,1,0,1,3,33.3,2,1,0,1,0,1,2,0,Matches
eb7822d7,Nemanja Matić,rs SRB,MF,Manchester Utd,31,1988,12.3,25,11,13,12,0,13,31,41.9,18,19,5,14,22,47,10,3,Matches
b217ef29,Joël Matip,cm CMR,DF,Liverpool,28,1991,7.7,14,9,7,7,0,7,8,87.5,1,6,0,6,7,21,22,0,Matches
4bcf39f6,Neal Maupay,fr FRA,"FW,MF",Brighton,23,1996,27.9,20,8,9,7,4,4,24,16.7,20,20,0,20,13,33,6,0,Matches
cee31595,James McArthur,sct SCO,MF,Crystal Palace,32,1987,16.3,57,32,25,27,5,15,39,38.5,24,28,3,25,23,80,31,0,Matches
78b8ac63,Oliver McBurnie,sct SCO,FW,Sheffield Utd,24,1996,14.7,15,7,7,7,1,5,17,29.4,12,10,3,7,6,21,30,0,Matches
36c2ca73,Alex McCarthy,eng ENG,GK,Southampton,30,1989,30.0,1,0,1,0,0,1,4,25.0,3,0,0,0,0,1,11,1,Matches
64b08de7,James McCarthy,ie IRL,MF,Crystal Palace,29,1990,9.1,16,12,9,7,0,8,21,38.1,13,15,7,8,8,24,12,0,Matches
90f91999,John McGinn,sct SCO,MF,Aston Villa,25,1994,37.0,61,37,23,31,7,27,84,32.1,57,38,6,32,43,104,23,2,Matches
dbe56a33,David McGoldrick,ie IRL,"FW,MF",Sheffield Utd,32,1987,26.6,33,21,8,15,10,13,31,41.9,18,19,3,16,2,35,25,0,Matches
fc15fb84,Dwight McNeil,eng ENG,MF,Burnley,20,1999,34.1,47,24,24,18,5,18,56,32.1,38,44,6,38,32,79,32,1,Matches
d93c2511,Scott McTominay,sct SCO,MF,Manchester Utd,23,1996,23.7,51,24,23,25,3,23,36,63.9,13,35,10,25,29,80,46,0,Matches
8df7a2fb,Ben Mee,eng ENG,DF,Burnley,30,1989,29.9,32,15,16,14,2,14,29,48.3,15,54,45,9,43,75,148,2,Matches
ca22ccb0,Hannibal Mejbri,tn TUN,MF,Manchester Utd,17,2003,0.1,0,0,0,0,0,0,0,,0,0,0,0,0,0,0,0,Matches
5271c8f1,Benjamin Mendy,fr FRA,DF,Manchester City,26,1994,10.6,13,9,1,8,4,5,21,23.8,16,12,5,7,5,18,14,1,Matches
33887998,Edouard Mendy,sn SEN,GK,Chelsea,28,1992,30.5,0,0,0,0,0,0,1,0.0,1,0,0,0,1,1,9,3,Matches
1598599e,Nampalys Mendy,sn SEN,MF,Leicester City,28,1992,16.2,26,17,18,6,2,7,20,35.0,13,12,1,11,14,40,8,0,Matches
6b625ac2,Illan Meslier,fr FRA,GK,Leeds United,20,2000,35.0,0,0,0,0,0,0,1,0.0,1,0,0,0,0,0,17,8,Matches
2ce2508a,Luka Milivojević,rs SRB,MF,Crystal Palace,29,1991,26.2,65,34,25,31,9,42,77,54.5,35,29,6,23,35,100,47,2,Matches
2f90f6b8,James Milner,eng ENG,"MF,DF",Liverpool,34,1986,11.9,26,19,9,14,3,11,33,33.3,22,30,3,27,14,40,16,1,Matches
6d5701f2,Yerry Mina,co COL,DF,Everton,25,1994,21.5,21,14,17,4,0,8,12,66.7,4,30,23,7,24,45,110,1,Matches
f833a830,Takumi Minamino,jp JPN,MF,Southampton,25,1995,7.9,7,3,2,5,0,2,19,10.5,17,13,1,12,4,11,9,0,Matches
f833a830,Takumi Minamino,jp JPN,"MF,FW",Liverpool,25,1995,3.3,4,3,1,2,1,0,12,0.0,12,1,0,1,2,6,3,0,Matches
8397a50c,Tyrone Mings,eng ENG,DF,Aston Villa,27,1993,35.5,32,16,23,7,2,16,24,66.7,8,59,40,19,41,73,172,3,Matches
5cbd1eb0,Tyrick Mitchell,eng ENG,DF,Crystal Palace,20,1999,19.0,64,35,48,9,7,23,40,57.5,17,29,10,19,21,85,62,1,Matches
3925dbd6,Aleksandar Mitrović,rs SRB,FW,Fulham,25,1994,15.6,7,4,0,3,4,2,8,25.0,6,12,3,9,3,10,8,0,Matches
f230bc30,Jakub Moder,pl POL,"DF,MF",Brighton,21,1999,7.2,15,7,5,7,3,7,20,35.0,13,12,1,11,3,18,9,0,Matches
c908a1bc,Jayson Molumby,ie IRL,MF,Brighton,20,1999,0.0,0,0,0,0,0,0,0,,0,0,0,0,0,0,0,0,Matches
bfae110f,Wesley Moraes,br BRA,FW,Aston Villa,23,1996,0.2,0,0,0,0,0,0,1,0.0,1,0,0,0,0,0,0,0,Matches
80c31c97,Wes Morgan,jm JAM,DF,Leicester City,36,1984,0.2,0,0,0,0,0,0,0,,0,0,0,0,0,0,1,0,Matches
9674002f,Mason Mount,eng ENG,MF,Chelsea,21,1999,32.1,75,35,22,38,15,25,69,36.2,44,40,2,38,31,106,14,0,Matches
2b622f01,Lucas Moura,br BRA,"FW,MF",Tottenham,27,1992,15.7,32,16,12,16,4,8,29,27.6,21,12,0,12,18,50,10,0,Matches
d9cfca3d,Lys Mousset,fr FRA,"FW,MF",Sheffield Utd,24,1996,3.3,1,0,0,0,1,0,2,0.0,2,1,0,1,0,1,1,1,Matches
f5a00fa4,João Moutinho,pt POR,MF,Wolves,33,1986,28.1,75,40,34,35,6,35,91,38.5,56,18,3,15,47,122,28,0,Matches
f8e588df,Joel Mumbongo,se SWE,FW,Burnley,21,1999,0.4,0,0,0,0,0,0,0,,0,1,0,1,0,0,0,0,Matches
de112b84,Jacob Murphy,eng ENG,"DF,MF",Newcastle Utd,25,1995,18.1,39,24,25,12,2,24,49,49.0,25,27,3,24,14,53,29,0,Matches
3f2d59fe,Shkodran Mustafi,de GER,DF,Arsenal,28,1992,0.5,1,1,1,0,0,1,1,100.0,0,1,0,1,0,1,3,0,Matches
de5b5570,Marvelous Nakamba,zw ZIM,MF,Aston Villa,26,1994,8.3,22,14,10,11,1,7,12,58.3,5,16,5,11,17,39,9,1,Matches
5ed97752,Iliman Ndiaye,sn SEN,MF,Sheffield Utd,20,2000,0.1,1,1,0,1,0,1,1,100.0,0,0,0,0,0,1,0,0,Matches
6b47c5db,Wilfred Ndidi,ng NGA,"MF,DF",Leicester City,23,1996,24.2,96,63,45,44,7,26,66,39.4,40,38,11,27,61,157,55,0,Matches
5cdddffa,Tanguy Ndombele,fr FRA,MF,Tottenham,23,1996,23.2,41,20,11,21,9,18,44,40.9,26,28,4,24,19,60,15,0,Matches
c5bdb6e3,Reiss Nelson,eng ENG,"FW,MF",Arsenal,20,1999,0.8,1,0,0,0,1,0,0,,0,0,0,0,1,2,1,0,Matches
7ba2eaa9,Pedro Neto,pt POR,"FW,MF",Wolves,20,2000,28.3,16,9,4,6,6,6,28,21.4,22,18,2,16,31,47,8,0,Matches
44bfb6c5,Rúben Neves,pt POR,MF,Wolves,23,1997,29.7,86,46,42,38,6,36,88,40.9,52,55,11,44,65,151,46,2,Matches
a53649b7,Eddie Nketiah,eng ENG,FW,Arsenal,21,1999,4.7,3,1,0,2,1,0,2,0.0,2,6,0,6,0,3,5,0,Matches
f5b281e7,Niels Nkounkou,fr FRA,"DF,FW",Everton,19,2000,0.9,4,3,1,2,1,3,8,37.5,5,4,0,4,0,4,4,0,Matches
30040f5d,Dan Nlundulu,eng ENG,"FW,MF",Southampton,21,1999,1.2,0,0,0,0,0,0,1,0.0,1,2,0,2,0,0,2,0,Matches
ff527768,Mark Noble,eng ENG,MF,West Ham,33,1987,7.9,8,4,2,5,1,4,14,28.6,10,7,3,4,13,21,3,0,Matches
c73ada83,Will Norris,eng ENG,GK,Burnley,26,1993,2.0,0,0,0,0,0,0,0,,0,0,0,0,0,0,0,0,Matches
43439614,Oliver Norwood,nir NIR,MF,Sheffield Utd,29,1991,24.7,49,22,16,28,5,21,72,29.2,51,29,12,17,36,85,51,1,Matches
312626c1,Jack O'Connell,eng ENG,DF,Sheffield Utd,26,1994,2.0,3,1,1,1,1,0,1,0.0,1,4,3,1,2,5,7,0,Matches
1d042188,Dara O'Shea,ie IRL,DF,West Brom,21,1999,23.4,45,25,30,13,2,21,45,46.7,24,32,17,15,45,90,108,0,Matches
caa1a7f0,Michael Obafemi,ie IRL,FW,Southampton,20,2000,0.7,1,0,0,1,0,0,1,0.0,1,1,0,1,0,1,0,0,Matches
f7750aa0,Denis Odoi,gh GHA,DF,Fulham,32,1988,3.0,3,3,2,1,0,1,4,25.0,3,3,1,2,5,8,5,0,Matches
74b2cd7e,Angelo Ogbonna,it ITA,DF,West Ham,32,1988,27.7,26,13,20,5,1,9,17,52.9,8,25,11,14,30,56,119,0,Matches
e7ee38c3,Robin Olsen,se SWE,GK,Everton,30,1990,7.0,0,0,0,0,0,0,0,,0,0,0,0,0,0,4,1,Matches
6612cd8c,Josh Onomah,eng ENG,MF,Fulham,23,1997,4.2,11,8,1,6,4,0,5,0.0,5,4,2,2,2,13,1,0,Matches
43a166b4,Divock Origi,be BEL,FW,Liverpool,25,1995,2.1,3,2,0,2,1,1,3,33.3,2,5,1,4,1,4,2,0,Matches
79bc4c45,Ben Osborn,eng ENG,"MF,DF",Sheffield Utd,25,1994,17.8,33,18,15,10,8,13,40,32.5,27,20,3,17,12,45,17,0,Matches
6956ff08,Owen Otasowie,us USA,"MF,FW",Wolves,19,2001,2.1,5,5,3,2,0,1,2,50.0,1,1,1,0,3,8,4,0,Matches
38c7feef,Alex Oxlade-Chamberlain,eng ENG,"MF,FW",Liverpool,26,1993,2.8,4,0,0,3,1,0,2,0.0,2,1,0,1,2,6,0,0,Matches
e0bc6fdc,Emerson Palmieri,it ITA,DF,Chelsea,25,1994,1.0,3,3,2,0,1,1,3,33.3,2,0,0,0,1,4,6,0,Matches
529f49ab,Thomas Partey,gh GHA,MF,Arsenal,27,1993,17.0,44,21,16,24,4,24,56,42.9,32,17,5,12,23,67,18,0,Matches
79b0d6a0,Rui Patrício,pt POR,GK,Wolves,32,1988,37.0,0,0,0,0,0,0,1,0.0,1,0,0,0,1,1,3,3,Matches
4879f8cb,Bailey Peacock-Farrell,nir NIR,GK,Burnley,23,1996,4.0,0,0,0,0,0,0,0,,0,0,0,0,0,0,0,0,Matches
af341b88,Lee Peltier,eng ENG,DF,West Brom,33,1986,2.5,9,4,8,1,0,4,4,100.0,0,1,1,0,1,10,11,0,Matches
57e3f0c7,Nicolas Pépé,ci CIV,FW,Arsenal,25,1995,18.0,20,15,8,6,6,8,23,34.8,15,16,1,15,12,32,19,0,Matches
b04ee927,Matheus Pereira,pt POR,"MF,FW",West Brom,24,1996,28.6,26,15,14,10,2,12,54,22.2,42,18,0,18,29,55,16,0,Matches
75a72a99,Ricardo Pereira,pt POR,"DF,FW",Leicester City,26,1993,10.7,31,22,16,8,7,14,35,40.0,21,24,1,23,15,46,23,0,Matches
819aa8e7,Ayoze Pérez,es ESP,"MF,FW",Leicester City,27,1993,14.8,32,15,6,20,6,13,48,27.1,35,28,0,28,10,42,7,0,Matches
4f565d77,Kalvin Phillips,eng ENG,MF,Leeds United,24,1995,27.0,74,38,38,29,7,26,62,41.9,36,49,14,35,45,119,53,3,Matches
7bb5f40e,Matt Phillips,sct SCO,MF,West Brom,29,1991,20.3,15,8,4,11,0,7,23,30.4,16,32,4,28,10,25,32,1,Matches
515ebe8d,Nathaniel Phillips,eng ENG,DF,Liverpool,23,1997,16.2,22,14,15,7,0,11,24,45.8,13,17,14,3,20,42,81,0,Matches
19f4d211,Jaden Philogene Bidace,eng ENG,FW,Aston Villa,18,2002,0.0,0,0,0,0,0,0,0,,0,0,0,0,0,0,0,0,Matches
4806ec67,Jordan Pickford,eng ENG,GK,Everton,26,1994,30.5,0,0,0,0,0,0,2,0.0,2,2,0,2,3,3,16,4,Matches
1ef37668,Erik Pieters,nl NED,"DF,MF",Burnley,31,1988,14.1,30,21,18,9,3,19,39,48.7,20,30,9,21,12,42,34,0,Matches
7fcc71d8,Daniel Podence,pt POR,"MF,FW",Wolves,24,1995,18.5,12,6,5,5,2,2,19,10.5,17,5,1,4,13,25,2,0,Matches
867239d3,Paul Pogba,fr FRA,"MF,FW",Manchester Utd,27,1993,21.1,36,26,15,16,5,11,33,33.3,22,24,2,22,26,62,37,0,Matches
4b40d9ca,Nick Pope,eng ENG,GK,Burnley,28,1992,32.0,1,1,1,0,0,0,1,0.0,1,0,0,0,2,3,29,2,Matches
86695068,Dennis Praet,be BEL,MF,Leicester City,26,1994,8.0,14,7,4,7,3,6,15,40.0,9,12,2,10,7,21,3,0,Matches
fdd85f94,Davy Pröpper,nl NED,MF,Brighton,28,1991,2.4,6,5,0,6,0,2,5,40.0,3,3,0,3,1,7,0,0,Matches
1bf33a9a,Christian Pulisic,us USA,"FW,MF",Chelsea,21,1998,19.3,19,11,8,10,1,8,21,38.1,13,25,2,23,12,31,9,0,Matches
466fb2c5,Aaron Ramsdale,eng ENG,GK,Sheffield Utd,22,1998,38.0,1,1,1,0,0,1,1,100.0,0,0,0,0,2,3,22,6,Matches
1544f145,Jacob Ramsey,eng ENG,MF,Aston Villa,19,2001,7.0,10,5,3,4,3,2,12,16.7,10,13,6,7,4,14,5,0,Matches
dc31b84c,Kayne Ramsey,eng ENG,DF,Southampton,19,2000,1.0,5,2,4,1,0,3,3,100.0,0,0,0,0,0,5,3,0,Matches
6385ebfb,Darren Randolph,ie IRL,GK,West Ham,33,1987,3.0,0,0,0,0,0,0,0,,0,0,0,0,0,0,1,0,Matches
3423f250,Raphinha,br BRA,"MF,FW",Leeds United,23,1996,26.2,34,17,13,16,5,12,58,20.7,46,31,1,30,29,63,27,0,Matches
a1d5bd30,Marcus Rashford,eng ENG,FW,Manchester Utd,22,1997,32.4,18,9,2,8,8,7,27,25.9,20,22,2,20,8,26,10,0,Matches
28b40c9c,Tim Ream,us USA,DF,Fulham,32,1987,7.0,12,5,9,3,0,8,11,72.7,3,8,5,3,6,18,26,1,Matches
ab651565,Nathan Redmond,eng ENG,"MF,FW",Southampton,26,1994,19.3,30,17,14,12,4,8,24,33.3,16,24,2,22,11,41,9,0,Matches
803ae100,Harrison Reed,eng ENG,MF,Fulham,25,1995,25.0,63,38,28,28,7,29,73,39.7,44,34,11,23,50,113,31,1,Matches
3353737a,Sergio Reguilón,es ESP,DF,Tottenham,23,1996,24.9,47,25,30,13,4,23,48,47.9,25,39,7,32,32,79,50,1,Matches
0f7533cd,Bobby Reid,jm JAM,"MF,FW",Fulham,27,1993,26.4,31,15,17,10,4,18,39,46.2,21,19,5,14,21,52,39,0,Matches
1c7012b8,Declan Rice,eng ENG,MF,West Ham,21,1999,32.0,59,35,33,25,1,21,51,41.2,30,39,11,28,59,118,41,0,Matches
4fa62ae4,Lewis Richardson,eng ENG,"FW,MF",Burnley,17,2003,0.0,0,0,0,0,0,0,0,,0,0,0,0,0,0,0,0,Matches
fa031b34,Richarlison,br BRA,FW,Everton,23,1997,31.8,50,32,21,22,7,16,51,31.4,35,28,3,25,14,64,36,1,Matches
7a1f2c08,Jaïro Riedewald,nl NED,MF,Crystal Palace,23,1996,20.2,34,15,13,17,4,16,36,44.4,20,39,7,32,29,63,25,0,Matches
71ef519e,Matt Ritchie,sct SCO,"DF,MF",Newcastle Utd,30,1989,15.0,10,3,5,3,2,3,17,17.6,14,17,2,15,12,22,47,0,Matches
6c17e046,Tyler Roberts,wls WAL,"MF,FW",Leeds United,21,1999,14.9,15,13,1,11,3,5,22,22.7,17,17,2,15,9,24,12,0,Matches
2e4f5f03,Andrew Robertson,sct SCO,DF,Liverpool,26,1994,37.6,46,34,23,18,5,28,57,49.1,29,39,9,30,21,67,79,1,Matches
289601e6,Antonee Robinson,us USA,DF,Fulham,22,1997,24.0,45,28,24,16,5,27,44,61.4,17,21,4,17,37,82,68,0,Matches
e75750a3,Callum Robinson,ie IRL,"FW,MF",West Brom,25,1995,17.3,7,5,5,1,1,3,19,15.8,16,9,0,9,7,14,8,0,Matches
7399c7a8,Jack Robinson,eng ENG,DF,Sheffield Utd,26,1993,9.7,14,6,8,5,1,6,11,54.5,5,10,4,6,9,23,42,0,Matches
fb2dec57,Hal Robson-Kanu,wls WAL,FW,West Brom,31,1989,6.2,2,1,1,0,1,0,1,0.0,1,2,0,2,2,4,7,0,Matches
17acc2ed,Marek Rodák,sk SVK,GK,Fulham,23,1996,2.0,0,0,0,0,0,0,0,,0,0,0,0,0,0,0,0,Matches
8d62d31a,Joe Rodon,wls WAL,DF,Tottenham,22,1997,8.1,14,9,11,2,1,3,4,75.0,1,10,8,2,21,35,36,2,Matches
6434f10d,Rodri,es ESP,MF,Manchester City,24,1996,30.5,72,40,24,40,8,33,66,50.0,33,23,9,14,36,108,54,3,Matches
1fb1c435,Rodrigo,es ESP,"MF,FW",Leeds United,29,1991,14.3,14,7,8,3,3,4,22,18.2,18,7,0,7,5,19,16,0,Matches
715bf047,James Rodríguez,co COL,"FW,MF",Everton,29,1991,19.6,28,17,8,15,5,11,46,23.9,35,17,0,17,15,43,3,0,Matches
4ab53cdb,Jay Rodriguez,eng ENG,FW,Burnley,31,1989,14.1,25,16,5,15,5,13,28,46.4,15,25,4,21,2,27,7,0,Matches
4b511457,Oriol Romeu,es ESP,MF,Southampton,28,1991,19.6,69,35,25,39,5,26,68,38.2,42,28,7,21,30,99,18,0,Matches
da8b19e2,John Ruddy,eng ENG,GK,Wolves,33,1986,1.0,0,0,0,0,0,0,0,,0,0,0,0,0,0,0,0,Matches
18b896d6,Antonio Rüdiger,de GER,DF,Chelsea,27,1993,19.0,31,23,16,14,1,12,15,80.0,3,17,10,7,18,49,51,0,Matches
4535e4bb,Mathew Ryan,au AUS,GK,Arsenal,28,1992,3.0,0,0,0,0,0,0,0,,0,0,0,0,0,0,1,0,Matches
4535e4bb,Mathew Ryan,au AUS,GK,Brighton,28,1992,11.0,1,0,1,0,0,0,0,,0,0,0,0,0,1,4,0,Matches
2b16cb1a,Allan Saint-Maximin,fr FRA,"FW,MF",Newcastle Utd,23,1997,17.3,16,9,6,9,1,4,9,44.4,5,10,0,10,4,20,2,0,Matches
9fbbcf39,Romain Saïss,ma MAR,DF,Wolves,30,1990,26.7,35,24,23,12,0,19,33,57.6,14,28,13,15,52,87,115,1,Matches
bc7dc64d,Bukayo Saka,eng ENG,"FW,MF",Arsenal,18,2001,28.4,25,16,10,13,2,11,40,27.5,29,21,2,19,25,50,24,0,Matches
87935cf3,Mamadou Sakho,fr FRA,DF,Crystal Palace,30,1990,3.1,3,2,1,2,0,3,3,100.0,0,3,2,1,3,6,11,0,Matches
e342ad68,Mohamed Salah,eg EGY,FW,Liverpool,28,1992,34.2,18,9,4,4,10,7,16,43.8,9,10,0,10,1,19,10,1,Matches
0b33f6ad,Mohammed Salisu,gh GHA,DF,Southampton,21,1999,9.4,38,21,20,16,2,25,34,73.5,9,22,5,17,17,55,30,0,Matches
da7b447d,Davinson Sánchez,co COL,DF,Tottenham,24,1996,16.5,40,20,31,9,0,21,32,65.6,11,18,13,5,14,54,85,2,Matches
6a713852,Robert Sánchez,es ESP,GK,Brighton,22,1997,27.0,1,0,1,0,0,1,1,100.0,0,1,0,1,1,2,11,2,Matches
6e7f1353,Morgan Sanson,fr FRA,MF,Aston Villa,25,1994,3.3,7,4,4,2,1,1,4,25.0,3,5,0,5,4,11,1,0,Matches
77bb1522,Romaine Sawyers,kn SKN,MF,West Brom,28,1991,16.5,30,18,16,12,2,14,43,32.6,29,20,4,16,18,48,12,3,Matches
21945a9e,Dane Scarlett,eng ENG,FW,Tottenham,16,2004,0.0,0,0,0,0,0,0,0,,0,0,0,0,0,0,0,0,Matches
c8aa95da,Fabian Schär,ch SUI,DF,Newcastle Utd,28,1991,13.8,13,4,8,5,0,7,19,36.8,12,19,12,7,27,40,52,1,Matches
3312f911,Jeffrey Schlupp,gh GHA,MF,Crystal Palace,27,1992,15.9,29,16,14,12,3,6,23,26.1,17,24,8,16,22,51,16,0,Matches
53af52f3,Kasper Schmeichel,dk DEN,GK,Leicester City,33,1986,38.0,0,0,0,0,0,0,0,,0,0,0,0,0,0,10,0,Matches
d04b94db,Nélson Semedo,pt POR,"DF,MF",Wolves,26,1993,33.1,85,48,53,23,9,42,72,58.3,30,30,10,20,41,126,78,2,Matches
e4e0deaa,Femi Seriki,eng ENG,MF,Sheffield Utd,18,2002,0.0,0,0,0,0,0,0,0,,0,0,0,0,0,0,0,0,Matches
8d03ca5a,Jamie Shackleton,eng ENG,"MF,DF",Leeds United,20,1999,5.1,10,6,6,4,0,4,11,36.4,7,3,1,2,9,19,3,0,Matches
6421ec64,Xherdan Shaqiri,ch SUI,"MF,FW",Liverpool,28,1991,6.2,7,4,3,1,3,2,7,28.6,5,4,0,4,2,9,0,0,Matches
e8c9f4e9,Billy Sharp,eng ENG,FW,Sheffield Utd,34,1986,8.2,5,1,0,3,2,2,9,22.2,7,2,0,2,0,5,2,0,Matches
9c94165b,Luke Shaw,eng ENG,DF,Manchester Utd,25,1995,29.5,44,28,21,16,7,21,36,58.3,15,34,9,25,20,64,44,2,Matches
3727dd3c,Jonjo Shelvey,eng ENG,MF,Newcastle Utd,28,1992,29.1,39,14,18,19,2,10,37,27.0,27,26,14,12,36,75,42,0,Matches
00f0482f,Shola Shoretire,eng ENG,FW,Manchester Utd,16,2004,0.1,0,0,0,0,0,0,0,,0,0,0,0,0,0,0,0,Matches
76dd1480,Gylfi Sigurðsson,is ISL,"MF,FW",Everton,30,1989,25.0,30,20,9,14,7,13,44,29.5,31,31,2,29,34,64,21,1,Matches
3eb22ec9,Bernardo Silva,pt POR,"MF,FW",Manchester City,25,1994,22.9,26,14,7,12,7,11,52,21.2,41,17,1,16,17,43,8,0,Matches
e7aa9d7c,Fábio Silva,pt POR,FW,Wolves,18,2002,15.2,6,4,1,4,1,4,12,33.3,8,12,1,11,4,10,5,1,Matches
86e7deaf,Thiago Silva,br BRA,DF,Chelsea,35,1984,21.5,20,12,11,8,1,14,21,66.7,7,21,13,8,33,53,86,1,Matches
2acd49b9,Moussa Sissoko,fr FRA,MF,Tottenham,30,1989,17.6,22,16,19,3,0,8,20,40.0,12,11,4,7,23,45,25,0,Matches
ffec9769,Islam Slimani,dz ALG,FW,Leicester City,32,1988,0.2,0,0,0,0,0,0,0,,0,0,0,0,0,0,0,0,Matches
5e105217,William Smallbone,ie IRL,MF,Southampton,20,2000,1.9,6,3,2,4,0,1,3,33.3,2,5,0,5,2,8,1,0,Matches
17695062,Emile Smith Rowe,eng ENG,"MF,FW",Arsenal,20,2000,16.0,14,7,5,5,4,6,17,35.3,11,15,1,14,10,24,12,0,Matches
9f4647e9,Robert Snodgrass,sct SCO,"MF,FW",West Brom,32,1987,5.8,17,12,12,4,1,10,16,62.5,6,11,2,9,1,18,12,0,Matches
9f4647e9,Robert Snodgrass,sct SCO,"FW,MF",West Ham,32,1987,0.1,0,0,0,0,0,0,0,,0,0,0,0,0,0,0,0,Matches
839c14e1,Cédric Soares,pt POR,DF,Arsenal,28,1991,8.3,12,8,6,4,2,6,21,28.6,15,6,1,5,8,20,16,1,Matches
6613c819,Tomáš Souček,cz CZE,MF,West Ham,25,1995,38.0,78,41,37,36,5,28,77,36.4,49,43,18,25,62,140,107,0,Matches
21166ff4,Çağlar Söyüncü,tr TUR,DF,Leicester City,24,1996,20.2,27,17,13,14,0,17,30,56.7,13,12,9,3,28,55,80,1,Matches
42130443,Zack Steffen,us USA,GK,Manchester City,25,1995,1.0,0,0,0,0,0,0,0,,0,0,0,0,0,0,0,0,Matches
653ee42d,Dale Stephens,eng ENG,MF,Burnley,31,1989,2.9,11,6,2,7,2,3,6,50.0,3,3,0,3,8,19,2,0,Matches
6adbc307,Jack Stephens,eng ENG,DF,Southampton,26,1994,17.1,34,19,19,15,0,17,38,44.7,21,25,14,11,28,62,64,2,Matches
b400bde0,Raheem Sterling,eng ENG,FW,Manchester City,25,1994,28.2,21,10,5,12,4,5,12,41.7,7,15,0,15,15,36,4,0,Matches
17d4507a,Enda Stevens,ie IRL,DF,Sheffield Utd,30,1990,30.0,59,26,32,19,8,33,58,56.9,25,41,12,29,22,81,81,1,Matches
5eecec3d,John Stones,eng ENG,DF,Manchester City,26,1994,21.5,21,10,13,5,3,9,14,64.3,5,23,15,8,18,39,56,1,Matches
f4d296e4,Pascal Struijk,nl NED,"DF,MF",Leeds United,20,1999,23.1,49,30,28,19,2,17,28,60.7,11,35,21,14,47,96,92,0,Matches
e9971f2d,Japhet Tanganga,eng ENG,DF,Tottenham,21,1999,5.4,5,4,3,2,0,1,3,33.3,2,6,5,1,3,8,15,0,Matches
e514ab62,Matt Targett,eng ENG,DF,Aston Villa,24,1995,37.8,83,39,52,20,11,56,88,63.6,32,40,14,26,55,138,102,1,Matches
15ea812b,James Tarkowski,eng ENG,DF,Burnley,27,1992,36.0,66,39,52,11,3,25,49,51.0,24,54,42,12,44,110,163,1,Matches
4d0eb7d2,Percy Tau,za RSA,FW,Brighton,26,1994,1.1,1,1,1,0,0,0,2,0.0,2,1,0,1,0,1,1,0,Matches
3add8ed8,Sidnei Tavares,pt POR,MF,Leicester City,18,2001,0.9,1,1,0,1,0,0,0,,0,1,1,0,0,1,0,0,Matches
cc2d7ad5,Charlie Taylor,eng ENG,DF,Burnley,26,1993,27.0,48,28,30,15,3,25,46,54.3,21,36,19,17,29,77,87,2,Matches
c2f9d19f,Neil Taylor,wls WAL,DF,Aston Villa,31,1989,0.2,1,1,1,0,0,0,0,,0,1,0,1,0,1,0,0,Matches
ab7d7882,Allan Tchaptchet,fr FRA,DF,Southampton,18,2001,0.1,0,0,0,0,0,0,0,,0,0,0,0,0,0,0,0,Matches
f1e94cd6,Nathan Tella,eng ENG,"FW,MF",Southampton,21,1999,8.3,8,5,1,4,3,6,15,40.0,9,13,0,13,3,11,2,0,Matches
e73c9bb2,Alex Telles,br BRA,DF,Manchester Utd,27,1992,7.7,14,7,10,3,1,8,17,47.1,9,7,2,5,16,30,20,0,Matches
77d7c96f,Kenny Tete,nl NED,"DF,MF",Fulham,24,1995,16.5,48,30,27,16,5,10,18,55.6,8,14,5,9,27,75,49,0,Matches
b2ee9d2c,William Thomas Fish,eng ENG,FW,Manchester Utd,17,2003,0.0,0,0,0,0,0,0,0,,0,0,0,0,0,0,0,0,Matches
fc027d02,Luke Thomas,eng ENG,DF,Leicester City,19,2001,10.8,23,14,11,5,7,14,21,66.7,7,15,2,13,17,40,21,0,Matches
56f7a928,Youri Tielemans,be BEL,MF,Leicester City,23,1997,37.3,86,45,32,38,16,45,108,41.7,63,35,8,27,46,132,20,1,Matches
fce2302c,Kieran Tierney,sct SCO,DF,Arsenal,23,1997,25.5,27,15,5,14,8,11,31,35.5,20,31,10,21,16,43,63,0,Matches
e7ca0439,James Tomkins,eng ENG,DF,Crystal Palace,31,1989,6.1,4,2,4,0,0,3,4,75.0,1,4,3,1,4,8,45,0,Matches
7edfbb8a,Fikayo Tomori,eng ENG,DF,Chelsea,22,1997,0.5,2,1,2,0,0,0,0,,0,1,1,0,2,4,8,0,Matches
9e1035f8,Ferrán Torres,es ESP,"FW,MF",Manchester City,20,2000,14.5,12,5,4,6,2,5,16,31.3,11,16,0,16,3,15,8,0,Matches
9a104dee,Cenk Tosun,tr TUR,FW,Everton,29,1991,0.5,0,0,0,0,0,0,1,0.0,1,0,0,0,0,0,0,0,Matches
b28bbd58,Andros Townsend,eng ENG,"MF,FW",Crystal Palace,29,1991,25.1,78,41,45,20,13,30,79,38.0,49,48,2,46,41,119,19,0,Matches
4dc4f138,Conor Townsend,eng ENG,DF,West Brom,27,1993,24.8,44,28,32,9,3,30,49,61.2,19,38,15,23,36,80,55,2,Matches
9a28eba4,Adama Traoré,es ESP,"FW,MF",Wolves,24,1996,29.4,28,16,11,13,4,13,21,61.9,8,23,1,22,7,35,12,1,Matches
c47541e0,Bertrand Traoré,bf BFA,FW,Aston Villa,24,1995,25.7,26,10,8,10,8,10,34,29.4,24,23,1,22,15,41,14,1,Matches
3ae14ed1,Trézéguet,eg EGY,FW,Aston Villa,25,1994,13.0,33,18,14,15,4,13,45,28.9,32,13,1,12,19,52,17,0,Matches
38ceb24a,Leandro Trossard,be BEL,"MF,FW",Brighton,25,1994,29.0,33,14,11,16,6,10,36,27.8,26,34,2,32,26,59,7,1,Matches
f315ca93,Kostas Tsimikas,gr GRE,"DF,FW",Liverpool,24,1996,0.1,0,0,0,0,0,0,0,,0,0,0,0,0,0,0,0,Matches
2baec6ce,Axel Tuanzebe,eng ENG,DF,Manchester Utd,22,1997,4.5,13,7,5,7,1,8,9,88.9,1,7,5,2,3,16,18,0,Matches
1880614f,Cengiz Ünder,tr TUR,"FW,MF",Leicester City,23,1997,3.1,4,1,0,3,1,3,5,60.0,2,3,0,3,2,6,0,0,Matches
531a4aa8,Yan Valery,tn TUN,"DF,MF",Southampton,21,1999,1.1,5,3,2,3,0,1,5,20.0,4,2,0,2,2,7,5,0,Matches
e06683ca,Virgil van Dijk,nl NED,DF,Liverpool,29,1991,4.1,3,2,1,2,0,0,0,,0,1,1,0,5,8,8,1,Matches
45963054,Jamie Vardy,eng ENG,FW,Leicester City,33,1987,31.6,18,12,1,8,9,2,15,13.3,13,14,5,9,4,22,32,0,Matches
dad4b285,Joël Veltman,nl NED,DF,Brighton,28,1992,25.3,67,33,34,25,8,29,57,50.9,28,24,5,19,33,100,64,0,Matches
1900032e,Jannik Vestergaard,dk DEN,DF,Southampton,27,1992,28.6,50,31,31,15,4,35,52,67.3,17,29,16,13,42,92,122,0,Matches
b937e490,Rúben Vinagre,pt POR,"MF,DF",Wolves,21,1999,1.9,7,5,5,2,0,3,4,75.0,1,3,0,3,2,9,4,0,Matches
8b529245,Carlos Vinícius,br BRA,FW,Tottenham,25,1995,3.4,3,1,2,1,0,1,1,100.0,0,0,0,0,2,5,5,0,Matches
728e9b2e,João Virgínia,pt POR,GK,Everton,20,1999,0.5,0,0,0,0,0,0,0,,0,0,0,0,0,0,0,0,Matches
3b029691,Vitinha,pt POR,MF,Wolves,20,2000,5.8,7,3,2,5,0,3,8,37.5,5,3,0,3,3,10,1,0,Matches
d484c261,Jake Vokins,eng ENG,DF,Southampton,20,2000,0.7,0,0,0,0,0,0,1,0.0,1,0,0,0,0,0,0,0,Matches
0d4ceb32,Matěj Vydra,cz CZE,FW,Burnley,28,1992,15.2,9,5,2,4,3,1,8,12.5,7,8,1,7,6,15,5,0,Matches
1ecb65be,Theo Walcott,eng ENG,"MF,FW",Southampton,31,1989,18.0,23,11,8,9,6,11,32,34.4,21,16,0,16,14,37,5,0,Matches
1ecb65be,Theo Walcott,eng ENG,FW,Everton,31,1989,0.1,0,0,0,0,0,0,0,,0,0,0,0,0,0,0,0,Matches
86dd77d1,Kyle Walker,eng ENG,DF,Manchester City,30,1990,21.6,29,19,15,12,2,16,24,66.7,8,19,7,12,14,43,28,0,Matches
984a5a64,Kyle Walker-Peters,eng ENG,DF,Southampton,23,1997,29.4,83,53,56,25,2,34,57,59.6,23,41,10,31,38,121,66,2,Matches
9e525177,Aaron Wan-Bissaka,eng ENG,DF,Manchester Utd,22,1997,34.0,88,54,53,29,6,32,45,71.1,13,65,17,48,62,150,84,2,Matches
8a7ff278,Joel Ward,eng ENG,DF,Crystal Palace,30,1989,25.1,43,25,29,14,0,24,42,57.1,18,27,8,19,41,84,87,2,Matches
3515d404,James Ward-Prowse,eng ENG,MF,Southampton,25,1994,38.0,75,49,30,41,4,29,70,41.4,41,36,4,32,42,117,60,0,Matches
aed3a70f,Ollie Watkins,eng ENG,FW,Aston Villa,24,1995,37.0,29,17,5,16,8,10,33,30.3,23,21,2,19,7,36,24,0,Matches
c7170b46,Caleb Watts,au AUS,MF,Southampton,18,2002,0.4,2,1,2,0,0,1,2,50.0,1,0,0,0,0,2,0,0,Matches
c40b6180,Adam Webster,eng ENG,DF,Brighton,25,1995,28.8,29,16,15,10,4,12,25,48.0,13,29,16,13,47,76,92,3,Matches
ce5143da,Danny Welbeck,eng ENG,FW,Brighton,29,1990,17.2,12,6,2,6,4,7,19,36.8,12,17,0,17,7,19,13,0,Matches
49fe9070,Timo Werner,de GER,"FW,MF",Chelsea,24,1996,28.9,20,9,6,11,3,7,43,16.3,36,23,1,22,8,28,8,0,Matches
495945ef,Ashley Westwood,eng ENG,MF,Burnley,30,1990,37.9,23,15,6,12,5,10,42,23.8,32,26,9,17,44,67,33,0,Matches
35e413f1,Ben White,eng ENG,"DF,MF",Brighton,22,1997,35.5,49,26,21,24,4,24,57,42.1,33,46,22,24,62,111,56,0,Matches
eb58eef0,Georginio Wijnaldum,nl NED,MF,Liverpool,29,1990,32.7,23,7,6,14,3,7,31,22.6,24,18,3,15,26,49,18,1,Matches
5e74d6c8,Brandon Williams,eng ENG,DF,Manchester Utd,19,2000,2.1,0,0,0,0,0,0,1,0.0,1,1,0,1,1,1,7,0,Matches
dd323728,Neco Williams,wls WAL,DF,Liverpool,19,2001,2.8,6,5,4,2,0,5,9,55.6,4,3,1,2,6,12,6,0,Matches
012c975a,Rhys Williams,eng ENG,DF,Liverpool,19,2001,7.3,6,4,3,3,0,3,3,100.0,0,4,3,1,6,12,27,1,Matches
8b9ebd03,Willian,br BRA,FW,Arsenal,31,1988,15.6,13,7,6,6,1,6,16,37.5,10,13,0,13,8,21,8,0,Matches
a3b03921,Joe Willock,eng ENG,MF,Arsenal,20,1999,2.6,6,3,1,4,1,3,7,42.9,4,6,1,5,3,9,0,0,Matches
a3b03921,Joe Willock,eng ENG,MF,Newcastle Utd,20,1999,10.9,26,13,16,7,3,9,42,21.4,33,21,3,18,17,43,15,1,Matches
c596fcb0,Callum Wilson,eng ENG,FW,Newcastle Utd,28,1992,23.2,12,5,1,6,5,2,12,16.7,10,10,3,7,7,19,14,0,Matches
2f7acede,Harry Winks,eng ENG,MF,Tottenham,24,1996,9.6,16,9,11,5,0,5,20,25.0,15,16,4,12,11,27,12,1,Matches
4e9a0555,Chris Wood,nz NZL,FW,Burnley,28,1991,30.5,12,7,2,4,6,5,18,27.8,13,14,3,11,1,13,21,0,Matches
e61b8aee,Granit Xhaka,ch SUI,"MF,DF",Arsenal,27,1992,28.0,50,26,18,17,15,30,58,51.7,28,23,7,16,24,74,38,3,Matches
849c826a,Andriy Yarmolenko,ua UKR,"FW,MF",West Ham,30,1989,4.2,5,4,2,2,1,2,8,25.0,6,1,0,1,1,6,2,0,Matches
ae0a7ddf,DeAndre Yedlin,us USA,DF,Newcastle Utd,27,1993,4.8,9,4,8,1,0,4,10,40.0,6,5,1,4,7,16,17,0,Matches
e49ce451,Okay Yokuşlu,tr TUR,MF,West Brom,26,1994,14.6,38,25,21,13,4,17,35,48.6,18,15,3,12,35,73,33,1,Matches
b2bc3b1f,Wilfried Zaha,ci CIV,FW,Crystal Palace,27,1992,29.0,26,18,8,15,3,11,30,36.7,19,21,0,21,9,35,4,0,Matches
6bb2c084,Andre-Frank Zambo Anguissa,cm CMR,MF,Fulham,24,1995,28.7,78,37,27,38,13,27,68,39.7,41,35,6,29,56,134,17,2,Matches
d01231f0,Andi Zeqiri,ch SUI,"FW,DF",Brighton,21,1999,1.9,3,2,0,2,1,1,2,50.0,1,1,0,1,0,3,2,0,Matches
51cf8561,Oleksandr Zinchenko,ua UKR,DF,Manchester City,23,1996,16.4,25,15,12,9,4,14,24,58.3,10,17,4,13,23,48,28,0,Matches
6622454d,Hakim Ziyech,ma MAR,"MF,FW",Chelsea,27,1993,13.0,14,10,5,7,2,5,19,26.3,14,9,1,8,10,24,2,0,Matches
ce4246f5,Kurt Zouma,fr FRA,DF,Chelsea,25,1994,22.5,16,10,8,6,2,4,8,50.0,4,13,9,4,28,44,93,0,Matches
79300479,Martin Ødegaard,no NOR,MF,Arsenal,21,1998,9.6,9,3,2,6,1,4,14,28.6,10,2,0,2,2,11,5,0,Matches
