id,Player,Nation,Pos,Squad,Age,Born,90s,Tkl,TklW,Def 3rd,Mid 3rd,Att 3rd,Tkl.1,Att,Tkl%,Lost,Blocks,Sh,Pass,Int,Tkl+Int,Clr,Err,Matches
5bc43860,Brenden Aaronson,us USA,"MF,FW",Leeds United,22-177,2000,23.8,38,14,13,19,6,12,39,30.8,27,39,3,36,4,42,6,1,Matches
f2bf1b0f,Che Adams,sct SCO,FW,Southampton,26-278,1996,20.8,17,13,7,8,2,7,11,63.6,4,13,4,9,4,21,19,0,Matches
2b09d998,Tyler Adams,us USA,MF,Leeds United,24-062,1999,24.0,89,46,44,35,10,50,77,64.9,27,48,8,40,35,124,29,0,Matches
c81d773d,Tosin Adarabioyo,eng ENG,DF,Fulham,25-205,1997,15.2,15,6,11,3,1,7,11,63.6,4,12,9,3,20,35,89,1,Matches
288e1e13,Nayef Aguerd,ma MAR,DF,West Ham,27-018,1996,11.7,16,12,11,5,0,9,12,75.0,3,12,11,1,13,29,47,2,Matches
a6c58494,Naouirou Ahamada,fr FRA,"MF,FW",Crystal Palace,21-019,2002,1.0,3,2,3,0,0,1,3,33.3,2,2,0,2,0,3,0,0,Matches
9b398aea,Rayan Aït Nouri,dz ALG,DF,Wolves,21-315,2001,11.5,33,20,25,7,1,9,14,64.3,5,3,0,3,9,42,27,0,Matches
a8c0acb7,Kristoffer Ajer,no NOR,DF,Brentford,25-000,1998,8.5,11,8,5,4,2,9,16,56.3,7,6,5,1,7,18,22,0,Matches
89ac64a6,Manuel Akanji,ch SUI,DF,Manchester City,27-272,1995,20.6,29,20,11,15,3,19,31,61.3,12,25,8,17,14,43,27,0,Matches
eaeca114,Nathan Aké,nl NED,DF,Manchester City,28-058,1995,18.7,22,8,13,7,2,9,13,69.2,4,17,9,8,18,40,38,0,Matches
b827d5b3,Marc Albrighton,eng ENG,"FW,MF",Leicester City,33-150,1989,2.6,4,1,0,2,2,1,8,12.5,7,6,2,4,1,5,5,0,Matches
77e84962,Thiago Alcántara,es ESP,MF,Liverpool,32-006,1991,13.2,43,24,20,21,2,14,22,63.6,8,14,3,11,19,62,12,2,Matches
4abac767,Carlos Alcaraz,ar ARG,"MF,FW",Southampton,20-138,2002,5.7,5,3,0,4,1,3,9,33.3,6,8,3,5,1,6,8,0,Matches
cd1acf9d,Trent Alexander-Arnold,eng ENG,DF,Liverpool,24-192,1998,23.5,45,32,27,13,5,31,54,57.4,23,22,6,16,33,78,28,2,Matches
7a2e46a8,Alisson,br BRA,GK,Liverpool,30-197,1992,29.0,0,0,0,0,0,0,3,0.0,3,3,0,3,0,0,14,0,Matches
cea4ee8f,Dele Alli,eng ENG,MF,Everton,27-006,1996,0.4,0,0,0,0,0,0,0,,0,0,0,0,0,0,0,0,Matches
862a1c15,Miguel Almirón,py PAR,FW,Newcastle Utd,29-066,1994,22.4,38,26,12,17,9,15,26,57.7,11,23,2,21,7,45,12,0,Matches
15ab5a2b,Julián Álvarez,ar ARG,"FW,MF",Manchester City,23-076,2000,10.1,15,9,2,7,6,3,17,17.6,14,11,0,11,1,16,4,0,Matches
1a4ef233,Daniel Amartey,gh GHA,DF,Leicester City,28-117,1994,17.9,19,8,13,5,1,12,14,85.7,2,24,17,7,8,27,71,0,Matches
e34fc66d,Joachim Andersen,dk DEN,DF,Crystal Palace,26-321,1996,24.4,28,12,19,9,0,13,25,52.0,12,23,12,11,21,49,162,0,Matches
de31038e,Elliot Anderson,sct SCO,"FW,MF",Newcastle Utd,20-162,2002,2.3,9,5,5,2,2,5,9,55.6,4,7,1,6,4,13,0,0,Matches
e4238fb1,Jaidon Anthony,eng ENG,"MF,FW",Bournemouth,23-137,1999,11.9,28,16,14,8,6,7,22,31.8,15,22,1,21,8,36,15,0,Matches
ac05f970,Michail Antonio,jm JAM,FW,West Ham,33-020,1990,15.5,13,7,1,7,5,3,7,42.9,4,12,4,8,5,18,5,0,Matches
99127249,Antony,br BRA,FW,Manchester Utd,23-052,2000,15.2,20,8,9,8,3,8,21,38.1,13,14,0,14,8,28,4,0,Matches
05e8ca6d,Cameron Archer,eng ENG,"FW,MF",Aston Villa,21-270,2001,0.5,0,0,0,0,0,0,0,,0,0,0,0,0,0,0,0,Matches
2f965a72,Alphonse Areola,fr FRA,GK,West Ham,30-049,1993,3.4,0,0,0,0,0,0,0,,0,0,0,0,0,0,0,0,Matches
328f7d51,Joe Aribo,ng NGA,"MF,FW",Southampton,26-270,1996,12.8,30,19,14,12,4,11,19,57.9,8,13,1,12,8,38,10,0,Matches
68c720b5,Adam Armstrong,eng ENG,FW,Southampton,26-066,1997,12.3,11,7,3,5,3,0,7,0.0,7,15,3,12,4,15,5,0,Matches
97333cf5,Stuart Armstrong,sct SCO,"MF,FW",Southampton,31-018,1992,12.4,23,14,9,11,3,11,32,34.4,21,15,0,15,7,30,7,0,Matches
28d596a0,Kepa Arrizabalaga,es ESP,GK,Chelsea,28-196,1994,22.5,2,2,2,0,0,2,3,66.7,1,0,0,0,0,2,14,2,Matches
d5dd5f1f,Pierre-Emerick Aubameyang,ga GAB,FW,Chelsea,33-303,1989,5.2,1,0,1,0,0,0,1,0.0,1,2,0,2,2,3,4,2,Matches
9fec8860,Ludwig Augustinsson,se SWE,DF,Aston Villa,28-361,1994,0.9,1,1,1,0,0,0,0,,0,0,0,0,0,1,1,0,Matches
5c2b4f07,Serge Aurier,ci CIV,DF,Nott'ham Forest,30-114,1992,15.9,50,33,32,15,3,16,23,69.6,7,27,9,18,22,72,54,0,Matches
e5478b87,Taiwo Awoniyi,ng NGA,FW,Nott'ham Forest,25-248,1997,9.6,11,9,1,7,3,5,7,71.4,2,10,3,7,1,12,11,0,Matches
f173303a,Yasin Ayari,se SWE,MF,Brighton,19-193,2003,0.1,1,1,0,1,0,0,0,,0,0,0,0,0,1,0,0,Matches
5dbefa9d,André Ayew,gh GHA,"FW,MF",Nott'ham Forest,33-121,1989,2.9,4,2,0,3,1,2,4,50.0,2,4,0,4,0,4,6,0,Matches
da052c14,Jordan Ayew,gh GHA,"FW,MF",Crystal Palace,31-218,1991,23.2,60,39,21,19,20,19,45,42.2,26,30,2,28,13,73,28,0,Matches
420d7c7d,Luke Ayling,eng ENG,DF,Leeds United,31-235,1991,16.8,51,27,37,8,6,31,64,48.4,33,28,8,20,20,71,39,2,Matches
53cad200,César Azpilicueta,es ESP,DF,Chelsea,33-232,1989,12.3,28,17,17,7,4,16,22,72.7,6,20,4,16,15,43,42,0,Matches
06df8256,Benoît Badiashile,fr FRA,DF,Chelsea,22-022,2001,8.1,13,7,9,4,0,9,13,69.2,4,3,2,1,13,26,30,1,Matches
3a233281,Leon Bailey,jm JAM,"FW,MF",Aston Villa,25-251,1997,19.3,11,5,4,6,1,3,15,20.0,12,12,0,12,5,16,10,0,Matches
32e8417f,Stefan Bajcetic,es ESP,MF,Liverpool,18-177,2004,5.8,9,6,5,3,1,8,27,29.6,19,7,0,7,9,18,4,0,Matches
93feac6e,Patrick Bamford,eng ENG,FW,Leeds United,29-224,1993,12.5,9,6,0,6,3,4,17,23.5,13,8,3,5,5,14,9,0,Matches
2886c9b5,Shandon Baptiste,gd GRN,MF,Brentford,25-009,1998,5.7,10,7,4,5,1,6,15,40.0,9,8,1,7,6,16,8,0,Matches
3ea50f67,Harvey Barnes,eng ENG,"FW,MF",Leicester City,25-129,1997,25.4,21,13,8,10,3,10,35,28.6,25,26,1,25,7,28,8,0,Matches
c91441dc,Gavin Bazunu,ie IRL,GK,Southampton,21-056,2002,31.0,1,0,1,0,0,1,1,100.0,0,0,0,0,1,2,23,2,Matches
30db8574,Mads Bech Sørensen,dk DEN,"DF,MF",Brentford,24-100,1999,0.2,0,0,0,0,0,0,0,,0,0,0,0,1,1,1,0,Matches
4115ce4e,Jan Bednarek,pl POL,DF,Southampton,27-005,1996,12.1,20,14,15,5,0,9,12,75.0,3,24,16,8,32,52,47,0,Matches
4115ce4e,Jan Bednarek,pl POL,DF,Aston Villa,27-005,1996,1.1,3,3,0,3,0,1,1,100.0,0,3,1,2,2,5,5,0,Matches
50dc94ce,Donny van de Beek,nl NED,MF,Manchester Utd,25-364,1997,1.9,0,0,0,0,0,0,1,0.0,1,2,1,1,1,1,1,0,Matches
7b4de647,Asmir Begović,ba BIH,GK,Everton,35-301,1987,1.0,0,0,0,0,0,0,0,,0,0,0,0,0,0,1,0,Matches
a39d11bc,Armel Bella Kotchap,de GER,DF,Southampton,21-127,2001,18.5,32,14,23,9,0,12,15,80.0,3,26,10,16,41,73,90,0,Matches
5a04fd92,Saïd Benrahma,dz ALG,"FW,MF",West Ham,27-250,1995,18.9,20,11,8,6,6,8,24,33.3,16,15,1,14,9,29,11,0,Matches
3b8674e6,Rodrigo Bentancur,uy URU,MF,Tottenham,25-296,1997,16.7,45,28,15,21,9,16,28,57.1,12,28,15,13,20,65,22,0,Matches
505486d6,Victor Bernth Kristiansen,dk DEN,DF,Leicester City,20-122,2002,7.0,27,16,11,13,3,16,23,69.6,7,14,4,10,3,30,20,0,Matches
87966294,Owen Bevan,wls WAL,DF,Bournemouth,19-173,2003,0.1,0,0,0,0,0,0,0,,0,0,0,0,0,0,0,0,Matches
de40e38c,Giulian Biancone,fr FRA,DF,Nott'ham Forest,23-017,2000,0.2,2,1,2,0,0,1,1,100.0,0,0,0,0,1,3,0,0,Matches
d328a254,Philip Billing,dk DEN,"MF,FW",Bournemouth,26-310,1996,25.5,57,33,20,28,9,11,34,32.4,23,43,8,35,28,85,50,1,Matches
6c203af0,Yves Bissouma,ml MLI,MF,Tottenham,26-230,1996,9.0,12,10,3,5,4,2,7,28.6,5,12,5,7,9,21,7,0,Matches
a4ac4b8f,Willy Boly,ci CIV,DF,Nott'ham Forest,32-073,1991,6.6,13,6,8,3,2,8,13,61.5,5,11,4,7,12,25,38,0,Matches
ccce7025,Sven Botman,nl NED,DF,Newcastle Utd,23-095,2000,26.7,31,19,26,5,0,17,23,73.9,6,37,18,19,29,60,100,2,Matches
79c84d1c,Jarrod Bowen,eng ENG,"FW,MF",West Ham,26-118,1996,29.9,34,12,11,10,13,14,47,29.8,33,42,7,35,30,64,19,0,Matches
c07b7c5c,James Bree,eng ENG,DF,Southampton,25-188,1997,2.2,3,1,2,1,0,1,1,100.0,0,2,1,1,4,7,4,0,Matches
97220da2,Armando Broja,al ALB,FW,Chelsea,21-219,2001,3.3,4,1,0,3,1,1,1,100.0,0,10,1,9,1,5,1,0,Matches
dc4cae05,David Brooks,wls WAL,"DF,FW",Bournemouth,25-283,1997,0.3,1,0,1,0,0,0,0,,0,0,0,0,0,1,2,0,Matches
a2081c6b,Lewis Brunt,eng ENG,DF,Leicester City,22-162,2000,0.3,0,0,0,0,0,0,0,,0,0,0,0,0,0,2,0,Matches
7b5ab7f2,Bryan,es ESP,"MF,FW",Tottenham,22-065,2001,1.6,3,1,3,0,0,0,3,0.0,3,3,0,3,1,4,1,0,Matches
66b76d44,Emi Buendía,ar ARG,"MF,FW",Aston Villa,26-113,1996,21.8,48,21,18,19,11,18,60,30.0,42,16,1,15,18,66,14,0,Matches
bfc3b3a0,Hugo Bueno,es ESP,DF,Wolves,20-211,2002,11.9,28,14,22,3,3,16,28,57.1,12,12,1,11,9,37,30,0,Matches
468a7a91,Facundo Buonanotte,ar ARG,"FW,MF",Brighton,18-115,2004,0.6,0,0,0,0,0,0,1,0.0,1,0,0,0,0,0,0,0,Matches
b2d31e83,Dan Burn,eng ENG,DF,Newcastle Utd,30-343,1992,28.2,46,32,23,16,7,28,54,51.9,26,37,13,24,26,72,107,2,Matches
85322440,Cafú,pt POR,MF,Nott'ham Forest,30-050,1993,0.1,0,0,0,0,0,0,0,,0,0,0,0,0,0,1,0,Matches
16264a81,Moisés Caicedo,ec ECU,MF,Brighton,21-166,2001,27.1,89,47,34,44,11,34,55,61.8,21,28,4,24,43,132,22,2,Matches
a8748947,Tom Cairney,sct SCO,MF,Fulham,32-087,1991,6.1,13,4,2,6,5,6,6,100.0,0,10,1,9,3,16,2,0,Matches
94f8d10c,Duje Ćaleta-Car,hr CRO,DF,Southampton,26-212,1996,9.0,12,8,8,3,1,5,7,71.4,2,10,8,2,14,26,53,1,Matches
59e6e5bf,Dominic Calvert-Lewin,eng ENG,FW,Everton,26-032,1997,8.1,3,1,1,0,2,1,4,25.0,3,2,0,2,1,4,5,0,Matches
6f711f67,Chem Campbell,wls WAL,"FW,MF",Wolves,20-108,2002,0.8,2,1,1,1,0,0,1,0.0,1,2,0,2,1,3,0,0,Matches
bd6351cd,João Cancelo,pt POR,DF,Manchester City,28-325,1994,14.2,29,21,16,9,4,17,24,70.8,7,7,1,6,19,48,9,1,Matches
4506aec5,Thomas Cannon,ie IRL,FW,Everton,20-110,2002,0.3,0,0,0,0,0,0,0,,0,0,0,0,0,0,0,0,Matches
1137759d,Sergi Canós,es ESP,"FW,DF",Brentford,26-074,1997,0.9,0,0,0,0,0,0,2,0.0,2,3,1,2,0,0,1,0,Matches
b4a014b1,Diego Carlos,br BRA,DF,Aston Villa,30-033,1993,2.0,1,0,0,1,0,0,1,0.0,1,2,2,0,1,2,2,0,Matches
966e28d0,Fabio Carvalho,pt POR,"MF,FW",Liverpool,20-230,2002,3.8,8,8,3,3,2,3,6,50.0,3,6,0,6,5,13,0,0,Matches
4d224fe8,Casemiro,br BRA,MF,Manchester Utd,31-053,1992,15.9,60,30,29,23,8,31,54,57.4,23,33,8,25,25,85,46,0,Matches
2389cdc2,Matty Cash,pl POL,DF,Aston Villa,25-253,1997,18.2,48,28,33,11,4,22,32,68.8,10,18,4,14,24,72,40,0,Matches
197640fd,Timothy Castagne,be BEL,DF,Leicester City,27-133,1995,29.2,76,41,46,24,6,37,71,52.1,34,44,11,33,38,114,83,0,Matches
e28868f3,Jonny Castro,es ESP,DF,Wolves,29-045,1994,14.0,34,15,23,10,1,18,37,48.6,19,26,5,21,14,48,28,2,Matches
9cfbad36,Julio César Enciso,py PAR,"MF,FW",Brighton,19-084,2004,2.9,3,0,0,3,0,2,3,66.7,1,2,0,2,1,4,2,0,Matches
422862ea,Nathaniel Chalobah,eng ENG,MF,Fulham,28-126,1994,0.1,1,1,1,0,0,1,1,100.0,0,0,0,0,0,1,2,0,Matches
5515376c,Trevoh Chalobah,eng ENG,DF,Chelsea,23-286,1999,12.3,22,14,15,4,3,15,24,62.5,9,9,3,6,16,38,43,1,Matches
dc6f5bdd,Calum Chambers,eng ENG,"DF,MF",Aston Villa,28-087,1995,3.3,8,6,6,2,0,6,8,75.0,2,5,4,1,7,15,6,1,Matches
d2424d1b,Ben Chilwell,eng ENG,"DF,MF",Chelsea,26-117,1996,12.8,21,17,12,8,1,13,24,54.2,11,15,0,15,16,37,19,0,Matches
26ce2263,Ryan Christie,sct SCO,"MF,FW",Bournemouth,28-054,1995,14.7,28,19,9,19,0,13,37,35.1,24,14,2,12,23,51,14,0,Matches
b2f9c73e,Carney Chukwuemeka,eng ENG,"MF,FW",Chelsea,19-179,2003,2.6,11,6,6,5,0,2,4,50.0,2,4,0,4,4,15,1,0,Matches
73341ace,Bobby Clark,eng ENG,MF,Liverpool,18-069,2005,0.1,0,0,0,0,0,0,0,,0,2,0,2,0,0,0,0,Matches
0442183b,Nathaniel Clyne,eng ENG,DF,Crystal Palace,32-012,1991,18.2,27,16,13,9,5,14,23,60.9,9,22,4,18,19,46,34,0,Matches
2928dca2,Conor Coady,eng ENG,DF,Everton,30-051,1993,21.9,14,9,8,6,0,7,15,46.7,8,20,16,4,14,28,85,3,Matches
963a9201,Jack Colback,eng ENG,MF,Nott'ham Forest,33-175,1989,5.5,18,13,12,6,0,5,8,62.5,3,3,0,3,3,21,9,0,Matches
0420d84f,Séamus Coleman,ie IRL,DF,Everton,34-188,1988,17.9,35,26,21,10,4,19,29,65.5,10,14,7,7,21,56,58,2,Matches
a8c19eb8,Nathan Collins,ie IRL,DF,Wolves,21-352,2001,17.5,25,14,18,7,0,14,23,60.9,9,26,21,5,21,46,72,0,Matches
700783e7,Levi Colwill,eng ENG,DF,Brighton,20-050,2003,7.9,2,2,1,1,0,1,4,25.0,3,3,1,2,8,10,19,0,Matches
2afc7272,Lewis Cook,eng ENG,MF,Bournemouth,26-073,1997,17.3,36,22,9,22,5,17,35,48.6,18,25,9,16,21,57,26,0,Matches
3e5e4e63,Steve Cook,eng ENG,DF,Nott'ham Forest,31-363,1991,10.6,8,4,4,4,0,5,7,71.4,2,16,11,5,12,20,51,0,Matches
dc64b8b3,Liam Cooper,sct SCO,DF,Leeds United,31-230,1991,12.5,28,20,21,6,1,15,23,65.2,8,8,3,5,26,54,42,2,Matches
beb391dd,Maxwel Cornet,ci CIV,FW,West Ham,26-202,1996,1.4,5,2,3,0,2,3,3,100.0,0,1,0,1,0,5,0,0,Matches
a190d597,Diego Costa,es ESP,FW,Wolves,34-192,1988,9.7,2,0,2,0,0,1,4,25.0,3,5,1,4,2,4,13,0,Matches
fdf3cb77,Vladimír Coufal,cz CZE,DF,West Ham,30-238,1992,18.2,44,23,29,10,5,27,37,73.0,10,21,5,16,30,74,51,0,Matches
0ef89a37,Philippe Coutinho,br BRA,"MF,FW",Aston Villa,30-309,1992,8.8,19,14,8,8,3,9,15,60.0,6,11,1,10,4,23,2,0,Matches
a5ca9127,Conor Coventry,ie IRL,"MF,FW",West Ham,23-023,2000,0.0,0,0,0,0,0,0,0,,0,0,0,0,0,0,0,0,Matches
4f974391,Aaron Cresswell,eng ENG,DF,West Ham,33-123,1989,19.6,19,9,11,7,1,10,24,41.7,14,18,9,9,24,43,47,0,Matches
1daec722,Marc Cucurella,es ESP,DF,Chelsea,24-269,1998,18.6,66,33,40,15,11,30,60,50.0,30,28,8,20,16,82,48,1,Matches
dc62b55d,Matheus Cunha,br BRA,FW,Wolves,23-325,1999,7.5,4,1,0,3,1,1,6,16.7,5,11,2,9,6,10,7,0,Matches
ca45605e,Patson Daka,zm ZAM,FW,Leicester City,24-190,1998,10.8,9,5,3,6,0,1,7,14.3,6,10,2,8,4,13,6,0,Matches
d9565625,Diogo Dalot,pt POR,DF,Manchester Utd,24-030,1999,19.9,46,35,34,12,0,28,40,70.0,12,24,7,17,29,75,46,2,Matches
215f3907,Mikkel Damsgaard,dk DEN,"MF,FW",Brentford,22-288,2000,7.6,20,14,8,9,3,9,34,26.5,25,14,1,13,9,29,11,0,Matches
a816dbfb,Danilo,br BRA,MF,Nott'ham Forest,21-353,2001,5.1,11,5,5,4,2,2,11,18.2,9,12,4,8,2,13,12,0,Matches
f08490a6,Arnaut Danjuma,nl NED,"FW,MF",Tottenham,26-076,1997,0.6,2,0,1,1,0,0,0,,0,0,0,0,0,2,0,0,Matches
60344e4f,Josh Dasilva,eng ENG,MF,Brentford,24-176,1998,14.5,18,9,6,6,6,6,15,40.0,9,22,6,16,4,22,7,1,Matches
44781702,Ben Davies,wls WAL,DF,Tottenham,29-358,1993,20.3,17,8,7,9,1,8,17,47.1,9,15,6,9,16,33,60,0,Matches
9228b07c,Tom Davies,eng ENG,MF,Everton,24-291,1998,6.0,15,9,5,9,1,7,14,50.0,7,10,1,9,4,19,7,1,Matches
3e9e06cb,Craig Dawson,eng ENG,DF,West Ham,32-346,1990,8.0,10,6,8,2,0,4,6,66.7,2,9,6,3,6,16,26,0,Matches
3e9e06cb,Craig Dawson,eng ENG,DF,Wolves,32-346,1990,10.2,8,5,6,2,0,4,7,57.1,3,20,16,4,5,13,52,1,Matches
e46012d4,Kevin De Bruyne,be BEL,MF,Manchester City,31-293,1991,24.2,25,10,3,11,11,12,36,33.3,24,23,2,21,7,32,10,0,Matches
11f54bd5,Siriki Dembélé,ci CIV,"FW,MF",Bournemouth,26-222,1996,1.2,3,1,2,1,0,0,1,0.0,1,1,0,1,1,4,1,0,Matches
5a7301ae,Leander Dendoncker,be BEL,MF,Aston Villa,28-002,1995,5.3,17,8,10,5,2,11,18,61.1,7,11,3,8,8,25,7,0,Matches
5a7301ae,Leander Dendoncker,be BEL,MF,Wolves,28-002,1995,2.4,4,2,0,3,1,2,3,66.7,1,2,0,2,9,13,4,0,Matches
2c44a35d,Emmanuel Dennis,ng NGA,"FW,MF",Nott'ham Forest,25-153,1997,7.7,15,10,5,4,6,7,16,43.8,9,13,1,12,2,17,6,0,Matches
9d8cf204,Halil Dervişoğlu,tr TUR,MF,Brentford,23-130,1999,0.1,0,0,0,0,0,0,1,0.0,1,0,0,0,0,0,0,0,Matches
5c74c0f5,Kiernan Dewsbury-Hall,eng ENG,MF,Leicester City,24-223,1998,24.2,50,28,13,32,5,18,45,40.0,27,54,12,42,26,76,20,0,Matches
11ff3d56,Ibrahima Diallo,fr FRA,MF,Southampton,24-040,1999,9.0,24,14,13,10,1,8,12,66.7,4,11,1,10,6,30,10,0,Matches
31c69ef1,Rúben Dias,pt POR,DF,Manchester City,25-338,1997,18.2,19,11,9,9,1,9,14,64.3,5,18,11,7,17,36,47,1,Matches
4a1a9578,Luis Díaz,co COL,FW,Liverpool,26-094,1997,6.8,10,8,2,7,1,3,7,42.9,4,6,0,6,2,12,0,0,Matches
ac861941,Eric Dier,eng ENG,DF,Tottenham,29-092,1994,28.3,25,16,15,8,2,7,15,46.7,8,32,21,11,33,58,102,2,Matches
1b84dbe1,Lucas Digne,fr FRA,DF,Aston Villa,29-271,1993,14.4,26,10,18,8,0,17,27,63.0,10,14,5,9,15,41,37,0,Matches
a712ca2b,Issa Diop,fr FRA,DF,Fulham,26-098,1997,16.7,23,16,15,7,1,12,24,50.0,12,20,14,6,27,50,54,0,Matches
254147d4,Moussa Djenepo,ml MLI,"DF,FW",Southampton,24-306,1998,7.0,17,9,11,5,1,9,21,42.9,12,15,2,13,11,28,6,0,Matches
733f1a7d,Ben Doak,sct SCO,FW,Liverpool,17-157,2005,0.3,3,2,1,2,0,1,1,100.0,0,1,0,1,0,3,0,0,Matches
d557d734,Matt Doherty,ie IRL,"DF,MF",Tottenham,31-091,1992,7.4,16,10,12,3,1,8,10,80.0,2,11,6,5,8,24,14,1,Matches
67ac5bb8,Gabriel Dos Santos,br BRA,DF,Arsenal,25-119,1997,30.9,43,27,26,13,4,16,23,69.6,7,43,25,18,25,68,114,2,Matches
02b29014,Abdoulaye Doucouré,ml MLI,MF,Everton,30-106,1993,11.0,19,11,5,10,4,9,27,33.3,18,18,2,16,9,28,7,0,Matches
ce4f40c7,Cheick Doucouré,ml MLI,MF,Crystal Palace,23-099,2000,25.3,69,43,38,28,3,27,48,56.3,21,37,11,26,51,120,35,0,Matches
69fdb896,Flynn Downes,eng ENG,MF,West Ham,24-087,1999,5.4,11,7,3,7,1,3,6,50.0,3,11,1,10,4,15,3,0,Matches
e0d1510a,Cody Drameh,eng ENG,DF,Leeds United,21-130,2001,0.8,5,4,0,4,1,2,3,66.7,1,0,0,0,1,6,1,0,Matches
3a949a25,Martin Dúbravka,sk SVK,GK,Newcastle Utd,34-092,1989,0.7,0,0,0,0,0,0,1,0.0,1,0,0,0,0,0,0,0,Matches
7314bba4,Shane Duffy,ie IRL,"FW,DF",Fulham,31-106,1992,0.1,0,0,0,0,0,0,0,,0,0,0,0,0,0,0,0,Matches
282f75f3,Lewis Dunk,eng ENG,DF,Brighton,31-147,1991,29.0,23,14,16,5,2,11,23,47.8,12,27,19,8,27,50,68,0,Matches
414184f7,Jhon Durán,co COL,FW,Aston Villa,19-125,2003,0.9,0,0,0,0,0,0,1,0.0,1,0,0,0,1,1,1,0,Matches
fa9fa773,Malcolm Ebiowei,eng ENG,"MF,FW",Crystal Palace,19-225,2003,0.4,1,1,1,0,0,0,1,0.0,1,2,0,2,0,1,0,0,Matches
3bb7b8b4,Ederson,br BRA,GK,Manchester City,29-243,1993,30.0,2,1,2,0,0,1,2,50.0,1,0,0,0,1,3,9,2,Matches
0562b7f1,Odsonne Édouard,fr FRA,FW,Crystal Palace,25-091,1998,16.8,24,13,7,12,5,7,11,63.6,4,14,5,9,3,27,22,0,Matches
007414dd,Samuel Edozie,eng ENG,"FW,MF",Southampton,20-079,2003,6.1,16,9,5,10,1,3,8,37.5,5,7,0,7,6,22,6,0,Matches
2fba6108,Anthony Elanga,se SWE,FW,Manchester Utd,20-355,2002,4.7,3,0,0,2,1,1,2,50.0,1,4,0,4,2,5,4,0,Matches
c8387671,Harvey Elliott,eng ENG,"MF,FW",Liverpool,20-013,2003,16.6,22,14,6,10,6,6,29,20.7,23,25,1,24,14,36,7,0,Matches
47a34c4f,Mohamed Elneny,eg EGY,MF,Arsenal,30-280,1992,1.3,1,1,1,0,0,1,1,100.0,0,0,0,0,0,1,0,0,Matches
68dc0dac,Mohamed Elyounoussi,no NOR,"MF,FW",Southampton,28-256,1994,20.5,37,23,14,20,3,15,38,39.5,23,33,2,31,21,58,33,0,Matches
df8b52a5,Emerson,br BRA,DF,Tottenham,24-093,1999,15.5,42,26,28,11,3,20,32,62.5,12,15,3,12,12,54,58,0,Matches
980522ec,Christian Eriksen,dk DEN,MF,Manchester Utd,31-062,1992,17.6,13,11,7,3,3,6,23,26.1,17,21,8,13,10,23,18,1,Matches
d38fdf53,Pervis Estupiñán,ec ECU,DF,Brighton,25-086,1998,21.4,48,25,28,14,6,29,46,63.0,17,21,6,15,33,81,29,0,Matches
f8fcd2a5,Jonny Evans,nir NIR,DF,Leicester City,35-104,1988,9.0,10,4,10,0,0,6,10,60.0,4,6,5,1,16,26,33,0,Matches
ae4fc6a4,Eberechi Eze,eng ENG,"MF,FW",Crystal Palace,24-292,1998,22.3,35,21,14,15,6,11,28,39.3,17,21,0,21,9,44,7,0,Matches
9328b835,Łukasz Fabiański,pl POL,GK,West Ham,37-364,1985,26.6,2,0,2,0,0,1,2,50.0,1,0,0,0,0,2,7,1,Matches
7f3b388c,Fabinho,br BRA,MF,Liverpool,29-176,1993,21.6,46,26,15,27,4,17,46,37.0,29,29,10,19,28,74,25,0,Matches
9c221d14,Wout Faes,be BEL,DF,Leicester City,25-014,1998,24.0,47,27,23,22,2,24,39,61.5,15,42,30,12,35,82,79,2,Matches
51a3c4c8,Felipe,br BRA,DF,Nott'ham Forest,33-336,1989,9.9,27,14,16,11,0,18,29,62.1,11,25,9,16,24,51,61,0,Matches
8aafd64f,João Félix,pt POR,"FW,MF",Chelsea,23-158,1999,8.8,14,7,5,6,3,4,11,36.4,7,3,0,3,1,15,0,1,Matches
4596da74,Evan Ferguson,ie IRL,FW,Brighton,18-180,2004,6.7,6,3,1,3,2,1,5,20.0,4,9,1,8,1,7,4,0,Matches
507c7bdf,Bruno Fernandes,pt POR,"MF,FW",Manchester Utd,28-221,1994,29.0,58,35,21,22,15,27,57,47.4,30,28,5,23,19,77,38,1,Matches
5ff4ab71,Enzo Fernández,ar ARG,MF,Chelsea,22-090,2001,10.5,33,22,21,10,2,15,43,34.9,28,24,2,22,12,45,8,0,Matches
4c370d81,Roberto Firmino,br BRA,"FW,MF",Liverpool,31-197,1991,12.5,16,12,2,11,3,3,17,17.6,14,15,1,14,6,22,2,0,Matches
24f59bb2,Junior Firpo,es ESP,DF,Leeds United,26-238,1996,10.9,37,19,21,11,5,20,37,54.1,17,18,6,12,19,56,26,0,Matches
ed1e53f3,Phil Foden,eng ENG,FW,Manchester City,22-324,2000,15.6,14,8,8,4,2,7,13,53.8,6,17,1,16,5,19,8,0,Matches
e82900ef,Datro Fofana,ci CIV,FW,Chelsea,20-116,2002,0.7,2,1,0,1,1,0,0,,0,1,0,1,0,2,0,0,Matches
132a82f1,Wesley Fofana,fr FRA,DF,Leicester City,22-121,2000,2.0,4,2,1,2,1,1,3,33.3,2,1,1,0,9,13,5,0,Matches
132a82f1,Wesley Fofana,fr FRA,DF,Chelsea,22-121,2000,8.7,22,14,13,5,4,10,17,58.8,7,11,6,5,18,40,22,0,Matches
82927de4,Pablo Fornals,es ESP,"FW,MF",West Ham,27-054,1996,12.2,22,9,6,8,8,9,28,32.1,19,13,2,11,11,33,8,0,Matches
9f1938ab,Adam Forshaw,eng ENG,MF,Leeds United,31-191,1991,1.8,2,1,0,2,0,1,6,16.7,5,3,0,3,0,2,1,0,Matches
c3e39f12,Fraser Forster,eng ENG,GK,Tottenham,35-031,1988,7.0,0,0,0,0,0,0,0,,0,0,0,0,0,0,2,0,Matches
6722d4f0,Tyrese Francois,au AUS,FW,Fulham,22-275,2000,0.0,0,0,0,0,0,0,0,,0,0,0,0,0,0,1,0,Matches
d56543a0,Ryan Fraser,sct SCO,FW,Newcastle Utd,29-052,1994,3.5,2,2,0,0,2,2,5,40.0,3,3,1,2,0,2,3,0,Matches
b853e0ad,Fred,br BRA,MF,Manchester Utd,30-043,1993,11.4,40,25,22,15,3,10,30,33.3,20,32,1,31,15,55,15,0,Matches
c067631c,Ryan Fredericks,eng ENG,DF,Bournemouth,30-189,1992,5.9,3,2,2,0,1,1,4,25.0,3,7,2,5,1,4,27,0,Matches
98d2c2c4,Remo Freuler,ch SUI,MF,Nott'ham Forest,31-002,1992,23.2,42,22,23,15,4,18,41,43.9,23,36,9,27,28,70,42,0,Matches
1971591f,Cody Gakpo,nl NED,FW,Liverpool,23-345,1999,9.3,11,7,2,6,3,5,19,26.3,14,7,1,6,2,13,1,0,Matches
c2731c10,Conor Gallagher,eng ENG,"MF,FW",Chelsea,23-070,2000,12.9,34,23,15,11,8,8,26,30.8,18,33,8,25,18,52,17,0,Matches
72c812f3,Idrissa Gana Gueye,sn SEN,MF,Everton,33-203,1989,22.3,77,45,39,28,10,22,46,47.8,24,41,9,32,48,125,28,3,Matches
7aa8adfe,Alejandro Garnacho,es ESP,"FW,MF",Manchester Utd,18-290,2004,5.0,3,1,0,0,3,1,8,12.5,7,5,0,5,4,7,2,0,Matches
4e015693,James Garner,eng ENG,MF,Everton,22-035,2001,3.0,8,7,1,6,1,3,7,42.9,4,2,0,2,5,13,1,0,Matches
7ba6d84e,David de Gea,es ESP,GK,Manchester Utd,32-161,1990,30.0,0,0,0,0,0,0,0,,0,0,0,0,0,0,12,1,Matches
01962d0d,Joe Gelhardt,eng ENG,FW,Leeds United,20-348,2002,2.4,6,2,1,3,2,3,5,60.0,2,5,0,5,0,6,4,0,Matches
f7b1d4e0,Saman Ghoddos,ir IRN,"MF,DF",Brentford,29-223,1993,1.3,2,1,0,1,1,1,3,33.3,2,4,1,3,4,6,2,0,Matches
32f60ed8,Morgan Gibbs-White,eng ENG,"FW,MF",Wolves,23-080,2000,2.0,3,1,3,0,0,2,3,66.7,1,2,0,2,1,4,3,0,Matches
32f60ed8,Morgan Gibbs-White,eng ENG,"MF,FW",Nott'ham Forest,23-080,2000,26.0,20,11,6,4,10,8,25,32.0,17,17,3,14,11,31,12,0,Matches
df10e27c,Billy Gilmour,sct SCO,MF,Brighton,21-310,2001,1.8,1,0,0,1,0,1,7,14.3,6,1,0,1,1,2,3,0,Matches
75fdd638,Degnand Gnonto,it ITA,"FW,MF",Leeds United,19-163,2003,12.2,22,15,6,12,4,9,24,37.5,15,17,1,16,4,26,7,0,Matches
9f7c837d,Ben Godfrey,eng ENG,DF,Everton,25-092,1998,7.8,19,11,13,4,2,10,23,43.5,13,11,5,6,7,26,28,1,Matches
8b57ad2c,João Gomes,br BRA,MF,Wolves,22-064,2001,3.6,19,8,8,10,1,9,13,69.2,4,7,2,5,2,21,10,0,Matches
f0caab96,Toti Gomes,pt POR,DF,Wolves,24-091,1999,6.4,9,6,6,3,0,5,6,83.3,1,13,6,7,8,17,37,0,Matches
7a11550b,Joe Gomez,eng ENG,DF,Liverpool,25-329,1997,15.3,28,21,15,11,2,11,19,57.9,8,16,11,5,22,50,50,2,Matches
01e5f06e,Sergio Gómez,es ESP,"DF,MF",Manchester City,22-225,2000,1.9,5,2,3,1,1,2,4,50.0,2,5,3,2,2,7,5,0,Matches
2bd83368,Anthony Gordon,eng ENG,"FW,MF",Newcastle Utd,22-052,2001,3.5,11,9,4,5,2,7,14,50.0,7,4,0,4,1,12,0,1,Matches
2bd83368,Anthony Gordon,eng ENG,FW,Everton,22-052,2001,12.2,34,22,17,10,7,8,23,34.8,15,19,0,19,4,38,11,0,Matches
4468ec10,Demarai Gray,eng ENG,"FW,MF",Everton,26-293,1996,25.3,27,21,7,12,8,14,26,53.8,12,19,3,16,11,38,16,0,Matches
b0b4fd3e,Jack Grealish,eng ENG,"FW,MF",Manchester City,27-219,1995,19.7,23,14,9,11,3,12,18,66.7,6,16,2,14,6,29,7,0,Matches
f3354c07,Sam Greenwood,eng ENG,"MF,FW",Leeds United,21-081,2002,3.8,11,7,7,4,0,5,15,33.3,10,9,2,7,1,12,1,0,Matches
8aec0537,Pascal Groß,de GER,"MF,DF",Brighton,31-306,1991,28.2,45,27,17,23,5,20,44,45.5,24,26,8,18,12,57,14,1,Matches
ab13a5aa,Vicente Guaita,es ESP,GK,Crystal Palace,36-097,1987,27.0,0,0,0,0,0,0,0,,0,0,0,0,0,0,9,1,Matches
e6bc67d7,Gonçalo Guedes,pt POR,"FW,MF",Wolves,26-139,1996,7.9,8,6,4,3,1,5,8,62.5,3,4,0,4,1,9,2,0,Matches
d0706b27,Marc Guéhi,eng ENG,DF,Crystal Palace,22-278,2000,30.0,44,22,34,9,1,21,35,60.0,14,42,23,19,39,83,112,3,Matches
82518f62,Bruno Guimarães,br BRA,MF,Newcastle Utd,25-152,1997,22.5,57,26,20,32,5,24,46,52.2,22,24,4,20,26,83,15,1,Matches
819b3158,İlkay Gündoğan,de GER,MF,Manchester City,32-175,1990,21.5,26,16,6,10,10,11,28,39.3,17,15,3,12,17,43,12,0,Matches
56d838f7,Darko Gyabi,eng ENG,FW,Leeds United,19-058,2004,0.1,2,2,1,1,0,0,0,,0,2,0,2,0,2,0,0,Matches
1f44ac21,Erling Haaland,no NOR,FW,Manchester City,22-270,2000,24.7,3,2,0,2,1,1,4,25.0,3,10,3,7,2,5,11,0,Matches
da011f18,Lewis Hall,eng ENG,"DF,MF",Chelsea,18-221,2004,3.4,11,3,10,1,0,8,12,66.7,4,4,0,4,10,21,5,1,Matches
8c3078cd,Luke Harris,wls WAL,"MF,FW",Fulham,18-014,2005,0.1,0,0,0,0,0,0,0,,0,0,0,0,0,0,0,0,Matches
aa849a12,Jack Harrison,eng ENG,"FW,MF",Leeds United,26-148,1996,23.3,34,15,2,15,17,11,40,27.5,29,34,1,33,15,49,16,0,Matches
fed7cb61,Kai Havertz,de GER,"FW,MF",Chelsea,23-310,1999,24.6,33,15,4,19,10,9,28,32.1,19,27,0,27,7,40,37,0,Matches
4fd08daa,Jan Paul van Hecke,nl NED,DF,Brighton,22-313,2000,1.0,2,1,1,1,0,1,1,100.0,0,0,0,0,4,6,3,0,Matches
169fd162,Hwang Hee-chan,kr KOR,"FW,MF",Wolves,27-081,1996,8.5,12,6,6,4,2,5,14,35.7,9,13,0,13,2,14,3,0,Matches
e5a76dfe,Dean Henderson,eng ENG,GK,Nott'ham Forest,26-036,1997,18.0,0,0,0,0,0,0,0,,0,0,0,0,0,0,12,1,Matches
935e6b8f,Jordan Henderson,eng ENG,MF,Liverpool,32-304,1990,17.0,22,15,8,10,4,9,20,45.0,11,16,3,13,17,39,13,0,Matches
76eca7e2,Wayne Hennessey,wls WAL,GK,Nott'ham Forest,36-083,1987,2.0,1,0,1,0,0,1,1,100.0,0,0,0,0,0,1,1,0,Matches
8a3c1dc7,Rico Henry,eng ENG,DF,Brentford,25-283,1997,29.5,50,28,19,23,8,20,34,58.8,14,25,7,18,24,74,69,1,Matches
92e7e919,Son Heung-min,kr KOR,"MF,FW",Tottenham,30-283,1992,25.4,19,9,5,8,6,6,21,28.6,15,19,2,17,10,29,5,0,Matches
1780bb4a,Aaron Hickey,sct SCO,DF,Brentford,20-311,2002,15.6,34,23,24,10,0,17,30,56.7,13,13,6,7,16,50,25,0,Matches
bd8a5d95,Joseph Hodge,ie IRL,MF,Wolves,20-215,2002,1.9,5,2,1,3,1,3,4,75.0,1,5,0,5,0,5,2,1,Matches
d79a8c87,Rob Holding,eng ENG,DF,Arsenal,27-209,1995,4.2,5,3,3,2,0,2,2,100.0,0,5,4,1,2,7,24,1,Matches
d0042ab9,Mason Holgate,eng ENG,"DF,MF",Everton,26-177,1996,4.1,8,4,7,1,0,3,6,50.0,3,7,3,4,6,14,24,0,Matches
a0666d3e,Will Hughes,eng ENG,MF,Crystal Palace,28-000,1995,5.1,20,12,8,11,1,8,14,57.1,6,9,4,5,9,29,2,0,Matches
bd9553e6,Omari Hutchinson,eng ENG,FW,Chelsea,19-169,2003,0.3,0,0,0,0,0,0,0,,0,0,0,0,1,1,0,0,Matches
8b04d6c1,Pierre Højbjerg,dk DEN,MF,Tottenham,27-255,1995,29.8,48,26,23,20,5,23,55,41.8,32,42,15,27,43,91,57,1,Matches
c92e1a31,Kelechi Iheanacho,ng NGA,"FW,MF",Leicester City,26-196,1996,9.3,6,2,0,3,3,3,8,37.5,5,5,1,4,0,6,7,0,Matches
07802f7f,Danny Ings,eng ENG,FW,West Ham,30-268,1992,5.4,4,3,0,3,1,1,5,20.0,4,4,2,2,3,7,4,0,Matches
07802f7f,Danny Ings,eng ENG,FW,Aston Villa,30-268,1992,9.2,10,5,1,6,3,1,6,16.7,5,12,1,11,1,11,11,0,Matches
8e92be30,Alexander Isak,se SWE,FW,Newcastle Utd,23-208,1999,10.1,11,5,1,5,5,6,17,35.3,11,15,1,14,2,13,7,0,Matches
10d221cd,Daniel Iversen,dk DEN,GK,Leicester City,25-272,1997,5.0,0,0,0,0,0,0,0,,0,0,0,0,0,0,3,0,Matches
6ca5ec4b,Alex Iwobi,ng NGA,"MF,FW",Everton,26-349,1996,30.5,61,35,33,25,3,30,55,54.5,25,32,1,31,19,80,24,0,Matches
c931d9f9,Daniel James,wls WAL,FW,Leeds United,25-158,1997,2.2,6,2,1,3,2,3,6,50.0,3,4,0,4,2,8,2,0,Matches
c931d9f9,Daniel James,wls WAL,FW,Fulham,25-158,1997,5.5,8,5,3,4,1,4,8,50.0,4,3,1,2,1,9,4,0,Matches
1265a93a,Reece James,eng ENG,"DF,MF",Chelsea,23-130,1999,13.8,31,20,10,18,3,15,19,78.9,4,17,2,15,12,43,23,0,Matches
8449d35e,Vitaly Janelt,de GER,"MF,DF",Brentford,24-342,1998,18.0,46,23,18,20,8,17,37,45.9,20,20,7,13,19,65,22,0,Matches
172e52d8,Pontus Jansson,se SWE,DF,Brentford,32-063,1991,8.0,5,3,4,1,0,3,5,60.0,2,13,9,4,9,14,38,0,Matches
0f134faf,Mathias Jensen,dk DEN,MF,Brentford,27-106,1996,26.2,61,30,23,27,11,30,85,35.3,55,49,5,44,28,89,21,1,Matches
b66315ae,Gabriel Jesus,br BRA,FW,Arsenal,26-014,1997,16.3,23,19,12,6,5,9,20,45.0,11,18,2,16,9,32,10,1,Matches
b561db50,Raúl Jiménez,mx MEX,FW,Wolves,31-347,1991,8.3,9,6,3,5,1,3,5,60.0,2,9,0,9,0,9,8,0,Matches
c17bfb65,Joelinton,br BRA,"MF,FW",Newcastle Utd,26-246,1996,23.7,60,42,30,22,8,22,48,45.8,26,44,6,38,36,96,35,0,Matches
9319781b,Ben Johnson,eng ENG,DF,West Ham,23-083,2000,8.3,20,14,12,4,4,12,18,66.7,6,11,4,7,8,28,25,1,Matches
0cd31129,Brennan Johnson,wls WAL,"FW,MF",Nott'ham Forest,21-329,2001,28.6,22,16,10,5,7,6,20,30.0,14,26,1,25,4,26,3,1,Matches
9e5708be,Sam Johnstone,eng ENG,GK,Crystal Palace,30-023,1993,2.0,0,0,0,0,0,0,0,,0,0,0,0,0,0,1,0,Matches
4fb9c88f,Curtis Jones,eng ENG,"MF,FW",Liverpool,22-077,2001,3.7,7,4,1,3,3,3,8,37.5,5,1,0,1,1,8,4,0,Matches
45db685d,Jorginho,it ITA,MF,Arsenal,31-118,1991,4.6,9,5,2,6,1,1,10,10.0,9,3,1,2,4,13,4,0,Matches
45db685d,Jorginho,it ITA,MF,Chelsea,31-118,1991,14.2,42,23,22,14,6,22,46,47.8,24,18,3,15,21,63,7,0,Matches
6ad43f9a,Mateo Joseph,eng ENG,"FW,MF",Leeds United,19-180,2003,0.3,0,0,0,0,0,0,0,,0,1,0,1,0,0,1,0,Matches
178ae8f8,Diogo Jota,pt POR,"FW,MF",Liverpool,26-134,1996,7.4,15,9,7,5,3,7,25,28.0,18,3,0,3,3,18,7,0,Matches
570bb4b9,Hamed Junior Traorè,ci CIV,"FW,MF",Bournemouth,23-060,2000,4.7,17,11,5,9,3,6,18,33.3,12,9,0,9,2,19,1,0,Matches
fb614c44,James Justin,eng ENG,DF,Leicester City,25-053,1998,13.9,20,18,7,12,1,9,14,64.3,5,24,6,18,15,35,47,0,Matches
0db5d2c8,Mathias Jørgensen,dk DEN,DF,Brentford,32-359,1990,9.1,14,7,8,6,0,8,15,53.3,7,17,11,6,14,28,29,1,Matches
15f24fe7,Sasa Kalajdzic,at AUT,FW,Wolves,25-284,1997,0.5,0,0,0,0,0,0,0,,0,0,0,0,1,1,0,0,Matches
cc77354e,Boubacar Kamara,fr FRA,MF,Aston Villa,23-145,1999,17.4,49,23,21,20,8,24,50,48.0,26,35,11,24,17,66,24,2,Matches
21a66f6a,Harry Kane,eng ENG,FW,Tottenham,29-263,1993,30.8,11,10,1,3,7,5,14,35.7,9,21,5,16,2,13,14,0,Matches
b9fbae28,N'Golo Kanté,fr FRA,MF,Chelsea,32-019,1991,3.1,11,6,3,8,0,3,6,50.0,3,2,0,2,4,15,1,0,Matches
c5b7c315,Michael Keane,eng ENG,DF,Everton,30-096,1993,7.3,3,1,2,1,0,2,2,100.0,0,7,4,3,5,8,39,1,Matches
18b999f4,Neeskens Kebano,cd COD,FW,Fulham,31-038,1992,7.9,12,5,7,5,0,7,13,53.8,6,12,0,12,1,13,8,0,Matches
51dbeea9,Thilo Kehrer,de GER,DF,West Ham,26-208,1996,21.2,36,21,20,12,4,19,40,47.5,21,15,6,9,29,65,62,1,Matches
f25c8e3a,Naby Keïta,gn GUI,MF,Liverpool,28-066,1995,3.3,5,4,2,3,0,1,4,25.0,3,1,0,1,2,7,3,0,Matches
f31def1e,Lloyd Kelly,eng ENG,DF,Bournemouth,24-193,1998,16.0,20,13,14,5,1,9,13,69.2,4,20,12,8,19,39,67,1,Matches
d0f72bf1,Max Kilman,eng ENG,DF,Wolves,25-329,1997,31.0,31,16,23,7,1,13,23,56.5,10,59,37,22,17,48,144,0,Matches
dc3e663e,Jakub Kiwior,pl POL,DF,Arsenal,23-061,2000,0.2,1,0,1,0,0,1,1,100.0,0,0,0,0,0,1,0,0,Matches
282679b4,Mateusz Klich,pl POL,"MF,FW",Leeds United,32-308,1990,3.1,12,8,3,4,5,7,13,53.8,6,4,0,4,0,12,1,0,Matches
ea6bc03a,Robin Koch,de GER,DF,Leeds United,26-274,1996,28.3,44,26,28,13,3,22,40,55.0,18,37,17,20,41,85,126,1,Matches
5ed9b537,Ibrahima Konaté,fr FRA,DF,Liverpool,23-327,1999,10.2,22,12,15,7,0,12,22,54.5,10,10,4,6,16,38,40,2,Matches
0313a347,Ezri Konsa,eng ENG,DF,Aston Villa,25-176,1997,29.9,35,13,21,12,2,16,21,76.2,5,32,17,15,19,54,104,3,Matches
da974c7b,Kalidou Koulibaly,sn SEN,DF,Chelsea,31-301,1991,19.9,43,29,32,8,3,25,39,64.1,14,29,12,17,29,72,76,0,Matches
8d3c902d,Cheikhou Kouyaté,sn SEN,MF,Nott'ham Forest,33-117,1989,8.5,20,15,10,8,2,5,8,62.5,3,14,2,12,8,28,20,0,Matches
79c0821a,Mateo Kovačić,hr CRO,MF,Chelsea,28-346,1994,16.2,32,21,14,13,5,12,31,38.7,19,8,1,7,17,49,13,0,Matches
77cf6852,Emil Krafth,se SWE,DF,Newcastle Utd,28-258,1994,0.0,0,0,0,0,0,0,0,,0,0,0,0,0,0,0,0,Matches
df3cda47,Dejan Kulusevski,se SWE,"MF,FW",Tottenham,22-357,2000,19.1,32,13,20,5,7,14,37,37.8,23,14,0,14,10,42,6,0,Matches
41e7ef1c,Layvin Kurzawa,fr FRA,DF,Fulham,30-225,1992,1.5,3,2,1,1,1,3,3,100.0,0,1,1,0,2,5,4,0,Matches
99813635,Adam Lallana,eng ENG,"MF,FW",Brighton,34-342,1988,8.0,9,4,6,2,1,0,7,0.0,7,6,0,6,2,11,1,0,Matches
f4e433d4,Tariq Lamptey,gh GHA,DF,Brighton,22-199,2000,5.0,11,6,6,4,1,5,7,71.4,2,7,3,4,7,18,2,0,Matches
26f6dca8,Manuel Lanzini,ar ARG,"MF,FW",West Ham,30-061,1993,1.7,0,0,0,0,0,0,2,0.0,2,1,0,1,1,1,0,0,Matches
119b9a8e,Aymeric Laporte,es ESP,DF,Manchester City,28-325,1994,7.2,5,3,3,1,1,3,6,50.0,3,9,3,6,2,7,18,1,Matches
cf7fb13a,Juan Larios,es ESP,DF,Southampton,19-095,2004,1.7,7,6,6,1,0,5,5,100.0,0,2,0,2,3,10,4,0,Matches
450ab6fc,Jamaal Lascelles,eng ENG,DF,Newcastle Utd,29-157,1993,2.2,1,0,1,0,0,1,1,100.0,0,3,2,1,0,1,16,0,Matches
ecad9aa5,Roméo Lavia,be BEL,MF,Southampton,19-101,2004,18.1,42,24,21,18,3,13,29,44.8,16,31,8,23,25,67,14,0,Matches
0bdda685,Dexter Lembikisa,jm JAM,DF,Wolves,19-164,2003,0.3,0,0,0,0,0,0,0,,0,0,0,0,0,0,0,0,Matches
2b471f99,Mario Lemina,ga GAB,MF,Wolves,29-228,1993,8.9,26,18,15,10,1,12,21,57.1,9,15,4,11,11,37,17,0,Matches
4f28a6ff,Clément Lenglet,fr FRA,DF,Tottenham,27-304,1995,17.5,32,21,16,12,4,15,30,50.0,15,23,8,15,15,47,41,2,Matches
2628fd2b,Bernd Leno,de GER,GK,Fulham,31-044,1992,28.0,0,0,0,0,0,0,2,0.0,2,0,0,0,0,0,12,0,Matches
9b5ce51a,Jefferson Lerma,co COL,MF,Bournemouth,28-174,1994,29.3,39,23,18,17,4,16,32,50.0,16,28,13,15,38,77,84,1,Matches
efb9215a,Jamal Lewis,nir NIR,DF,Newcastle Utd,25-082,1998,0.1,0,0,0,0,0,0,0,,0,0,0,0,0,0,0,0,Matches
b57e066e,Rico Lewis,eng ENG,"DF,MF",Manchester City,18-147,2004,6.0,13,8,7,5,1,5,9,55.6,4,4,1,3,3,16,8,0,Matches
41f08ac8,Keane Lewis-Potter,eng ENG,"FW,MF",Brentford,22-054,2001,3.6,1,0,0,1,0,0,0,,0,5,1,4,0,1,2,0,Matches
f5deef4c,Victor Lindelöf,se SWE,DF,Manchester Utd,28-274,1994,7.2,8,6,4,3,1,5,6,83.3,1,8,4,4,10,18,31,0,Matches
810e3c74,Jesse Lingard,eng ENG,"FW,MF",Nott'ham Forest,30-123,1992,10.3,4,4,2,2,0,1,7,14.3,6,11,0,11,5,9,4,0,Matches
bba30585,Diego Llorente,es ESP,DF,Leeds United,29-244,1993,7.2,13,10,8,5,0,4,8,50.0,4,6,2,4,15,28,24,2,Matches
8f62b6ee,Hugo Lloris,fr FRA,GK,Tottenham,36-112,1986,24.0,1,1,1,0,0,1,2,50.0,1,0,0,0,1,2,13,4,Matches
ed9f7cfe,Renan Lodi,br BRA,DF,Nott'ham Forest,25-009,1998,18.3,39,29,28,8,3,26,46,56.5,20,22,5,17,26,65,59,0,Matches
e97fd090,Ruben Loftus-Cheek,eng ENG,"MF,DF",Chelsea,27-084,1996,14.6,23,13,8,12,3,10,19,52.6,9,13,2,11,11,34,21,0,Matches
a2b105e0,Sean Longstaff,eng ENG,MF,Newcastle Utd,25-169,1997,25.2,38,21,13,19,6,19,51,37.3,32,33,7,26,16,54,22,0,Matches
b2856bc0,Jamal Lowe,jm JAM,"MF,FW",Bournemouth,28-270,1994,0.1,0,0,0,0,0,0,0,,0,0,0,0,0,0,0,0,Matches
6f7d826d,Douglas Luiz,br BRA,MF,Aston Villa,24-343,1998,25.6,58,34,26,23,9,25,51,49.0,26,31,6,25,36,94,17,1,Matches
c6e8cf1f,Saša Lukić,rs SRB,MF,Fulham,26-247,1996,2.5,4,3,1,3,0,0,0,,0,4,1,3,1,5,1,0,Matches
b5bf1770,Lyanco,br BRA,DF,Southampton,26-075,1997,7.8,15,10,9,6,0,8,13,61.5,5,10,8,2,13,28,28,2,Matches
83d074ff,Alexis Mac Allister,ar ARG,MF,Brighton,24-114,1998,25.0,55,31,17,31,7,27,59,45.8,32,19,2,17,22,77,6,1,Matches
ee38d9c5,James Maddison,eng ENG,"MF,FW",Leicester City,26-145,1996,22.1,37,19,18,14,5,15,40,37.5,25,10,0,10,12,49,5,1,Matches
bf34eebd,Noni Madueke,eng ENG,"FW,DF",Chelsea,21-038,2002,2.4,4,4,2,2,0,2,2,100.0,0,9,1,8,1,5,1,0,Matches
d8931174,Harry Maguire,eng ENG,DF,Manchester Utd,30-043,1993,7.4,7,5,6,0,1,4,5,80.0,1,17,11,6,10,17,34,0,Matches
892d5bb1,Riyad Mahrez,dz ALG,"FW,MF",Manchester City,32-055,1991,14.4,16,8,3,6,7,9,25,36.0,16,18,0,18,5,21,2,0,Matches
c6220452,Kobbie Mainoo,eng ENG,MF,Manchester Utd,17-363,2005,0.1,0,0,0,0,0,0,0,,0,1,1,0,0,0,0,0,Matches
e3a5814e,Ainsley Maitland-Niles,eng ENG,"DF,MF",Southampton,25-231,1997,12.9,43,23,22,18,3,28,39,71.8,11,23,5,18,20,63,38,0,Matches
6b6c793c,Tyrell Malacia,nl NED,DF,Manchester Utd,23-243,1999,11.8,34,24,26,7,1,9,18,50.0,9,12,3,9,19,53,41,0,Matches
a572e291,Orel Mangala,be BEL,MF,Nott'ham Forest,25-030,1998,10.5,16,9,8,6,2,8,19,42.1,11,15,4,11,13,29,6,0,Matches
758dd7f0,Javier Manquillo,es ESP,DF,Newcastle Utd,28-347,1994,0.2,2,1,2,0,0,1,1,100.0,0,0,0,0,0,2,0,0,Matches
3544641e,Sekou Mara,fr FRA,"FW,MF",Southampton,20-261,2002,5.8,14,10,5,8,1,3,9,33.3,6,11,0,11,1,15,5,0,Matches
bb5fbd2b,Solly March,eng ENG,"FW,DF",Brighton,28-271,1994,27.9,46,25,15,13,18,7,26,26.9,19,32,3,29,22,68,28,0,Matches
4d960fc3,Emiliano Marcondes,dk DEN,MF,Bournemouth,28-039,1995,0.1,0,0,0,0,0,0,0,,0,0,0,0,0,0,1,0,Matches
59878425,Marquinhos,br BRA,MF,Arsenal,20-010,2003,0.0,0,0,0,0,0,0,0,,0,0,0,0,0,0,0,0,Matches
8b788c01,Anthony Martial,fr FRA,FW,Manchester Utd,27-133,1995,6.8,1,1,0,0,1,0,2,0.0,2,5,0,5,1,2,3,0,Matches
48a5a5d6,Martinelli,br BRA,FW,Arsenal,21-303,2001,28.0,23,12,9,8,6,4,16,25.0,12,21,1,20,9,32,12,0,Matches
7956236f,Emiliano Martínez,ar ARG,GK,Aston Villa,30-227,1992,28.4,0,0,0,0,0,0,2,0.0,2,0,0,0,1,1,15,1,Matches
bac46a10,Lisandro Martínez,ar ARG,DF,Manchester Utd,25-089,1998,23.5,54,28,33,18,3,30,43,69.8,13,51,27,24,33,87,103,0,Matches
feb5d972,Pape Matar Sarr,sn SEN,MF,Tottenham,20-215,2002,1.6,6,5,4,1,1,3,7,42.9,4,2,1,1,5,11,4,0,Matches
50e6dc35,Jean-Philippe Mateta,fr FRA,FW,Crystal Palace,25-293,1997,7.9,6,1,2,3,1,1,3,33.3,2,3,1,2,3,9,16,0,Matches
b217ef29,Joël Matip,cm CMR,DF,Liverpool,31-252,1991,10.1,13,7,11,2,0,10,19,52.6,9,7,3,4,13,26,40,3,Matches
4bcf39f6,Neal Maupay,fr FRA,FW,Everton,26-246,1996,11.6,10,5,2,4,4,1,3,33.3,2,5,0,5,5,15,0,0,Matches
493924a7,Kevin Mbabu,ch SUI,"DF,FW",Fulham,27-363,1995,1.6,3,2,2,1,0,1,3,33.3,2,2,0,2,3,6,3,0,Matches
6afaebf2,Bryan Mbeumo,cm CMR,FW,Brentford,23-253,1999,26.0,20,14,5,11,4,6,34,17.6,28,15,0,15,8,28,15,0,Matches
cee31595,James McArthur,sct SCO,MF,Crystal Palace,35-192,1987,0.2,1,1,1,0,0,1,1,100.0,0,0,0,0,0,1,1,0,Matches
90f91999,John McGinn,sct SCO,"MF,FW",Aston Villa,28-181,1994,22.9,55,31,23,27,5,29,54,53.7,25,35,4,31,19,74,12,0,Matches
4e5a4cbc,Scott McKenna,sct SCO,DF,Nott'ham Forest,26-156,1996,17.1,12,7,7,3,2,6,10,60.0,4,20,14,6,11,23,85,1,Matches
01c3aff5,Weston McKennie,us USA,MF,Leeds United,24-232,1998,8.7,17,8,3,12,2,4,18,22.2,14,14,2,12,13,30,19,0,Matches
fc15fb84,Dwight McNeil,eng ENG,"FW,MF",Everton,23-146,1999,20.8,54,35,32,9,13,21,46,45.7,25,37,3,34,21,75,26,0,Matches
d93c2511,Scott McTominay,sct SCO,MF,Manchester Utd,26-130,1996,12.5,32,19,16,10,6,13,21,61.9,8,14,5,9,13,45,44,0,Matches
8df7a2fb,Ben Mee,eng ENG,DF,Brentford,33-208,1989,29.3,33,19,22,9,2,14,27,51.9,13,41,32,9,41,74,97,1,Matches
33887998,Edouard Mendy,sn SEN,GK,Chelsea,31-047,1992,8.5,0,0,0,0,0,0,0,,0,0,0,0,0,0,3,2,Matches
1598599e,Nampalys Mendy,sn SEN,MF,Leicester City,30-298,1992,8.1,13,9,7,6,0,8,15,53.3,7,20,4,16,13,26,2,0,Matches
fed96827,Chris Mepham,wls WAL,DF,Bournemouth,25-163,1997,21.4,34,17,28,6,0,12,20,60.0,8,38,26,12,27,61,136,0,Matches
6b625ac2,Illan Meslier,fr FRA,GK,Leeds United,23-046,2000,30.0,2,1,2,0,0,2,4,50.0,2,0,0,0,1,3,22,1,Matches
10ec4169,Alexander Mighten,eng ENG,FW,Nott'ham Forest,21-006,2002,0.1,0,0,0,0,0,0,1,0.0,1,0,0,0,0,0,0,0,Matches
2ce2508a,Luka Milivojević,rs SRB,MF,Crystal Palace,32-010,1991,4.8,13,7,7,4,2,7,8,87.5,1,11,3,8,12,25,10,0,Matches
2f90f6b8,James Milner,eng ENG,"MF,DF",Liverpool,37-103,1986,8.2,21,11,10,8,3,12,29,41.4,17,13,2,11,12,33,14,0,Matches
6d5701f2,Yerry Mina,co COL,DF,Everton,28-206,1994,2.6,9,4,4,5,0,7,7,100.0,0,2,1,1,2,11,9,0,Matches
8397a50c,Tyrone Mings,eng ENG,DF,Aston Villa,30-035,1993,28.0,12,5,8,4,0,7,16,43.8,9,36,21,15,41,53,122,2,Matches
5cbd1eb0,Tyrick Mitchell,eng ENG,DF,Crystal Palace,23-228,1999,25.1,55,38,31,21,3,20,40,50.0,20,36,9,27,34,89,64,0,Matches
74618572,Kaoru Mitoma,jp JPN,FW,Brighton,25-332,1997,18.1,33,20,12,12,9,14,26,53.8,12,20,0,20,9,42,9,0,Matches
3925dbd6,Aleksandar Mitrović,rs SRB,FW,Fulham,28-213,1994,20.1,14,7,8,4,2,5,10,50.0,5,20,5,15,3,17,19,1,Matches
01ce9e70,Kieffer Moore,wls WAL,FW,Bournemouth,30-252,1992,12.4,13,11,2,8,3,5,16,31.3,11,10,5,5,1,14,20,0,Matches
c4720845,Andrew Moran,ie IRL,FW,Brighton,19-184,2003,0.1,0,0,0,0,0,0,0,,0,1,0,1,0,0,0,0,Matches
16e9d0ea,Álex Moreno,es ESP,DF,Aston Villa,29-313,1993,10.3,16,10,12,2,2,11,25,44.0,14,14,3,11,4,20,22,2,Matches
9674002f,Mason Mount,eng ENG,"MF,FW",Chelsea,24-097,1999,18.3,33,19,6,16,11,14,27,51.9,13,24,6,18,8,41,9,0,Matches
2b622f01,Lucas Moura,br BRA,"MF,DF",Tottenham,30-247,1992,1.4,7,5,1,2,4,1,2,50.0,1,0,0,0,2,9,1,0,Matches
f5a00fa4,João Moutinho,pt POR,MF,Wolves,36-221,1986,19.4,51,30,24,21,6,19,44,43.2,25,21,6,15,18,69,20,0,Matches
92868cb5,Divin Mubama,eng ENG,FW,West Ham,18-174,2004,0.0,0,0,0,0,0,0,0,,0,0,0,0,0,0,0,0,Matches
049a888d,Mykhailo Mudryk,ua UKR,"FW,MF",Chelsea,22-102,2001,4.9,8,7,1,3,4,3,9,33.3,6,5,1,4,0,8,2,0,Matches
de112b84,Jacob Murphy,eng ENG,FW,Newcastle Utd,28-052,1995,11.1,12,6,3,6,3,6,16,37.5,10,14,0,14,5,17,3,0,Matches
1d5cab82,Enock Mwepu,zm ZAM,"FW,MF",Brighton,25-106,1998,2.4,10,5,1,6,3,3,4,75.0,1,3,1,2,1,11,1,0,Matches
30d4a2e5,Vitaliy Mykolenko,ua UKR,"DF,MF",Everton,23-323,1999,25.5,52,28,32,17,3,25,43,58.1,18,43,15,28,35,87,82,0,Matches
ecada4fc,Keylor Navas,cr CRC,GK,Nott'ham Forest,36-123,1986,11.0,0,0,0,0,0,0,0,,0,0,0,0,1,1,8,0,Matches
6b47c5db,Wilfred Ndidi,ng NGA,"MF,DF",Leicester City,26-122,1996,15.7,44,32,23,18,3,11,36,30.6,25,26,11,15,32,76,40,3,Matches
c5bdb6e3,Reiss Nelson,eng ENG,FW,Arsenal,23-128,1999,1.2,2,1,2,0,0,2,2,100.0,0,1,0,1,0,2,1,0,Matches
a9dc785c,Neto,br BRA,GK,Bournemouth,33-272,1989,20.5,2,0,2,0,0,2,2,100.0,0,0,0,0,0,2,7,3,Matches
7ba2eaa9,Pedro Neto,pt POR,"FW,MF",Wolves,23-039,2000,8.3,10,6,4,2,4,6,14,42.9,8,2,0,2,3,13,4,0,Matches
44bfb6c5,Rúben Neves,pt POR,MF,Wolves,26-035,1997,27.6,66,36,27,26,13,25,61,41.0,36,46,20,26,41,107,73,1,Matches
00242715,Moussa Niakhate,sn SEN,DF,Nott'ham Forest,27-040,1996,6.8,5,2,4,1,0,3,8,37.5,5,11,3,8,4,9,34,0,Matches
39769cff,Rasmus Nissen,dk DEN,DF,Leeds United,25-280,1997,14.8,46,25,26,14,6,29,47,61.7,18,23,10,13,24,70,39,0,Matches
a53649b7,Eddie Nketiah,eng ENG,FW,Arsenal,23-322,1999,11.1,12,9,5,2,5,2,7,28.6,5,7,1,6,1,13,7,0,Matches
e6af02e0,Matheus Nunes,pt POR,MF,Wolves,24-233,1998,21.8,57,38,27,21,9,21,49,42.9,28,24,2,22,11,68,26,1,Matches
4d77b365,Darwin Núñez,uy URU,FW,Liverpool,23-297,1999,16.4,10,4,2,3,5,4,15,26.7,11,9,0,9,3,13,11,0,Matches
7f94982c,Ethan Nwaneri,eng ENG,FW,Arsenal,16-027,2007,0.0,0,0,0,0,0,0,0,,0,1,0,1,0,0,0,0,Matches
df0a4c90,Christian Nørgaard,dk DEN,MF,Brentford,29-038,1994,19.1,49,29,20,27,2,18,47,38.3,29,31,9,22,34,83,41,2,Matches
089667a5,Lewis O'Brien,eng ENG,MF,Nott'ham Forest,24-185,1998,6.5,16,9,4,11,1,6,12,50.0,6,13,2,11,5,21,9,0,Matches
74b2cd7e,Angelo Ogbonna,it ITA,DF,West Ham,34-329,1988,8.9,11,4,7,4,0,5,6,83.3,1,6,3,3,12,23,46,1,Matches
c4486bac,Michael Olise,fr FRA,"FW,MF",Crystal Palace,21-126,2001,23.6,48,28,24,21,3,21,48,43.8,27,38,1,37,20,68,13,0,Matches
e7ee38c3,Robin Olsen,se SWE,GK,Aston Villa,33-099,1990,2.6,0,0,0,0,0,0,1,0.0,1,0,0,0,0,0,1,0,Matches
828657ff,Amadou Onana,be BEL,MF,Everton,21-244,2001,24.5,63,41,23,35,5,27,39,69.2,12,23,5,18,28,91,34,0,Matches
6612cd8c,Josh Onomah,eng ENG,MF,Fulham,25-355,1997,0.2,1,0,1,0,0,0,0,,0,1,0,1,0,1,0,0,Matches
c06d1086,Paul Onuachu,ng NGA,FW,Southampton,28-324,1994,3.5,1,1,0,1,0,0,2,0.0,2,2,1,1,0,1,2,0,Matches
2944f86f,Frank Onyeka,ng NGA,MF,Brentford,25-106,1998,5.6,12,9,6,5,1,7,16,43.8,9,10,2,8,6,18,12,0,Matches
ee950928,Mislav Oršić,hr CRO,MF,Southampton,30-109,1992,0.1,1,1,1,0,0,0,0,,0,0,0,0,0,1,0,0,Matches
2f9e4435,Dango Ouattara,bf BFA,"MF,FW",Bournemouth,21-065,2002,9.4,17,10,12,3,2,11,20,55.0,9,12,2,10,9,26,19,1,Matches
38c7feef,Alex Oxlade-Chamberlain,eng ENG,"FW,MF",Liverpool,29-245,1993,3.7,5,4,1,2,2,1,5,20.0,4,5,2,3,1,6,4,0,Matches
d00d45ab,David Ozoh,,FW,Crystal Palace,17-321,2005,0.0,0,0,0,0,0,0,0,,0,0,0,0,0,0,0,0,Matches
a78ff07f,João Palhinha,pt POR,MF,Fulham,27-282,1995,26.7,108,62,36,49,23,50,94,53.2,44,38,4,34,35,143,54,2,Matches
dc7f8a28,Cole Palmer,eng ENG,"FW,MF",Manchester City,20-346,2002,1.7,4,1,0,2,2,2,2,100.0,0,0,0,0,1,5,2,0,Matches
e0bc6fdc,Emerson Palmieri,it ITA,DF,West Ham,28-257,1994,10.9,18,9,6,10,2,9,18,50.0,9,13,3,10,10,28,26,0,Matches
9b6f7fd5,Lucas Paquetá,br BRA,MF,West Ham,25-233,1997,17.5,48,35,15,25,8,19,51,37.3,32,32,3,29,12,60,28,0,Matches
529f49ab,Thomas Partey,gh GHA,MF,Arsenal,29-308,1993,23.1,59,36,16,29,14,25,47,53.2,22,21,5,16,25,84,37,1,Matches
230f0471,Nathan Patterson,sct SCO,"DF,MF",Everton,21-183,2001,11.4,39,17,25,11,3,23,37,62.2,14,20,3,17,12,51,35,0,Matches
a6b461e7,Ben Pearson,eng ENG,MF,Bournemouth,28-103,1995,3.2,7,3,3,3,1,1,3,33.3,2,4,0,4,2,9,6,0,Matches
ac7e7b1c,Facundo Pellistri,uy URU,"FW,MF",Manchester Utd,21-118,2001,0.6,0,0,0,0,0,0,0,,0,0,0,0,0,0,3,0,Matches
6639e500,Andreas Pereira,br BRA,MF,Fulham,27-106,1996,27.6,14,7,2,4,8,6,30,20.0,24,21,3,18,5,19,8,0,Matches
75a72a99,Ricardo Pereira,pt POR,"DF,MF",Leicester City,29-193,1993,4.3,8,5,6,2,0,5,14,35.7,9,5,1,4,4,12,16,0,Matches
819aa8e7,Ayoze Pérez,es ESP,"MF,FW",Leicester City,29-262,1993,4.2,11,8,5,4,2,8,19,42.1,11,6,0,6,2,13,3,0,Matches
6fe90922,Ivan Perišić,hr CRO,"DF,MF",Tottenham,34-074,1989,20.5,36,19,21,8,7,22,39,56.4,17,27,5,22,18,54,38,1,Matches
6dfd8f05,Romain Perraud,fr FRA,DF,Southampton,25-207,1997,19.0,48,28,20,22,6,23,43,53.5,20,23,5,18,18,66,36,0,Matches
53552942,Máximo Perrone,ar ARG,MF,Manchester City,20-100,2003,0.2,0,0,0,0,0,0,0,,0,1,0,1,0,0,0,0,Matches
4f565d77,Kalvin Phillips,eng ENG,MF,Manchester City,27-136,1995,1.2,5,4,2,3,0,2,5,40.0,3,3,1,2,2,7,5,0,Matches
515ebe8d,Nathaniel Phillips,eng ENG,DF,Liverpool,26-027,1997,0.7,2,1,0,2,0,2,2,100.0,0,0,0,0,2,4,1,0,Matches
4806ec67,Jordan Pickford,eng ENG,GK,Everton,29-041,1994,30.0,0,0,0,0,0,0,0,,0,0,0,0,3,3,15,3,Matches
e541326e,Ethan Pinnock,jm JAM,DF,Brentford,29-323,1993,23.0,40,24,24,10,6,13,19,68.4,6,30,23,7,27,67,178,2,Matches
7fcc71d8,Daniel Podence,pt POR,"FW,MF",Wolves,27-178,1995,18.0,27,17,13,9,5,6,28,21.4,22,19,0,19,6,33,6,0,Matches
4b40d9ca,Nick Pope,eng ENG,GK,Newcastle Utd,30-363,1992,29.2,1,0,1,0,0,1,3,33.3,2,0,0,0,0,1,21,2,Matches
27d0a506,Pedro Porro,es ESP,DF,Tottenham,23-216,1999,6.7,11,5,3,8,0,4,18,22.2,14,9,1,8,7,18,13,1,Matches
86695068,Dennis Praet,be BEL,"MF,FW",Leicester City,28-338,1994,6.4,11,8,5,5,1,6,10,60.0,4,10,2,8,5,16,5,0,Matches
b9403c99,Isaac Price,nir NIR,MF,Everton,19-203,2003,0.4,0,0,0,0,0,0,1,0.0,1,1,1,0,0,0,0,0,Matches
1bf33a9a,Christian Pulisic,us USA,"FW,DF",Chelsea,24-211,1998,8.7,11,6,3,6,2,3,5,60.0,2,7,1,6,4,15,4,0,Matches
466fb2c5,Aaron Ramsdale,eng ENG,GK,Arsenal,24-338,1998,31.0,1,1,1,0,0,1,1,100.0,0,0,0,0,0,1,15,5,Matches
1544f145,Jacob Ramsey,eng ENG,"MF,FW",Aston Villa,21-324,2001,22.4,60,36,21,29,10,29,56,51.8,27,45,8,37,21,81,26,0,Matches
a1d5bd30,Marcus Rashford,eng ENG,FW,Manchester Utd,25-168,1997,26.5,19,9,7,8,4,9,20,45.0,11,27,4,23,6,25,12,0,Matches
98ea5115,David Raya,es ESP,GK,Brentford,27-214,1995,31.0,0,0,0,0,0,0,2,0.0,2,1,0,1,1,1,10,2,Matches
28b40c9c,Tim Ream,us USA,DF,Fulham,35-194,1987,30.0,29,15,15,11,3,12,25,48.0,13,42,21,21,41,70,109,2,Matches
ab651565,Nathan Redmond,eng ENG,DF,Southampton,29-042,1994,0.0,0,0,0,0,0,0,0,,0,0,0,0,0,0,0,0,Matches
803ae100,Harrison Reed,eng ENG,MF,Fulham,28-080,1995,25.9,36,22,14,17,5,11,39,28.2,28,40,7,33,17,53,31,0,Matches
0f7533cd,Bobby Reid,jm JAM,"FW,DF",Fulham,30-074,1993,24.3,37,22,13,11,13,15,30,50.0,15,21,3,18,19,56,26,0,Matches
1c7012b8,Declan Rice,eng ENG,MF,West Ham,24-093,1999,30.0,68,33,35,29,4,25,40,62.5,15,37,13,24,51,119,53,0,Matches
0a3d6d2b,Chris Richards,us USA,DF,Crystal Palace,23-020,2000,4.0,7,5,6,1,0,4,6,66.7,2,9,1,8,8,15,28,0,Matches
fa031b34,Richarlison,br BRA,"MF,FW",Tottenham,25-342,1997,8.5,19,14,12,4,3,11,23,47.8,12,12,1,11,5,24,8,0,Matches
7a1f2c08,Jaïro Riedewald,nl NED,"DF,FW",Crystal Palace,26-220,1996,0.5,2,1,2,0,0,0,1,0.0,1,1,0,1,0,2,4,0,Matches
71ef519e,Matt Ritchie,sct SCO,"FW,MF",Newcastle Utd,33-219,1989,0.4,1,1,0,1,0,1,2,50.0,1,0,0,0,1,2,0,0,Matches
2e4f5f03,Andrew Robertson,sct SCO,DF,Liverpool,29-037,1994,21.7,28,19,10,12,6,15,30,50.0,15,20,5,15,17,45,38,1,Matches
289601e6,Antonee Robinson,us USA,DF,Fulham,25-252,1997,26.3,47,27,34,10,3,33,42,78.6,9,42,11,31,40,87,61,1,Matches
da27e268,Marc Roca,es ESP,MF,Leeds United,26-142,1996,21.0,57,36,20,32,5,18,57,31.6,39,26,8,18,21,78,19,1,Matches
17acc2ed,Marek Rodák,sk SVK,GK,Fulham,26-125,1996,2.0,0,0,0,0,0,0,0,,0,0,0,0,0,0,1,1,Matches
6434f10d,Rodri,es ESP,MF,Manchester City,26-299,1996,27.2,58,36,24,24,10,23,44,52.3,21,37,13,24,29,87,32,1,Matches
1fb1c435,Rodrigo,es ESP,"FW,MF",Leeds United,32-042,1991,15.8,15,7,1,10,4,6,13,46.2,7,11,2,9,5,20,17,1,Matches
57c94db2,Mads Roerslev,dk DEN,DF,Brentford,23-297,1999,11.2,20,12,17,3,0,14,28,50.0,14,12,5,7,9,29,34,0,Matches
a3d94a58,Cristian Romero,ar ARG,DF,Tottenham,24-355,1998,21.3,55,27,33,21,1,22,35,62.9,13,31,12,19,31,86,76,2,Matches
4b511457,Oriol Romeu,es ESP,MF,Southampton,31-205,1991,0.8,1,0,0,1,0,0,0,,0,1,0,1,1,2,1,0,Matches
dea698d9,Cristiano Ronaldo,pt POR,FW,Manchester Utd,38-071,1985,5.8,2,2,1,0,1,1,2,50.0,1,0,0,0,1,3,9,0,Matches
1b804500,Connor Ronan,ie IRL,MF,Wolves,25-042,1998,0.0,0,0,0,0,0,0,0,,0,0,0,0,0,0,0,0,Matches
b318a643,Salomón Rondón,ve VEN,FW,Everton,33-213,1989,1.2,0,0,0,0,0,0,0,,0,1,1,0,0,0,0,0,Matches
10a10454,Joe Rothwell,eng ENG,MF,Bournemouth,28-096,1995,7.5,10,6,4,6,0,3,11,27.3,8,8,2,6,7,17,6,0,Matches
c64c01fc,Georginio Rutter,fr FRA,"FW,MF",Leeds United,20-362,2002,2.4,9,8,5,3,1,5,7,71.4,2,4,0,4,3,12,3,0,Matches
903b6e8b,José Sá,pt POR,GK,Wolves,30-090,1993,31.0,1,0,1,0,0,1,1,100.0,0,0,0,0,0,1,10,3,Matches
e280527c,Marcel Sabitzer,at AUT,MF,Manchester Utd,29-031,1994,5.7,11,7,3,8,0,2,11,18.2,9,6,2,4,6,17,10,0,Matches
2b16cb1a,Allan Saint-Maximin,fr FRA,FW,Newcastle Utd,26-036,1997,11.1,6,3,3,3,0,2,8,25.0,6,3,0,3,4,10,2,0,Matches
bc7dc64d,Bukayo Saka,eng ENG,FW,Arsenal,21-224,2001,29.0,45,25,18,12,15,12,27,44.4,15,35,0,35,14,59,18,0,Matches
e342ad68,Mohamed Salah,eg EGY,FW,Liverpool,30-306,1992,27.8,14,9,3,3,8,7,18,38.9,11,18,0,18,5,19,3,0,Matches
972aeb2a,William Saliba,fr FRA,DF,Arsenal,22-024,2001,26.8,34,20,23,9,2,15,18,83.3,3,13,10,3,19,53,85,4,Matches
0b33f6ad,Mohammed Salisu,gh GHA,DF,Southampton,24-000,1999,21.9,51,29,33,16,2,24,34,70.6,10,56,25,31,31,82,122,1,Matches
1b4f1169,Albert Sambi Lokonga,be BEL,MF,Arsenal,23-177,1999,2.2,1,1,0,0,1,0,2,0.0,2,1,0,1,5,6,2,0,Matches
1b4f1169,Albert Sambi Lokonga,be BEL,MF,Crystal Palace,23-177,1999,5.2,13,10,7,4,2,8,12,66.7,4,7,3,4,7,20,9,0,Matches
da7b447d,Davinson Sánchez,co COL,DF,Tottenham,26-309,1996,6.8,17,6,11,5,1,11,13,84.6,2,9,6,3,10,27,27,0,Matches
6a713852,Robert Sánchez,es ESP,GK,Brighton,25-150,1997,23.0,1,0,1,0,0,0,0,,0,0,0,0,3,4,9,2,Matches
dbf053da,Jadon Sancho,eng ENG,"FW,MF",Manchester Utd,23-023,2000,13.2,11,7,6,3,2,6,18,33.3,12,13,1,12,6,17,5,0,Matches
6e7f1353,Morgan Sanson,fr FRA,MF,Aston Villa,28-242,1994,0.1,2,1,1,1,0,1,1,100.0,0,0,0,0,0,2,0,0,Matches
9744ff80,Pablo Sarabia,es ESP,"FW,MF",Wolves,30-341,1992,7.1,11,6,4,4,3,5,13,38.5,8,4,0,4,1,12,2,0,Matches
ac0d576d,Jeremy Sarmiento,ec ECU,MF,Brighton,20-305,2002,2.0,6,3,4,1,1,2,5,40.0,3,2,0,2,1,7,0,0,Matches
8790f988,Gianluca Scamacca,it ITA,FW,West Ham,24-106,1999,10.3,10,5,1,3,6,2,2,100.0,0,3,0,3,4,14,5,0,Matches
2964fd20,Gustavo Scarpa,br BRA,"MF,FW",Nott'ham Forest,29-102,1994,2.0,5,2,3,1,1,2,5,40.0,3,4,0,4,0,5,3,0,Matches
52afb588,Kevin Schade,de GER,FW,Brentford,21-141,2001,4.1,8,5,5,2,1,4,8,50.0,4,5,0,5,3,11,2,0,Matches
c8aa95da,Fabian Schär,ch SUI,DF,Newcastle Utd,31-118,1991,27.8,37,16,26,9,2,19,28,67.9,9,27,16,11,44,81,114,0,Matches
3312f911,Jeffrey Schlupp,gh GHA,"MF,FW",Crystal Palace,30-115,1992,25.2,57,40,26,26,5,22,40,55.0,18,37,8,29,22,79,34,0,Matches
d04b94db,Nélson Semedo,pt POR,DF,Wolves,29-152,1993,22.8,63,36,42,18,3,31,53,58.5,22,33,13,20,22,85,62,1,Matches
efd2ec23,Antoine Semenyo,gh GHA,"FW,MF",Bournemouth,23-100,2000,2.7,1,0,0,0,1,1,6,16.7,5,10,1,9,2,3,4,0,Matches
35141f4c,Marcos Senesi,ar ARG,DF,Bournemouth,25-342,1997,22.9,41,29,23,18,0,17,32,53.1,15,35,17,18,32,73,126,1,Matches
6aa3e78b,Ryan Sessegnon,eng ENG,DF,Tottenham,22-334,2000,9.0,16,11,9,7,0,6,12,50.0,6,8,1,7,6,22,17,1,Matches
9c94165b,Luke Shaw,eng ENG,DF,Manchester Utd,27-279,1995,21.9,41,23,24,15,2,24,30,80.0,6,41,11,30,26,67,42,2,Matches
3727dd3c,Jonjo Shelvey,eng ENG,MF,Newcastle Utd,31-049,1992,0.4,1,0,1,0,0,0,1,0.0,1,1,0,1,0,1,0,0,Matches
3727dd3c,Jonjo Shelvey,eng ENG,MF,Nott'ham Forest,31-049,1992,6.0,2,1,0,1,1,1,9,11.1,8,7,2,5,5,7,10,1,Matches
3eb22ec9,Bernardo Silva,pt POR,"MF,FW",Manchester City,28-250,1994,21.3,41,22,11,23,7,18,38,47.4,20,20,4,16,14,55,5,0,Matches
86e7deaf,Thiago Silva,br BRA,DF,Chelsea,38-207,1984,20.1,34,22,19,15,0,18,24,75.0,6,30,22,8,29,63,91,2,Matches
26d3b5be,Ellis Simms,eng ENG,FW,Everton,22-102,2001,2.4,0,0,0,0,0,0,0,,0,0,0,0,0,0,1,0,Matches
8e16dd48,Luis Sinisterra,co COL,FW,Leeds United,23-304,1999,8.2,19,13,7,9,3,10,16,62.5,6,10,1,9,8,27,1,0,Matches
6250083a,Oliver Skipp,eng ENG,MF,Tottenham,22-213,2000,10.0,17,10,9,7,1,6,16,37.5,10,10,3,7,7,24,12,0,Matches
20b104bc,Adam Smith,eng ENG,DF,Bournemouth,31-353,1991,27.9,42,24,22,17,3,26,56,46.4,30,28,13,15,19,61,70,1,Matches
17695062,Emile Smith Rowe,eng ENG,"FW,MF",Arsenal,22-263,2000,1.4,1,1,1,0,0,1,2,50.0,1,0,0,0,0,1,2,0,Matches
839c14e1,Cédric Soares,pt POR,DF,Arsenal,31-229,1991,0.3,0,0,0,0,0,0,1,0.0,1,1,0,1,0,0,1,0,Matches
839c14e1,Cédric Soares,pt POR,DF,Fulham,31-229,1991,0.9,3,3,1,1,1,2,2,100.0,0,0,0,0,0,3,3,0,Matches
e77dc3b2,Dominic Solanke,eng ENG,FW,Bournemouth,25-215,1997,24.8,9,5,6,1,2,4,16,25.0,12,20,5,15,2,11,36,0,Matches
886f9aac,Manor Solomon,il ISR,FW,Fulham,23-267,1999,4.6,19,11,11,6,2,9,10,90.0,1,5,0,5,4,23,3,0,Matches
6613c819,Tomáš Souček,cz CZE,MF,West Ham,28-049,1995,25.6,66,32,35,25,6,23,48,47.9,25,39,16,23,42,108,55,1,Matches
ae59b359,Boubakary Soumaré,fr FRA,MF,Leicester City,24-049,1999,11.3,41,26,19,20,2,17,28,60.7,11,8,2,6,20,61,19,0,Matches
0a6cb1b1,Harry Souttar,au AUS,DF,Leicester City,24-177,1998,10.0,13,8,9,4,0,7,16,43.8,9,15,11,4,11,24,39,0,Matches
21166ff4,Çağlar Söyüncü,tr TUR,DF,Leicester City,26-329,1996,1.9,5,4,3,2,0,3,4,75.0,1,2,1,1,2,7,8,0,Matches
9bc9a519,Djed Spence,eng ENG,"FW,DF",Tottenham,22-251,2000,0.1,0,0,0,0,0,0,0,,0,0,0,0,0,0,0,0,Matches
558807c0,Jack Stacey,eng ENG,DF,Bournemouth,27-011,1996,3.3,5,4,3,1,1,2,5,40.0,3,3,1,2,5,10,15,0,Matches
6992791d,Junior Stanislas,eng ENG,MF,Bournemouth,33-142,1989,0.7,0,0,0,0,0,0,0,,0,2,1,1,0,0,0,0,Matches
b2626673,Jay Stansfield,eng ENG,FW,Fulham,20-144,2002,1.0,0,0,0,0,0,0,2,0.0,2,4,1,3,1,1,1,0,Matches
28300a16,Jason Steele,eng ENG,GK,Brighton,32-242,1990,6.0,0,0,0,0,0,0,0,,0,0,0,0,0,0,1,1,Matches
6adbc307,Jack Stephens,eng ENG,DF,Southampton,29-080,1994,0.5,2,2,2,0,0,1,1,100.0,0,1,1,0,1,3,2,0,Matches
6adbc307,Jack Stephens,eng ENG,DF,Bournemouth,29-080,1994,12.0,14,10,9,4,1,5,9,55.6,4,23,16,7,16,30,50,0,Matches
b400bde0,Raheem Sterling,eng ENG,"FW,MF",Chelsea,28-130,1994,16.3,12,7,4,2,6,5,11,45.5,6,12,0,12,1,13,3,0,Matches
5eecec3d,John Stones,eng ENG,"DF,MF",Manchester City,28-324,1994,16.2,18,10,9,5,4,4,6,66.7,2,13,7,6,6,24,30,0,Matches
f4d296e4,Pascal Struijk,nl NED,DF,Leeds United,23-249,1999,21.7,71,48,35,27,9,40,65,61.5,25,31,12,19,28,99,60,0,Matches
a62f8bf1,Kamaldeen Sulemana,gh GHA,"FW,MF",Southampton,21-061,2002,7.8,10,6,2,4,4,2,11,18.2,9,14,0,14,2,12,3,0,Matches
df04eb4b,Crysencio Summerville,nl NED,FW,Leeds United,21-169,2001,12.3,23,16,11,11,1,8,17,47.1,9,15,2,13,8,31,9,0,Matches
b017b770,Sam Surridge,eng ENG,FW,Nott'ham Forest,24-263,1998,3.4,5,0,1,3,1,1,4,25.0,3,4,2,2,0,5,6,0,Matches
e9971f2d,Japhet Tanganga,eng ENG,DF,Tottenham,24-017,1999,1.6,3,2,3,0,0,1,5,20.0,4,1,0,1,2,5,6,0,Matches
e514ab62,Matt Targett,eng ENG,DF,Newcastle Utd,27-211,1995,5.1,12,9,7,3,2,9,17,52.9,8,5,1,4,7,19,12,0,Matches
15ea812b,James Tarkowski,eng ENG,DF,Everton,30-149,1992,31.0,37,22,29,7,1,13,28,46.4,15,87,68,19,38,75,164,3,Matches
5c0da4a4,Marcus Tavernier,eng ENG,"MF,FW",Bournemouth,24-026,1999,17.5,31,20,19,10,2,10,29,34.5,19,20,2,18,9,40,23,0,Matches
7120a04d,Tetê,br BRA,FW,Leicester City,23-061,2000,5.7,12,6,4,6,2,5,15,33.3,10,6,0,6,2,14,2,0,Matches
77d7c96f,Kenny Tete,nl NED,DF,Fulham,27-190,1995,21.8,65,36,35,19,11,28,36,77.8,8,34,13,21,34,99,66,1,Matches
fc027d02,Luke Thomas,eng ENG,DF,Leicester City,21-311,2001,8.5,14,13,7,5,2,11,24,45.8,13,13,2,11,23,37,26,0,Matches
56f7a928,Youri Tielemans,be BEL,MF,Leicester City,25-345,1997,19.7,49,29,20,21,8,21,47,44.7,26,31,6,25,19,68,16,0,Matches
fce2302c,Kieran Tierney,sct SCO,DF,Arsenal,25-316,1997,6.9,14,8,8,5,1,7,9,77.8,2,7,2,5,9,23,19,0,Matches
a105d46a,Harry Toffolo,eng ENG,DF,Nott'ham Forest,27-241,1995,9.8,16,8,10,4,2,10,14,71.4,4,16,8,8,9,25,29,0,Matches
b3af9be1,Takehiro Tomiyasu,jp JPN,DF,Arsenal,24-163,1998,7.4,27,18,12,10,5,13,18,72.2,5,7,0,7,14,41,15,1,Matches
e7ca0439,James Tomkins,eng ENG,DF,Crystal Palace,34-019,1989,3.8,4,2,2,1,1,1,3,33.3,2,3,2,1,5,9,19,0,Matches
e09f279b,Ivan Toney,eng ENG,FW,Brentford,27-032,1996,28.9,22,12,4,9,9,7,22,31.8,15,23,9,14,12,34,34,0,Matches
9a28eba4,Adama Traoré,es ESP,"FW,MF",Wolves,27-082,1996,14.2,12,6,5,4,3,3,7,42.9,4,7,1,6,3,15,9,0,Matches
c47541e0,Bertrand Traoré,bf BFA,"FW,MF",Aston Villa,27-223,1995,1.4,0,0,0,0,0,0,1,0.0,1,2,0,2,0,0,0,0,Matches
999ceb5f,Boubacar Traoré,ml MLI,MF,Wolves,21-240,2001,4.3,10,4,4,3,3,2,6,33.3,4,4,2,2,7,17,1,0,Matches
fe558029,Mark Travers,ie IRL,GK,Bournemouth,23-334,1999,10.5,0,0,0,0,0,0,0,,0,1,0,1,0,0,6,0,Matches
21512407,Kieran Trippier,eng ENG,DF,Newcastle Utd,32-210,1990,29.4,60,45,29,25,6,38,72,52.8,34,32,12,20,37,97,68,1,Matches
38ceb24a,Leandro Trossard,be BEL,FW,Arsenal,28-134,1994,6.4,7,5,2,1,4,4,9,44.4,5,11,0,11,4,11,0,0,Matches
38ceb24a,Leandro Trossard,be BEL,"FW,MF",Brighton,28-134,1994,14.6,10,6,7,1,2,1,8,12.5,7,17,0,17,6,16,1,0,Matches
f315ca93,Kostas Tsimikas,gr GRE,DF,Liverpool,26-340,1996,6.9,13,8,9,2,2,9,14,64.3,5,8,1,7,7,20,13,0,Matches
dd549382,Deniz Undav,de GER,"FW,MF",Brighton,26-272,1996,2.9,4,3,2,1,1,1,1,100.0,0,1,0,1,0,4,1,0,Matches
531a4aa8,Yan Valery,tn TUN,DF,Southampton,24-054,1999,0.5,0,0,0,0,0,0,0,,0,1,0,1,0,0,3,0,Matches
e06683ca,Virgil van Dijk,nl NED,DF,Liverpool,31-283,1991,23.5,22,12,12,9,1,7,16,43.8,9,18,11,7,25,47,100,1,Matches
9f8e9423,Raphaël Varane,fr FRA,DF,Manchester Utd,29-357,1993,18.3,23,8,17,6,0,6,16,37.5,10,23,16,7,10,33,81,0,Matches
45963054,Jamie Vardy,eng ENG,FW,Leicester City,36-096,1987,16.2,8,4,4,1,3,1,6,16.7,5,12,2,10,2,10,23,0,Matches
dad4b285,Joël Veltman,nl NED,DF,Brighton,31-092,1992,22.1,58,31,43,12,3,35,53,66.0,18,27,8,19,19,77,48,0,Matches
6412cc03,Fabio Vieira,pt POR,"MF,FW",Arsenal,22-322,2000,4.7,6,4,3,0,3,3,5,60.0,2,5,0,5,4,10,1,0,Matches
08eb3b58,Matías Viña,uy URU,"DF,MF",Bournemouth,25-159,1997,0.8,5,4,3,1,1,4,6,66.7,2,3,0,3,1,6,4,0,Matches
b937e490,Rúben Vinagre,pt POR,"DF,MF",Everton,24-008,1999,0.3,2,2,1,1,0,1,2,50.0,1,0,0,0,0,2,1,0,Matches
8b529245,Carlos Vinícius,br BRA,FW,Fulham,28-023,1995,8.3,2,0,0,2,0,0,4,0.0,4,4,0,4,0,2,6,0,Matches
1ecb65be,Theo Walcott,eng ENG,"FW,MF",Southampton,34-032,1989,7.5,7,2,4,2,1,6,17,35.3,11,5,0,5,7,14,4,0,Matches
86dd77d1,Kyle Walker,eng ENG,DF,Manchester City,32-324,1990,14.3,10,6,5,5,0,3,20,15.0,17,9,2,7,9,19,9,0,Matches
984a5a64,Kyle Walker-Peters,eng ENG,DF,Southampton,26-004,1997,22.4,46,24,25,18,3,18,29,62.1,11,34,7,27,20,66,38,0,Matches
9e525177,Aaron Wan-Bissaka,eng ENG,DF,Manchester Utd,25-142,1997,10.2,25,17,14,11,0,17,18,94.4,1,16,4,12,16,41,29,0,Matches
d3ce0e89,Danny Ward,wls WAL,GK,Leicester City,29-299,1993,26.0,1,1,1,0,0,1,3,33.3,2,0,0,0,0,1,14,2,Matches
8a7ff278,Joel Ward,eng ENG,DF,Crystal Palace,33-170,1989,18.6,32,22,21,6,5,17,25,68.0,8,25,13,12,21,53,64,1,Matches
3515d404,James Ward-Prowse,eng ENG,MF,Southampton,28-167,1994,31.0,54,28,22,25,7,18,50,36.0,32,20,4,16,41,95,37,0,Matches
aed3a70f,Ollie Watkins,eng ENG,FW,Aston Villa,27-108,1995,27.8,15,10,3,9,3,7,21,33.3,14,18,2,16,8,23,32,0,Matches
c40b6180,Adam Webster,eng ENG,DF,Brighton,28-103,1995,18.8,18,11,9,6,3,8,13,61.5,5,26,16,10,17,35,48,4,Matches
c4e87b8b,Wout Weghorst,nl NED,"FW,MF",Manchester Utd,30-253,1992,7.2,6,3,4,0,2,1,5,20.0,4,6,2,4,7,13,7,0,Matches
ce5143da,Danny Welbeck,eng ENG,FW,Brighton,32-142,1990,16.4,13,6,0,6,7,4,9,44.4,5,18,1,17,3,16,14,0,Matches
35e413f1,Ben White,eng ENG,DF,Arsenal,25-191,1997,26.9,51,29,20,25,6,34,54,63.0,20,37,8,29,18,69,69,0,Matches
4d90ce8c,Harvey White,eng ENG,MF,Tottenham,21-210,2001,0.1,0,0,0,0,0,0,1,0.0,1,0,0,0,0,0,0,0,Matches
3f847d95,Joseph Whitworth,eng ENG,GK,Crystal Palace,19-047,2004,2.0,0,0,0,0,0,0,0,,0,0,0,0,0,0,1,0,Matches
dd323728,Neco Williams,wls WAL,DF,Nott'ham Forest,22-004,2001,19.2,66,42,45,16,5,36,65,55.4,29,29,7,22,31,97,39,0,Matches
8b9ebd03,Willian,br BRA,FW,Fulham,34-251,1988,18.0,12,7,7,3,2,7,19,36.8,12,10,0,10,9,21,6,0,Matches
a3b03921,Joe Willock,eng ENG,MF,Newcastle Utd,23-240,1999,23.0,45,27,11,22,12,25,50,50.0,25,48,8,40,20,65,16,0,Matches
c596fcb0,Callum Wilson,eng ENG,FW,Newcastle Utd,31-049,1992,15.5,7,1,0,6,1,0,1,0.0,1,3,0,3,1,8,4,0,Matches
c6dc9ecd,Harry Wilson,wls WAL,FW,Fulham,26-026,1997,6.1,14,9,6,6,2,5,13,38.5,8,10,1,9,3,17,7,0,Matches
2500cef9,Yoane Wissa,cd COD,FW,Brentford,26-226,1996,13.8,14,9,3,7,4,6,10,60.0,4,9,0,9,6,20,14,0,Matches
4b803b3c,Maximilian Wöber,at AUT,DF,Leeds United,25-072,1998,8.8,16,13,6,10,0,11,17,64.7,6,16,10,6,17,33,39,1,Matches
4e9a0555,Chris Wood,nz NZL,FW,Newcastle Utd,31-131,1991,5.0,5,4,0,3,2,3,5,60.0,2,2,2,0,1,6,7,0,Matches
4e9a0555,Chris Wood,nz NZL,FW,Nott'ham Forest,31-131,1991,4.1,0,0,0,0,0,0,1,0.0,1,2,1,1,1,1,2,0,Matches
a5212312,Joe Worrall,eng ENG,DF,Nott'ham Forest,26-097,1997,18.9,39,16,28,9,2,17,24,70.8,7,26,18,8,19,58,86,1,Matches
e61b8aee,Granit Xhaka,ch SUI,MF,Arsenal,30-202,1992,28.4,30,24,10,15,5,14,33,42.4,19,24,9,15,13,43,38,1,Matches
c1fe2a48,Ryan Yates,eng ENG,MF,Nott'ham Forest,25-147,1997,16.6,28,15,12,13,3,12,18,66.7,6,22,8,14,8,36,37,0,Matches
be927d03,Ashley Young,eng ENG,DF,Aston Villa,37-282,1985,18.1,40,21,28,11,1,28,37,75.7,9,21,9,12,17,57,56,0,Matches
88968486,Illia Zabarnyi,ua UKR,DF,Bournemouth,20-228,2002,0.1,0,0,0,0,0,0,1,0.0,1,0,0,0,0,0,0,0,Matches
b2bc3b1f,Wilfried Zaha,ci CIV,"FW,MF",Crystal Palace,30-158,1992,22.9,30,18,12,11,7,8,20,40.0,12,20,1,19,15,45,8,0,Matches
384d58d9,Denis Zakaria,ch SUI,MF,Chelsea,26-148,1996,4.6,9,5,5,2,2,2,8,25.0,6,4,1,3,3,12,10,0,Matches
e8271ad9,Jordan Zemura,zw ZIM,DF,Bournemouth,23-154,1999,16.2,39,24,24,14,1,23,43,53.5,20,31,9,22,16,55,32,0,Matches
51cf8561,Oleksandr Zinchenko,ua UKR,DF,Arsenal,26-123,1996,20.3,36,16,14,14,8,21,36,58.3,15,18,2,16,19,55,28,2,Matches
6622454d,Hakim Ziyech,ma MAR,"FW,MF",Chelsea,30-029,1993,6.7,18,10,11,5,2,4,9,44.4,5,7,0,7,4,22,5,1,Matches
ce4246f5,Kurt Zouma,fr FRA,DF,West Ham,28-172,1994,19.4,9,4,4,5,0,5,8,62.5,3,13,11,2,18,27,102,0,Matches
79300479,Martin Ødegaard,no NOR,MF,Arsenal,24-121,1998,28.4,30,19,10,13,7,10,34,29.4,24,17,5,12,4,34,8,0,Matches
