id,Player,Nation,Pos,Squad,Age,Born,90s,Tkl,TklW,Def 3rd,Mid 3rd,Att 3rd,Tkl.1,Att,Tkl%,Lost,Blocks,Sh,Pass,Int,Tkl+Int,Clr,Err,Matches
5bc43860,Brenden Aaronson,us USA,"MF,FW",Leeds United,22-171,2000,23.8,38,14,13,19,6,12,39,30.8,27,39,3,36,4,42,6,1,Matches
f2bf1b0f,Che Adams,sct SCO,FW,Southampton,26-272,1996,20.8,17,13,7,8,2,7,11,63.6,4,13,4,9,4,21,19,0,Matches
2b09d998,Tyler Adams,us USA,MF,Leeds United,24-056,1999,24.0,89,46,44,35,10,50,77,64.9,27,48,8,40,35,124,29,0,Matches
c81d773d,Tosin Adarabioyo,eng ENG,DF,Fulham,25-199,1997,14.2,15,6,11,3,1,7,11,63.6,4,11,8,3,16,31,80,1,Matches
288e1e13,Nayef Aguerd,ma MAR,DF,West Ham,27-012,1996,11.7,16,12,11,5,0,9,12,75.0,3,12,11,1,13,29,47,2,Matches
a6c58494,Naouirou Ahamada,fr FRA,"MF,FW",Crystal Palace,21-013,2002,1.0,3,2,3,0,0,1,3,33.3,2,2,0,2,0,3,0,0,Matches
9b398aea,Rayan Aït Nouri,dz ALG,DF,Wolves,21-309,2001,11.5,33,20,25,7,1,9,14,64.3,5,3,0,3,9,42,27,0,Matches
a8c0acb7,Kristoffer Ajer,no NOR,DF,Brentford,24-359,1998,8.5,11,8,5,4,2,9,16,56.3,7,6,5,1,7,18,22,0,Matches
89ac64a6,Manuel Akanji,ch SUI,DF,Manchester City,27-266,1995,20.1,27,18,11,13,3,19,31,61.3,12,25,8,17,14,41,26,0,Matches
eaeca114,Nathan Aké,nl NED,DF,Manchester City,28-052,1995,18.7,22,8,13,7,2,9,13,69.2,4,17,9,8,18,40,38,0,Matches
b827d5b3,Marc Albrighton,eng ENG,"FW,MF",Leicester City,33-144,1989,2.6,4,1,0,2,2,1,8,12.5,7,6,2,4,1,5,5,0,Matches
77e84962,Thiago Alcántara,es ESP,MF,Liverpool,32-000,1991,13.2,43,24,20,21,2,14,22,63.6,8,14,3,11,19,62,12,2,Matches
4abac767,Carlos Alcaraz,ar ARG,"MF,FW",Southampton,20-132,2002,4.8,5,3,0,4,1,3,8,37.5,5,8,3,5,1,6,8,0,Matches
cd1acf9d,Trent Alexander-Arnold,eng ENG,DF,Liverpool,24-186,1998,23.5,45,32,27,13,5,31,54,57.4,23,22,6,16,33,78,28,2,Matches
7a2e46a8,Alisson,br BRA,GK,Liverpool,30-191,1992,29.0,0,0,0,0,0,0,3,0.0,3,3,0,3,0,0,14,0,Matches
cea4ee8f,Dele Alli,eng ENG,MF,Everton,27-000,1996,0.4,0,0,0,0,0,0,0,,0,0,0,0,0,0,0,0,Matches
862a1c15,Miguel Almirón,py PAR,FW,Newcastle Utd,29-060,1994,22.0,37,25,12,16,9,15,26,57.7,11,23,2,21,7,44,12,0,Matches
15ab5a2b,Julián Álvarez,ar ARG,"FW,MF",Manchester City,23-070,2000,9.6,15,9,2,7,6,3,17,17.6,14,11,0,11,1,16,4,0,Matches
1a4ef233,Daniel Amartey,gh GHA,DF,Leicester City,28-111,1994,17.9,19,8,13,5,1,12,14,85.7,2,24,17,7,8,27,71,0,Matches
e34fc66d,Joachim Andersen,dk DEN,DF,Crystal Palace,26-315,1996,23.4,27,12,18,9,0,13,24,54.2,11,22,11,11,21,48,160,0,Matches
de31038e,Elliot Anderson,sct SCO,"FW,MF",Newcastle Utd,20-156,2002,2.2,9,5,5,2,2,5,8,62.5,3,6,1,5,4,13,0,0,Matches
e4238fb1,Jaidon Anthony,eng ENG,"MF,FW",Bournemouth,23-131,1999,11.7,27,15,14,7,6,7,22,31.8,15,21,1,20,8,35,15,0,Matches
ac05f970,Michail Antonio,jm JAM,FW,West Ham,33-014,1990,14.5,13,7,1,7,5,3,7,42.9,4,11,4,7,4,17,5,0,Matches
99127249,Antony,br BRA,FW,Manchester Utd,23-046,2000,14.2,19,7,9,8,2,7,20,35.0,13,12,0,12,7,26,4,0,Matches
05e8ca6d,Cameron Archer,eng ENG,"FW,MF",Aston Villa,21-264,2001,0.5,0,0,0,0,0,0,0,,0,0,0,0,0,0,0,0,Matches
2f965a72,Alphonse Areola,fr FRA,GK,West Ham,30-043,1993,3.4,0,0,0,0,0,0,0,,0,0,0,0,0,0,0,0,Matches
328f7d51,Joe Aribo,ng NGA,"MF,FW",Southampton,26-264,1996,12.2,29,19,13,12,4,11,19,57.9,8,13,1,12,8,37,10,0,Matches
68c720b5,Adam Armstrong,eng ENG,FW,Southampton,26-060,1997,12.3,11,7,3,5,3,0,7,0.0,7,15,3,12,4,15,5,0,Matches
97333cf5,Stuart Armstrong,sct SCO,"MF,FW",Southampton,31-012,1992,12.3,23,14,9,11,3,11,32,34.4,21,15,0,15,6,29,7,0,Matches
28d596a0,Kepa Arrizabalaga,es ESP,GK,Chelsea,28-190,1994,21.5,2,2,2,0,0,2,3,66.7,1,0,0,0,0,2,11,1,Matches
d5dd5f1f,Pierre-Emerick Aubameyang,ga GAB,FW,Chelsea,33-297,1989,5.2,1,0,1,0,0,0,1,0.0,1,2,0,2,2,3,4,2,Matches
9fec8860,Ludwig Augustinsson,se SWE,DF,Aston Villa,28-355,1994,0.9,1,1,1,0,0,0,0,,0,0,0,0,0,1,1,0,Matches
5c2b4f07,Serge Aurier,ci CIV,DF,Nott'ham Forest,30-108,1992,15.9,50,33,32,15,3,16,23,69.6,7,27,9,18,22,72,54,0,Matches
e5478b87,Taiwo Awoniyi,ng NGA,FW,Nott'ham Forest,25-242,1997,8.8,10,8,0,7,3,5,7,71.4,2,8,2,6,1,11,10,0,Matches
f173303a,Yasin Ayari,se SWE,MF,Brighton,19-187,2003,0.1,1,1,0,1,0,0,0,,0,0,0,0,0,1,0,0,Matches
5dbefa9d,André Ayew,gh GHA,"FW,MF",Nott'ham Forest,33-115,1989,2.9,4,2,0,3,1,2,4,50.0,2,4,0,4,0,4,6,0,Matches
da052c14,Jordan Ayew,gh GHA,"FW,MF",Crystal Palace,31-212,1991,22.2,58,38,21,19,18,18,42,42.9,24,29,2,27,13,71,28,0,Matches
420d7c7d,Luke Ayling,eng ENG,DF,Leeds United,31-229,1991,16.8,51,27,37,8,6,31,64,48.4,33,28,8,20,20,71,39,2,Matches
53cad200,César Azpilicueta,es ESP,DF,Chelsea,33-226,1989,12.3,28,17,17,7,4,16,22,72.7,6,20,4,16,15,43,42,0,Matches
06df8256,Benoît Badiashile,fr FRA,DF,Chelsea,22-016,2001,7.1,10,6,6,4,0,6,9,66.7,3,3,2,1,10,20,26,1,Matches
3a233281,Leon Bailey,jm JAM,"FW,MF",Aston Villa,25-245,1997,19.3,11,5,4,6,1,3,15,20.0,12,12,0,12,5,16,10,0,Matches
32e8417f,Stefan Bajcetic,es ESP,MF,Liverpool,18-171,2004,5.8,9,6,5,3,1,8,27,29.6,19,7,0,7,9,18,4,0,Matches
93feac6e,Patrick Bamford,eng ENG,FW,Leeds United,29-218,1993,12.5,9,6,0,6,3,4,17,23.5,13,8,3,5,5,14,9,0,Matches
2886c9b5,Shandon Baptiste,gd GRN,MF,Brentford,25-003,1998,5.6,10,7,4,5,1,6,14,42.9,8,7,1,6,6,16,8,0,Matches
3ea50f67,Harvey Barnes,eng ENG,"FW,MF",Leicester City,25-123,1997,25.4,21,13,8,10,3,10,35,28.6,25,26,1,25,7,28,8,0,Matches
c91441dc,Gavin Bazunu,ie IRL,GK,Southampton,21-050,2002,30.0,1,0,1,0,0,1,1,100.0,0,0,0,0,1,2,22,2,Matches
30db8574,Mads Bech Sørensen,dk DEN,"DF,MF",Brentford,24-094,1999,0.2,0,0,0,0,0,0,0,,0,0,0,0,1,1,1,0,Matches
4115ce4e,Jan Bednarek,pl POL,DF,Southampton,26-364,1996,11.1,20,14,15,5,0,9,11,81.8,2,22,15,7,29,49,46,0,Matches
4115ce4e,Jan Bednarek,pl POL,DF,Aston Villa,26-364,1996,1.1,3,3,0,3,0,1,1,100.0,0,3,1,2,2,5,5,0,Matches
50dc94ce,Donny van de Beek,nl NED,MF,Manchester Utd,25-358,1997,1.9,0,0,0,0,0,0,1,0.0,1,2,1,1,1,1,1,0,Matches
7b4de647,Asmir Begović,ba BIH,GK,Everton,35-295,1987,1.0,0,0,0,0,0,0,0,,0,0,0,0,0,0,1,0,Matches
a39d11bc,Armel Bella Kotchap,de GER,DF,Southampton,21-121,2001,17.5,29,13,22,7,0,11,14,78.6,3,25,9,16,40,69,88,0,Matches
5a04fd92,Saïd Benrahma,dz ALG,"FW,MF",West Ham,27-244,1995,17.9,18,10,8,4,6,8,24,33.3,16,14,1,13,9,27,11,0,Matches
3b8674e6,Rodrigo Bentancur,uy URU,MF,Tottenham,25-290,1997,16.7,45,28,15,21,9,16,28,57.1,12,28,15,13,20,65,22,0,Matches
505486d6,Victor Bernth Kristiansen,dk DEN,DF,Leicester City,20-116,2002,6.5,27,16,11,13,3,16,23,69.6,7,14,4,10,2,29,19,0,Matches
87966294,Owen Bevan,wls WAL,DF,Bournemouth,19-167,2003,0.1,0,0,0,0,0,0,0,,0,0,0,0,0,0,0,0,Matches
de40e38c,Giulian Biancone,fr FRA,DF,Nott'ham Forest,23-011,2000,0.2,2,1,2,0,0,1,1,100.0,0,0,0,0,1,3,0,0,Matches
d328a254,Philip Billing,dk DEN,"MF,FW",Bournemouth,26-304,1996,24.6,56,32,20,27,9,11,33,33.3,22,41,8,33,28,84,50,1,Matches
6c203af0,Yves Bissouma,ml MLI,MF,Tottenham,26-224,1996,9.0,12,10,3,5,4,2,7,28.6,5,12,5,7,9,21,7,0,Matches
a4ac4b8f,Willy Boly,ci CIV,DF,Nott'ham Forest,32-067,1991,6.6,13,6,8,3,2,8,13,61.5,5,11,4,7,12,25,38,0,Matches
ccce7025,Sven Botman,nl NED,DF,Newcastle Utd,23-089,2000,25.7,30,18,25,5,0,17,23,73.9,6,36,17,19,27,57,98,2,Matches
79c84d1c,Jarrod Bowen,eng ENG,"FW,MF",West Ham,26-112,1996,28.9,34,12,11,10,13,14,45,31.1,31,41,7,34,28,62,18,0,Matches
c07b7c5c,James Bree,eng ENG,DF,Southampton,25-182,1997,2.2,3,1,2,1,0,1,1,100.0,0,2,1,1,4,7,4,0,Matches
97220da2,Armando Broja,al ALB,FW,Chelsea,21-213,2001,3.3,4,1,0,3,1,1,1,100.0,0,10,1,9,1,5,1,0,Matches
dc4cae05,David Brooks,wls WAL,"DF,FW",Bournemouth,25-277,1997,0.3,1,0,1,0,0,0,0,,0,0,0,0,0,1,2,0,Matches
a2081c6b,Lewis Brunt,eng ENG,DF,Leicester City,22-156,2000,0.3,0,0,0,0,0,0,0,,0,0,0,0,0,0,2,0,Matches
7b5ab7f2,Bryan,es ESP,"MF,FW",Tottenham,22-059,2001,1.6,3,1,3,0,0,0,3,0.0,3,3,0,3,1,4,1,0,Matches
66b76d44,Emi Buendía,ar ARG,"MF,FW",Aston Villa,26-107,1996,20.8,46,20,18,18,10,17,56,30.4,39,15,1,14,18,64,14,0,Matches
bfc3b3a0,Hugo Bueno,es ESP,DF,Wolves,20-205,2002,11.8,28,14,22,3,3,16,28,57.1,12,12,1,11,9,37,30,0,Matches
468a7a91,Facundo Buonanotte,ar ARG,"FW,MF",Brighton,18-109,2004,0.6,0,0,0,0,0,0,1,0.0,1,0,0,0,0,0,0,0,Matches
b2d31e83,Dan Burn,eng ENG,DF,Newcastle Utd,30-337,1992,27.5,45,31,22,16,7,27,53,50.9,26,34,11,23,24,69,106,2,Matches
85322440,Cafú,pt POR,MF,Nott'ham Forest,30-044,1993,0.1,0,0,0,0,0,0,0,,0,0,0,0,0,0,1,0,Matches
16264a81,Moisés Caicedo,ec ECU,MF,Brighton,21-160,2001,26.1,80,40,32,39,9,32,52,61.5,20,27,4,23,42,122,22,2,Matches
a8748947,Tom Cairney,sct SCO,MF,Fulham,32-081,1991,6.0,13,4,2,6,5,6,6,100.0,0,10,1,9,3,16,2,0,Matches
94f8d10c,Duje Ćaleta-Car,hr CRO,DF,Southampton,26-206,1996,9.0,12,8,8,3,1,5,7,71.4,2,10,8,2,14,26,53,1,Matches
59e6e5bf,Dominic Calvert-Lewin,eng ENG,FW,Everton,26-026,1997,8.1,3,1,1,0,2,1,4,25.0,3,2,0,2,1,4,5,0,Matches
6f711f67,Chem Campbell,wls WAL,"FW,MF",Wolves,20-102,2002,0.8,2,1,1,1,0,0,1,0.0,1,2,0,2,1,3,0,0,Matches
bd6351cd,João Cancelo,pt POR,DF,Manchester City,28-319,1994,14.2,29,21,16,9,4,17,24,70.8,7,7,1,6,19,48,9,1,Matches
4506aec5,Thomas Cannon,ie IRL,FW,Everton,20-104,2002,0.3,0,0,0,0,0,0,0,,0,0,0,0,0,0,0,0,Matches
1137759d,Sergi Canós,es ESP,"FW,DF",Brentford,26-068,1997,0.9,0,0,0,0,0,0,2,0.0,2,3,1,2,0,0,1,0,Matches
b4a014b1,Diego Carlos,br BRA,DF,Aston Villa,30-027,1993,2.0,1,0,0,1,0,0,1,0.0,1,2,2,0,1,2,2,0,Matches
966e28d0,Fabio Carvalho,pt POR,"MF,FW",Liverpool,20-224,2002,3.8,8,8,3,3,2,3,6,50.0,3,6,0,6,5,13,0,0,Matches
4d224fe8,Casemiro,br BRA,MF,Manchester Utd,31-047,1992,14.9,58,29,28,23,7,29,51,56.9,22,32,8,24,24,82,44,0,Matches
2389cdc2,Matty Cash,pl POL,DF,Aston Villa,25-247,1997,18.2,48,28,33,11,4,22,32,68.8,10,18,4,14,24,72,40,0,Matches
197640fd,Timothy Castagne,be BEL,DF,Leicester City,27-127,1995,28.2,76,41,46,24,6,37,70,52.9,33,44,11,33,37,113,80,0,Matches
e28868f3,Jonny Castro,es ESP,DF,Wolves,29-039,1994,14.0,34,15,23,10,1,18,37,48.6,19,26,5,21,14,48,28,2,Matches
9cfbad36,Julio César Enciso,py PAR,"FW,MF",Brighton,19-078,2004,2.2,3,0,0,3,0,2,2,100.0,0,1,0,1,1,4,1,0,Matches
422862ea,Nathaniel Chalobah,eng ENG,MF,Fulham,28-120,1994,0.1,1,1,1,0,0,1,1,100.0,0,0,0,0,0,1,2,0,Matches
5515376c,Trevoh Chalobah,eng ENG,DF,Chelsea,23-280,1999,11.3,17,11,12,2,3,11,18,61.1,7,8,3,5,15,32,38,1,Matches
dc6f5bdd,Calum Chambers,eng ENG,"DF,MF",Aston Villa,28-081,1995,3.2,8,6,6,2,0,6,8,75.0,2,5,4,1,7,15,5,1,Matches
d2424d1b,Ben Chilwell,eng ENG,"DF,MF",Chelsea,26-111,1996,11.8,18,14,11,6,1,13,22,59.1,9,15,0,15,16,34,17,0,Matches
26ce2263,Ryan Christie,sct SCO,"MF,FW",Bournemouth,28-048,1995,14.0,27,19,9,18,0,13,35,37.1,22,14,2,12,22,49,13,0,Matches
b2f9c73e,Carney Chukwuemeka,eng ENG,"MF,FW",Chelsea,19-173,2003,2.6,11,6,6,5,0,2,4,50.0,2,4,0,4,4,15,1,0,Matches
73341ace,Bobby Clark,eng ENG,MF,Liverpool,18-063,2005,0.1,0,0,0,0,0,0,0,,0,2,0,2,0,0,0,0,Matches
0442183b,Nathaniel Clyne,eng ENG,DF,Crystal Palace,32-006,1991,18.2,27,16,13,9,5,14,23,60.9,9,22,4,18,19,46,34,0,Matches
2928dca2,Conor Coady,eng ENG,DF,Everton,30-045,1993,21.9,14,9,8,6,0,7,15,46.7,8,20,16,4,14,28,85,3,Matches
963a9201,Jack Colback,eng ENG,MF,Nott'ham Forest,33-169,1989,5.5,18,13,12,6,0,5,8,62.5,3,3,0,3,3,21,9,0,Matches
0420d84f,Séamus Coleman,ie IRL,DF,Everton,34-182,1988,17.9,35,26,21,10,4,19,29,65.5,10,14,7,7,21,56,58,2,Matches
a8c19eb8,Nathan Collins,ie IRL,DF,Wolves,21-346,2001,17.5,25,14,18,7,0,14,23,60.9,9,26,21,5,21,46,72,0,Matches
700783e7,Levi Colwill,eng ENG,DF,Brighton,20-044,2003,7.9,2,2,1,1,0,1,4,25.0,3,3,1,2,8,10,19,0,Matches
2afc7272,Lewis Cook,eng ENG,MF,Bournemouth,26-067,1997,17.3,36,22,9,22,5,17,35,48.6,18,25,9,16,21,57,26,0,Matches
3e5e4e63,Steve Cook,eng ENG,DF,Nott'ham Forest,31-357,1991,10.6,8,4,4,4,0,5,7,71.4,2,16,11,5,12,20,51,0,Matches
dc64b8b3,Liam Cooper,sct SCO,DF,Leeds United,31-224,1991,12.5,28,20,21,6,1,15,23,65.2,8,8,3,5,26,54,42,2,Matches
beb391dd,Maxwel Cornet,ci CIV,FW,West Ham,26-196,1996,1.4,5,2,3,0,2,3,3,100.0,0,1,0,1,0,5,0,0,Matches
a190d597,Diego Costa,es ESP,FW,Wolves,34-186,1988,8.9,2,0,2,0,0,1,4,25.0,3,5,1,4,2,4,10,0,Matches
fdf3cb77,Vladimír Coufal,cz CZE,DF,West Ham,30-232,1992,17.2,40,22,27,8,5,24,33,72.7,9,21,5,16,29,69,46,0,Matches
0ef89a37,Philippe Coutinho,br BRA,"MF,FW",Aston Villa,30-303,1992,8.8,19,14,8,8,3,9,15,60.0,6,11,1,10,4,23,2,0,Matches
a5ca9127,Conor Coventry,ie IRL,"MF,FW",West Ham,23-017,2000,0.0,0,0,0,0,0,0,0,,0,0,0,0,0,0,0,0,Matches
4f974391,Aaron Cresswell,eng ENG,DF,West Ham,33-117,1989,18.6,16,8,9,7,0,7,19,36.8,12,18,9,9,23,39,46,0,Matches
1daec722,Marc Cucurella,es ESP,DF,Chelsea,24-263,1998,18.6,66,33,40,15,11,30,60,50.0,30,28,8,20,16,82,48,1,Matches
dc62b55d,Matheus Cunha,br BRA,FW,Wolves,23-319,1999,6.6,4,1,0,3,1,1,5,20.0,4,10,2,8,5,9,7,0,Matches
ca45605e,Patson Daka,zm ZAM,FW,Leicester City,24-184,1998,10.8,9,5,3,6,0,1,7,14.3,6,10,2,8,4,13,6,0,Matches
d9565625,Diogo Dalot,pt POR,DF,Manchester Utd,24-024,1999,18.9,44,33,33,11,0,28,40,70.0,12,22,7,15,28,72,46,1,Matches
215f3907,Mikkel Damsgaard,dk DEN,"MF,FW",Brentford,22-282,2000,7.3,20,14,8,9,3,9,34,26.5,25,14,1,13,9,29,11,0,Matches
a816dbfb,Danilo,br BRA,MF,Nott'ham Forest,21-347,2001,4.1,9,5,4,4,1,2,11,18.2,9,6,1,5,0,9,8,0,Matches
f08490a6,Arnaut Danjuma,nl NED,"MF,FW",Tottenham,26-070,1997,0.3,1,0,1,0,0,0,0,,0,0,0,0,0,1,0,0,Matches
60344e4f,Josh Dasilva,eng ENG,MF,Brentford,24-170,1998,13.8,17,9,6,6,5,5,14,35.7,9,20,5,15,4,21,7,1,Matches
44781702,Ben Davies,wls WAL,DF,Tottenham,29-352,1993,20.3,17,8,7,9,1,8,17,47.1,9,15,6,9,16,33,60,0,Matches
9228b07c,Tom Davies,eng ENG,MF,Everton,24-285,1998,5.7,15,9,5,9,1,7,14,50.0,7,10,1,9,4,19,7,1,Matches
3e9e06cb,Craig Dawson,eng ENG,DF,West Ham,32-340,1990,8.0,10,6,8,2,0,4,6,66.7,2,9,6,3,6,16,26,0,Matches
3e9e06cb,Craig Dawson,eng ENG,DF,Wolves,32-340,1990,9.2,6,4,4,2,0,3,6,50.0,3,18,14,4,5,11,49,1,Matches
e46012d4,Kevin De Bruyne,be BEL,MF,Manchester City,31-287,1991,23.5,24,10,3,11,10,12,36,33.3,24,19,2,17,7,31,10,0,Matches
11f54bd5,Siriki Dembélé,ci CIV,"FW,MF",Bournemouth,26-216,1996,1.2,3,1,2,1,0,0,1,0.0,1,1,0,1,1,4,1,0,Matches
5a7301ae,Leander Dendoncker,be BEL,MF,Aston Villa,27-361,1995,4.3,11,4,8,2,1,7,13,53.8,6,11,3,8,6,17,6,0,Matches
5a7301ae,Leander Dendoncker,be BEL,MF,Wolves,27-361,1995,2.4,4,2,0,3,1,2,3,66.7,1,2,0,2,9,13,4,0,Matches
2c44a35d,Emmanuel Dennis,ng NGA,"FW,MF",Nott'ham Forest,25-147,1997,7.6,15,10,5,4,6,7,16,43.8,9,13,1,12,2,17,6,0,Matches
9d8cf204,Halil Dervişoğlu,tr TUR,MF,Brentford,23-124,1999,0.1,0,0,0,0,0,0,1,0.0,1,0,0,0,0,0,0,0,Matches
5c74c0f5,Kiernan Dewsbury-Hall,eng ENG,MF,Leicester City,24-217,1998,23.5,49,28,13,31,5,18,45,40.0,27,53,11,42,26,75,18,0,Matches
11ff3d56,Ibrahima Diallo,fr FRA,MF,Southampton,24-034,1999,9.0,24,14,13,10,1,8,12,66.7,4,11,1,10,6,30,10,0,Matches
31c69ef1,Rúben Dias,pt POR,DF,Manchester City,25-332,1997,17.2,18,11,9,8,1,8,12,66.7,4,17,10,7,17,35,45,0,Matches
4a1a9578,Luis Díaz,co COL,FW,Liverpool,26-088,1997,6.8,10,8,2,7,1,3,7,42.9,4,6,0,6,2,12,0,0,Matches
ac861941,Eric Dier,eng ENG,DF,Tottenham,29-086,1994,27.3,23,15,14,7,2,7,15,46.7,8,32,21,11,32,55,101,2,Matches
1b84dbe1,Lucas Digne,fr FRA,DF,Aston Villa,29-265,1993,14.4,26,10,18,8,0,17,27,63.0,10,14,5,9,15,41,37,0,Matches
a712ca2b,Issa Diop,fr FRA,DF,Fulham,26-092,1997,16.7,23,16,15,7,1,12,24,50.0,12,20,14,6,27,50,54,0,Matches
254147d4,Moussa Djenepo,ml MLI,"DF,FW",Southampton,24-300,1998,6.7,17,9,11,5,1,9,20,45.0,11,13,2,11,11,28,6,0,Matches
733f1a7d,Ben Doak,sct SCO,FW,Liverpool,17-151,2005,0.3,3,2,1,2,0,1,1,100.0,0,1,0,1,0,3,0,0,Matches
d557d734,Matt Doherty,ie IRL,"DF,MF",Tottenham,31-085,1992,7.4,16,10,12,3,1,8,10,80.0,2,11,6,5,8,24,14,1,Matches
67ac5bb8,Gabriel Dos Santos,br BRA,DF,Arsenal,25-113,1997,29.9,39,23,23,12,4,14,21,66.7,7,42,24,18,25,64,105,2,Matches
02b29014,Abdoulaye Doucouré,ml MLI,MF,Everton,30-100,1993,11.0,19,11,5,10,4,9,27,33.3,18,18,2,16,9,28,7,0,Matches
ce4f40c7,Cheick Doucouré,ml MLI,MF,Crystal Palace,23-093,2000,24.4,69,43,38,28,3,27,48,56.3,21,35,11,24,49,118,33,0,Matches
69fdb896,Flynn Downes,eng ENG,MF,West Ham,24-081,1999,5.3,11,7,3,7,1,3,6,50.0,3,11,1,10,4,15,3,0,Matches
e0d1510a,Cody Drameh,eng ENG,DF,Leeds United,21-124,2001,0.8,5,4,0,4,1,2,3,66.7,1,0,0,0,1,6,1,0,Matches
3a949a25,Martin Dúbravka,sk SVK,GK,Newcastle Utd,34-086,1989,0.7,0,0,0,0,0,0,1,0.0,1,0,0,0,0,0,0,0,Matches
7314bba4,Shane Duffy,ie IRL,"FW,DF",Fulham,31-100,1992,0.1,0,0,0,0,0,0,0,,0,0,0,0,0,0,0,0,Matches
282f75f3,Lewis Dunk,eng ENG,DF,Brighton,31-141,1991,28.0,20,12,15,4,1,8,20,40.0,12,26,18,8,27,47,67,0,Matches
414184f7,Jhon Durán,co COL,FW,Aston Villa,19-119,2003,0.9,0,0,0,0,0,0,1,0.0,1,0,0,0,1,1,1,0,Matches
fa9fa773,Malcolm Ebiowei,eng ENG,"MF,FW",Crystal Palace,19-219,2003,0.4,1,1,1,0,0,0,1,0.0,1,2,0,2,0,1,0,0,Matches
3bb7b8b4,Ederson,br BRA,GK,Manchester City,29-237,1993,29.0,2,1,2,0,0,1,2,50.0,1,0,0,0,1,3,9,2,Matches
0562b7f1,Odsonne Édouard,fr FRA,FW,Crystal Palace,25-085,1998,15.9,23,12,7,11,5,7,11,63.6,4,14,5,9,3,26,19,0,Matches
007414dd,Samuel Edozie,eng ENG,"FW,MF",Southampton,20-073,2003,6.0,15,8,5,9,1,3,7,42.9,4,6,0,6,6,21,6,0,Matches
2fba6108,Anthony Elanga,se SWE,FW,Manchester Utd,20-349,2002,4.7,3,0,0,2,1,1,2,50.0,1,4,0,4,2,5,4,0,Matches
c8387671,Harvey Elliott,eng ENG,"MF,FW",Liverpool,20-007,2003,16.6,22,14,6,10,6,6,29,20.7,23,25,1,24,14,36,7,0,Matches
47a34c4f,Mohamed Elneny,eg EGY,MF,Arsenal,30-274,1992,1.3,1,1,1,0,0,1,1,100.0,0,0,0,0,0,1,0,0,Matches
68dc0dac,Mohamed Elyounoussi,no NOR,"MF,FW",Southampton,28-250,1994,20.5,37,23,14,20,3,15,38,39.5,23,33,2,31,21,58,33,0,Matches
df8b52a5,Emerson,br BRA,DF,Tottenham,24-087,1999,15.5,42,26,28,11,3,20,32,62.5,12,15,3,12,12,54,58,0,Matches
980522ec,Christian Eriksen,dk DEN,MF,Manchester Utd,31-056,1992,16.7,12,10,7,3,2,5,22,22.7,17,17,7,10,8,20,18,1,Matches
d38fdf53,Pervis Estupiñán,ec ECU,DF,Brighton,25-080,1998,20.4,44,24,25,13,6,27,42,64.3,15,20,6,14,30,74,28,0,Matches
f8fcd2a5,Jonny Evans,nir NIR,DF,Leicester City,35-098,1988,9.0,10,4,10,0,0,6,10,60.0,4,6,5,1,16,26,33,0,Matches
ae4fc6a4,Eberechi Eze,eng ENG,"MF,FW",Crystal Palace,24-286,1998,21.3,31,18,13,12,6,9,23,39.1,14,20,0,20,9,40,6,0,Matches
9328b835,Łukasz Fabiański,pl POL,GK,West Ham,37-358,1985,25.6,2,0,2,0,0,1,2,50.0,1,0,0,0,0,2,7,1,Matches
7f3b388c,Fabinho,br BRA,MF,Liverpool,29-170,1993,21.6,46,26,15,27,4,17,46,37.0,29,29,10,19,28,74,25,0,Matches
9c221d14,Wout Faes,be BEL,DF,Leicester City,25-008,1998,23.0,45,26,21,22,2,23,37,62.2,14,42,30,12,34,79,76,2,Matches
51a3c4c8,Felipe,br BRA,DF,Nott'ham Forest,33-330,1989,8.9,23,11,14,9,0,16,25,64.0,9,20,8,12,20,43,55,0,Matches
8aafd64f,João Félix,pt POR,"FW,MF",Chelsea,23-152,1999,8.4,13,6,4,6,3,4,11,36.4,7,3,0,3,1,14,0,1,Matches
4596da74,Evan Ferguson,ie IRL,FW,Brighton,18-174,2004,6.3,6,3,1,3,2,1,5,20.0,4,8,1,7,1,7,4,0,Matches
507c7bdf,Bruno Fernandes,pt POR,"MF,FW",Manchester Utd,28-215,1994,28.0,57,34,21,21,15,26,56,46.4,30,28,5,23,19,76,37,1,Matches
5ff4ab71,Enzo Fernández,ar ARG,MF,Chelsea,22-084,2001,9.9,33,22,21,10,2,15,41,36.6,26,22,2,20,11,44,8,0,Matches
4c370d81,Roberto Firmino,br BRA,"FW,MF",Liverpool,31-191,1991,12.5,16,12,2,11,3,3,17,17.6,14,15,1,14,6,22,2,0,Matches
24f59bb2,Junior Firpo,es ESP,DF,Leeds United,26-232,1996,10.9,37,19,21,11,5,20,37,54.1,17,18,6,12,19,56,26,0,Matches
ed1e53f3,Phil Foden,eng ENG,FW,Manchester City,22-318,2000,15.6,14,8,8,4,2,7,13,53.8,6,17,1,16,5,19,8,0,Matches
e82900ef,Datro Fofana,ci CIV,FW,Chelsea,20-110,2002,0.7,2,1,0,1,1,0,0,,0,1,0,1,0,2,0,0,Matches
132a82f1,Wesley Fofana,fr FRA,DF,Leicester City,22-115,2000,2.0,4,2,1,2,1,1,3,33.3,2,1,1,0,9,13,5,0,Matches
132a82f1,Wesley Fofana,fr FRA,DF,Chelsea,22-115,2000,8.1,19,12,11,4,4,7,11,63.6,4,11,6,5,16,35,20,0,Matches
82927de4,Pablo Fornals,es ESP,"FW,MF",West Ham,27-048,1996,12.2,22,9,6,8,8,9,28,32.1,19,13,2,11,11,33,8,0,Matches
9f1938ab,Adam Forshaw,eng ENG,MF,Leeds United,31-185,1991,1.8,2,1,0,2,0,1,6,16.7,5,3,0,3,0,2,1,0,Matches
c3e39f12,Fraser Forster,eng ENG,GK,Tottenham,35-025,1988,7.0,0,0,0,0,0,0,0,,0,0,0,0,0,0,2,0,Matches
6722d4f0,Tyrese Francois,au AUS,FW,Fulham,22-269,2000,0.0,0,0,0,0,0,0,0,,0,0,0,0,0,0,1,0,Matches
d56543a0,Ryan Fraser,sct SCO,FW,Newcastle Utd,29-046,1994,3.5,2,2,0,0,2,2,5,40.0,3,3,1,2,0,2,3,0,Matches
b853e0ad,Fred,br BRA,MF,Manchester Utd,30-037,1993,11.3,39,24,22,14,3,10,30,33.3,20,32,1,31,15,54,15,0,Matches
c067631c,Ryan Fredericks,eng ENG,DF,Bournemouth,30-183,1992,5.9,3,2,2,0,1,1,4,25.0,3,7,2,5,1,4,27,0,Matches
98d2c2c4,Remo Freuler,ch SUI,MF,Nott'ham Forest,30-361,1992,22.5,41,21,23,15,3,17,39,43.6,22,35,9,26,27,68,42,0,Matches
1971591f,Cody Gakpo,nl NED,FW,Liverpool,23-339,1999,9.3,11,7,2,6,3,5,19,26.3,14,7,1,6,2,13,1,0,Matches
c2731c10,Conor Gallagher,eng ENG,"MF,FW",Chelsea,23-064,2000,11.9,33,22,15,11,7,8,25,32.0,17,27,5,22,15,48,16,0,Matches
72c812f3,Idrissa Gana Gueye,sn SEN,MF,Everton,33-197,1989,21.5,73,44,37,26,10,22,46,47.8,24,40,8,32,48,121,25,3,Matches
7aa8adfe,Alejandro Garnacho,es ESP,"FW,MF",Manchester Utd,18-284,2004,5.0,3,1,0,0,3,1,8,12.5,7,5,0,5,4,7,2,0,Matches
4e015693,James Garner,eng ENG,MF,Everton,22-029,2001,2.0,7,6,1,5,1,2,5,40.0,3,2,0,2,5,12,1,0,Matches
7ba6d84e,David de Gea,es ESP,GK,Manchester Utd,32-155,1990,29.0,0,0,0,0,0,0,0,,0,0,0,0,0,0,11,1,Matches
01962d0d,Joe Gelhardt,eng ENG,FW,Leeds United,20-342,2002,2.4,6,2,1,3,2,3,5,60.0,2,5,0,5,0,6,4,0,Matches
f7b1d4e0,Saman Ghoddos,ir IRN,"MF,FW",Brentford,29-217,1993,1.1,2,1,0,1,1,1,2,50.0,1,3,1,2,3,5,2,0,Matches
32f60ed8,Morgan Gibbs-White,eng ENG,"FW,MF",Wolves,23-074,2000,2.0,3,1,3,0,0,2,3,66.7,1,2,0,2,1,4,3,0,Matches
32f60ed8,Morgan Gibbs-White,eng ENG,"MF,FW",Nott'ham Forest,23-074,2000,25.1,20,11,6,4,10,8,22,36.4,14,15,3,12,10,30,12,0,Matches
df10e27c,Billy Gilmour,sct SCO,MF,Brighton,21-304,2001,1.8,1,0,0,1,0,1,7,14.3,6,1,0,1,1,2,3,0,Matches
75fdd638,Degnand Gnonto,it ITA,"FW,MF",Leeds United,19-157,2003,12.2,22,15,6,12,4,9,24,37.5,15,17,1,16,4,26,7,0,Matches
9f7c837d,Ben Godfrey,eng ENG,DF,Everton,25-086,1998,7.2,18,10,13,3,2,9,22,40.9,13,10,4,6,7,25,28,1,Matches
8b57ad2c,João Gomes,br BRA,"MF,FW",Wolves,22-058,2001,2.8,15,6,7,7,1,6,10,60.0,4,5,2,3,2,17,6,0,Matches
f0caab96,Toti Gomes,pt POR,DF,Wolves,24-085,1999,5.4,8,5,5,3,0,4,5,80.0,1,12,6,6,6,14,33,0,Matches
7a11550b,Joe Gomez,eng ENG,DF,Liverpool,25-323,1997,15.3,28,21,15,11,2,11,19,57.9,8,16,11,5,22,50,50,2,Matches
01e5f06e,Sergio Gómez,es ESP,"DF,MF",Manchester City,22-219,2000,1.7,5,2,3,1,1,2,3,66.7,1,4,2,2,2,7,4,0,Matches
2bd83368,Anthony Gordon,eng ENG,"FW,MF",Newcastle Utd,22-046,2001,2.9,11,9,4,5,2,7,14,50.0,7,3,0,3,1,12,0,1,Matches
2bd83368,Anthony Gordon,eng ENG,FW,Everton,22-046,2001,12.2,34,22,17,10,7,8,23,34.8,15,19,0,19,4,38,11,0,Matches
4468ec10,Demarai Gray,eng ENG,"FW,MF",Everton,26-287,1996,24.3,25,19,5,12,8,14,25,56.0,11,18,3,15,11,36,16,0,Matches
b0b4fd3e,Jack Grealish,eng ENG,"FW,MF",Manchester City,27-213,1995,18.9,21,13,8,11,2,11,17,64.7,6,16,2,14,6,27,7,0,Matches
f3354c07,Sam Greenwood,eng ENG,"MF,FW",Leeds United,21-075,2002,3.8,11,7,7,4,0,5,15,33.3,10,9,2,7,1,12,1,0,Matches
8aec0537,Pascal Groß,de GER,"MF,DF",Brighton,31-300,1991,27.2,44,26,17,22,5,20,42,47.6,22,26,8,18,12,56,14,1,Matches
ab13a5aa,Vicente Guaita,es ESP,GK,Crystal Palace,36-091,1987,27.0,0,0,0,0,0,0,0,,0,0,0,0,0,0,9,1,Matches
e6bc67d7,Gonçalo Guedes,pt POR,"FW,MF",Wolves,26-133,1996,7.9,8,6,4,3,1,5,8,62.5,3,4,0,4,1,9,2,0,Matches
d0706b27,Marc Guéhi,eng ENG,DF,Crystal Palace,22-272,2000,29.0,43,21,33,9,1,21,34,61.8,13,41,23,18,38,81,109,3,Matches
82518f62,Bruno Guimarães,br BRA,MF,Newcastle Utd,25-146,1997,21.5,55,26,20,30,5,23,45,51.1,22,24,4,20,25,80,15,1,Matches
819b3158,İlkay Gündoğan,de GER,MF,Manchester City,32-169,1990,21.5,26,16,6,10,10,11,28,39.3,17,15,3,12,17,43,12,0,Matches
56d838f7,Darko Gyabi,eng ENG,FW,Leeds United,19-052,2004,0.1,2,2,1,1,0,0,0,,0,2,0,2,0,2,0,0,Matches
1f44ac21,Erling Haaland,no NOR,FW,Manchester City,22-264,2000,24.2,3,2,0,2,1,1,4,25.0,3,9,3,6,2,5,11,0,Matches
da011f18,Lewis Hall,eng ENG,"DF,MF",Chelsea,18-215,2004,3.4,11,3,10,1,0,8,12,66.7,4,4,0,4,10,21,5,1,Matches
8c3078cd,Luke Harris,wls WAL,"MF,FW",Fulham,18-008,2005,0.1,0,0,0,0,0,0,0,,0,0,0,0,0,0,0,0,Matches
aa849a12,Jack Harrison,eng ENG,"FW,MF",Leeds United,26-142,1996,23.3,34,15,2,15,17,11,40,27.5,29,34,1,33,15,49,16,0,Matches
fed7cb61,Kai Havertz,de GER,"FW,MF",Chelsea,23-304,1999,24.6,33,15,4,19,10,9,28,32.1,19,27,0,27,7,40,37,0,Matches
4fd08daa,Jan Paul van Hecke,nl NED,DF,Brighton,22-307,2000,0.9,2,1,1,1,0,1,1,100.0,0,0,0,0,4,6,3,0,Matches
169fd162,Hwang Hee-chan,kr KOR,FW,Wolves,27-075,1996,8.2,12,6,6,4,2,5,13,38.5,8,13,0,13,2,14,3,0,Matches
e5a76dfe,Dean Henderson,eng ENG,GK,Nott'ham Forest,26-030,1997,18.0,0,0,0,0,0,0,0,,0,0,0,0,0,0,12,1,Matches
935e6b8f,Jordan Henderson,eng ENG,MF,Liverpool,32-298,1990,17.0,22,15,8,10,4,9,20,45.0,11,16,3,13,17,39,13,0,Matches
76eca7e2,Wayne Hennessey,wls WAL,GK,Nott'ham Forest,36-077,1987,2.0,1,0,1,0,0,1,1,100.0,0,0,0,0,0,1,1,0,Matches
8a3c1dc7,Rico Henry,eng ENG,DF,Brentford,25-277,1997,28.7,47,26,18,21,8,18,31,58.1,13,25,7,18,22,69,69,1,Matches
92e7e919,Son Heung-min,kr KOR,"MF,FW",Tottenham,30-277,1992,24.4,19,9,5,8,6,6,21,28.6,15,19,2,17,10,29,5,0,Matches
1780bb4a,Aaron Hickey,sct SCO,DF,Brentford,20-305,2002,14.8,34,23,24,10,0,17,30,56.7,13,13,6,7,16,50,24,0,Matches
bd8a5d95,Joseph Hodge,ie IRL,MF,Wolves,20-209,2002,1.9,5,2,1,3,1,3,4,75.0,1,5,0,5,0,5,2,1,Matches
d79a8c87,Rob Holding,eng ENG,DF,Arsenal,27-203,1995,3.2,5,3,3,2,0,2,2,100.0,0,3,2,1,2,7,19,1,Matches
d0042ab9,Mason Holgate,eng ENG,"DF,MF",Everton,26-171,1996,4.1,8,4,7,1,0,3,6,50.0,3,7,3,4,6,14,24,0,Matches
a0666d3e,Will Hughes,eng ENG,MF,Crystal Palace,27-359,1995,4.9,17,9,7,9,1,6,12,50.0,6,9,4,5,9,26,2,0,Matches
bd9553e6,Omari Hutchinson,eng ENG,FW,Chelsea,19-163,2003,0.3,0,0,0,0,0,0,0,,0,0,0,0,1,1,0,0,Matches
8b04d6c1,Pierre Højbjerg,dk DEN,MF,Tottenham,27-249,1995,28.8,46,24,23,18,5,23,53,43.4,30,41,15,26,42,88,56,1,Matches
c92e1a31,Kelechi Iheanacho,ng NGA,"FW,MF",Leicester City,26-190,1996,8.8,6,2,0,3,3,3,7,42.9,4,5,1,4,0,6,7,0,Matches
07802f7f,Danny Ings,eng ENG,FW,West Ham,30-262,1992,5.4,4,3,0,3,1,1,5,20.0,4,4,2,2,3,7,4,0,Matches
07802f7f,Danny Ings,eng ENG,FW,Aston Villa,30-262,1992,9.2,10,5,1,6,3,1,6,16.7,5,12,1,11,1,11,11,0,Matches
8e92be30,Alexander Isak,se SWE,FW,Newcastle Utd,23-202,1999,9.1,10,5,1,5,4,6,16,37.5,10,13,1,12,2,12,7,0,Matches
10d221cd,Daniel Iversen,dk DEN,GK,Leicester City,25-266,1997,4.0,0,0,0,0,0,0,0,,0,0,0,0,0,0,2,0,Matches
6ca5ec4b,Alex Iwobi,ng NGA,"MF,FW",Everton,26-343,1996,29.5,60,34,33,24,3,29,53,54.7,24,26,1,25,18,78,24,0,Matches
c931d9f9,Daniel James,wls WAL,FW,Leeds United,25-152,1997,2.2,6,2,1,3,2,3,6,50.0,3,4,0,4,2,8,2,0,Matches
c931d9f9,Daniel James,wls WAL,FW,Fulham,25-152,1997,4.5,7,4,3,3,1,4,8,50.0,4,2,1,1,1,8,4,0,Matches
1265a93a,Reece James,eng ENG,"DF,MF",Chelsea,23-124,1999,13.4,30,19,9,18,3,14,18,77.8,4,15,2,13,10,40,23,0,Matches
8449d35e,Vitaly Janelt,de GER,"MF,DF",Brentford,24-336,1998,17.7,46,23,18,20,8,17,35,48.6,18,20,7,13,19,65,22,0,Matches
172e52d8,Pontus Jansson,se SWE,DF,Brentford,32-057,1991,8.0,5,3,4,1,0,3,5,60.0,2,13,9,4,9,14,38,0,Matches
0f134faf,Mathias Jensen,dk DEN,MF,Brentford,27-100,1996,25.6,60,29,23,26,11,29,82,35.4,53,49,5,44,28,88,20,1,Matches
b66315ae,Gabriel Jesus,br BRA,FW,Arsenal,26-008,1997,15.5,22,18,12,5,5,9,20,45.0,11,18,2,16,8,30,10,1,Matches
b561db50,Raúl Jiménez,mx MEX,FW,Wolves,31-341,1991,8.3,9,6,3,5,1,3,5,60.0,2,9,0,9,0,9,8,0,Matches
c17bfb65,Joelinton,br BRA,"MF,FW",Newcastle Utd,26-240,1996,22.8,59,42,30,22,7,22,46,47.8,24,43,6,37,36,95,35,0,Matches
9319781b,Ben Johnson,eng ENG,DF,West Ham,23-077,2000,8.3,20,14,12,4,4,12,18,66.7,6,11,4,7,8,28,25,1,Matches
0cd31129,Brennan Johnson,wls WAL,"FW,MF",Nott'ham Forest,21-323,2001,27.6,22,16,10,5,7,6,19,31.6,13,25,1,24,4,26,3,1,Matches
9e5708be,Sam Johnstone,eng ENG,GK,Crystal Palace,30-017,1993,1.0,0,0,0,0,0,0,0,,0,0,0,0,0,0,1,0,Matches
4fb9c88f,Curtis Jones,eng ENG,"MF,FW",Liverpool,22-071,2001,3.7,7,4,1,3,3,3,8,37.5,5,1,0,1,1,8,4,0,Matches
45db685d,Jorginho,it ITA,MF,Arsenal,31-112,1991,4.3,9,5,2,6,1,1,10,10.0,9,3,1,2,4,13,3,0,Matches
45db685d,Jorginho,it ITA,MF,Chelsea,31-112,1991,14.2,42,23,22,14,6,22,46,47.8,24,18,3,15,21,63,7,0,Matches
6ad43f9a,Mateo Joseph,eng ENG,"FW,MF",Leeds United,19-174,2003,0.3,0,0,0,0,0,0,0,,0,1,0,1,0,0,1,0,Matches
178ae8f8,Diogo Jota,pt POR,"FW,MF",Liverpool,26-128,1996,7.4,15,9,7,5,3,7,25,28.0,18,3,0,3,3,18,7,0,Matches
570bb4b9,Hamed Junior Traorè,ci CIV,"FW,MF",Bournemouth,23-054,2000,4.7,17,11,5,9,3,6,18,33.3,12,9,0,9,2,19,1,0,Matches
fb614c44,James Justin,eng ENG,DF,Leicester City,25-047,1998,13.9,20,18,7,12,1,9,14,64.3,5,24,6,18,15,35,47,0,Matches
0db5d2c8,Mathias Jørgensen,dk DEN,DF,Brentford,32-353,1990,9.1,14,7,8,6,0,8,15,53.3,7,17,11,6,14,28,29,1,Matches
15f24fe7,Sasa Kalajdzic,at AUT,FW,Wolves,25-278,1997,0.5,0,0,0,0,0,0,0,,0,0,0,0,1,1,0,0,Matches
cc77354e,Boubacar Kamara,fr FRA,MF,Aston Villa,23-139,1999,17.4,49,23,21,20,8,24,50,48.0,26,35,11,24,17,66,24,2,Matches
21a66f6a,Harry Kane,eng ENG,FW,Tottenham,29-257,1993,29.8,11,10,1,3,7,5,12,41.7,7,21,5,16,2,13,14,0,Matches
b9fbae28,N'Golo Kanté,fr FRA,MF,Chelsea,32-013,1991,3.1,11,6,3,8,0,3,6,50.0,3,2,0,2,4,15,1,0,Matches
c5b7c315,Michael Keane,eng ENG,DF,Everton,30-090,1993,6.3,3,1,2,1,0,2,2,100.0,0,7,4,3,3,6,39,1,Matches
18b999f4,Neeskens Kebano,cd COD,FW,Fulham,31-032,1992,7.9,12,5,7,5,0,7,13,53.8,6,12,0,12,1,13,8,0,Matches
51dbeea9,Thilo Kehrer,de GER,DF,West Ham,26-202,1996,20.2,35,20,19,12,4,19,40,47.5,21,15,6,9,27,62,60,1,Matches
f25c8e3a,Naby Keïta,gn GUI,MF,Liverpool,28-060,1995,3.3,5,4,2,3,0,1,4,25.0,3,1,0,1,2,7,3,0,Matches
f31def1e,Lloyd Kelly,eng ENG,DF,Bournemouth,24-187,1998,15.0,18,11,13,4,1,8,12,66.7,4,18,11,7,19,37,60,1,Matches
d0f72bf1,Max Kilman,eng ENG,DF,Wolves,25-323,1997,30.0,29,15,22,6,1,13,22,59.1,9,57,35,22,17,46,140,0,Matches
dc3e663e,Jakub Kiwior,pl POL,DF,Arsenal,23-055,2000,0.2,1,0,1,0,0,1,1,100.0,0,0,0,0,0,1,0,0,Matches
282679b4,Mateusz Klich,pl POL,"MF,FW",Leeds United,32-302,1990,3.1,12,8,3,4,5,7,13,53.8,6,4,0,4,0,12,1,0,Matches
ea6bc03a,Robin Koch,de GER,DF,Leeds United,26-268,1996,28.3,44,26,28,13,3,22,40,55.0,18,37,17,20,41,85,126,1,Matches
5ed9b537,Ibrahima Konaté,fr FRA,DF,Liverpool,23-321,1999,10.2,22,12,15,7,0,12,22,54.5,10,10,4,6,16,38,40,2,Matches
0313a347,Ezri Konsa,eng ENG,DF,Aston Villa,25-170,1997,28.9,35,13,21,12,2,16,21,76.2,5,32,17,15,19,54,101,3,Matches
da974c7b,Kalidou Koulibaly,sn SEN,DF,Chelsea,31-295,1991,19.9,43,29,32,8,3,25,39,64.1,14,29,12,17,29,72,76,0,Matches
8d3c902d,Cheikhou Kouyaté,sn SEN,MF,Nott'ham Forest,33-111,1989,8.5,20,15,10,8,2,5,8,62.5,3,14,2,12,8,28,20,0,Matches
79c0821a,Mateo Kovačić,hr CRO,MF,Chelsea,28-340,1994,15.9,32,21,14,13,5,12,29,41.4,17,8,1,7,16,48,13,0,Matches
77cf6852,Emil Krafth,se SWE,DF,Newcastle Utd,28-252,1994,0.0,0,0,0,0,0,0,0,,0,0,0,0,0,0,0,0,Matches
df3cda47,Dejan Kulusevski,se SWE,"MF,FW",Tottenham,22-351,2000,18.1,29,10,19,3,7,12,34,35.3,22,14,0,14,8,37,6,0,Matches
41e7ef1c,Layvin Kurzawa,fr FRA,DF,Fulham,30-219,1992,1.5,3,2,1,1,1,3,3,100.0,0,1,1,0,2,5,4,0,Matches
99813635,Adam Lallana,eng ENG,"MF,FW",Brighton,34-336,1988,8.0,9,4,6,2,1,0,7,0.0,7,6,0,6,2,11,1,0,Matches
f4e433d4,Tariq Lamptey,gh GHA,DF,Brighton,22-193,2000,5.0,11,6,6,4,1,5,7,71.4,2,7,3,4,7,18,2,0,Matches
26f6dca8,Manuel Lanzini,ar ARG,"MF,FW",West Ham,30-055,1993,1.7,0,0,0,0,0,0,2,0.0,2,1,0,1,1,1,0,0,Matches
119b9a8e,Aymeric Laporte,es ESP,DF,Manchester City,28-319,1994,6.2,3,2,2,1,0,1,2,50.0,1,9,3,6,2,5,17,1,Matches
cf7fb13a,Juan Larios,es ESP,DF,Southampton,19-089,2004,1.7,7,6,6,1,0,5,5,100.0,0,2,0,2,3,10,4,0,Matches
450ab6fc,Jamaal Lascelles,eng ENG,DF,Newcastle Utd,29-151,1993,2.2,1,0,1,0,0,1,1,100.0,0,3,2,1,0,1,16,0,Matches
ecad9aa5,Roméo Lavia,be BEL,MF,Southampton,19-095,2004,17.1,40,23,21,16,3,12,25,48.0,13,29,7,22,23,63,13,0,Matches
0bdda685,Dexter Lembikisa,jm JAM,DF,Wolves,19-158,2003,0.3,0,0,0,0,0,0,0,,0,0,0,0,0,0,0,0,Matches
2b471f99,Mario Lemina,ga GAB,MF,Wolves,29-222,1993,7.9,23,16,15,7,1,11,20,55.0,9,15,4,11,11,34,15,0,Matches
4f28a6ff,Clément Lenglet,fr FRA,DF,Tottenham,27-298,1995,17.1,31,20,16,11,4,15,29,51.7,14,23,8,15,14,45,40,2,Matches
2628fd2b,Bernd Leno,de GER,GK,Fulham,31-038,1992,27.0,0,0,0,0,0,0,2,0.0,2,0,0,0,0,0,12,0,Matches
9b5ce51a,Jefferson Lerma,co COL,MF,Bournemouth,28-168,1994,28.3,39,23,18,17,4,16,32,50.0,16,27,13,14,34,73,81,1,Matches
efb9215a,Jamal Lewis,nir NIR,DF,Newcastle Utd,25-076,1998,0.1,0,0,0,0,0,0,0,,0,0,0,0,0,0,0,0,Matches
b57e066e,Rico Lewis,eng ENG,"DF,MF",Manchester City,18-141,2004,6.0,13,8,7,5,1,5,9,55.6,4,4,1,3,3,16,8,0,Matches
41f08ac8,Keane Lewis-Potter,eng ENG,"FW,MF",Brentford,22-048,2001,3.6,1,0,0,1,0,0,0,,0,5,1,4,0,1,2,0,Matches
f5deef4c,Victor Lindelöf,se SWE,DF,Manchester Utd,28-268,1994,6.2,8,6,4,3,1,5,6,83.3,1,7,4,3,10,18,29,0,Matches
810e3c74,Jesse Lingard,eng ENG,"FW,MF",Nott'ham Forest,30-117,1992,10.2,4,4,2,2,0,1,7,14.3,6,11,0,11,5,9,4,0,Matches
bba30585,Diego Llorente,es ESP,DF,Leeds United,29-238,1993,7.2,13,10,8,5,0,4,8,50.0,4,6,2,4,15,28,24,2,Matches
8f62b6ee,Hugo Lloris,fr FRA,GK,Tottenham,36-106,1986,23.0,1,1,1,0,0,1,2,50.0,1,0,0,0,1,2,13,4,Matches
ed9f7cfe,Renan Lodi,br BRA,DF,Nott'ham Forest,25-003,1998,17.3,36,26,25,8,3,23,42,54.8,19,20,5,15,26,62,54,0,Matches
e97fd090,Ruben Loftus-Cheek,eng ENG,"MF,DF",Chelsea,27-078,1996,14.6,23,13,8,12,3,10,19,52.6,9,13,2,11,11,34,21,0,Matches
a2b105e0,Sean Longstaff,eng ENG,MF,Newcastle Utd,25-163,1997,24.9,36,21,12,18,6,18,50,36.0,32,33,7,26,16,52,22,0,Matches
b2856bc0,Jamal Lowe,jm JAM,"MF,FW",Bournemouth,28-264,1994,0.1,0,0,0,0,0,0,0,,0,0,0,0,0,0,0,0,Matches
6f7d826d,Douglas Luiz,br BRA,MF,Aston Villa,24-337,1998,24.6,56,33,25,22,9,24,47,51.1,23,31,6,25,33,89,17,1,Matches
c6e8cf1f,Saša Lukić,rs SRB,MF,Fulham,26-241,1996,2.4,4,3,1,3,0,0,0,,0,4,1,3,1,5,1,0,Matches
b5bf1770,Lyanco,br BRA,DF,Southampton,26-069,1997,7.8,15,10,9,6,0,8,13,61.5,5,10,8,2,13,28,28,2,Matches
83d074ff,Alexis Mac Allister,ar ARG,MF,Brighton,24-108,1998,24.0,55,31,17,31,7,27,58,46.6,31,17,2,15,21,76,6,1,Matches
ee38d9c5,James Maddison,eng ENG,"MF,FW",Leicester City,26-139,1996,21.1,35,18,18,12,5,14,37,37.8,23,9,0,9,12,47,5,1,Matches
bf34eebd,Noni Madueke,eng ENG,"FW,DF",Chelsea,21-032,2002,2.4,4,4,2,2,0,2,2,100.0,0,9,1,8,1,5,1,0,Matches
d8931174,Harry Maguire,eng ENG,DF,Manchester Utd,30-037,1993,6.4,6,4,5,0,1,4,5,80.0,1,16,11,5,7,13,27,0,Matches
892d5bb1,Riyad Mahrez,dz ALG,"FW,MF",Manchester City,32-049,1991,13.4,15,7,2,6,7,9,24,37.5,15,18,0,18,5,20,2,0,Matches
c6220452,Kobbie Mainoo,eng ENG,MF,Manchester Utd,17-357,2005,0.1,0,0,0,0,0,0,0,,0,1,1,0,0,0,0,0,Matches
e3a5814e,Ainsley Maitland-Niles,eng ENG,"DF,MF",Southampton,25-225,1997,11.9,39,21,21,15,3,25,35,71.4,10,21,4,17,15,54,37,0,Matches
6b6c793c,Tyrell Malacia,nl NED,DF,Manchester Utd,23-237,1999,11.8,34,24,26,7,1,9,18,50.0,9,12,3,9,19,53,41,0,Matches
a572e291,Orel Mangala,be BEL,MF,Nott'ham Forest,25-024,1998,10.3,16,9,8,6,2,8,18,44.4,10,14,4,10,12,28,6,0,Matches
758dd7f0,Javier Manquillo,es ESP,DF,Newcastle Utd,28-341,1994,0.2,2,1,2,0,0,1,1,100.0,0,0,0,0,0,2,0,0,Matches
3544641e,Sekou Mara,fr FRA,"FW,MF",Southampton,20-255,2002,5.8,14,10,5,8,1,3,9,33.3,6,11,0,11,1,15,5,0,Matches
bb5fbd2b,Solly March,eng ENG,"FW,DF",Brighton,28-265,1994,26.9,43,23,13,12,18,5,22,22.7,17,31,3,28,21,64,27,0,Matches
4d960fc3,Emiliano Marcondes,dk DEN,MF,Bournemouth,28-033,1995,0.1,0,0,0,0,0,0,0,,0,0,0,0,0,0,1,0,Matches
59878425,Marquinhos,br BRA,MF,Arsenal,20-004,2003,0.0,0,0,0,0,0,0,0,,0,0,0,0,0,0,0,0,Matches
8b788c01,Anthony Martial,fr FRA,FW,Manchester Utd,27-127,1995,6.0,0,0,0,0,0,0,2,0.0,2,4,0,4,1,1,2,0,Matches
48a5a5d6,Martinelli,br BRA,FW,Arsenal,21-297,2001,27.0,22,12,9,7,6,4,16,25.0,12,20,1,19,9,31,12,0,Matches
7956236f,Emiliano Martínez,ar ARG,GK,Aston Villa,30-221,1992,27.4,0,0,0,0,0,0,2,0.0,2,0,0,0,1,1,14,1,Matches
bac46a10,Lisandro Martínez,ar ARG,DF,Manchester Utd,25-083,1998,23.5,54,28,33,18,3,30,43,69.8,13,51,27,24,33,87,103,0,Matches
feb5d972,Pape Matar Sarr,sn SEN,MF,Tottenham,20-209,2002,1.6,6,5,4,1,1,3,7,42.9,4,2,1,1,5,11,4,0,Matches
50e6dc35,Jean-Philippe Mateta,fr FRA,FW,Crystal Palace,25-287,1997,7.9,6,1,2,3,1,1,3,33.3,2,3,1,2,3,9,16,0,Matches
b217ef29,Joël Matip,cm CMR,DF,Liverpool,31-246,1991,10.1,13,7,11,2,0,10,19,52.6,9,7,3,4,13,26,40,3,Matches
4bcf39f6,Neal Maupay,fr FRA,FW,Everton,26-240,1996,10.8,10,5,2,4,4,1,2,50.0,1,5,0,5,5,15,0,0,Matches
493924a7,Kevin Mbabu,ch SUI,"DF,FW",Fulham,27-357,1995,1.6,3,2,2,1,0,1,3,33.3,2,2,0,2,3,6,3,0,Matches
6afaebf2,Bryan Mbeumo,cm CMR,FW,Brentford,23-247,1999,25.0,19,13,5,10,4,6,34,17.6,28,14,0,14,6,25,15,0,Matches
cee31595,James McArthur,sct SCO,MF,Crystal Palace,35-186,1987,0.2,1,1,1,0,0,1,1,100.0,0,0,0,0,0,1,1,0,Matches
90f91999,John McGinn,sct SCO,MF,Aston Villa,28-175,1994,21.9,52,29,22,25,5,28,52,53.8,24,34,4,30,19,71,12,0,Matches
4e5a4cbc,Scott McKenna,sct SCO,DF,Nott'ham Forest,26-150,1996,16.2,12,7,7,3,2,6,10,60.0,4,20,14,6,11,23,81,1,Matches
01c3aff5,Weston McKennie,us USA,MF,Leeds United,24-226,1998,8.7,17,8,3,12,2,4,18,22.2,14,14,2,12,13,30,19,0,Matches
fc15fb84,Dwight McNeil,eng ENG,"FW,MF",Everton,23-140,1999,19.8,53,34,31,9,13,21,45,46.7,24,34,3,31,20,73,24,0,Matches
d93c2511,Scott McTominay,sct SCO,MF,Manchester Utd,26-124,1996,12.5,32,19,16,10,6,13,21,61.9,8,14,5,9,13,45,44,0,Matches
8df7a2fb,Ben Mee,eng ENG,DF,Brentford,33-202,1989,28.3,30,19,19,9,2,13,26,50.0,13,41,32,9,40,70,94,1,Matches
33887998,Edouard Mendy,sn SEN,GK,Chelsea,31-041,1992,8.5,0,0,0,0,0,0,0,,0,0,0,0,0,0,3,2,Matches
1598599e,Nampalys Mendy,sn SEN,MF,Leicester City,30-292,1992,7.8,12,8,7,5,0,7,14,50.0,7,18,4,14,13,25,2,0,Matches
fed96827,Chris Mepham,wls WAL,DF,Bournemouth,25-157,1997,20.4,33,16,27,6,0,11,18,61.1,7,34,24,10,22,55,127,0,Matches
6b625ac2,Illan Meslier,fr FRA,GK,Leeds United,23-040,2000,30.0,2,1,2,0,0,2,4,50.0,2,0,0,0,1,3,22,1,Matches
10ec4169,Alexander Mighten,eng ENG,FW,Nott'ham Forest,21-000,2002,0.1,0,0,0,0,0,0,1,0.0,1,0,0,0,0,0,0,0,Matches
2ce2508a,Luka Milivojević,rs SRB,MF,Crystal Palace,32-004,1991,4.8,12,7,7,3,2,7,8,87.5,1,11,3,8,12,24,10,0,Matches
2f90f6b8,James Milner,eng ENG,"MF,DF",Liverpool,37-097,1986,8.2,21,11,10,8,3,12,29,41.4,17,13,2,11,12,33,14,0,Matches
6d5701f2,Yerry Mina,co COL,DF,Everton,28-200,1994,2.6,9,4,4,5,0,7,7,100.0,0,2,1,1,2,11,9,0,Matches
8397a50c,Tyrone Mings,eng ENG,DF,Aston Villa,30-029,1993,27.0,10,3,6,4,0,5,14,35.7,9,31,18,13,41,51,116,2,Matches
5cbd1eb0,Tyrick Mitchell,eng ENG,DF,Crystal Palace,23-222,1999,24.1,53,36,30,20,3,20,40,50.0,20,36,9,27,31,84,62,0,Matches
74618572,Kaoru Mitoma,jp JPN,"FW,MF",Brighton,25-326,1997,17.1,31,20,11,12,8,13,25,52.0,12,19,0,19,9,40,8,0,Matches
3925dbd6,Aleksandar Mitrović,rs SRB,FW,Fulham,28-207,1994,20.1,14,7,8,4,2,5,10,50.0,5,20,5,15,3,17,19,1,Matches
01ce9e70,Kieffer Moore,wls WAL,FW,Bournemouth,30-246,1992,12.4,13,11,2,8,3,5,16,31.3,11,10,5,5,1,14,20,0,Matches
c4720845,Andrew Moran,ie IRL,FW,Brighton,19-178,2003,0.1,0,0,0,0,0,0,0,,0,1,0,1,0,0,0,0,Matches
16e9d0ea,Álex Moreno,es ESP,DF,Aston Villa,29-307,1993,9.3,16,10,12,2,2,11,25,44.0,14,13,3,10,4,20,21,2,Matches
9674002f,Mason Mount,eng ENG,"MF,FW",Chelsea,24-091,1999,18.1,32,18,6,16,10,14,27,51.9,13,24,6,18,8,40,9,0,Matches
2b622f01,Lucas Moura,br BRA,"MF,DF",Tottenham,30-241,1992,1.4,7,5,1,2,4,1,2,50.0,1,0,0,0,2,9,1,0,Matches
f5a00fa4,João Moutinho,pt POR,MF,Wolves,36-215,1986,19.2,51,30,24,21,6,19,44,43.2,25,21,6,15,18,69,20,0,Matches
92868cb5,Divin Mubama,eng ENG,FW,West Ham,18-168,2004,0.0,0,0,0,0,0,0,0,,0,0,0,0,0,0,0,0,Matches
049a888d,Mykhailo Mudryk,ua UKR,"FW,MF",Chelsea,22-096,2001,3.9,8,7,1,3,4,3,8,37.5,5,5,1,4,0,8,2,0,Matches
de112b84,Jacob Murphy,eng ENG,FW,Newcastle Utd,28-046,1995,10.4,12,6,3,6,3,6,14,42.9,8,13,0,13,4,16,3,0,Matches
1d5cab82,Enock Mwepu,zm ZAM,"FW,MF",Brighton,25-100,1998,2.4,10,5,1,6,3,3,4,75.0,1,3,1,2,1,11,1,0,Matches
30d4a2e5,Vitaliy Mykolenko,ua UKR,"DF,MF",Everton,23-317,1999,24.5,49,26,31,15,3,22,40,55.0,18,41,15,26,34,83,78,0,Matches
ecada4fc,Keylor Navas,cr CRC,GK,Nott'ham Forest,36-117,1986,10.0,0,0,0,0,0,0,0,,0,0,0,0,1,1,6,0,Matches
6b47c5db,Wilfred Ndidi,ng NGA,"MF,DF",Leicester City,26-116,1996,14.8,44,32,23,18,3,11,33,33.3,22,24,11,13,30,74,38,3,Matches
c5bdb6e3,Reiss Nelson,eng ENG,FW,Arsenal,23-122,1999,1.2,2,1,2,0,0,2,2,100.0,0,1,0,1,0,2,1,0,Matches
a9dc785c,Neto,br BRA,GK,Bournemouth,33-266,1989,19.5,2,0,2,0,0,2,2,100.0,0,0,0,0,0,2,5,3,Matches
7ba2eaa9,Pedro Neto,pt POR,"FW,MF",Wolves,23-033,2000,8.3,10,6,4,2,4,6,13,46.2,7,2,0,2,3,13,4,0,Matches
44bfb6c5,Rúben Neves,pt POR,MF,Wolves,26-029,1997,27.6,66,36,27,26,13,25,61,41.0,36,46,20,26,41,107,73,1,Matches
00242715,Moussa Niakhate,sn SEN,DF,Nott'ham Forest,27-034,1996,5.8,3,2,3,0,0,3,8,37.5,5,6,3,3,4,7,32,0,Matches
39769cff,Rasmus Nissen,dk DEN,DF,Leeds United,25-274,1997,14.8,46,25,26,14,6,29,47,61.7,18,23,10,13,24,70,39,0,Matches
a53649b7,Eddie Nketiah,eng ENG,FW,Arsenal,23-316,1999,11.1,12,9,5,2,5,2,7,28.6,5,7,1,6,1,13,7,0,Matches
e6af02e0,Matheus Nunes,pt POR,MF,Wolves,24-227,1998,20.8,52,34,26,17,9,20,45,44.4,25,21,2,19,11,63,26,1,Matches
4d77b365,Darwin Núñez,uy URU,FW,Liverpool,23-291,1999,16.4,10,4,2,3,5,4,15,26.7,11,9,0,9,3,13,11,0,Matches
7f94982c,Ethan Nwaneri,eng ENG,FW,Arsenal,16-021,2007,0.0,0,0,0,0,0,0,0,,0,1,0,1,0,0,0,0,Matches
df0a4c90,Christian Nørgaard,dk DEN,MF,Brentford,29-032,1994,18.1,44,27,20,22,2,18,46,39.1,28,30,8,22,32,76,39,2,Matches
089667a5,Lewis O'Brien,eng ENG,MF,Nott'ham Forest,24-179,1998,6.5,16,9,4,11,1,6,12,50.0,6,13,2,11,5,21,9,0,Matches
74b2cd7e,Angelo Ogbonna,it ITA,DF,West Ham,34-323,1988,8.9,11,4,7,4,0,5,6,83.3,1,6,3,3,12,23,46,1,Matches
c4486bac,Michael Olise,fr FRA,"FW,MF",Crystal Palace,21-120,2001,22.6,45,26,22,20,3,19,43,44.2,24,36,1,35,19,64,12,0,Matches
e7ee38c3,Robin Olsen,se SWE,GK,Aston Villa,33-093,1990,2.6,0,0,0,0,0,0,1,0.0,1,0,0,0,0,0,1,0,Matches
828657ff,Amadou Onana,be BEL,MF,Everton,21-238,2001,24.5,63,41,23,35,5,27,39,69.2,12,23,5,18,28,91,34,0,Matches
6612cd8c,Josh Onomah,eng ENG,MF,Fulham,25-349,1997,0.2,1,0,1,0,0,0,0,,0,1,0,1,0,1,0,0,Matches
c06d1086,Paul Onuachu,ng NGA,FW,Southampton,28-318,1994,3.2,1,1,0,1,0,0,1,0.0,1,2,1,1,0,1,1,0,Matches
2944f86f,Frank Onyeka,ng NGA,MF,Brentford,25-100,1998,5.6,12,9,6,5,1,7,16,43.8,9,10,2,8,6,18,12,0,Matches
ee950928,Mislav Oršić,hr CRO,MF,Southampton,30-103,1992,0.1,1,1,1,0,0,0,0,,0,0,0,0,0,1,0,0,Matches
2f9e4435,Dango Ouattara,bf BFA,"MF,FW",Bournemouth,21-059,2002,9.2,17,10,12,3,2,11,20,55.0,9,11,2,9,9,26,19,1,Matches
38c7feef,Alex Oxlade-Chamberlain,eng ENG,"FW,MF",Liverpool,29-239,1993,3.7,5,4,1,2,2,1,5,20.0,4,5,2,3,1,6,4,0,Matches
d00d45ab,David Ozoh,,FW,Crystal Palace,17-315,2005,0.0,0,0,0,0,0,0,0,,0,0,0,0,0,0,0,0,Matches
a78ff07f,João Palhinha,pt POR,MF,Fulham,27-276,1995,25.7,105,60,34,48,23,48,86,55.8,38,37,4,33,35,140,52,1,Matches
dc7f8a28,Cole Palmer,eng ENG,"FW,MF",Manchester City,20-340,2002,1.3,3,1,0,1,2,1,1,100.0,0,0,0,0,1,4,1,0,Matches
e0bc6fdc,Emerson Palmieri,it ITA,DF,West Ham,28-251,1994,10.9,18,9,6,10,2,9,18,50.0,9,13,3,10,10,28,26,0,Matches
9b6f7fd5,Lucas Paquetá,br BRA,MF,West Ham,25-227,1997,16.6,47,34,15,25,7,18,47,38.3,29,32,3,29,12,59,28,0,Matches
529f49ab,Thomas Partey,gh GHA,MF,Arsenal,29-302,1993,22.3,58,35,16,29,13,25,45,55.6,20,21,5,16,25,83,37,1,Matches
230f0471,Nathan Patterson,sct SCO,"DF,MF",Everton,21-177,2001,11.0,39,17,25,11,3,23,36,63.9,13,19,3,16,11,50,35,0,Matches
a6b461e7,Ben Pearson,eng ENG,MF,Bournemouth,28-097,1995,3.2,7,3,3,3,1,1,3,33.3,2,4,0,4,2,9,6,0,Matches
ac7e7b1c,Facundo Pellistri,uy URU,"FW,MF",Manchester Utd,21-112,2001,0.6,0,0,0,0,0,0,0,,0,0,0,0,0,0,3,0,Matches
6639e500,Andreas Pereira,br BRA,MF,Fulham,27-100,1996,26.7,13,6,2,4,7,6,27,22.2,21,21,3,18,4,17,8,0,Matches
75a72a99,Ricardo Pereira,pt POR,"DF,MF",Leicester City,29-187,1993,4.3,8,5,6,2,0,5,14,35.7,9,5,1,4,4,12,16,0,Matches
819aa8e7,Ayoze Pérez,es ESP,"MF,FW",Leicester City,29-256,1993,4.2,11,8,5,4,2,8,19,42.1,11,6,0,6,2,13,3,0,Matches
6fe90922,Ivan Perišić,hr CRO,"DF,MF",Tottenham,34-068,1989,19.5,36,19,21,8,7,22,38,57.9,16,26,5,21,18,54,37,1,Matches
6dfd8f05,Romain Perraud,fr FRA,DF,Southampton,25-201,1997,19.0,48,28,20,22,6,23,43,53.5,20,23,5,18,18,66,36,0,Matches
53552942,Máximo Perrone,ar ARG,MF,Manchester City,20-094,2003,0.2,0,0,0,0,0,0,0,,0,1,0,1,0,0,0,0,Matches
4f565d77,Kalvin Phillips,eng ENG,MF,Manchester City,27-130,1995,0.8,4,3,1,3,0,2,5,40.0,3,3,1,2,2,6,5,0,Matches
515ebe8d,Nathaniel Phillips,eng ENG,DF,Liverpool,26-021,1997,0.7,2,1,0,2,0,2,2,100.0,0,0,0,0,2,4,1,0,Matches
4806ec67,Jordan Pickford,eng ENG,GK,Everton,29-035,1994,29.0,0,0,0,0,0,0,0,,0,0,0,0,3,3,15,3,Matches
e541326e,Ethan Pinnock,jm JAM,DF,Brentford,29-317,1993,22.0,33,20,18,9,6,11,17,64.7,6,30,23,7,23,56,175,1,Matches
7fcc71d8,Daniel Podence,pt POR,"FW,MF",Wolves,27-172,1995,18.0,27,17,13,9,5,6,28,21.4,22,19,0,19,6,33,6,0,Matches
4b40d9ca,Nick Pope,eng ENG,GK,Newcastle Utd,30-357,1992,28.2,1,0,1,0,0,1,3,33.3,2,0,0,0,0,1,20,2,Matches
27d0a506,Pedro Porro,es ESP,DF,Tottenham,23-210,1999,5.7,7,3,2,5,0,1,11,9.1,10,9,1,8,4,11,12,0,Matches
86695068,Dennis Praet,be BEL,"MF,FW",Leicester City,28-332,1994,6.1,11,8,5,5,1,6,9,66.7,3,10,2,8,5,16,5,0,Matches
b9403c99,Isaac Price,nir NIR,MF,Everton,19-197,2003,0.4,0,0,0,0,0,0,1,0.0,1,1,1,0,0,0,0,0,Matches
1bf33a9a,Christian Pulisic,us USA,"FW,DF",Chelsea,24-205,1998,8.1,11,6,3,6,2,3,5,60.0,2,6,1,5,4,15,4,0,Matches
466fb2c5,Aaron Ramsdale,eng ENG,GK,Arsenal,24-332,1998,30.0,1,1,1,0,0,1,1,100.0,0,0,0,0,0,1,15,5,Matches
1544f145,Jacob Ramsey,eng ENG,"MF,FW",Aston Villa,21-318,2001,21.5,58,36,21,28,9,28,53,52.8,25,44,8,36,20,78,26,0,Matches
a1d5bd30,Marcus Rashford,eng ENG,FW,Manchester Utd,25-162,1997,26.5,19,9,7,8,4,9,20,45.0,11,27,4,23,6,25,12,0,Matches
98ea5115,David Raya,es ESP,GK,Brentford,27-208,1995,30.0,0,0,0,0,0,0,2,0.0,2,1,0,1,1,1,9,2,Matches
28b40c9c,Tim Ream,us USA,DF,Fulham,35-188,1987,29.0,28,14,14,11,3,11,24,45.8,13,41,21,20,40,68,104,2,Matches
ab651565,Nathan Redmond,eng ENG,DF,Southampton,29-036,1994,0.0,0,0,0,0,0,0,0,,0,0,0,0,0,0,0,0,Matches
803ae100,Harrison Reed,eng ENG,MF,Fulham,28-074,1995,24.9,32,20,11,16,5,11,37,29.7,26,38,7,31,17,49,30,0,Matches
0f7533cd,Bobby Reid,jm JAM,"FW,DF",Fulham,30-068,1993,24.1,37,22,13,11,13,15,30,50.0,15,21,3,18,18,55,26,0,Matches
1c7012b8,Declan Rice,eng ENG,MF,West Ham,24-087,1999,29.0,64,30,34,28,2,23,35,65.7,12,35,13,22,47,111,52,0,Matches
0a3d6d2b,Chris Richards,us USA,DF,Crystal Palace,23-014,2000,4.0,7,5,6,1,0,4,6,66.7,2,9,1,8,8,15,28,0,Matches
fa031b34,Richarlison,br BRA,"MF,FW",Tottenham,25-336,1997,8.3,19,14,12,4,3,11,23,47.8,12,12,1,11,5,24,8,0,Matches
7a1f2c08,Jaïro Riedewald,nl NED,"DF,FW",Crystal Palace,26-214,1996,0.5,2,1,2,0,0,0,1,0.0,1,1,0,1,0,2,4,0,Matches
71ef519e,Matt Ritchie,sct SCO,"FW,MF",Newcastle Utd,33-213,1989,0.4,1,1,0,1,0,1,2,50.0,1,0,0,0,1,2,0,0,Matches
2e4f5f03,Andrew Robertson,sct SCO,DF,Liverpool,29-031,1994,21.7,28,19,10,12,6,15,30,50.0,15,20,5,15,17,45,38,1,Matches
289601e6,Antonee Robinson,us USA,DF,Fulham,25-246,1997,25.3,44,25,32,10,2,31,39,79.5,8,42,11,31,37,81,60,1,Matches
da27e268,Marc Roca,es ESP,MF,Leeds United,26-136,1996,21.0,57,36,20,32,5,18,57,31.6,39,26,8,18,21,78,19,1,Matches
17acc2ed,Marek Rodák,sk SVK,GK,Fulham,26-119,1996,2.0,0,0,0,0,0,0,0,,0,0,0,0,0,0,1,1,Matches
6434f10d,Rodri,es ESP,MF,Manchester City,26-293,1996,26.7,58,36,24,24,10,23,44,52.3,21,37,13,24,28,86,31,1,Matches
1fb1c435,Rodrigo,es ESP,"FW,MF",Leeds United,32-036,1991,15.8,15,7,1,10,4,6,13,46.2,7,11,2,9,5,20,17,1,Matches
57c94db2,Mads Roerslev,dk DEN,DF,Brentford,23-291,1999,11.2,20,12,17,3,0,14,28,50.0,14,12,5,7,9,29,34,0,Matches
a3d94a58,Cristian Romero,ar ARG,DF,Tottenham,24-349,1998,20.3,54,26,32,21,1,21,34,61.8,13,28,12,16,29,83,75,2,Matches
4b511457,Oriol Romeu,es ESP,MF,Southampton,31-199,1991,0.8,1,0,0,1,0,0,0,,0,1,0,1,1,2,1,0,Matches
dea698d9,Cristiano Ronaldo,pt POR,FW,Manchester Utd,38-065,1985,5.8,2,2,1,0,1,1,2,50.0,1,0,0,0,1,3,9,0,Matches
1b804500,Connor Ronan,ie IRL,MF,Wolves,25-036,1998,0.0,0,0,0,0,0,0,0,,0,0,0,0,0,0,0,0,Matches
b318a643,Salomón Rondón,ve VEN,FW,Everton,33-207,1989,1.2,0,0,0,0,0,0,0,,0,1,1,0,0,0,0,0,Matches
10a10454,Joe Rothwell,eng ENG,MF,Bournemouth,28-090,1995,6.5,8,5,2,6,0,2,9,22.2,7,8,2,6,6,14,3,0,Matches
c64c01fc,Georginio Rutter,fr FRA,"FW,MF",Leeds United,20-356,2002,2.4,9,8,5,3,1,5,7,71.4,2,4,0,4,3,12,3,0,Matches
903b6e8b,José Sá,pt POR,GK,Wolves,30-084,1993,30.0,1,0,1,0,0,1,1,100.0,0,0,0,0,0,1,9,2,Matches
e280527c,Marcel Sabitzer,at AUT,MF,Manchester Utd,29-025,1994,5.7,11,7,3,8,0,2,11,18.2,9,6,2,4,6,17,10,0,Matches
2b16cb1a,Allan Saint-Maximin,fr FRA,FW,Newcastle Utd,26-030,1997,11.1,6,3,3,3,0,2,8,25.0,6,3,0,3,4,10,2,0,Matches
bc7dc64d,Bukayo Saka,eng ENG,FW,Arsenal,21-218,2001,28.0,43,25,17,11,15,12,27,44.4,15,32,0,32,13,56,18,0,Matches
e342ad68,Mohamed Salah,eg EGY,FW,Liverpool,30-300,1992,27.8,14,9,3,3,8,7,18,38.9,11,18,0,18,5,19,3,0,Matches
972aeb2a,William Saliba,fr FRA,DF,Arsenal,22-018,2001,26.8,34,20,23,9,2,15,18,83.3,3,13,10,3,19,53,85,4,Matches
0b33f6ad,Mohammed Salisu,gh GHA,DF,Southampton,23-359,1999,21.9,51,29,33,16,2,24,34,70.6,10,56,25,31,31,82,122,1,Matches
1b4f1169,Albert Sambi Lokonga,be BEL,MF,Arsenal,23-171,1999,2.2,1,1,0,0,1,0,2,0.0,2,1,0,1,5,6,2,0,Matches
1b4f1169,Albert Sambi Lokonga,be BEL,MF,Crystal Palace,23-171,1999,5.2,13,10,7,4,2,8,12,66.7,4,7,3,4,7,20,9,0,Matches
da7b447d,Davinson Sánchez,co COL,DF,Tottenham,26-303,1996,6.5,15,6,10,4,1,9,10,90.0,1,9,6,3,10,25,26,0,Matches
6a713852,Robert Sánchez,es ESP,GK,Brighton,25-144,1997,22.0,1,0,1,0,0,0,0,,0,0,0,0,3,4,8,2,Matches
dbf053da,Jadon Sancho,eng ENG,"FW,MF",Manchester Utd,23-017,2000,12.2,11,7,6,3,2,6,17,35.3,11,11,1,10,6,17,5,0,Matches
6e7f1353,Morgan Sanson,fr FRA,MF,Aston Villa,28-236,1994,0.1,2,1,1,1,0,1,1,100.0,0,0,0,0,0,2,0,0,Matches
9744ff80,Pablo Sarabia,es ESP,"FW,MF",Wolves,30-335,1992,6.4,9,6,2,4,3,5,13,38.5,8,4,0,4,1,10,1,0,Matches
ac0d576d,Jeremy Sarmiento,ec ECU,MF,Brighton,20-299,2002,2.0,6,3,4,1,1,2,5,40.0,3,2,0,2,1,7,0,0,Matches
8790f988,Gianluca Scamacca,it ITA,FW,West Ham,24-100,1999,10.3,10,5,1,3,6,2,2,100.0,0,3,0,3,4,14,5,0,Matches
2964fd20,Gustavo Scarpa,br BRA,"MF,FW",Nott'ham Forest,29-096,1994,2.0,5,2,3,1,1,2,5,40.0,3,4,0,4,0,5,3,0,Matches
52afb588,Kevin Schade,de GER,"FW,MF",Brentford,21-135,2001,3.5,7,4,4,2,1,3,6,50.0,3,5,0,5,2,9,1,0,Matches
c8aa95da,Fabian Schär,ch SUI,DF,Newcastle Utd,31-112,1991,26.8,35,14,26,8,1,18,26,69.2,8,27,16,11,43,78,109,0,Matches
3312f911,Jeffrey Schlupp,gh GHA,"MF,FW",Crystal Palace,30-109,1992,24.3,54,37,25,24,5,22,40,55.0,18,35,7,28,22,76,34,0,Matches
d04b94db,Nélson Semedo,pt POR,DF,Wolves,29-146,1993,21.8,61,36,42,16,3,30,52,57.7,22,33,13,20,22,83,62,1,Matches
efd2ec23,Antoine Semenyo,gh GHA,"FW,MF",Bournemouth,23-094,2000,2.7,1,0,0,0,1,1,6,16.7,5,10,1,9,2,3,4,0,Matches
35141f4c,Marcos Senesi,ar ARG,DF,Bournemouth,25-336,1997,22.8,41,29,23,18,0,17,32,53.1,15,35,17,18,32,73,123,1,Matches
6aa3e78b,Ryan Sessegnon,eng ENG,DF,Tottenham,22-328,2000,9.0,16,11,9,7,0,6,12,50.0,6,8,1,7,6,22,17,1,Matches
9c94165b,Luke Shaw,eng ENG,DF,Manchester Utd,27-273,1995,21.9,41,23,24,15,2,24,30,80.0,6,41,11,30,26,67,42,2,Matches
3727dd3c,Jonjo Shelvey,eng ENG,MF,Newcastle Utd,31-043,1992,0.4,1,0,1,0,0,0,1,0.0,1,1,0,1,0,1,0,0,Matches
3727dd3c,Jonjo Shelvey,eng ENG,MF,Nott'ham Forest,31-043,1992,6.0,2,1,0,1,1,1,9,11.1,8,7,2,5,5,7,10,1,Matches
3eb22ec9,Bernardo Silva,pt POR,"MF,FW",Manchester City,28-244,1994,20.3,41,22,11,23,7,18,36,50.0,18,19,3,16,14,55,5,0,Matches
86e7deaf,Thiago Silva,br BRA,DF,Chelsea,38-201,1984,20.1,34,22,19,15,0,18,24,75.0,6,30,22,8,29,63,91,2,Matches
26d3b5be,Ellis Simms,eng ENG,FW,Everton,22-096,2001,2.2,0,0,0,0,0,0,0,,0,0,0,0,0,0,1,0,Matches
8e16dd48,Luis Sinisterra,co COL,FW,Leeds United,23-298,1999,8.2,19,13,7,9,3,10,16,62.5,6,10,1,9,8,27,1,0,Matches
6250083a,Oliver Skipp,eng ENG,MF,Tottenham,22-207,2000,9.1,16,9,9,6,1,6,15,40.0,9,8,2,6,6,22,12,0,Matches
20b104bc,Adam Smith,eng ENG,DF,Bournemouth,31-347,1991,27.4,42,24,22,17,3,26,56,46.4,30,27,12,15,18,60,68,1,Matches
17695062,Emile Smith Rowe,eng ENG,"FW,MF",Arsenal,22-257,2000,1.4,1,1,1,0,0,1,2,50.0,1,0,0,0,0,1,2,0,Matches
839c14e1,Cédric Soares,pt POR,DF,Arsenal,31-223,1991,0.3,0,0,0,0,0,0,1,0.0,1,1,0,1,0,0,1,0,Matches
839c14e1,Cédric Soares,pt POR,DF,Fulham,31-223,1991,0.9,3,3,1,1,1,2,2,100.0,0,0,0,0,0,3,3,0,Matches
e77dc3b2,Dominic Solanke,eng ENG,FW,Bournemouth,25-209,1997,23.8,8,5,5,1,2,3,15,20.0,12,20,5,15,2,10,36,0,Matches
886f9aac,Manor Solomon,il ISR,FW,Fulham,23-261,1999,4.6,19,11,11,6,2,9,10,90.0,1,5,0,5,4,23,3,0,Matches
6613c819,Tomáš Souček,cz CZE,MF,West Ham,28-043,1995,24.6,66,32,35,25,6,23,48,47.9,25,38,15,23,40,106,54,1,Matches
ae59b359,Boubakary Soumaré,fr FRA,MF,Leicester City,24-043,1999,11.3,41,26,19,20,2,17,28,60.7,11,8,2,6,20,61,19,0,Matches
0a6cb1b1,Harry Souttar,au AUS,DF,Leicester City,24-171,1998,9.0,13,8,9,4,0,7,16,43.8,9,13,9,4,11,24,36,0,Matches
21166ff4,Çağlar Söyüncü,tr TUR,DF,Leicester City,26-323,1996,0.9,2,1,1,1,0,1,1,100.0,0,2,1,1,1,3,2,0,Matches
9bc9a519,Djed Spence,eng ENG,"FW,DF",Tottenham,22-245,2000,0.1,0,0,0,0,0,0,0,,0,0,0,0,0,0,0,0,Matches
558807c0,Jack Stacey,eng ENG,DF,Bournemouth,27-005,1996,3.3,5,4,3,1,1,2,5,40.0,3,3,1,2,5,10,15,0,Matches
6992791d,Junior Stanislas,eng ENG,MF,Bournemouth,33-136,1989,0.7,0,0,0,0,0,0,0,,0,2,1,1,0,0,0,0,Matches
b2626673,Jay Stansfield,eng ENG,FW,Fulham,20-138,2002,1.0,0,0,0,0,0,0,2,0.0,2,4,1,3,1,1,1,0,Matches
28300a16,Jason Steele,eng ENG,GK,Brighton,32-236,1990,6.0,0,0,0,0,0,0,0,,0,0,0,0,0,0,1,1,Matches
6adbc307,Jack Stephens,eng ENG,DF,Southampton,29-074,1994,0.5,2,2,2,0,0,1,1,100.0,0,1,1,0,1,3,2,0,Matches
6adbc307,Jack Stephens,eng ENG,DF,Bournemouth,29-074,1994,11.0,14,10,9,4,1,5,9,55.6,4,20,13,7,12,26,46,0,Matches
b400bde0,Raheem Sterling,eng ENG,"FW,MF",Chelsea,28-124,1994,15.7,12,7,4,2,6,5,11,45.5,6,12,0,12,1,13,3,0,Matches
5eecec3d,John Stones,eng ENG,"DF,MF",Manchester City,28-318,1994,15.7,18,10,9,5,4,4,6,66.7,2,13,7,6,6,24,29,0,Matches
f4d296e4,Pascal Struijk,nl NED,DF,Leeds United,23-243,1999,21.7,71,48,35,27,9,40,65,61.5,25,31,12,19,28,99,60,0,Matches
a62f8bf1,Kamaldeen Sulemana,gh GHA,"FW,MF",Southampton,21-055,2002,6.9,10,6,2,4,4,2,9,22.2,7,13,0,13,2,12,3,0,Matches
df04eb4b,Crysencio Summerville,nl NED,FW,Leeds United,21-163,2001,12.3,23,16,11,11,1,8,17,47.1,9,15,2,13,8,31,9,0,Matches
b017b770,Sam Surridge,eng ENG,FW,Nott'ham Forest,24-257,1998,3.1,4,0,1,2,1,0,3,0.0,3,4,2,2,0,4,6,0,Matches
e9971f2d,Japhet Tanganga,eng ENG,DF,Tottenham,24-011,1999,1.6,3,2,3,0,0,1,5,20.0,4,1,0,1,2,5,6,0,Matches
e514ab62,Matt Targett,eng ENG,DF,Newcastle Utd,27-205,1995,4.8,12,9,7,3,2,9,16,56.3,7,4,1,3,7,19,12,0,Matches
15ea812b,James Tarkowski,eng ENG,DF,Everton,30-143,1992,30.0,36,21,28,7,1,13,28,46.4,15,84,65,19,37,73,158,3,Matches
5c0da4a4,Marcus Tavernier,eng ENG,"MF,FW",Bournemouth,24-020,1999,16.6,26,17,15,10,1,7,22,31.8,15,17,1,16,8,34,21,0,Matches
7120a04d,Tetê,br BRA,FW,Leicester City,23-055,2000,5.7,12,6,4,6,2,5,15,33.3,10,6,0,6,2,14,2,0,Matches
77d7c96f,Kenny Tete,nl NED,DF,Fulham,27-184,1995,20.8,63,36,35,17,11,28,36,77.8,8,33,13,20,32,95,63,1,Matches
fc027d02,Luke Thomas,eng ENG,DF,Leicester City,21-305,2001,8.0,14,13,7,5,2,11,23,47.8,12,13,2,11,23,37,23,0,Matches
56f7a928,Youri Tielemans,be BEL,MF,Leicester City,25-339,1997,19.0,48,28,20,20,8,21,45,46.7,24,31,6,25,19,67,16,0,Matches
fce2302c,Kieran Tierney,sct SCO,DF,Arsenal,25-310,1997,5.9,12,6,7,4,1,5,7,71.4,2,6,1,5,9,21,15,0,Matches
a105d46a,Harry Toffolo,eng ENG,DF,Nott'ham Forest,27-235,1995,9.8,16,8,10,4,2,10,14,71.4,4,16,8,8,9,25,29,0,Matches
b3af9be1,Takehiro Tomiyasu,jp JPN,DF,Arsenal,24-157,1998,7.4,27,18,12,10,5,13,18,72.2,5,7,0,7,14,41,15,1,Matches
e7ca0439,James Tomkins,eng ENG,DF,Crystal Palace,34-013,1989,3.7,4,2,2,1,1,1,3,33.3,2,3,2,1,5,9,19,0,Matches
e09f279b,Ivan Toney,eng ENG,FW,Brentford,27-026,1996,27.9,21,12,4,9,8,7,22,31.8,15,23,9,14,12,33,33,0,Matches
9a28eba4,Adama Traoré,es ESP,"FW,MF",Wolves,27-076,1996,14.0,12,6,5,4,3,3,7,42.9,4,7,1,6,2,14,9,0,Matches
c47541e0,Bertrand Traoré,bf BFA,"FW,MF",Aston Villa,27-217,1995,1.4,0,0,0,0,0,0,1,0.0,1,2,0,2,0,0,0,0,Matches
999ceb5f,Boubacar Traoré,ml MLI,MF,Wolves,21-234,2001,4.3,10,4,4,3,3,2,6,33.3,4,4,2,2,7,17,1,0,Matches
fe558029,Mark Travers,ie IRL,GK,Bournemouth,23-328,1999,10.5,0,0,0,0,0,0,0,,0,1,0,1,0,0,6,0,Matches
21512407,Kieran Trippier,eng ENG,DF,Newcastle Utd,32-204,1990,28.4,55,40,29,22,4,35,68,51.5,33,30,12,18,37,92,65,1,Matches
38ceb24a,Leandro Trossard,be BEL,FW,Arsenal,28-128,1994,6.2,7,5,2,1,4,4,8,50.0,4,10,0,10,4,11,0,0,Matches
38ceb24a,Leandro Trossard,be BEL,"FW,MF",Brighton,28-128,1994,14.6,10,6,7,1,2,1,8,12.5,7,17,0,17,6,16,1,0,Matches
f315ca93,Kostas Tsimikas,gr GRE,DF,Liverpool,26-334,1996,6.9,13,8,9,2,2,9,14,64.3,5,8,1,7,7,20,13,0,Matches
dd549382,Deniz Undav,de GER,"FW,MF",Brighton,26-266,1996,2.9,4,3,2,1,1,1,1,100.0,0,1,0,1,0,4,1,0,Matches
531a4aa8,Yan Valery,tn TUN,DF,Southampton,24-048,1999,0.5,0,0,0,0,0,0,0,,0,1,0,1,0,0,3,0,Matches
e06683ca,Virgil van Dijk,nl NED,DF,Liverpool,31-277,1991,23.5,22,12,12,9,1,7,16,43.8,9,18,11,7,25,47,100,1,Matches
9f8e9423,Raphaël Varane,fr FRA,DF,Manchester Utd,29-351,1993,18.3,23,8,17,6,0,6,16,37.5,10,23,16,7,10,33,81,0,Matches
45963054,Jamie Vardy,eng ENG,FW,Leicester City,36-090,1987,15.7,8,4,4,1,3,1,6,16.7,5,12,2,10,2,10,21,0,Matches
dad4b285,Joël Veltman,nl NED,DF,Brighton,31-086,1992,21.8,57,31,43,12,2,34,52,65.4,18,27,8,19,19,76,48,0,Matches
6412cc03,Fabio Vieira,pt POR,"MF,FW",Arsenal,22-316,2000,4.6,6,4,3,0,3,3,5,60.0,2,5,0,5,4,10,1,0,Matches
08eb3b58,Matías Viña,uy URU,"MF,DF",Bournemouth,25-153,1997,0.2,2,1,2,0,0,1,2,50.0,1,2,0,2,0,2,3,0,Matches
b937e490,Rúben Vinagre,pt POR,"DF,MF",Everton,24-002,1999,0.3,2,2,1,1,0,1,2,50.0,1,0,0,0,0,2,1,0,Matches
8b529245,Carlos Vinícius,br BRA,FW,Fulham,28-017,1995,8.2,2,0,0,2,0,0,3,0.0,3,4,0,4,0,2,6,0,Matches
1ecb65be,Theo Walcott,eng ENG,"FW,MF",Southampton,34-026,1989,6.9,7,2,4,2,1,6,15,40.0,9,4,0,4,7,14,4,0,Matches
86dd77d1,Kyle Walker,eng ENG,DF,Manchester City,32-318,1990,13.3,10,6,5,5,0,3,17,17.6,14,8,2,6,9,19,8,0,Matches
984a5a64,Kyle Walker-Peters,eng ENG,DF,Southampton,25-363,1997,21.4,45,23,24,18,3,17,28,60.7,11,34,7,27,18,63,38,0,Matches
9e525177,Aaron Wan-Bissaka,eng ENG,DF,Manchester Utd,25-136,1997,9.2,23,16,13,10,0,15,16,93.8,1,12,3,9,14,37,28,0,Matches
d3ce0e89,Danny Ward,wls WAL,GK,Leicester City,29-293,1993,26.0,1,1,1,0,0,1,3,33.3,2,0,0,0,0,1,14,2,Matches
8a7ff278,Joel Ward,eng ENG,DF,Crystal Palace,33-164,1989,17.6,31,21,20,6,5,16,22,72.7,6,23,12,11,20,51,59,1,Matches
3515d404,James Ward-Prowse,eng ENG,MF,Southampton,28-161,1994,30.0,51,27,21,23,7,17,49,34.7,32,20,4,16,39,90,37,0,Matches
aed3a70f,Ollie Watkins,eng ENG,FW,Aston Villa,27-102,1995,26.8,15,10,3,9,3,7,21,33.3,14,18,2,16,8,23,31,0,Matches
c40b6180,Adam Webster,eng ENG,DF,Brighton,28-097,1995,17.9,18,11,9,6,3,8,13,61.5,5,26,16,10,17,35,45,4,Matches
c4e87b8b,Wout Weghorst,nl NED,"FW,MF",Manchester Utd,30-247,1992,6.9,6,3,4,0,2,1,5,20.0,4,6,2,4,7,13,7,0,Matches
ce5143da,Danny Welbeck,eng ENG,FW,Brighton,32-136,1990,15.8,12,6,0,5,7,4,9,44.4,5,15,1,14,3,15,13,0,Matches
35e413f1,Ben White,eng ENG,DF,Arsenal,25-185,1997,25.9,50,29,20,24,6,34,52,65.4,18,36,7,29,18,68,66,0,Matches
4d90ce8c,Harvey White,eng ENG,MF,Tottenham,21-204,2001,0.1,0,0,0,0,0,0,1,0.0,1,0,0,0,0,0,0,0,Matches
3f847d95,Joseph Whitworth,eng ENG,GK,Crystal Palace,19-041,2004,2.0,0,0,0,0,0,0,0,,0,0,0,0,0,0,1,0,Matches
dd323728,Neco Williams,wls WAL,DF,Nott'ham Forest,21-363,2001,18.2,63,41,42,16,5,35,63,55.6,28,29,7,22,30,93,36,0,Matches
8b9ebd03,Willian,br BRA,FW,Fulham,34-245,1988,17.1,11,6,7,2,2,7,19,36.8,12,10,0,10,8,19,6,0,Matches
a3b03921,Joe Willock,eng ENG,MF,Newcastle Utd,23-234,1999,22.3,43,26,11,21,11,24,49,49.0,25,47,8,39,20,63,16,0,Matches
c596fcb0,Callum Wilson,eng ENG,FW,Newcastle Utd,31-043,1992,15.1,7,1,0,6,1,0,1,0.0,1,2,0,2,1,8,4,0,Matches
c6dc9ecd,Harry Wilson,wls WAL,FW,Fulham,26-020,1997,5.1,13,8,5,6,2,5,13,38.5,8,8,0,8,3,16,6,0,Matches
2500cef9,Yoane Wissa,cd COD,FW,Brentford,26-220,1996,13.5,14,9,3,7,4,6,10,60.0,4,8,0,8,6,20,14,0,Matches
4b803b3c,Maximilian Wöber,at AUT,DF,Leeds United,25-066,1998,8.8,16,13,6,10,0,11,17,64.7,6,16,10,6,17,33,39,1,Matches
4e9a0555,Chris Wood,nz NZL,FW,Newcastle Utd,31-125,1991,5.0,5,4,0,3,2,3,5,60.0,2,2,2,0,1,6,7,0,Matches
4e9a0555,Chris Wood,nz NZL,FW,Nott'ham Forest,31-125,1991,4.1,0,0,0,0,0,0,1,0.0,1,2,1,1,1,1,2,0,Matches
a5212312,Joe Worrall,eng ENG,DF,Nott'ham Forest,26-091,1997,18.9,39,16,28,9,2,17,24,70.8,7,26,18,8,19,58,86,1,Matches
e61b8aee,Granit Xhaka,ch SUI,MF,Arsenal,30-196,1992,27.4,29,23,9,15,5,13,32,40.6,19,24,9,15,12,41,37,1,Matches
c1fe2a48,Ryan Yates,eng ENG,MF,Nott'ham Forest,25-141,1997,16.6,28,15,12,13,3,12,18,66.7,6,22,8,14,8,36,37,0,Matches
be927d03,Ashley Young,eng ENG,DF,Aston Villa,37-276,1985,17.1,39,20,28,10,1,27,36,75.0,9,21,9,12,17,56,56,0,Matches
88968486,Illia Zabarnyi,ua UKR,DF,Bournemouth,20-222,2002,0.1,0,0,0,0,0,0,1,0.0,1,0,0,0,0,0,0,0,Matches
b2bc3b1f,Wilfried Zaha,ci CIV,"FW,MF",Crystal Palace,30-152,1992,22.9,30,18,12,11,7,8,20,40.0,12,20,1,19,15,45,8,0,Matches
384d58d9,Denis Zakaria,ch SUI,MF,Chelsea,26-142,1996,3.8,9,5,5,2,2,2,6,33.3,4,3,0,3,3,12,9,0,Matches
e8271ad9,Jordan Zemura,zw ZIM,DF,Bournemouth,23-148,1999,16.2,39,24,24,14,1,23,43,53.5,20,31,9,22,16,55,32,0,Matches
51cf8561,Oleksandr Zinchenko,ua UKR,DF,Arsenal,26-117,1996,20.3,36,16,14,14,8,21,36,58.3,15,18,2,16,19,55,28,2,Matches
6622454d,Hakim Ziyech,ma MAR,"FW,MF",Chelsea,30-023,1993,6.4,18,10,11,5,2,4,9,44.4,5,6,0,6,4,22,5,1,Matches
ce4246f5,Kurt Zouma,fr FRA,DF,West Ham,28-166,1994,18.4,7,4,4,3,0,4,7,57.1,3,13,11,2,16,23,99,0,Matches
79300479,Martin Ødegaard,no NOR,MF,Arsenal,24-115,1998,27.4,30,19,10,13,7,10,34,29.4,24,14,3,11,4,34,7,0,Matches
