id,Player,Nation,Pos,Squad,Age,Born,90s,Tkl,TklW,Def 3rd,Mid 3rd,Att 3rd,Tkl.1,Att,Tkl%,Lost,Blocks,Sh,Pass,Int,Tkl+Int,Clr,Err,Matches
5bc43860,Brenden Aaronson,us USA,"MF,FW",Leeds United,22-199,2000,25.6,43,17,15,21,7,13,41,31.7,28,42,3,39,5,48,6,1,Matches
f2bf1b0f,Che Adams,sct SCO,FW,Southampton,26-300,1996,22.1,17,13,7,8,2,7,12,58.3,5,13,4,9,4,21,22,0,Matches
2b09d998,Tyler Adams,us USA,MF,Leeds United,24-084,1999,24.0,89,46,44,35,10,50,77,64.9,27,48,8,40,35,124,29,0,Matches
c81d773d,Tosin Adarabioyo,eng ENG,DF,Fulham,25-227,1997,20.2,22,9,16,5,1,11,17,64.7,6,16,13,3,22,44,129,1,Matches
288e1e13,Nayef Aguerd,ma MAR,DF,West Ham,27-040,1996,15.7,26,17,18,7,1,13,18,72.2,5,22,20,2,16,42,69,2,Matches
a6c58494,Naouirou Ahamada,fr FRA,"MF,FW",Crystal Palace,21-041,2002,1.0,3,2,3,0,0,1,3,33.3,2,2,0,2,0,3,0,0,Matches
9b398aea,Rayan Aït Nouri,dz ALG,DF,Wolves,21-337,2001,11.5,33,20,25,7,1,9,14,64.3,5,3,0,3,9,42,27,0,Matches
a8c0acb7,Kristoffer Ajer,no NOR,DF,Brentford,25-022,1998,8.5,11,8,5,4,2,9,16,56.3,7,6,5,1,7,18,22,0,Matches
89ac64a6,Manuel Akanji,ch SUI,DF,Manchester City,27-294,1995,23.8,34,23,14,17,3,21,33,63.6,12,27,9,18,14,48,31,0,Matches
eaeca114,Nathan Aké,nl NED,DF,Manchester City,28-080,1995,20.1,25,11,14,9,2,10,14,71.4,4,18,9,9,19,44,43,0,Matches
b827d5b3,Marc Albrighton,eng ENG,"FW,MF",Leicester City,33-172,1989,2.6,4,1,0,2,2,1,8,12.5,7,6,2,4,1,5,5,0,Matches
77e84962,Thiago Alcántara,es ESP,MF,Liverpool,32-028,1991,13.9,43,24,20,21,2,14,23,60.9,9,15,3,12,21,64,13,2,Matches
4abac767,Carlos Alcaraz,ar ARG,"MF,FW",Southampton,20-160,2002,8.9,6,4,0,5,1,4,14,28.6,10,12,4,8,1,7,9,0,Matches
cd1acf9d,Trent Alexander-Arnold,eng ENG,DF,Liverpool,24-214,1998,29.5,54,37,31,14,9,39,70,55.7,31,25,7,18,41,95,38,2,Matches
7a2e46a8,Alisson,br BRA,GK,Liverpool,30-219,1992,35.0,0,0,0,0,0,0,3,0.0,3,3,0,3,0,0,15,0,Matches
cea4ee8f,Dele Alli,eng ENG,MF,Everton,27-028,1996,0.4,0,0,0,0,0,0,0,,0,0,0,0,0,0,0,0,Matches
862a1c15,Miguel Almirón,py PAR,FW,Newcastle Utd,29-088,1994,23.9,39,26,13,17,9,15,30,50.0,15,23,2,21,8,47,14,0,Matches
15ab5a2b,Julián Álvarez,ar ARG,"FW,MF",Manchester City,23-098,2000,12.9,23,14,2,11,10,7,23,30.4,16,13,0,13,1,24,6,0,Matches
1a4ef233,Daniel Amartey,gh GHA,DF,Leicester City,28-139,1994,17.9,19,8,13,5,1,12,14,85.7,2,24,17,7,8,27,71,0,Matches
e34fc66d,Joachim Andersen,dk DEN,DF,Crystal Palace,26-343,1996,27.9,36,17,25,11,0,15,29,51.7,14,26,13,13,21,57,178,0,Matches
de31038e,Elliot Anderson,sct SCO,"MF,FW",Newcastle Utd,20-184,2002,2.5,10,5,5,3,2,6,10,60.0,4,8,1,7,5,15,0,0,Matches
e4238fb1,Jaidon Anthony,eng ENG,"MF,FW",Bournemouth,23-159,1999,12.7,29,17,14,9,6,7,22,31.8,15,25,1,24,9,38,17,0,Matches
ac05f970,Michail Antonio,jm JAM,FW,West Ham,33-042,1990,19.6,14,7,1,8,5,3,11,27.3,8,13,5,8,5,19,8,0,Matches
99127249,Antony,br BRA,FW,Manchester Utd,23-074,2000,17.8,22,9,9,9,4,8,22,36.4,14,16,0,16,11,33,4,0,Matches
05e8ca6d,Cameron Archer,eng ENG,"FW,MF",Aston Villa,21-292,2001,0.5,0,0,0,0,0,0,0,,0,0,0,0,0,0,0,0,Matches
2f965a72,Alphonse Areola,fr FRA,GK,West Ham,30-071,1993,3.4,0,0,0,0,0,0,0,,0,0,0,0,0,0,0,0,Matches
328f7d51,Joe Aribo,ng NGA,"MF,FW",Southampton,26-292,1996,12.8,30,19,14,12,4,11,19,57.9,8,13,1,12,8,38,10,0,Matches
68c720b5,Adam Armstrong,eng ENG,"FW,MF",Southampton,26-088,1997,14.4,14,9,6,5,3,3,10,30.0,7,15,3,12,4,18,6,0,Matches
97333cf5,Stuart Armstrong,sct SCO,"MF,FW",Southampton,31-040,1992,14.3,30,19,14,13,3,13,36,36.1,23,18,0,18,8,38,7,0,Matches
28d596a0,Kepa Arrizabalaga,es ESP,GK,Chelsea,28-218,1994,25.5,2,2,2,0,0,2,3,66.7,1,0,0,0,1,3,16,2,Matches
d5dd5f1f,Pierre-Emerick Aubameyang,ga GAB,FW,Chelsea,33-325,1989,6.2,1,0,1,0,0,0,1,0.0,1,2,0,2,2,3,4,2,Matches
9fec8860,Ludwig Augustinsson,se SWE,DF,Aston Villa,29-018,1994,0.9,1,1,1,0,0,0,0,,0,0,0,0,0,1,1,0,Matches
5c2b4f07,Serge Aurier,ci CIV,DF,Nott'ham Forest,30-136,1992,18.6,56,37,36,17,3,19,27,70.4,8,32,10,22,27,83,66,0,Matches
e5478b87,Taiwo Awoniyi,ng NGA,FW,Nott'ham Forest,25-270,1997,12.9,14,9,2,9,3,6,10,60.0,4,16,4,12,3,17,18,0,Matches
f173303a,Yasin Ayari,se SWE,MF,Brighton,19-215,2003,0.2,1,1,0,1,0,0,1,0.0,1,0,0,0,0,1,0,0,Matches
5dbefa9d,André Ayew,gh GHA,"FW,MF",Nott'ham Forest,33-143,1989,3.5,5,3,0,4,1,2,4,50.0,2,6,1,5,0,5,7,0,Matches
da052c14,Jordan Ayew,gh GHA,"FW,MF",Crystal Palace,31-240,1991,27.2,62,40,21,20,21,19,48,39.6,29,31,2,29,15,77,30,0,Matches
420d7c7d,Luke Ayling,eng ENG,DF,Leeds United,31-257,1991,19.8,58,30,40,10,8,36,73,49.3,37,30,9,21,23,81,46,2,Matches
53cad200,César Azpilicueta,es ESP,DF,Chelsea,33-254,1989,14.0,32,19,19,9,4,17,24,70.8,7,21,4,17,17,49,48,1,Matches
06df8256,Benoît Badiashile,fr FRA,DF,Chelsea,22-044,2001,9.1,13,7,9,4,0,9,14,64.3,5,3,2,1,15,28,31,1,Matches
3a233281,Leon Bailey,jm JAM,"FW,MF",Aston Villa,25-273,1997,19.8,11,5,4,6,1,3,15,20.0,12,13,0,13,5,16,11,0,Matches
32e8417f,Stefan Bajcetic,es ESP,MF,Liverpool,18-199,2004,5.8,9,6,5,3,1,8,27,29.6,19,7,0,7,9,18,4,0,Matches
93feac6e,Patrick Bamford,eng ENG,FW,Leeds United,29-246,1993,15.5,9,6,0,6,3,4,20,20.0,16,11,5,6,5,14,12,0,Matches
2886c9b5,Shandon Baptiste,gd GRN,MF,Brentford,25-031,1998,6.4,14,9,6,6,2,7,16,43.8,9,9,1,8,7,21,9,0,Matches
3ea50f67,Harvey Barnes,eng ENG,"FW,MF",Leicester City,25-151,1997,28.1,24,14,8,12,4,12,39,30.8,27,30,1,29,8,32,9,0,Matches
c91441dc,Gavin Bazunu,ie IRL,GK,Southampton,21-078,2002,32.0,1,0,1,0,0,1,1,100.0,0,0,0,0,1,2,24,2,Matches
30db8574,Mads Bech Sørensen,dk DEN,"DF,MF",Brentford,24-122,1999,0.2,0,0,0,0,0,0,0,,0,0,0,0,1,1,1,0,Matches
4115ce4e,Jan Bednarek,pl POL,DF,Southampton,27-027,1996,15.6,23,17,16,7,0,10,13,76.9,3,32,23,9,44,67,63,0,Matches
4115ce4e,Jan Bednarek,pl POL,DF,Aston Villa,27-027,1996,1.1,3,3,0,3,0,1,1,100.0,0,3,1,2,2,5,5,0,Matches
50dc94ce,Donny van de Beek,nl NED,MF,Manchester Utd,26-021,1997,1.9,0,0,0,0,0,0,1,0.0,1,2,1,1,1,1,1,0,Matches
7b4de647,Asmir Begović,ba BIH,GK,Everton,35-323,1987,1.0,0,0,0,0,0,0,0,,0,0,0,0,0,0,1,0,Matches
a39d11bc,Armel Bella Kotchap,de GER,DF,Southampton,21-149,2001,20.9,37,17,28,9,0,15,20,75.0,5,29,12,17,44,81,110,0,Matches
5a04fd92,Saïd Benrahma,dz ALG,"FW,MF",West Ham,27-272,1995,22.0,24,14,11,6,7,10,26,38.5,16,22,1,21,9,33,13,0,Matches
3b8674e6,Rodrigo Bentancur,uy URU,MF,Tottenham,25-318,1997,16.7,45,28,15,21,9,16,28,57.1,12,28,15,13,20,65,22,0,Matches
505486d6,Victor Bernth Kristiansen,dk DEN,DF,Leicester City,20-144,2002,9.9,38,23,18,16,4,22,30,73.3,8,16,4,12,3,41,26,0,Matches
87966294,Owen Bevan,wls WAL,DF,Bournemouth,19-195,2003,0.1,0,0,0,0,0,0,0,,0,0,0,0,0,0,0,0,Matches
de40e38c,Giulian Biancone,fr FRA,DF,Nott'ham Forest,23-039,2000,0.2,2,1,2,0,0,1,1,100.0,0,0,0,0,1,3,0,0,Matches
d328a254,Philip Billing,dk DEN,"MF,FW",Bournemouth,26-332,1996,29.1,60,34,20,31,9,11,39,28.2,28,48,8,40,31,91,57,1,Matches
6c203af0,Yves Bissouma,ml MLI,MF,Tottenham,26-252,1996,9.0,12,10,3,5,4,2,7,28.6,5,12,5,7,9,21,7,0,Matches
a4ac4b8f,Willy Boly,ci CIV,DF,Nott'ham Forest,32-095,1991,6.7,13,6,8,3,2,8,13,61.5,5,12,4,8,12,25,39,0,Matches
ccce7025,Sven Botman,nl NED,DF,Newcastle Utd,23-117,2000,30.7,36,23,30,6,0,21,27,77.8,6,40,21,19,31,67,110,2,Matches
79c84d1c,Jarrod Bowen,eng ENG,"FW,MF",West Ham,26-140,1996,34.6,38,15,14,11,13,16,56,28.6,40,47,9,38,35,73,24,0,Matches
c07b7c5c,James Bree,eng ENG,DF,Southampton,25-210,1997,2.2,3,1,2,1,0,1,1,100.0,0,2,1,1,4,7,4,0,Matches
97220da2,Armando Broja,al ALB,FW,Chelsea,21-241,2001,3.3,4,1,0,3,1,1,1,100.0,0,10,1,9,1,5,1,0,Matches
dc4cae05,David Brooks,wls WAL,"FW,DF",Bournemouth,25-305,1997,0.4,1,0,1,0,0,0,0,,0,0,0,0,0,1,2,0,Matches
a2081c6b,Lewis Brunt,eng ENG,DF,Leicester City,22-184,2000,0.3,0,0,0,0,0,0,0,,0,0,0,0,0,0,2,0,Matches
7b5ab7f2,Bryan,es ESP,"MF,FW",Tottenham,22-087,2001,1.6,3,1,3,0,0,0,3,0.0,3,3,0,3,1,4,1,0,Matches
66b76d44,Emi Buendía,ar ARG,"MF,FW",Aston Villa,26-135,1996,25.5,51,22,19,20,12,20,69,29.0,49,20,2,18,20,71,15,0,Matches
bfc3b3a0,Hugo Bueno,es ESP,DF,Wolves,20-233,2002,13.7,32,16,23,5,4,17,30,56.7,13,13,1,12,10,42,35,0,Matches
468a7a91,Facundo Buonanotte,ar ARG,"FW,MF",Brighton,18-137,2004,3.2,1,0,0,1,0,0,11,0.0,11,3,0,3,3,4,2,0,Matches
b2d31e83,Dan Burn,eng ENG,DF,Newcastle Utd,31-000,1992,31.4,54,34,27,19,8,30,60,50.0,30,40,14,26,30,84,116,2,Matches
85322440,Cafú,pt POR,MF,Nott'ham Forest,30-072,1993,0.1,0,0,0,0,0,0,0,,0,0,0,0,0,0,1,0,Matches
16264a81,Moisés Caicedo,ec ECU,MF,Brighton,21-188,2001,30.4,93,47,36,46,11,37,60,61.7,23,37,6,31,47,140,26,3,Matches
a8748947,Tom Cairney,sct SCO,MF,Fulham,32-109,1991,8.5,17,6,4,8,5,7,9,77.8,2,16,3,13,4,21,2,0,Matches
94f8d10c,Duje Ćaleta-Car,hr CRO,DF,Southampton,26-234,1996,10.5,14,10,9,4,1,6,9,66.7,3,15,11,4,15,29,65,1,Matches
59e6e5bf,Dominic Calvert-Lewin,eng ENG,FW,Everton,26-054,1997,12.0,3,1,1,0,2,1,5,20.0,4,4,0,4,3,6,16,0,Matches
6f711f67,Chem Campbell,wls WAL,"FW,MF",Wolves,20-130,2002,0.8,2,1,1,1,0,0,1,0.0,1,2,0,2,1,3,0,0,Matches
bd6351cd,João Cancelo,pt POR,DF,Manchester City,28-347,1994,14.2,29,21,16,9,4,17,24,70.8,7,7,1,6,19,48,9,1,Matches
4506aec5,Thomas Cannon,ie IRL,FW,Everton,20-132,2002,0.3,0,0,0,0,0,0,0,,0,0,0,0,0,0,0,0,Matches
1137759d,Sergi Canós,es ESP,"FW,DF",Brentford,26-096,1997,0.9,0,0,0,0,0,0,2,0.0,2,3,1,2,0,0,1,0,Matches
b4a014b1,Diego Carlos,br BRA,DF,Aston Villa,30-055,1993,2.3,1,0,0,1,0,0,1,0.0,1,2,2,0,1,2,2,0,Matches
966e28d0,Fabio Carvalho,pt POR,"MF,FW",Liverpool,20-252,2002,3.8,8,8,3,3,2,3,6,50.0,3,6,0,6,5,13,0,0,Matches
4d224fe8,Casemiro,br BRA,MF,Manchester Utd,31-075,1992,19.9,75,39,39,27,9,39,73,53.4,34,39,10,29,30,105,57,0,Matches
2389cdc2,Matty Cash,pl POL,DF,Aston Villa,25-275,1997,18.2,48,28,33,11,4,22,32,68.8,10,18,4,14,24,72,40,0,Matches
197640fd,Timothy Castagne,be BEL,DF,Leicester City,27-155,1995,33.2,80,42,49,25,6,39,75,52.0,36,46,12,34,41,121,94,0,Matches
e28868f3,Jonny Castro,es ESP,DF,Wolves,29-067,1994,14.0,34,15,23,10,1,18,37,48.6,19,26,5,21,14,48,28,2,Matches
9cfbad36,Julio César Enciso,py PAR,"FW,MF",Brighton,19-106,2004,5.9,7,2,1,4,2,4,7,57.1,3,4,0,4,2,9,2,0,Matches
422862ea,Nathaniel Chalobah,eng ENG,MF,Fulham,28-148,1994,0.1,1,1,1,0,0,1,1,100.0,0,0,0,0,0,1,2,0,Matches
5515376c,Trevoh Chalobah,eng ENG,DF,Chelsea,23-308,1999,14.4,25,16,17,5,3,18,28,64.3,10,10,3,7,22,47,47,1,Matches
dc6f5bdd,Calum Chambers,eng ENG,"DF,MF",Aston Villa,28-109,1995,3.9,9,6,7,2,0,6,8,75.0,2,5,4,1,7,16,10,1,Matches
d2424d1b,Ben Chilwell,eng ENG,"DF,MF",Chelsea,26-139,1996,15.6,21,17,12,8,1,13,25,52.0,12,21,2,19,18,39,26,0,Matches
26ce2263,Ryan Christie,sct SCO,"MF,FW",Bournemouth,28-076,1995,18.3,32,21,10,22,0,13,41,31.7,28,14,2,12,24,56,18,0,Matches
b2f9c73e,Carney Chukwuemeka,eng ENG,"MF,FW",Chelsea,19-201,2003,2.6,11,6,6,5,0,2,4,50.0,2,4,0,4,4,15,1,0,Matches
73341ace,Bobby Clark,eng ENG,MF,Liverpool,18-091,2005,0.1,0,0,0,0,0,0,0,,0,2,0,2,0,0,0,0,Matches
0442183b,Nathaniel Clyne,eng ENG,DF,Crystal Palace,32-034,1991,18.2,27,16,13,9,5,14,23,60.9,9,22,4,18,19,46,34,0,Matches
2928dca2,Conor Coady,eng ENG,DF,Everton,30-073,1993,21.9,14,9,8,6,0,7,15,46.7,8,20,16,4,14,28,85,3,Matches
963a9201,Jack Colback,eng ENG,MF,Nott'ham Forest,33-197,1989,5.5,18,13,12,6,0,5,8,62.5,3,3,0,3,3,21,9,0,Matches
0420d84f,Séamus Coleman,ie IRL,DF,Everton,34-210,1988,18.4,35,26,21,10,4,19,29,65.5,10,14,7,7,22,57,58,2,Matches
a8c19eb8,Nathan Collins,ie IRL,DF,Wolves,22-009,2001,18.2,26,15,18,8,0,15,24,62.5,9,30,24,6,21,47,75,0,Matches
700783e7,Levi Colwill,eng ENG,DF,Brighton,20-072,2003,9.6,3,3,1,2,0,2,6,33.3,4,4,2,2,11,14,24,1,Matches
2afc7272,Lewis Cook,eng ENG,MF,Bournemouth,26-095,1997,18.0,37,22,10,22,5,18,38,47.4,20,26,9,17,22,59,29,0,Matches
3e5e4e63,Steve Cook,eng ENG,DF,Nott'ham Forest,32-020,1991,10.6,8,4,4,4,0,5,7,71.4,2,16,11,5,12,20,51,0,Matches
dc64b8b3,Liam Cooper,sct SCO,DF,Leeds United,31-252,1991,14.8,34,22,25,8,1,19,30,63.3,11,15,8,7,32,66,55,3,Matches
beb391dd,Maxwel Cornet,ci CIV,FW,West Ham,26-224,1996,1.9,5,2,3,0,2,3,3,100.0,0,2,0,2,1,6,0,0,Matches
a190d597,Diego Costa,es ESP,FW,Wolves,34-214,1988,12.7,3,1,3,0,0,2,8,25.0,6,6,1,5,2,5,16,0,Matches
fdf3cb77,Vladimír Coufal,cz CZE,DF,West Ham,30-260,1992,21.7,51,27,33,12,6,32,45,71.1,13,23,5,18,37,88,65,0,Matches
0ef89a37,Philippe Coutinho,br BRA,"MF,FW",Aston Villa,30-331,1992,8.8,19,14,8,8,3,9,15,60.0,6,11,1,10,4,23,2,0,Matches
a5ca9127,Conor Coventry,ie IRL,"MF,FW",West Ham,23-045,2000,0.0,0,0,0,0,0,0,0,,0,0,0,0,0,0,0,0,Matches
4f974391,Aaron Cresswell,eng ENG,DF,West Ham,33-145,1989,24.1,21,11,12,7,2,12,30,40.0,18,20,10,10,27,48,55,0,Matches
1daec722,Marc Cucurella,es ESP,DF,Chelsea,24-291,1998,18.6,66,33,40,15,11,30,60,50.0,30,28,8,20,16,82,48,1,Matches
dc62b55d,Matheus Cunha,br BRA,FW,Wolves,23-347,1999,10.0,7,4,0,5,2,2,9,22.2,7,14,3,11,9,16,8,0,Matches
ca45605e,Patson Daka,zm ZAM,FW,Leicester City,24-212,1998,12.5,13,8,5,8,0,3,12,25.0,9,11,2,9,5,18,7,0,Matches
d9565625,Diogo Dalot,pt POR,DF,Manchester Utd,24-052,1999,22.9,53,40,39,13,1,32,44,72.7,12,24,7,17,35,88,52,2,Matches
215f3907,Mikkel Damsgaard,dk DEN,"MF,FW",Brentford,22-310,2000,8.9,22,15,9,9,4,10,37,27.0,27,14,1,13,10,32,13,0,Matches
a816dbfb,Danilo,br BRA,MF,Nott'ham Forest,22-010,2001,9.1,18,7,7,9,2,6,23,26.1,17,19,5,14,8,26,19,0,Matches
f08490a6,Arnaut Danjuma,nl NED,"FW,MF",Tottenham,26-098,1997,1.0,2,0,1,1,0,0,0,,0,1,0,1,0,2,0,0,Matches
60344e4f,Josh Dasilva,eng ENG,MF,Brentford,24-198,1998,15.0,18,9,6,6,6,6,15,40.0,9,22,6,16,5,23,7,1,Matches
44781702,Ben Davies,wls WAL,DF,Tottenham,30-015,1993,22.5,22,9,9,11,2,11,22,50.0,11,16,7,9,18,40,62,0,Matches
9228b07c,Tom Davies,eng ENG,MF,Everton,24-313,1998,6.0,15,9,5,9,1,7,14,50.0,7,10,1,9,4,19,7,1,Matches
3e9e06cb,Craig Dawson,eng ENG,DF,West Ham,33-003,1990,8.0,10,6,8,2,0,4,6,66.7,2,9,6,3,6,16,26,0,Matches
3e9e06cb,Craig Dawson,eng ENG,DF,Wolves,33-003,1990,13.7,9,6,6,3,0,4,7,57.1,3,26,20,6,8,17,64,1,Matches
e46012d4,Kevin De Bruyne,be BEL,MF,Manchester City,31-315,1991,26.1,26,11,3,12,11,13,38,34.2,25,26,2,24,9,35,10,0,Matches
11f54bd5,Siriki Dembélé,ci CIV,"FW,MF",Bournemouth,26-244,1996,1.2,3,1,2,1,0,0,1,0.0,1,1,0,1,1,4,1,0,Matches
5a7301ae,Leander Dendoncker,be BEL,MF,Aston Villa,28-024,1995,7.7,19,9,11,6,2,11,21,52.4,10,18,4,14,8,27,11,0,Matches
5a7301ae,Leander Dendoncker,be BEL,MF,Wolves,28-024,1995,2.4,4,2,0,3,1,2,3,66.7,1,2,0,2,9,13,4,0,Matches
2c44a35d,Emmanuel Dennis,ng NGA,"FW,MF",Nott'ham Forest,25-175,1997,7.8,16,11,5,5,6,8,17,47.1,9,13,1,12,2,18,6,0,Matches
9d8cf204,Halil Dervişoğlu,tr TUR,MF,Brentford,23-152,1999,0.1,0,0,0,0,0,0,1,0.0,1,0,0,0,0,0,0,0,Matches
5c74c0f5,Kiernan Dewsbury-Hall,eng ENG,MF,Leicester City,24-245,1998,24.8,51,28,14,32,5,18,45,40.0,27,55,13,42,27,78,21,0,Matches
11ff3d56,Ibrahima Diallo,fr FRA,MF,Southampton,24-062,1999,9.1,25,15,14,10,1,8,14,57.1,6,11,1,10,6,31,11,0,Matches
31c69ef1,Rúben Dias,pt POR,DF,Manchester City,25-360,1997,21.2,21,13,10,10,1,11,17,64.7,6,19,11,8,18,39,51,1,Matches
4a1a9578,Luis Díaz,co COL,FW,Liverpool,26-116,1997,9.1,13,9,2,8,3,5,11,45.5,6,8,0,8,3,16,1,0,Matches
ac861941,Eric Dier,eng ENG,DF,Tottenham,29-114,1994,31.3,30,19,16,12,2,9,19,47.4,10,41,24,17,35,65,112,2,Matches
1b84dbe1,Lucas Digne,fr FRA,DF,Aston Villa,29-293,1993,15.1,27,11,18,8,1,18,30,60.0,12,16,5,11,17,44,39,0,Matches
a712ca2b,Issa Diop,fr FRA,DF,Fulham,26-120,1997,19.4,25,17,16,8,1,14,28,50.0,14,22,15,7,30,55,71,0,Matches
254147d4,Moussa Djenepo,ml MLI,"DF,FW",Southampton,24-328,1998,7.7,19,11,13,5,1,11,26,42.3,15,18,2,16,11,30,7,0,Matches
733f1a7d,Ben Doak,sct SCO,FW,Liverpool,17-179,2005,0.3,3,2,1,2,0,1,1,100.0,0,1,0,1,0,3,0,0,Matches
d557d734,Matt Doherty,ie IRL,"DF,MF",Tottenham,31-113,1992,7.4,16,10,12,3,1,8,10,80.0,2,11,6,5,8,24,14,1,Matches
67ac5bb8,Gabriel Dos Santos,br BRA,DF,Arsenal,25-141,1997,34.9,46,30,28,14,4,18,27,66.7,9,44,25,19,29,75,119,2,Matches
02b29014,Abdoulaye Doucouré,ml MLI,MF,Everton,30-128,1993,14.0,28,18,9,14,5,12,35,34.3,23,22,3,19,11,39,10,0,Matches
ce4f40c7,Cheick Doucouré,ml MLI,MF,Crystal Palace,23-121,2000,28.1,74,44,39,31,4,29,51,56.9,22,41,12,29,54,128,45,0,Matches
69fdb896,Flynn Downes,eng ENG,MF,West Ham,24-109,1999,6.5,14,8,4,8,2,5,10,50.0,5,12,1,11,5,19,6,0,Matches
e0d1510a,Cody Drameh,eng ENG,DF,Leeds United,21-152,2001,0.8,5,4,0,4,1,2,3,66.7,1,0,0,0,1,6,1,0,Matches
3a949a25,Martin Dúbravka,sk SVK,GK,Newcastle Utd,34-114,1989,0.7,0,0,0,0,0,0,1,0.0,1,0,0,0,0,0,0,0,Matches
7314bba4,Shane Duffy,ie IRL,"DF,FW",Fulham,31-128,1992,0.2,0,0,0,0,0,0,0,,0,0,0,0,0,0,0,1,Matches
282f75f3,Lewis Dunk,eng ENG,DF,Brighton,31-169,1991,33.0,27,17,18,7,2,15,35,42.9,20,32,22,10,31,58,76,0,Matches
414184f7,Jhon Durán,co COL,"FW,MF",Aston Villa,19-147,2003,1.2,1,1,0,1,0,0,1,0.0,1,0,0,0,1,2,1,0,Matches
fa9fa773,Malcolm Ebiowei,eng ENG,"MF,FW",Crystal Palace,19-247,2003,0.4,1,1,1,0,0,0,1,0.0,1,2,0,2,0,1,0,0,Matches
3bb7b8b4,Ederson,br BRA,GK,Manchester City,29-265,1993,33.0,3,1,3,0,0,1,2,50.0,1,0,0,0,1,4,10,2,Matches
0562b7f1,Odsonne Édouard,fr FRA,FW,Crystal Palace,25-113,1998,18.0,24,13,7,12,5,7,11,63.6,4,16,5,11,3,27,22,0,Matches
007414dd,Samuel Edozie,eng ENG,"FW,MF",Southampton,20-101,2003,6.3,17,10,6,10,1,3,8,37.5,5,7,0,7,6,23,6,0,Matches
2fba6108,Anthony Elanga,se SWE,FW,Manchester Utd,21-012,2002,4.7,3,0,0,2,1,1,2,50.0,1,4,0,4,2,5,4,0,Matches
c8387671,Harvey Elliott,eng ENG,"MF,FW",Liverpool,20-035,2003,17.4,23,15,6,11,6,7,32,21.9,25,26,1,25,14,37,8,0,Matches
47a34c4f,Mohamed Elneny,eg EGY,MF,Arsenal,30-302,1992,1.3,1,1,1,0,0,1,1,100.0,0,0,0,0,0,1,0,0,Matches
68dc0dac,Mohamed Elyounoussi,no NOR,"MF,FW",Southampton,28-278,1994,22.4,43,26,19,20,4,18,42,42.9,24,37,3,34,26,69,36,0,Matches
df8b52a5,Emerson,br BRA,DF,Tottenham,24-115,1999,16.5,44,28,30,11,3,22,35,62.9,13,17,3,14,14,58,63,0,Matches
980522ec,Christian Eriksen,dk DEN,MF,Manchester Utd,31-084,1992,19.9,14,11,8,3,3,6,23,26.1,17,23,9,14,10,24,19,1,Matches
d38fdf53,Pervis Estupiñán,ec ECU,DF,Brighton,25-108,1998,25.2,53,26,31,16,6,31,51,60.8,20,29,7,22,36,89,30,1,Matches
f8fcd2a5,Jonny Evans,nir NIR,DF,Leicester City,35-126,1988,9.0,10,4,10,0,0,6,10,60.0,4,6,5,1,16,26,33,0,Matches
ae4fc6a4,Eberechi Eze,eng ENG,"MF,FW",Crystal Palace,24-314,1998,26.3,39,23,16,17,6,15,34,44.1,19,22,0,22,11,50,10,0,Matches
9328b835,Łukasz Fabiański,pl POL,GK,West Ham,38-021,1985,31.6,2,0,2,0,0,1,2,50.0,1,1,0,1,0,2,8,1,Matches
7f3b388c,Fabinho,br BRA,MF,Liverpool,29-198,1993,27.2,58,35,18,34,6,21,55,38.2,34,33,11,22,33,91,35,0,Matches
9c221d14,Wout Faes,be BEL,DF,Leicester City,25-036,1998,28.0,51,30,24,25,2,26,42,61.9,16,51,36,15,38,89,92,2,Matches
51a3c4c8,Felipe,br BRA,DF,Nott'ham Forest,33-358,1989,13.9,37,20,24,13,0,21,35,60.0,14,29,11,18,31,68,77,0,Matches
8aafd64f,João Félix,pt POR,"FW,MF",Chelsea,23-180,1999,9.0,14,7,5,6,3,4,12,33.3,8,3,0,3,1,15,0,1,Matches
4596da74,Evan Ferguson,ie IRL,FW,Brighton,18-202,2004,7.2,6,3,1,3,2,1,5,20.0,4,9,1,8,2,8,4,0,Matches
507c7bdf,Bruno Fernandes,pt POR,"MF,FW",Manchester Utd,28-243,1994,33.0,64,39,22,24,18,30,64,46.9,34,33,5,28,22,86,39,1,Matches
5ff4ab71,Enzo Fernández,ar ARG,MF,Chelsea,22-112,2001,13.2,38,24,22,14,2,17,48,35.4,31,26,2,24,13,51,12,0,Matches
4c370d81,Roberto Firmino,br BRA,"FW,MF",Liverpool,31-219,1991,12.6,16,12,2,11,3,3,17,17.6,14,15,1,14,6,22,2,0,Matches
24f59bb2,Junior Firpo,es ESP,DF,Leeds United,26-260,1996,13.9,42,22,23,14,5,21,43,48.8,22,21,7,14,20,62,39,0,Matches
ed1e53f3,Phil Foden,eng ENG,FW,Manchester City,22-346,2000,16.9,15,9,9,4,2,8,15,53.3,7,21,1,20,5,20,9,0,Matches
e82900ef,Datro Fofana,ci CIV,FW,Chelsea,20-138,2002,0.7,2,1,0,1,1,0,0,,0,1,0,1,0,2,0,0,Matches
132a82f1,Wesley Fofana,fr FRA,DF,Leicester City,22-143,2000,2.0,4,2,1,2,1,1,3,33.3,2,1,1,0,9,13,5,0,Matches
132a82f1,Wesley Fofana,fr FRA,DF,Chelsea,22-143,2000,10.6,28,18,18,6,4,12,22,54.5,10,13,6,7,19,47,31,0,Matches
82927de4,Pablo Fornals,es ESP,"FW,MF",West Ham,27-076,1996,14.1,26,12,8,10,8,10,30,33.3,20,15,2,13,13,39,8,0,Matches
9f1938ab,Adam Forshaw,eng ENG,MF,Leeds United,31-213,1991,3.1,5,3,1,4,0,2,8,25.0,6,3,0,3,2,7,2,0,Matches
c3e39f12,Fraser Forster,eng ENG,GK,Tottenham,35-053,1988,10.5,0,0,0,0,0,0,0,,0,0,0,0,0,0,3,0,Matches
6722d4f0,Tyrese Francois,au AUS,FW,Fulham,22-297,2000,0.0,0,0,0,0,0,0,0,,0,0,0,0,0,0,1,0,Matches
d56543a0,Ryan Fraser,sct SCO,FW,Newcastle Utd,29-074,1994,3.5,2,2,0,0,2,2,5,40.0,3,3,1,2,0,2,3,0,Matches
b853e0ad,Fred,br BRA,MF,Manchester Utd,30-065,1993,12.8,42,27,22,17,3,12,35,34.3,23,36,1,35,16,58,17,0,Matches
c067631c,Ryan Fredericks,eng ENG,DF,Bournemouth,30-211,1992,5.9,3,2,2,0,1,1,4,25.0,3,7,2,5,1,4,27,0,Matches
98d2c2c4,Remo Freuler,ch SUI,MF,Nott'ham Forest,31-024,1992,24.0,43,23,23,15,5,19,43,44.2,24,36,9,27,29,72,45,0,Matches
1971591f,Cody Gakpo,nl NED,FW,Liverpool,24-002,1999,13.8,17,10,3,9,5,7,25,28.0,18,9,1,8,4,21,1,0,Matches
c2731c10,Conor Gallagher,eng ENG,"MF,FW",Chelsea,23-092,2000,14.6,38,27,16,13,9,9,27,33.3,18,36,9,27,19,57,17,0,Matches
72c812f3,Idrissa Gana Gueye,sn SEN,MF,Everton,33-225,1989,26.1,86,49,44,31,11,25,52,48.1,27,48,12,36,52,138,32,3,Matches
7aa8adfe,Alejandro Garnacho,es ESP,"FW,MF",Manchester Utd,18-312,2004,5.0,3,1,0,0,3,1,8,12.5,7,5,0,5,4,7,2,0,Matches
4e015693,James Garner,eng ENG,MF,Everton,22-057,2001,6.1,12,10,2,7,3,6,14,42.9,8,6,0,6,10,22,6,0,Matches
7ba6d84e,David de Gea,es ESP,GK,Manchester Utd,32-183,1990,34.0,0,0,0,0,0,0,0,,0,0,0,0,0,0,15,3,Matches
01962d0d,Joe Gelhardt,eng ENG,FW,Leeds United,21-005,2002,2.4,6,2,1,3,2,3,5,60.0,2,5,0,5,0,6,4,0,Matches
f7b1d4e0,Saman Ghoddos,ir IRN,"MF,DF",Brentford,29-245,1993,1.5,2,1,0,1,1,1,3,33.3,2,4,1,3,4,6,2,0,Matches
32f60ed8,Morgan Gibbs-White,eng ENG,"FW,MF",Wolves,23-102,2000,2.0,3,1,3,0,0,2,3,66.7,1,2,0,2,1,4,3,0,Matches
32f60ed8,Morgan Gibbs-White,eng ENG,"MF,FW",Nott'ham Forest,23-102,2000,30.0,23,11,7,5,11,10,31,32.3,21,22,4,18,13,36,13,0,Matches
df10e27c,Billy Gilmour,sct SCO,MF,Brighton,21-332,2001,3.8,3,1,1,2,0,1,7,14.3,6,3,1,2,3,6,3,0,Matches
75fdd638,Degnand Gnonto,it ITA,"FW,MF",Leeds United,19-185,2003,14.1,23,15,6,12,5,9,28,32.1,19,22,1,21,5,28,7,0,Matches
9f7c837d,Ben Godfrey,eng ENG,DF,Everton,25-114,1998,8.9,20,11,13,5,2,11,29,37.9,18,12,6,6,8,28,33,1,Matches
8b57ad2c,João Gomes,br BRA,MF,Wolves,22-086,2001,5.3,24,11,11,12,1,11,18,61.1,7,12,3,9,4,28,10,0,Matches
f0caab96,Toti Gomes,pt POR,DF,Wolves,24-113,1999,9.0,13,8,10,3,0,7,10,70.0,3,16,8,8,9,22,43,0,Matches
7a11550b,Joe Gomez,eng ENG,DF,Liverpool,25-351,1997,15.3,28,21,15,11,2,11,19,57.9,8,16,11,5,22,50,50,2,Matches
01e5f06e,Sergio Gómez,es ESP,"DF,MF",Manchester City,22-247,2000,1.9,5,2,3,1,1,2,4,50.0,2,5,3,2,2,7,5,0,Matches
2bd83368,Anthony Gordon,eng ENG,"FW,MF",Newcastle Utd,22-074,2001,4.4,12,10,4,6,2,8,18,44.4,10,8,0,8,2,14,0,1,Matches
2bd83368,Anthony Gordon,eng ENG,FW,Everton,22-074,2001,12.2,34,22,17,10,7,8,23,34.8,15,19,0,19,4,38,11,0,Matches
4468ec10,Demarai Gray,eng ENG,"FW,MF",Everton,26-315,1996,26.2,29,21,7,13,9,15,28,53.6,13,21,3,18,11,40,18,0,Matches
b0b4fd3e,Jack Grealish,eng ENG,FW,Manchester City,27-241,1995,22.7,25,16,10,12,3,13,22,59.1,9,17,3,14,7,32,8,0,Matches
f3354c07,Sam Greenwood,eng ENG,"MF,FW",Leeds United,21-103,2002,4.1,11,7,7,4,0,5,16,31.3,11,9,2,7,1,12,1,0,Matches
8aec0537,Pascal Groß,de GER,"MF,DF",Brighton,31-328,1991,31.2,51,33,19,26,6,23,50,46.0,27,26,8,18,13,64,16,1,Matches
ab13a5aa,Vicente Guaita,es ESP,GK,Crystal Palace,36-119,1987,27.0,0,0,0,0,0,0,0,,0,0,0,0,0,0,9,1,Matches
e6bc67d7,Gonçalo Guedes,pt POR,"FW,MF",Wolves,26-161,1996,7.9,8,6,4,3,1,5,8,62.5,3,4,0,4,1,9,2,0,Matches
d0706b27,Marc Guéhi,eng ENG,DF,Crystal Palace,22-300,2000,34.0,48,25,36,11,1,23,39,59.0,16,43,23,20,43,91,127,3,Matches
82518f62,Bruno Guimarães,br BRA,MF,Newcastle Utd,25-174,1997,26.3,68,33,24,39,5,30,55,54.5,25,25,4,21,27,95,17,1,Matches
819b3158,İlkay Gündoğan,de GER,MF,Manchester City,32-197,1990,24.3,27,17,6,11,10,11,30,36.7,19,17,3,14,19,46,13,0,Matches
56d838f7,Darko Gyabi,eng ENG,FW,Leeds United,19-080,2004,0.1,2,2,1,1,0,0,0,,0,2,0,2,0,2,0,0,Matches
1f44ac21,Erling Haaland,no NOR,FW,Manchester City,22-292,2000,28.7,3,2,0,2,1,1,5,20.0,4,12,4,8,3,6,13,0,Matches
da011f18,Lewis Hall,eng ENG,"DF,MF",Chelsea,18-243,2004,3.4,11,3,10,1,0,8,12,66.7,4,4,0,4,10,21,5,1,Matches
8c3078cd,Luke Harris,wls WAL,"MF,FW",Fulham,18-036,2005,0.1,0,0,0,0,0,0,0,,0,0,0,0,0,0,0,0,Matches
aa849a12,Jack Harrison,eng ENG,"FW,MF",Leeds United,26-170,1996,27.7,40,17,5,15,20,12,49,24.5,37,42,2,40,21,61,25,0,Matches
fed7cb61,Kai Havertz,de GER,"FW,MF",Chelsea,23-332,1999,26.1,33,15,4,19,10,9,28,32.1,19,28,0,28,7,40,39,0,Matches
4fd08daa,Jan Paul van Hecke,nl NED,DF,Brighton,22-335,2000,1.0,2,1,1,1,0,1,1,100.0,0,0,0,0,4,6,3,0,Matches
169fd162,Hwang Hee-chan,kr KOR,"FW,MF",Wolves,27-103,1996,10.5,20,9,7,8,5,6,18,33.3,12,15,1,14,4,24,5,0,Matches
e5a76dfe,Dean Henderson,eng ENG,GK,Nott'ham Forest,26-058,1997,18.0,0,0,0,0,0,0,0,,0,0,0,0,0,0,12,1,Matches
935e6b8f,Jordan Henderson,eng ENG,MF,Liverpool,32-326,1990,21.1,29,21,10,15,4,13,31,41.9,18,20,3,17,20,49,16,0,Matches
76eca7e2,Wayne Hennessey,wls WAL,GK,Nott'ham Forest,36-105,1987,2.0,1,0,1,0,0,1,1,100.0,0,0,0,0,0,1,1,0,Matches
8a3c1dc7,Rico Henry,eng ENG,DF,Brentford,25-305,1997,33.0,54,29,19,27,8,22,40,55.0,18,26,7,19,28,82,75,1,Matches
92e7e919,Son Heung-min,kr KOR,"MF,FW",Tottenham,30-305,1992,29.3,22,11,7,8,7,9,28,32.1,19,23,2,21,12,34,5,0,Matches
1780bb4a,Aaron Hickey,sct SCO,DF,Brentford,20-333,2002,18.6,37,25,26,11,0,18,31,58.1,13,14,7,7,17,54,27,1,Matches
bd8a5d95,Joseph Hodge,ie IRL,MF,Wolves,20-237,2002,1.9,5,2,1,3,1,3,4,75.0,1,5,0,5,0,5,2,1,Matches
d79a8c87,Rob Holding,eng ENG,DF,Arsenal,27-231,1995,6.3,8,5,4,4,0,3,6,50.0,3,6,5,1,3,11,27,1,Matches
d0042ab9,Mason Holgate,eng ENG,DF,Everton,26-199,1996,4.9,11,7,8,3,0,3,9,33.3,6,7,3,4,7,18,26,0,Matches
a0666d3e,Will Hughes,eng ENG,MF,Crystal Palace,28-022,1995,6.5,22,12,10,11,1,9,16,56.3,7,10,5,5,10,32,4,0,Matches
bd9553e6,Omari Hutchinson,eng ENG,FW,Chelsea,19-191,2003,0.3,0,0,0,0,0,0,0,,0,0,0,0,1,1,0,0,Matches
8b04d6c1,Pierre Højbjerg,dk DEN,MF,Tottenham,27-277,1995,33.8,53,29,26,22,5,25,65,38.5,40,46,17,29,46,99,63,1,Matches
c92e1a31,Kelechi Iheanacho,ng NGA,"FW,MF",Leicester City,26-218,1996,11.2,7,2,0,3,4,3,9,33.3,6,6,1,5,0,7,8,0,Matches
07802f7f,Danny Ings,eng ENG,FW,West Ham,30-290,1992,6.4,5,4,0,3,2,2,9,22.2,7,5,2,3,3,8,5,0,Matches
07802f7f,Danny Ings,eng ENG,FW,Aston Villa,30-290,1992,9.2,10,5,1,6,3,1,6,16.7,5,12,1,11,1,11,11,0,Matches
8e92be30,Alexander Isak,se SWE,FW,Newcastle Utd,23-230,1999,13.0,13,6,2,6,5,7,21,33.3,14,17,1,16,3,16,7,0,Matches
10d221cd,Daniel Iversen,dk DEN,GK,Leicester City,25-294,1997,9.0,0,0,0,0,0,0,0,,0,0,0,0,0,0,5,0,Matches
6ca5ec4b,Alex Iwobi,ng NGA,"MF,FW",Everton,27-006,1996,34.5,67,37,37,27,3,31,61,50.8,30,37,2,35,21,88,27,0,Matches
c931d9f9,Daniel James,wls WAL,FW,Leeds United,25-180,1997,2.2,6,2,1,3,2,3,6,50.0,3,4,0,4,2,8,2,0,Matches
c931d9f9,Daniel James,wls WAL,FW,Fulham,25-180,1997,6.8,9,5,4,4,1,4,8,50.0,4,5,1,4,1,10,5,0,Matches
1265a93a,Reece James,eng ENG,"DF,MF",Chelsea,23-152,1999,13.8,31,20,10,18,3,15,19,78.9,4,17,2,15,12,43,23,0,Matches
8449d35e,Vitaly Janelt,de GER,"MF,DF",Brentford,24-364,1998,21.5,49,25,20,21,8,18,43,41.9,25,24,9,15,26,75,24,0,Matches
172e52d8,Pontus Jansson,se SWE,DF,Brentford,32-085,1991,8.0,5,3,4,1,0,3,5,60.0,2,13,9,4,9,14,38,0,Matches
0f134faf,Mathias Jensen,dk DEN,MF,Brentford,27-128,1996,29.6,68,33,27,29,12,33,95,34.7,62,51,5,46,32,100,24,1,Matches
b66315ae,Gabriel Jesus,br BRA,FW,Arsenal,26-036,1997,20.1,28,22,14,7,7,12,25,48.0,13,22,2,20,10,38,11,1,Matches
b561db50,Raúl Jiménez,mx MEX,FW,Wolves,32-004,1991,8.3,9,6,3,5,1,3,5,60.0,2,9,0,9,0,9,8,0,Matches
c17bfb65,Joelinton,br BRA,"MF,FW",Newcastle Utd,26-268,1996,27.6,67,46,35,24,8,24,58,41.4,34,50,6,44,42,109,38,0,Matches
9319781b,Ben Johnson,eng ENG,DF,West Ham,23-105,2000,8.6,20,14,12,4,4,12,18,66.7,6,11,4,7,8,28,25,1,Matches
0cd31129,Brennan Johnson,wls WAL,"FW,MF",Nott'ham Forest,21-351,2001,31.4,33,19,17,8,8,7,27,25.9,20,28,1,27,4,37,7,1,Matches
9e5708be,Sam Johnstone,eng ENG,GK,Crystal Palace,30-045,1993,6.0,0,0,0,0,0,0,0,,0,0,0,0,0,0,5,0,Matches
4fb9c88f,Curtis Jones,eng ENG,MF,Liverpool,22-099,2001,9.3,26,12,6,9,11,12,22,54.5,10,8,1,7,3,29,8,0,Matches
45db685d,Jorginho,it ITA,MF,Arsenal,31-140,1991,6.8,11,6,4,6,1,2,15,13.3,13,5,2,3,8,19,6,0,Matches
45db685d,Jorginho,it ITA,MF,Chelsea,31-140,1991,14.2,42,23,22,14,6,22,46,47.8,24,18,3,15,21,63,7,0,Matches
6ad43f9a,Mateo Joseph,eng ENG,"FW,MF",Leeds United,19-202,2003,0.3,0,0,0,0,0,0,0,,0,1,0,1,0,0,1,0,Matches
178ae8f8,Diogo Jota,pt POR,FW,Liverpool,26-156,1996,11.1,20,12,8,8,4,10,34,29.4,24,4,0,4,3,23,11,0,Matches
570bb4b9,Hamed Junior Traorè,ci CIV,"FW,MF",Bournemouth,23-082,2000,4.7,17,11,5,9,3,6,18,33.3,12,9,0,9,2,19,1,0,Matches
fb614c44,James Justin,eng ENG,DF,Leicester City,25-075,1998,13.9,20,18,7,12,1,9,14,64.3,5,24,6,18,15,35,47,0,Matches
0db5d2c8,Mathias Jørgensen,dk DEN,DF,Brentford,33-016,1990,11.1,15,7,8,7,0,9,18,50.0,9,19,12,7,14,29,35,1,Matches
15f24fe7,Sasa Kalajdzic,at AUT,FW,Wolves,25-306,1997,0.5,0,0,0,0,0,0,0,,0,0,0,0,1,1,0,0,Matches
cc77354e,Boubacar Kamara,fr FRA,MF,Aston Villa,23-167,1999,17.5,49,23,21,20,8,24,50,48.0,26,35,11,24,17,66,24,2,Matches
21a66f6a,Harry Kane,eng ENG,FW,Tottenham,29-285,1993,34.8,14,11,1,5,8,7,17,41.2,10,24,6,18,2,16,15,0,Matches
b9fbae28,N'Golo Kanté,fr FRA,MF,Chelsea,32-041,1991,5.8,16,10,4,10,2,4,8,50.0,4,11,0,11,6,22,2,0,Matches
c5b7c315,Michael Keane,eng ENG,DF,Everton,30-118,1993,10.3,7,4,5,2,0,5,8,62.5,3,12,7,5,13,20,54,1,Matches
18b999f4,Neeskens Kebano,cd COD,FW,Fulham,31-060,1992,8.3,15,7,7,5,3,8,16,50.0,8,13,0,13,1,16,8,0,Matches
51dbeea9,Thilo Kehrer,de GER,DF,West Ham,26-230,1996,23.3,41,24,24,13,4,20,41,48.8,21,15,6,9,32,73,69,1,Matches
f25c8e3a,Naby Keïta,gn GUI,MF,Liverpool,28-088,1995,3.3,5,4,2,3,0,1,4,25.0,3,1,0,1,2,7,3,0,Matches
f31def1e,Lloyd Kelly,eng ENG,DF,Bournemouth,24-215,1998,19.7,26,16,18,7,1,12,17,70.6,5,20,12,8,20,46,86,1,Matches
d0f72bf1,Max Kilman,eng ENG,DF,Wolves,25-351,1997,35.0,35,19,25,9,1,15,28,53.6,13,67,42,25,19,54,160,0,Matches
dc3e663e,Jakub Kiwior,pl POL,DF,Arsenal,23-083,2000,2.2,4,2,4,0,0,3,3,100.0,0,3,2,1,4,8,8,0,Matches
282679b4,Mateusz Klich,pl POL,"MF,FW",Leeds United,32-330,1990,3.1,12,8,3,4,5,7,13,53.8,6,4,0,4,0,12,1,0,Matches
ea6bc03a,Robin Koch,de GER,DF,Leeds United,26-296,1996,32.3,46,28,30,13,3,22,48,45.8,26,39,18,21,42,88,145,1,Matches
5ed9b537,Ibrahima Konaté,fr FRA,DF,Liverpool,23-349,1999,15.2,33,21,21,12,0,13,24,54.2,11,11,5,6,23,56,56,3,Matches
0313a347,Ezri Konsa,eng ENG,DF,Aston Villa,25-198,1997,33.9,39,17,23,14,2,18,26,69.2,8,36,20,16,21,60,115,3,Matches
da974c7b,Kalidou Koulibaly,sn SEN,DF,Chelsea,31-323,1991,19.9,43,29,32,8,3,25,39,64.1,14,29,12,17,29,72,76,0,Matches
8d3c902d,Cheikhou Kouyaté,sn SEN,MF,Nott'ham Forest,33-139,1989,9.3,25,18,15,8,2,7,10,70.0,3,14,2,12,9,34,23,0,Matches
79c0821a,Mateo Kovačić,hr CRO,MF,Chelsea,29-003,1994,18.2,35,23,16,14,5,13,34,38.2,21,9,1,8,19,54,16,0,Matches
77cf6852,Emil Krafth,se SWE,DF,Newcastle Utd,28-280,1994,0.0,0,0,0,0,0,0,0,,0,0,0,0,0,0,0,0,Matches
df3cda47,Dejan Kulusevski,se SWE,"MF,FW",Tottenham,23-014,2000,21.1,37,15,23,7,7,16,43,37.2,27,16,0,16,12,49,7,0,Matches
41e7ef1c,Layvin Kurzawa,fr FRA,DF,Fulham,30-247,1992,1.5,3,2,1,1,1,3,3,100.0,0,1,1,0,2,5,4,0,Matches
99813635,Adam Lallana,eng ENG,"MF,FW",Brighton,34-364,1988,8.0,9,4,6,2,1,0,7,0.0,7,6,0,6,2,11,1,0,Matches
f4e433d4,Tariq Lamptey,gh GHA,DF,Brighton,22-221,2000,5.0,11,6,6,4,1,5,7,71.4,2,7,3,4,7,18,2,0,Matches
26f6dca8,Manuel Lanzini,ar ARG,"MF,FW",West Ham,30-083,1993,1.7,0,0,0,0,0,0,2,0.0,2,1,0,1,1,1,0,0,Matches
119b9a8e,Aymeric Laporte,es ESP,DF,Manchester City,28-347,1994,8.2,6,4,4,1,1,3,6,50.0,3,9,3,6,2,8,19,1,Matches
cf7fb13a,Juan Larios,es ESP,DF,Southampton,19-117,2004,1.7,7,6,6,1,0,5,5,100.0,0,2,0,2,3,10,4,0,Matches
450ab6fc,Jamaal Lascelles,eng ENG,DF,Newcastle Utd,29-179,1993,2.4,1,0,1,0,0,1,1,100.0,0,3,2,1,0,1,17,0,Matches
ecad9aa5,Roméo Lavia,be BEL,MF,Southampton,19-123,2004,22.1,53,30,25,24,4,17,44,38.6,27,39,9,30,29,82,19,0,Matches
0bdda685,Dexter Lembikisa,jm JAM,DF,Wolves,19-186,2003,0.3,0,0,0,0,0,0,0,,0,0,0,0,0,0,0,0,Matches
2b471f99,Mario Lemina,ga GAB,MF,Wolves,29-250,1993,12.4,35,22,20,13,2,17,31,54.8,14,20,5,15,14,49,21,1,Matches
4f28a6ff,Clément Lenglet,fr FRA,DF,Tottenham,27-326,1995,19.4,32,21,16,12,4,15,32,46.9,17,23,8,15,17,49,45,2,Matches
2628fd2b,Bernd Leno,de GER,GK,Fulham,31-066,1992,33.0,0,0,0,0,0,0,2,0.0,2,0,0,0,0,0,15,0,Matches
9b5ce51a,Jefferson Lerma,co COL,MF,Bournemouth,28-196,1994,33.1,44,26,22,18,4,18,39,46.2,21,31,15,16,41,85,86,1,Matches
efb9215a,Jamal Lewis,nir NIR,DF,Newcastle Utd,25-104,1998,0.1,0,0,0,0,0,0,0,,0,0,0,0,0,0,0,0,Matches
b57e066e,Rico Lewis,eng ENG,"DF,MF",Manchester City,18-169,2004,7.0,14,9,7,5,2,5,9,55.6,4,5,2,3,3,17,8,0,Matches
41f08ac8,Keane Lewis-Potter,eng ENG,"FW,MF",Brentford,22-076,2001,3.6,1,0,0,1,0,0,0,,0,5,1,4,0,1,2,0,Matches
f5deef4c,Victor Lindelöf,se SWE,DF,Manchester Utd,28-296,1994,11.2,12,10,5,6,1,5,10,50.0,5,14,7,7,17,29,50,1,Matches
810e3c74,Jesse Lingard,eng ENG,"FW,MF",Nott'ham Forest,30-145,1992,10.3,4,4,2,2,0,1,7,14.3,6,11,0,11,5,9,4,0,Matches
bba30585,Diego Llorente,es ESP,DF,Leeds United,29-266,1993,7.2,13,10,8,5,0,4,8,50.0,4,6,2,4,15,28,24,2,Matches
8f62b6ee,Hugo Lloris,fr FRA,GK,Tottenham,36-134,1986,24.5,1,1,1,0,0,1,3,33.3,2,0,0,0,1,2,13,4,Matches
ed9f7cfe,Renan Lodi,br BRA,DF,Nott'ham Forest,25-031,1998,22.1,45,35,32,8,5,30,56,53.6,26,25,6,19,28,73,69,0,Matches
e97fd090,Ruben Loftus-Cheek,eng ENG,"MF,DF",Chelsea,27-106,1996,14.9,24,14,8,13,3,11,20,55.0,9,13,2,11,11,35,21,0,Matches
a2b105e0,Sean Longstaff,eng ENG,MF,Newcastle Utd,25-191,1997,27.0,42,21,16,20,6,20,52,38.5,32,35,8,27,16,58,23,0,Matches
b2856bc0,Jamal Lowe,jm JAM,"MF,FW",Bournemouth,28-292,1994,0.1,0,0,0,0,0,0,0,,0,0,0,0,0,0,0,0,Matches
6f7d826d,Douglas Luiz,br BRA,MF,Aston Villa,25-000,1998,29.6,68,38,29,30,9,29,60,48.3,31,33,7,26,39,107,21,1,Matches
c6e8cf1f,Saša Lukić,rs SRB,MF,Fulham,26-269,1996,3.7,7,3,1,4,2,2,5,40.0,3,5,1,4,4,11,3,0,Matches
b5bf1770,Lyanco,br BRA,DF,Southampton,26-097,1997,10.1,19,13,11,8,0,10,15,66.7,5,17,14,3,16,35,43,2,Matches
83d074ff,Alexis Mac Allister,ar ARG,MF,Brighton,24-136,1998,28.2,64,37,20,36,8,33,67,49.3,34,22,2,20,22,86,7,1,Matches
ee38d9c5,James Maddison,eng ENG,"MF,FW",Leicester City,26-167,1996,25.1,44,22,22,16,6,17,43,39.5,26,16,0,16,13,57,6,1,Matches
bf34eebd,Noni Madueke,eng ENG,FW,Chelsea,21-060,2002,4.2,5,5,2,2,1,3,5,60.0,2,11,1,10,4,9,3,0,Matches
d8931174,Harry Maguire,eng ENG,DF,Manchester Utd,30-065,1993,7.4,7,5,6,0,1,4,5,80.0,1,17,11,6,10,17,36,0,Matches
892d5bb1,Riyad Mahrez,dz ALG,"FW,MF",Manchester City,32-077,1991,17.5,23,11,5,10,8,9,28,32.1,19,23,0,23,8,31,4,0,Matches
c6220452,Kobbie Mainoo,eng ENG,MF,Manchester Utd,18-020,2005,0.1,0,0,0,0,0,0,0,,0,1,1,0,0,0,0,0,Matches
e3a5814e,Ainsley Maitland-Niles,eng ENG,"DF,MF",Southampton,25-253,1997,14.7,44,24,23,18,3,28,42,66.7,14,25,7,18,20,64,41,1,Matches
6b6c793c,Tyrell Malacia,nl NED,DF,Manchester Utd,23-265,1999,14.0,42,30,31,10,1,11,20,55.0,9,13,3,10,22,64,46,0,Matches
a572e291,Orel Mangala,be BEL,MF,Nott'ham Forest,25-052,1998,14.4,22,15,12,8,2,10,23,43.5,13,19,7,12,16,38,10,0,Matches
758dd7f0,Javier Manquillo,es ESP,DF,Newcastle Utd,29-004,1994,0.4,3,2,2,1,0,2,2,100.0,0,1,0,1,1,4,1,0,Matches
3544641e,Sekou Mara,fr FRA,"FW,MF",Southampton,20-283,2002,5.8,14,10,5,8,1,3,9,33.3,6,11,0,11,1,15,5,0,Matches
bb5fbd2b,Solly March,eng ENG,"FW,DF",Brighton,28-293,1994,30.2,53,31,16,17,20,8,28,28.6,20,34,3,31,24,77,32,0,Matches
4d960fc3,Emiliano Marcondes,dk DEN,MF,Bournemouth,28-061,1995,0.1,0,0,0,0,0,0,0,,0,0,0,0,0,0,1,0,Matches
59878425,Marquinhos,br BRA,MF,Arsenal,20-032,2003,0.0,0,0,0,0,0,0,0,,0,0,0,0,0,0,0,0,Matches
8b788c01,Anthony Martial,fr FRA,FW,Manchester Utd,27-155,1995,8.5,3,2,0,1,2,1,3,33.3,2,8,1,7,1,4,4,0,Matches
48a5a5d6,Martinelli,br BRA,FW,Arsenal,21-325,2001,30.8,31,18,13,12,6,9,22,40.9,13,24,1,23,9,40,14,0,Matches
7956236f,Emiliano Martínez,ar ARG,GK,Aston Villa,30-249,1992,31.9,0,0,0,0,0,0,2,0.0,2,0,0,0,1,1,20,1,Matches
bac46a10,Lisandro Martínez,ar ARG,DF,Manchester Utd,25-111,1998,23.5,54,28,33,18,3,30,43,69.8,13,51,27,24,33,87,103,0,Matches
feb5d972,Pape Matar Sarr,sn SEN,MF,Tottenham,20-237,2002,2.2,7,6,4,2,1,4,8,50.0,4,2,1,1,6,13,5,0,Matches
50e6dc35,Jean-Philippe Mateta,fr FRA,FW,Crystal Palace,25-315,1997,8.2,6,1,2,3,1,1,3,33.3,2,3,1,2,3,9,17,0,Matches
b217ef29,Joël Matip,cm CMR,DF,Liverpool,31-274,1991,11.1,14,8,12,2,0,11,23,47.8,12,8,3,5,17,31,45,3,Matches
4bcf39f6,Neal Maupay,fr FRA,FW,Everton,26-268,1996,11.8,11,5,3,4,4,2,4,50.0,2,7,0,7,5,16,0,0,Matches
493924a7,Kevin Mbabu,ch SUI,"DF,FW",Fulham,28-020,1995,1.6,3,2,2,1,0,1,3,33.3,2,2,0,2,3,6,3,0,Matches
6afaebf2,Bryan Mbeumo,cm CMR,FW,Brentford,23-275,1999,29.3,23,15,5,12,6,7,37,18.9,30,15,0,15,9,32,17,0,Matches
cee31595,James McArthur,sct SCO,MF,Crystal Palace,35-214,1987,0.2,1,1,1,0,0,1,1,100.0,0,0,0,0,0,1,1,0,Matches
36c2ca73,Alex McCarthy,eng ENG,GK,Southampton,33-157,1989,3.0,0,0,0,0,0,0,1,0.0,1,0,0,0,0,0,3,0,Matches
90f91999,John McGinn,sct SCO,"MF,FW",Aston Villa,28-203,1994,26.9,62,35,27,28,7,32,67,47.8,35,39,4,35,19,81,18,0,Matches
4e5a4cbc,Scott McKenna,sct SCO,DF,Nott'ham Forest,26-178,1996,17.5,12,7,7,3,2,6,10,60.0,4,20,14,6,12,24,85,1,Matches
01c3aff5,Weston McKennie,us USA,MF,Leeds United,24-254,1998,13.4,25,12,4,17,4,8,25,32.0,17,19,3,16,20,45,23,0,Matches
fc15fb84,Dwight McNeil,eng ENG,"FW,MF",Everton,23-168,1999,24.8,55,36,33,9,13,22,54,40.7,32,44,6,38,25,80,34,0,Matches
d93c2511,Scott McTominay,sct SCO,MF,Manchester Utd,26-152,1996,12.5,32,19,16,10,6,13,21,61.9,8,14,5,9,13,45,44,0,Matches
8df7a2fb,Ben Mee,eng ENG,DF,Brentford,33-230,1989,33.3,37,21,24,11,2,17,32,53.1,15,46,35,11,46,83,117,1,Matches
33887998,Edouard Mendy,sn SEN,GK,Chelsea,31-069,1992,8.5,0,0,0,0,0,0,0,,0,0,0,0,0,0,3,2,Matches
1598599e,Nampalys Mendy,sn SEN,MF,Leicester City,30-320,1992,8.2,13,9,7,6,0,8,15,53.3,7,20,4,16,13,26,2,0,Matches
fed96827,Chris Mepham,wls WAL,DF,Bournemouth,25-185,1997,23.4,42,20,34,8,0,16,27,59.3,11,39,27,12,30,72,145,0,Matches
6b625ac2,Illan Meslier,fr FRA,GK,Leeds United,23-068,2000,34.0,2,1,2,0,0,2,4,50.0,2,0,0,0,1,3,30,3,Matches
10ec4169,Alexander Mighten,eng ENG,FW,Nott'ham Forest,21-028,2002,0.1,0,0,0,0,0,0,1,0.0,1,0,0,0,0,0,0,0,Matches
2ce2508a,Luka Milivojević,rs SRB,MF,Crystal Palace,32-032,1991,5.7,13,7,7,4,2,7,10,70.0,3,13,4,9,12,25,10,0,Matches
2f90f6b8,James Milner,eng ENG,"MF,DF",Liverpool,37-125,1986,8.7,22,12,10,9,3,13,30,43.3,17,13,2,11,12,34,15,0,Matches
6d5701f2,Yerry Mina,co COL,DF,Everton,28-228,1994,3.6,11,6,6,5,0,7,8,87.5,1,5,3,2,3,14,22,0,Matches
8397a50c,Tyrone Mings,eng ENG,DF,Aston Villa,30-057,1993,32.0,12,5,8,4,0,7,17,41.2,10,36,21,15,44,56,142,2,Matches
5cbd1eb0,Tyrick Mitchell,eng ENG,DF,Crystal Palace,23-250,1999,29.1,63,43,38,22,3,26,49,53.1,23,45,10,35,41,104,70,0,Matches
74618572,Kaoru Mitoma,jp JPN,FW,Brighton,25-354,1997,21.5,40,25,13,15,12,19,35,54.3,16,23,0,23,14,54,9,0,Matches
3925dbd6,Aleksandar Mitrović,rs SRB,FW,Fulham,28-235,1994,20.1,14,7,8,4,2,5,10,50.0,5,20,5,15,3,17,19,1,Matches
01ce9e70,Kieffer Moore,wls WAL,FW,Bournemouth,30-274,1992,13.2,14,11,2,9,3,5,16,31.3,11,10,5,5,1,15,22,0,Matches
c4720845,Andrew Moran,ie IRL,FW,Brighton,19-206,2003,0.1,0,0,0,0,0,0,0,,0,1,0,1,0,0,0,0,Matches
16e9d0ea,Álex Moreno,es ESP,DF,Aston Villa,29-335,1993,13.6,19,12,12,5,2,11,32,34.4,21,16,3,13,5,24,32,2,Matches
9674002f,Mason Mount,eng ENG,"MF,FW",Chelsea,24-119,1999,18.3,33,19,6,16,11,14,27,51.9,13,24,6,18,8,41,9,0,Matches
2b622f01,Lucas Moura,br BRA,"MF,DF",Tottenham,30-269,1992,1.4,7,5,1,2,4,1,2,50.0,1,0,0,0,2,9,1,1,Matches
f5a00fa4,João Moutinho,pt POR,MF,Wolves,36-243,1986,19.8,51,30,24,21,6,19,46,41.3,27,22,6,16,18,69,20,0,Matches
92868cb5,Divin Mubama,eng ENG,FW,West Ham,18-196,2004,0.0,0,0,0,0,0,0,0,,0,0,0,0,0,0,0,0,Matches
049a888d,Mykhailo Mudryk,ua UKR,FW,Chelsea,22-124,2001,6.4,8,7,1,3,4,3,9,33.3,6,5,1,4,0,8,2,0,Matches
de112b84,Jacob Murphy,eng ENG,FW,Newcastle Utd,28-074,1995,13.5,15,7,3,8,4,8,19,42.1,11,17,0,17,7,22,3,0,Matches
1d5cab82,Enock Mwepu,zm ZAM,"FW,MF",Brighton,25-128,1998,2.4,10,5,1,6,3,3,4,75.0,1,3,1,2,1,11,1,0,Matches
30d4a2e5,Vitaliy Mykolenko,ua UKR,DF,Everton,23-345,1999,29.5,58,34,36,19,3,28,51,54.9,23,50,16,34,46,104,99,0,Matches
ecada4fc,Keylor Navas,cr CRC,GK,Nott'ham Forest,36-145,1986,15.0,0,0,0,0,0,0,0,,0,0,0,0,1,1,11,1,Matches
6b47c5db,Wilfred Ndidi,ng NGA,"MF,DF",Leicester City,26-144,1996,17.0,48,33,25,20,3,13,39,33.3,26,27,11,16,34,82,46,3,Matches
c5bdb6e3,Reiss Nelson,eng ENG,FW,Arsenal,23-150,1999,1.7,3,1,2,0,1,2,3,66.7,1,2,0,2,0,3,3,0,Matches
a9dc785c,Neto,br BRA,GK,Bournemouth,33-294,1989,24.5,3,1,3,0,0,3,3,100.0,0,0,0,0,0,3,9,3,Matches
7ba2eaa9,Pedro Neto,pt POR,"FW,MF",Wolves,23-061,2000,10.2,11,6,4,2,5,7,16,43.8,9,5,1,4,4,15,4,0,Matches
44bfb6c5,Rúben Neves,pt POR,MF,Wolves,26-057,1997,31.1,72,39,29,29,14,28,67,41.8,39,53,22,31,47,119,78,1,Matches
00242715,Moussa Niakhate,sn SEN,DF,Nott'ham Forest,27-062,1996,9.9,10,4,8,2,0,7,13,53.8,6,17,8,9,15,25,53,0,Matches
39769cff,Rasmus Nissen,dk DEN,DF,Leeds United,25-302,1997,18.8,56,29,32,18,6,36,63,57.1,27,28,12,16,30,86,51,0,Matches
a53649b7,Eddie Nketiah,eng ENG,FW,Arsenal,23-344,1999,11.5,13,9,6,2,5,2,7,28.6,5,7,1,6,1,14,7,0,Matches
e6af02e0,Matheus Nunes,pt POR,MF,Wolves,24-255,1998,25.7,66,42,35,22,9,27,59,45.8,32,33,3,30,14,80,33,2,Matches
4d77b365,Darwin Núñez,uy URU,FW,Liverpool,23-319,1999,18.8,11,5,2,4,5,4,17,23.5,13,10,0,10,3,14,13,0,Matches
7f94982c,Ethan Nwaneri,eng ENG,FW,Arsenal,16-049,2007,0.0,0,0,0,0,0,0,0,,0,1,0,1,0,0,0,0,Matches
df0a4c90,Christian Nørgaard,dk DEN,MF,Brentford,29-060,1994,19.6,52,30,21,29,2,18,48,37.5,30,32,9,23,34,86,41,2,Matches
089667a5,Lewis O'Brien,eng ENG,MF,Nott'ham Forest,24-207,1998,6.5,16,9,4,11,1,6,12,50.0,6,13,2,11,5,21,9,0,Matches
65c3efa2,Odeluga Offiah,eng ENG,DF,Brighton,20-195,2002,0.0,0,0,0,0,0,0,1,0.0,1,0,0,0,0,0,0,0,Matches
74b2cd7e,Angelo Ogbonna,it ITA,DF,West Ham,34-351,1988,11.7,11,4,7,4,0,5,8,62.5,3,8,5,3,16,27,59,1,Matches
c4486bac,Michael Olise,fr FRA,"FW,MF",Crystal Palace,21-148,2001,27.6,51,31,25,22,4,24,56,42.9,32,43,1,42,25,76,17,0,Matches
e7ee38c3,Robin Olsen,se SWE,GK,Aston Villa,33-121,1990,3.1,0,0,0,0,0,0,2,0.0,2,0,0,0,0,0,1,0,Matches
828657ff,Amadou Onana,be BEL,MF,Everton,21-266,2001,25.4,68,43,23,39,6,27,39,69.2,12,24,6,18,33,101,39,0,Matches
6612cd8c,Josh Onomah,eng ENG,MF,Fulham,26-012,1997,0.2,1,0,1,0,0,0,0,,0,1,0,1,0,1,0,0,Matches
c06d1086,Paul Onuachu,ng NGA,FW,Southampton,28-346,1994,3.8,2,2,1,1,0,1,3,33.3,2,2,1,1,0,2,4,0,Matches
2944f86f,Frank Onyeka,ng NGA,MF,Brentford,25-128,1998,7.8,15,11,8,6,1,9,21,42.9,12,12,2,10,6,21,15,0,Matches
ee950928,Mislav Oršić,hr CRO,MF,Southampton,30-131,1992,0.1,1,1,1,0,0,0,0,,0,0,0,0,0,1,0,0,Matches
c1242d4e,Stefan Ortega,de GER,GK,Manchester City,30-184,1992,1.0,0,0,0,0,0,0,0,,0,0,0,0,0,0,0,0,Matches
2f9e4435,Dango Ouattara,bf BFA,"MF,FW",Bournemouth,21-087,2002,11.7,27,15,20,5,2,13,27,48.1,14,14,2,12,11,38,26,1,Matches
38c7feef,Alex Oxlade-Chamberlain,eng ENG,"FW,MF",Liverpool,29-267,1993,3.7,5,4,1,2,2,1,5,20.0,4,5,2,3,1,6,4,0,Matches
d00d45ab,David Ozoh,,FW,Crystal Palace,17-343,2005,0.0,0,0,0,0,0,0,0,,0,0,0,0,0,0,0,0,Matches
a78ff07f,João Palhinha,pt POR,MF,Fulham,27-304,1995,31.7,139,80,57,58,24,67,123,54.5,56,45,5,40,42,181,60,2,Matches
dc7f8a28,Cole Palmer,eng ENG,"FW,MF",Manchester City,21-003,2002,1.7,4,1,0,2,2,2,2,100.0,0,0,0,0,1,5,2,0,Matches
e0bc6fdc,Emerson Palmieri,it ITA,"DF,FW",West Ham,28-279,1994,12.4,22,12,7,13,2,11,23,47.8,12,13,3,10,11,33,30,0,Matches
9b6f7fd5,Lucas Paquetá,br BRA,MF,West Ham,25-255,1997,22.1,66,48,22,34,10,24,60,40.0,36,40,4,36,15,81,31,0,Matches
529f49ab,Thomas Partey,gh GHA,MF,Arsenal,29-330,1993,25.2,66,39,20,31,15,25,52,48.1,27,24,5,19,26,92,38,1,Matches
230f0471,Nathan Patterson,sct SCO,"DF,MF",Everton,21-205,2001,12.9,45,20,30,12,3,25,46,54.3,21,23,4,19,14,59,43,0,Matches
a6b461e7,Ben Pearson,eng ENG,MF,Bournemouth,28-125,1995,3.2,7,3,3,3,1,1,3,33.3,2,4,0,4,2,9,6,0,Matches
ac7e7b1c,Facundo Pellistri,uy URU,"FW,MF",Manchester Utd,21-140,2001,0.6,0,0,0,0,0,0,0,,0,0,0,0,0,0,3,0,Matches
6639e500,Andreas Pereira,br BRA,MF,Fulham,27-128,1996,29.9,18,9,3,6,9,8,33,24.2,25,21,3,18,6,24,8,0,Matches
75a72a99,Ricardo Pereira,pt POR,"DF,MF",Leicester City,29-215,1993,4.3,8,5,6,2,0,5,14,35.7,9,5,1,4,4,12,16,0,Matches
819aa8e7,Ayoze Pérez,es ESP,"MF,FW",Leicester City,29-284,1993,4.2,11,8,5,4,2,8,19,42.1,11,6,0,6,2,13,3,0,Matches
6fe90922,Ivan Perišić,hr CRO,"DF,MF",Tottenham,34-096,1989,23.3,42,24,25,10,7,27,47,57.4,20,29,7,22,22,64,49,1,Matches
6dfd8f05,Romain Perraud,fr FRA,DF,Southampton,25-229,1997,20.4,54,33,23,23,8,28,52,53.8,24,24,6,18,20,74,42,0,Matches
53552942,Máximo Perrone,ar ARG,MF,Manchester City,20-122,2003,0.2,0,0,0,0,0,0,0,,0,1,0,1,0,0,0,0,Matches
4f565d77,Kalvin Phillips,eng ENG,MF,Manchester City,27-158,1995,1.2,5,4,2,3,0,2,5,40.0,3,3,1,2,2,7,5,0,Matches
515ebe8d,Nathaniel Phillips,eng ENG,DF,Liverpool,26-049,1997,0.7,2,1,0,2,0,2,2,100.0,0,0,0,0,2,4,1,0,Matches
4806ec67,Jordan Pickford,eng ENG,GK,Everton,29-063,1994,34.0,0,0,0,0,0,0,1,0.0,1,0,0,0,4,4,15,3,Matches
e541326e,Ethan Pinnock,jm JAM,DF,Brentford,29-345,1993,27.0,47,26,31,10,6,15,21,71.4,6,34,25,9,33,80,194,2,Matches
7fcc71d8,Daniel Podence,pt POR,"FW,MF",Wolves,27-200,1995,18.6,27,17,13,9,5,6,28,21.4,22,19,0,19,7,34,6,0,Matches
4b40d9ca,Nick Pope,eng ENG,GK,Newcastle Utd,31-020,1992,33.2,1,0,1,0,0,1,3,33.3,2,0,0,0,0,1,23,2,Matches
27d0a506,Pedro Porro,es ESP,"DF,MF",Tottenham,23-238,1999,10.5,22,13,7,13,2,11,35,31.4,24,17,1,16,12,34,21,1,Matches
86695068,Dennis Praet,be BEL,"MF,FW",Leicester City,28-360,1994,7.2,12,9,5,6,1,6,11,54.5,5,12,2,10,5,17,6,0,Matches
b9403c99,Isaac Price,nir NIR,MF,Everton,19-225,2003,0.4,0,0,0,0,0,0,1,0.0,1,1,1,0,0,0,0,0,Matches
1bf33a9a,Christian Pulisic,us USA,"FW,DF",Chelsea,24-233,1998,8.7,11,6,3,6,2,3,5,60.0,2,7,1,6,4,15,4,0,Matches
466fb2c5,Aaron Ramsdale,eng ENG,GK,Arsenal,24-360,1998,35.0,1,1,1,0,0,1,1,100.0,0,0,0,0,0,1,18,6,Matches
1544f145,Jacob Ramsey,eng ENG,"MF,FW",Aston Villa,21-346,2001,26.3,65,38,23,32,10,30,63,47.6,33,46,8,38,22,87,29,0,Matches
a1d5bd30,Marcus Rashford,eng ENG,FW,Manchester Utd,25-190,1997,30.5,19,9,7,8,4,9,22,40.9,13,30,4,26,7,26,14,0,Matches
98ea5115,David Raya,es ESP,GK,Brentford,27-236,1995,35.0,0,0,0,0,0,0,2,0.0,2,1,0,1,1,1,10,2,Matches
28b40c9c,Tim Ream,us USA,DF,Fulham,35-216,1987,32.2,30,16,15,12,3,13,26,50.0,13,45,24,21,41,71,116,2,Matches
ab651565,Nathan Redmond,eng ENG,DF,Southampton,29-064,1994,0.0,0,0,0,0,0,0,0,,0,0,0,0,0,0,0,0,Matches
803ae100,Harrison Reed,eng ENG,MF,Fulham,28-102,1995,29.6,42,26,17,20,5,14,45,31.1,31,51,10,41,18,60,34,0,Matches
0f7533cd,Bobby Reid,jm JAM,"FW,DF",Fulham,30-096,1993,27.1,42,24,14,14,14,16,34,47.1,18,24,3,21,20,62,28,0,Matches
1c7012b8,Declan Rice,eng ENG,MF,West Ham,24-115,1999,34.0,78,37,43,31,4,31,49,63.3,18,43,15,28,62,140,54,0,Matches
0a3d6d2b,Chris Richards,us USA,DF,Crystal Palace,23-042,2000,5.0,9,6,8,1,0,5,7,71.4,2,10,1,9,8,17,31,0,Matches
fa031b34,Richarlison,br BRA,"MF,FW",Tottenham,25-364,1997,10.2,21,16,13,5,3,12,26,46.2,14,14,1,13,5,26,10,0,Matches
7a1f2c08,Jaïro Riedewald,nl NED,"DF,FW",Crystal Palace,26-242,1996,0.5,2,1,2,0,0,0,1,0.0,1,1,0,1,0,2,4,0,Matches
71ef519e,Matt Ritchie,sct SCO,"FW,MF",Newcastle Utd,33-241,1989,0.4,1,1,0,1,0,1,3,33.3,2,0,0,0,1,2,0,0,Matches
2e4f5f03,Andrew Robertson,sct SCO,DF,Liverpool,29-059,1994,26.9,37,21,12,16,9,21,39,53.8,18,31,5,26,18,55,49,3,Matches
289601e6,Antonee Robinson,us USA,DF,Fulham,25-274,1997,31.3,57,35,40,13,4,40,59,67.8,19,48,12,36,49,106,79,2,Matches
cda0b317,Joel Robles,es ESP,GK,Leeds United,32-326,1990,1.0,0,0,0,0,0,0,1,0.0,1,0,0,0,0,0,0,1,Matches
da27e268,Marc Roca,es ESP,MF,Leeds United,26-164,1996,25.7,66,40,27,34,5,20,64,31.3,44,34,10,24,23,89,24,2,Matches
17acc2ed,Marek Rodák,sk SVK,GK,Fulham,26-147,1996,2.0,0,0,0,0,0,0,0,,0,0,0,0,0,0,1,1,Matches
6434f10d,Rodri,es ESP,MF,Manchester City,26-321,1996,30.2,66,41,27,28,11,26,50,52.0,24,39,14,25,32,98,38,1,Matches
1fb1c435,Rodrigo,es ESP,"FW,MF",Leeds United,32-064,1991,18.5,21,9,1,14,6,6,15,40.0,9,14,2,12,6,27,19,1,Matches
57c94db2,Mads Roerslev,dk DEN,DF,Brentford,23-319,1999,12.2,21,12,18,3,0,15,30,50.0,15,14,5,9,9,30,36,0,Matches
a3d94a58,Cristian Romero,ar ARG,DF,Tottenham,25-012,1998,25.3,66,34,40,24,2,27,43,62.8,16,39,18,21,41,107,100,3,Matches
4b511457,Oriol Romeu,es ESP,MF,Southampton,31-227,1991,0.8,1,0,0,1,0,0,0,,0,1,0,1,1,2,1,0,Matches
dea698d9,Cristiano Ronaldo,pt POR,FW,Manchester Utd,38-093,1985,5.8,2,2,1,0,1,1,2,50.0,1,0,0,0,1,3,9,0,Matches
1b804500,Connor Ronan,ie IRL,MF,Wolves,25-064,1998,0.0,0,0,0,0,0,0,0,,0,0,0,0,0,0,0,0,Matches
b318a643,Salomón Rondón,ve VEN,FW,Everton,33-235,1989,1.2,0,0,0,0,0,0,0,,0,1,1,0,0,0,0,0,Matches
10a10454,Joe Rothwell,eng ENG,MF,Bournemouth,28-118,1995,10.4,19,12,6,12,1,7,20,35.0,13,13,3,10,9,28,6,0,Matches
c64c01fc,Georginio Rutter,fr FRA,"FW,MF",Leeds United,21-019,2002,2.7,9,8,5,3,1,5,7,71.4,2,4,0,4,3,12,3,0,Matches
903b6e8b,José Sá,pt POR,GK,Wolves,30-112,1993,35.0,1,0,1,0,0,1,1,100.0,0,0,0,0,0,1,10,5,Matches
e280527c,Marcel Sabitzer,at AUT,MF,Manchester Utd,29-053,1994,7.0,12,8,3,8,1,2,11,18.2,9,6,2,4,8,20,11,0,Matches
2b16cb1a,Allan Saint-Maximin,fr FRA,FW,Newcastle Utd,26-058,1997,11.2,8,3,3,5,0,2,8,25.0,6,3,0,3,4,12,2,0,Matches
bc7dc64d,Bukayo Saka,eng ENG,FW,Arsenal,21-246,2001,32.7,56,31,20,14,22,17,35,48.6,18,37,0,37,14,70,19,0,Matches
e342ad68,Mohamed Salah,eg EGY,FW,Liverpool,30-328,1992,33.6,18,10,4,3,11,9,23,39.1,14,19,0,19,6,24,4,0,Matches
972aeb2a,William Saliba,fr FRA,DF,Arsenal,22-046,2001,26.8,34,20,23,9,2,15,18,83.3,3,13,10,3,19,53,85,4,Matches
0b33f6ad,Mohammed Salisu,gh GHA,DF,Southampton,24-022,1999,21.9,51,29,33,16,2,24,34,70.6,10,56,25,31,31,82,122,1,Matches
1b4f1169,Albert Sambi Lokonga,be BEL,MF,Arsenal,23-199,1999,2.2,1,1,0,0,1,0,2,0.0,2,1,0,1,5,6,2,0,Matches
1b4f1169,Albert Sambi Lokonga,be BEL,MF,Crystal Palace,23-199,1999,6.0,13,10,7,4,2,8,12,66.7,4,8,3,5,7,20,10,0,Matches
da7b447d,Davinson Sánchez,co COL,DF,Tottenham,26-331,1996,7.5,19,8,13,5,1,11,14,78.6,3,14,8,6,11,30,28,0,Matches
6a713852,Robert Sánchez,es ESP,GK,Brighton,25-172,1997,23.0,1,0,1,0,0,0,0,,0,0,0,0,3,4,9,2,Matches
dbf053da,Jadon Sancho,eng ENG,"FW,MF",Manchester Utd,23-045,2000,15.1,13,9,6,5,2,6,20,30.0,14,16,2,14,7,20,6,0,Matches
6e7f1353,Morgan Sanson,fr FRA,MF,Aston Villa,28-264,1994,0.1,2,1,1,1,0,1,1,100.0,0,0,0,0,0,2,0,0,Matches
9744ff80,Pablo Sarabia,es ESP,"FW,MF",Wolves,30-363,1992,7.7,11,6,4,4,3,5,14,35.7,9,5,0,5,1,12,3,0,Matches
ac0d576d,Jeremy Sarmiento,ec ECU,MF,Brighton,20-327,2002,2.0,6,3,4,1,1,2,5,40.0,3,2,0,2,1,7,0,0,Matches
8790f988,Gianluca Scamacca,it ITA,FW,West Ham,24-128,1999,10.3,10,5,1,3,6,2,2,100.0,0,3,0,3,4,14,5,0,Matches
2964fd20,Gustavo Scarpa,br BRA,"MF,FW",Nott'ham Forest,29-124,1994,2.0,5,2,3,1,1,2,5,40.0,3,4,0,4,0,5,3,0,Matches
52afb588,Kevin Schade,de GER,FW,Brentford,21-163,2001,6.1,10,7,6,2,2,4,9,44.4,5,5,0,5,4,14,4,0,Matches
c8aa95da,Fabian Schär,ch SUI,DF,Newcastle Utd,31-140,1991,31.6,43,22,29,12,2,22,36,61.1,14,32,18,14,47,90,119,0,Matches
3312f911,Jeffrey Schlupp,gh GHA,"MF,FW",Crystal Palace,30-137,1992,28.1,66,46,28,29,9,22,43,51.2,21,39,8,31,23,89,38,0,Matches
d04b94db,Nélson Semedo,pt POR,DF,Wolves,29-174,1993,26.2,69,40,46,19,4,33,60,55.0,27,40,14,26,28,97,72,2,Matches
efd2ec23,Antoine Semenyo,gh GHA,"FW,MF",Bournemouth,23-122,2000,2.9,1,0,0,0,1,1,6,16.7,5,10,1,9,2,3,4,0,Matches
35141f4c,Marcos Senesi,ar ARG,DF,Bournemouth,25-364,1997,25.7,48,33,27,21,0,22,40,55.0,18,37,19,18,37,85,136,2,Matches
6aa3e78b,Ryan Sessegnon,eng ENG,DF,Tottenham,22-356,2000,9.0,16,11,9,7,0,6,12,50.0,6,8,1,7,6,22,17,1,Matches
9c94165b,Luke Shaw,eng ENG,DF,Manchester Utd,27-301,1995,25.9,45,27,26,17,2,26,37,70.3,11,50,17,33,33,78,51,2,Matches
3727dd3c,Jonjo Shelvey,eng ENG,MF,Newcastle Utd,31-071,1992,0.4,1,0,1,0,0,0,1,0.0,1,1,0,1,0,1,0,0,Matches
3727dd3c,Jonjo Shelvey,eng ENG,MF,Nott'ham Forest,31-071,1992,6.0,2,1,0,1,1,1,9,11.1,8,7,2,5,5,7,10,1,Matches
3eb22ec9,Bernardo Silva,pt POR,"MF,FW",Manchester City,28-272,1994,23.4,43,23,11,24,8,18,42,42.9,24,22,5,17,15,58,5,0,Matches
86e7deaf,Thiago Silva,br BRA,DF,Chelsea,38-229,1984,23.1,38,26,21,17,0,19,26,73.1,7,34,26,8,30,68,102,2,Matches
26d3b5be,Ellis Simms,eng ENG,FW,Everton,22-124,2001,2.5,0,0,0,0,0,0,0,,0,0,0,0,0,0,1,0,Matches
8e16dd48,Luis Sinisterra,co COL,FW,Leeds United,23-326,1999,9.6,21,14,8,9,4,11,18,61.1,7,11,1,10,8,29,2,0,Matches
6250083a,Oliver Skipp,eng ENG,MF,Tottenham,22-235,2000,13.9,29,16,15,13,1,13,29,44.8,16,15,7,8,13,42,16,0,Matches
20b104bc,Adam Smith,eng ENG,DF,Bournemouth,32-010,1991,30.7,47,28,26,18,3,28,58,48.3,30,28,13,15,23,70,78,1,Matches
17695062,Emile Smith Rowe,eng ENG,"MF,FW",Arsenal,22-285,2000,1.6,1,1,1,0,0,1,2,50.0,1,0,0,0,0,1,2,0,Matches
839c14e1,Cédric Soares,pt POR,DF,Arsenal,31-251,1991,0.3,0,0,0,0,0,0,1,0.0,1,1,0,1,0,0,1,0,Matches
839c14e1,Cédric Soares,pt POR,DF,Fulham,31-251,1991,2.2,8,5,4,3,1,3,3,100.0,0,3,1,2,1,9,5,0,Matches
e77dc3b2,Dominic Solanke,eng ENG,FW,Bournemouth,25-237,1997,28.8,12,7,7,2,3,5,20,25.0,15,23,6,17,3,15,39,0,Matches
886f9aac,Manor Solomon,il ISR,FW,Fulham,23-289,1999,5.8,20,12,12,6,2,9,13,69.2,4,7,0,7,4,24,3,0,Matches
6613c819,Tomáš Souček,cz CZE,MF,West Ham,28-071,1995,29.6,75,37,39,29,7,27,56,48.2,29,42,17,25,50,125,66,2,Matches
ae59b359,Boubakary Soumaré,fr FRA,MF,Leicester City,24-071,1999,15.1,51,32,25,24,2,21,36,58.3,15,15,4,11,27,78,24,1,Matches
0a6cb1b1,Harry Souttar,au AUS,DF,Leicester City,24-199,1998,10.0,13,8,9,4,0,7,16,43.8,9,15,11,4,11,24,39,0,Matches
21166ff4,Çağlar Söyüncü,tr TUR,DF,Leicester City,26-351,1996,5.9,14,9,10,4,0,7,10,70.0,3,9,8,1,7,21,30,0,Matches
9bc9a519,Djed Spence,eng ENG,"FW,DF",Tottenham,22-273,2000,0.1,0,0,0,0,0,0,0,,0,0,0,0,0,0,0,0,Matches
558807c0,Jack Stacey,eng ENG,DF,Bournemouth,27-033,1996,3.3,5,4,3,1,1,2,5,40.0,3,3,1,2,5,10,15,0,Matches
6992791d,Junior Stanislas,eng ENG,MF,Bournemouth,33-164,1989,0.7,0,0,0,0,0,0,0,,0,2,1,1,0,0,0,0,Matches
b2626673,Jay Stansfield,eng ENG,FW,Fulham,20-166,2002,1.0,0,0,0,0,0,0,2,0.0,2,4,1,3,1,1,1,0,Matches
28300a16,Jason Steele,eng ENG,GK,Brighton,32-264,1990,10.0,0,0,0,0,0,0,1,0.0,1,0,0,0,0,0,4,1,Matches
6adbc307,Jack Stephens,eng ENG,DF,Southampton,29-102,1994,0.5,2,2,2,0,0,1,1,100.0,0,1,1,0,1,3,2,0,Matches
6adbc307,Jack Stephens,eng ENG,DF,Bournemouth,29-102,1994,13.0,15,11,10,4,1,6,10,60.0,4,23,16,7,16,31,53,0,Matches
b400bde0,Raheem Sterling,eng ENG,"FW,MF",Chelsea,28-152,1994,18.3,13,7,5,2,6,6,12,50.0,6,15,0,15,1,14,4,0,Matches
5eecec3d,John Stones,eng ENG,"DF,MF",Manchester City,28-346,1994,19.2,22,12,11,7,4,6,8,75.0,2,14,7,7,9,31,38,0,Matches
f4d296e4,Pascal Struijk,nl NED,DF,Leeds United,23-271,1999,22.9,75,51,39,27,9,42,68,61.8,26,31,12,19,30,105,64,0,Matches
a62f8bf1,Kamaldeen Sulemana,gh GHA,"FW,MF",Southampton,21-083,2002,9.2,13,8,4,5,4,4,13,30.8,9,16,0,16,4,17,6,0,Matches
df04eb4b,Crysencio Summerville,nl NED,FW,Leeds United,21-191,2001,15.5,30,20,14,14,2,11,23,47.8,12,18,2,16,12,42,11,0,Matches
b017b770,Sam Surridge,eng ENG,FW,Nott'ham Forest,24-285,1998,3.6,5,0,1,3,1,1,4,25.0,3,5,2,3,0,5,6,0,Matches
e9971f2d,Japhet Tanganga,eng ENG,DF,Tottenham,24-039,1999,1.6,3,2,3,0,0,1,5,20.0,4,1,0,1,2,5,8,0,Matches
e514ab62,Matt Targett,eng ENG,DF,Newcastle Utd,27-233,1995,5.9,12,9,7,3,2,9,20,45.0,11,6,1,5,8,20,13,0,Matches
15ea812b,James Tarkowski,eng ENG,DF,Everton,30-171,1992,35.0,44,24,32,11,1,15,31,48.4,16,96,76,20,44,88,190,3,Matches
5c0da4a4,Marcus Tavernier,eng ENG,"MF,FW",Bournemouth,24-048,1999,19.4,33,22,19,11,3,11,32,34.4,21,25,4,21,9,42,23,0,Matches
7120a04d,Tetê,br BRA,FW,Leicester City,23-083,2000,7.8,14,8,5,7,2,6,21,28.6,15,9,0,9,2,16,3,0,Matches
77d7c96f,Kenny Tete,nl NED,DF,Fulham,27-212,1995,25.5,75,42,40,23,12,34,45,75.6,11,42,15,27,45,120,75,1,Matches
fc027d02,Luke Thomas,eng ENG,DF,Leicester City,21-333,2001,9.7,20,17,12,5,3,15,29,51.7,14,16,3,13,25,45,29,0,Matches
56f7a928,Youri Tielemans,be BEL,MF,Leicester City,26-002,1997,23.0,57,35,24,25,8,23,58,39.7,35,34,7,27,25,82,20,1,Matches
fce2302c,Kieran Tierney,sct SCO,DF,Arsenal,25-338,1997,7.4,17,10,9,7,1,10,12,83.3,2,8,2,6,9,26,22,0,Matches
a105d46a,Harry Toffolo,eng ENG,DF,Nott'ham Forest,27-263,1995,9.9,16,8,10,4,2,10,14,71.4,4,16,8,8,9,25,30,0,Matches
b3af9be1,Takehiro Tomiyasu,jp JPN,DF,Arsenal,24-185,1998,7.4,27,18,12,10,5,13,18,72.2,5,7,0,7,14,41,15,1,Matches
e7ca0439,James Tomkins,eng ENG,DF,Crystal Palace,34-041,1989,3.8,4,2,2,1,1,1,3,33.3,2,3,2,1,5,9,19,0,Matches
e09f279b,Ivan Toney,eng ENG,FW,Brentford,27-054,1996,32.8,23,13,4,9,10,7,23,30.4,16,24,9,15,14,37,36,0,Matches
9a28eba4,Adama Traoré,es ESP,"FW,MF",Wolves,27-104,1996,14.5,12,6,5,4,3,3,7,42.9,4,7,1,6,3,15,11,0,Matches
c47541e0,Bertrand Traoré,bf BFA,"FW,MF",Aston Villa,27-245,1995,2.6,1,1,1,0,0,1,4,25.0,3,5,0,5,2,3,0,0,Matches
999ceb5f,Boubacar Traoré,ml MLI,MF,Wolves,21-262,2001,4.3,10,4,4,3,3,2,6,33.3,4,4,2,2,7,17,1,0,Matches
fe558029,Mark Travers,ie IRL,GK,Bournemouth,23-356,1999,10.5,0,0,0,0,0,0,0,,0,1,0,1,0,0,6,0,Matches
21512407,Kieran Trippier,eng ENG,DF,Newcastle Utd,32-232,1990,33.1,66,47,32,26,8,42,83,50.6,41,37,13,24,40,106,75,2,Matches
38ceb24a,Leandro Trossard,be BEL,FW,Arsenal,28-156,1994,7.9,8,6,2,1,5,4,11,36.4,7,14,0,14,4,12,0,0,Matches
38ceb24a,Leandro Trossard,be BEL,"FW,MF",Brighton,28-156,1994,14.6,10,6,7,1,2,1,8,12.5,7,17,0,17,6,16,1,0,Matches
f315ca93,Kostas Tsimikas,gr GRE,DF,Liverpool,26-362,1996,7.7,13,8,9,2,2,9,14,64.3,5,8,1,7,9,22,15,0,Matches
dd549382,Deniz Undav,de GER,"FW,MF",Brighton,26-294,1996,4.6,6,4,2,1,3,2,3,66.7,1,3,1,2,0,6,1,0,Matches
531a4aa8,Yan Valery,tn TUN,DF,Southampton,24-076,1999,0.5,0,0,0,0,0,0,0,,0,1,0,1,0,0,3,0,Matches
e06683ca,Virgil van Dijk,nl NED,DF,Liverpool,31-305,1991,29.5,27,14,13,11,3,8,18,44.4,10,24,16,8,29,56,127,2,Matches
9f8e9423,Raphaël Varane,fr FRA,DF,Manchester Utd,30-014,1993,18.3,23,8,17,6,0,6,16,37.5,10,23,16,7,10,33,81,0,Matches
45963054,Jamie Vardy,eng ENG,FW,Leicester City,36-118,1987,18.8,9,4,4,2,3,1,7,14.3,6,15,3,12,2,11,26,0,Matches
dad4b285,Joël Veltman,nl NED,DF,Brighton,31-114,1992,22.8,58,31,43,12,3,35,53,66.0,18,27,8,19,19,77,49,0,Matches
6412cc03,Fabio Vieira,pt POR,MF,Arsenal,22-344,2000,5.3,6,4,3,0,3,3,5,60.0,2,5,0,5,4,10,1,0,Matches
08eb3b58,Matías Viña,uy URU,DF,Bournemouth,25-181,1997,3.8,9,5,5,3,1,7,21,33.3,14,12,0,12,3,12,18,0,Matches
b937e490,Rúben Vinagre,pt POR,"DF,MF",Everton,24-030,1999,0.3,2,2,1,1,0,1,2,50.0,1,0,0,0,0,2,1,0,Matches
8b529245,Carlos Vinícius,br BRA,FW,Fulham,28-045,1995,11.5,4,1,0,2,2,0,4,0.0,4,5,0,5,0,4,10,0,Matches
1ecb65be,Theo Walcott,eng ENG,"FW,MF",Southampton,34-054,1989,10.0,8,3,5,2,1,7,23,30.4,16,8,1,7,9,17,6,0,Matches
86dd77d1,Kyle Walker,eng ENG,DF,Manchester City,32-346,1990,17.8,11,7,6,5,0,3,21,14.3,18,12,2,10,15,26,14,0,Matches
984a5a64,Kyle Walker-Peters,eng ENG,DF,Southampton,26-026,1997,26.4,54,29,30,21,3,18,34,52.9,16,43,8,35,22,76,48,0,Matches
9e525177,Aaron Wan-Bissaka,eng ENG,DF,Manchester Utd,25-164,1997,12.9,31,21,18,12,1,21,22,95.5,1,22,7,15,21,52,33,0,Matches
d3ce0e89,Danny Ward,wls WAL,GK,Leicester City,29-321,1993,26.0,1,1,1,0,0,1,3,33.3,2,0,0,0,0,1,14,2,Matches
8a7ff278,Joel Ward,eng ENG,DF,Crystal Palace,33-192,1989,22.1,45,34,27,10,8,27,37,73.0,10,29,15,14,23,68,76,1,Matches
3515d404,James Ward-Prowse,eng ENG,MF,Southampton,28-189,1994,34.5,58,31,26,25,7,19,55,34.5,36,25,5,20,49,107,43,0,Matches
aed3a70f,Ollie Watkins,eng ENG,FW,Aston Villa,27-130,1995,31.8,16,11,3,10,3,8,23,34.8,15,21,4,17,8,24,36,0,Matches
c40b6180,Adam Webster,eng ENG,DF,Brighton,28-125,1995,21.3,21,12,9,9,3,10,17,58.8,7,30,19,11,19,40,54,4,Matches
c4e87b8b,Wout Weghorst,nl NED,"FW,MF",Manchester Utd,30-275,1992,8.1,10,4,6,1,3,2,9,22.2,7,7,2,5,7,17,8,0,Matches
ce5143da,Danny Welbeck,eng ENG,FW,Brighton,32-164,1990,18.5,13,6,0,6,7,4,9,44.4,5,23,2,21,4,17,18,0,Matches
35e413f1,Ben White,eng ENG,DF,Arsenal,25-213,1997,30.9,55,30,21,27,7,37,62,59.7,25,45,10,35,22,77,75,0,Matches
4d90ce8c,Harvey White,eng ENG,MF,Tottenham,21-232,2001,0.1,0,0,0,0,0,0,1,0.0,1,0,0,0,0,0,0,0,Matches
3f847d95,Joseph Whitworth,eng ENG,GK,Crystal Palace,19-069,2004,2.0,0,0,0,0,0,0,0,,0,0,0,0,0,0,1,0,Matches
dd323728,Neco Williams,wls WAL,DF,Nott'ham Forest,22-026,2001,20.9,72,47,49,17,6,38,71,53.5,33,33,8,25,33,105,48,0,Matches
8b9ebd03,Willian,br BRA,FW,Fulham,34-273,1988,20.8,12,7,7,3,2,7,21,33.3,14,12,0,12,9,21,8,0,Matches
a3b03921,Joe Willock,eng ENG,MF,Newcastle Utd,23-262,1999,26.8,48,27,12,24,12,25,55,45.5,30,53,8,45,25,73,17,0,Matches
c596fcb0,Callum Wilson,eng ENG,FW,Newcastle Utd,31-071,1992,18.1,8,2,0,7,1,0,2,0.0,2,6,0,6,1,9,4,0,Matches
c6dc9ecd,Harry Wilson,wls WAL,FW,Fulham,26-048,1997,9.8,18,11,7,8,3,7,16,43.8,9,14,1,13,4,22,10,0,Matches
2500cef9,Yoane Wissa,cd COD,FW,Brentford,26-248,1996,15.0,15,10,3,7,5,6,11,54.5,5,9,0,9,6,21,14,0,Matches
4b803b3c,Maximilian Wöber,at AUT,DF,Leeds United,25-094,1998,11.4,23,17,9,13,1,16,22,72.7,6,21,11,10,20,43,55,1,Matches
4e9a0555,Chris Wood,nz NZL,FW,Newcastle Utd,31-153,1991,5.0,5,4,0,3,2,3,5,60.0,2,2,2,0,1,6,7,0,Matches
4e9a0555,Chris Wood,nz NZL,FW,Nott'ham Forest,31-153,1991,4.1,0,0,0,0,0,0,1,0.0,1,2,1,1,1,1,2,0,Matches
a5212312,Joe Worrall,eng ENG,DF,Nott'ham Forest,26-119,1997,21.7,44,21,32,10,2,20,29,69.0,9,29,19,10,22,66,100,1,Matches
e61b8aee,Granit Xhaka,ch SUI,MF,Arsenal,30-224,1992,31.1,32,26,11,16,5,14,38,36.8,24,27,10,17,13,45,42,1,Matches
c1fe2a48,Ryan Yates,eng ENG,MF,Nott'ham Forest,25-169,1997,17.5,29,15,13,13,3,12,18,66.7,6,23,8,15,8,37,37,0,Matches
be927d03,Ashley Young,eng ENG,DF,Aston Villa,37-304,1985,21.2,46,23,32,13,1,34,45,75.6,11,23,10,13,18,64,60,0,Matches
88968486,Illia Zabarnyi,ua UKR,DF,Bournemouth,20-250,2002,0.3,1,1,1,0,0,0,1,0.0,1,0,0,0,0,1,2,0,Matches
b2bc3b1f,Wilfried Zaha,ci CIV,"FW,MF",Crystal Palace,30-180,1992,24.9,32,20,12,12,8,8,21,38.1,13,20,1,19,16,48,9,0,Matches
384d58d9,Denis Zakaria,ch SUI,MF,Chelsea,26-170,1996,4.6,9,5,5,2,2,2,8,25.0,6,4,1,3,3,12,10,0,Matches
e8271ad9,Jordan Zemura,zw ZIM,DF,Bournemouth,23-176,1999,16.2,39,24,24,14,1,23,43,53.5,20,31,9,22,16,55,32,0,Matches
51cf8561,Oleksandr Zinchenko,ua UKR,DF,Arsenal,26-145,1996,23.5,40,18,14,17,9,21,39,53.8,18,20,2,18,22,62,38,2,Matches
6622454d,Hakim Ziyech,ma MAR,"FW,MF",Chelsea,30-051,1993,7.0,20,12,12,5,3,4,9,44.4,5,7,0,7,5,25,5,1,Matches
ce4246f5,Kurt Zouma,fr FRA,DF,West Ham,28-194,1994,21.6,9,4,4,5,0,5,8,62.5,3,17,14,3,30,39,118,0,Matches
79300479,Martin Ødegaard,no NOR,MF,Arsenal,24-143,1998,32.1,34,21,12,14,8,12,41,29.3,29,18,5,13,6,40,11,0,Matches
