id,Player,Nation,Pos,Squad,Age,Born,90s,Tkl,TklW,Def 3rd,Mid 3rd,Att 3rd,Tkl.1,Att,Tkl%,Lost,Blocks,Sh,Pass,Int,Tkl+Int,Clr,Err,Matches
8637e09a,Vincent Aboubakar,cm CMR,FW,pt Porto,25,1992,5.5,1,0,1,0,0,0,0,,0,0,0,0,0,1,1,0,Matches
81442ecb,Marcos Acuña,ar ARG,"FW,DF",pt Sporting CP,25,1991,4.8,7,5,3,3,1,0,2,0.0,2,4,0,4,8,15,3,0,Matches
c81d773d,Tosin Adarabioyo,eng ENG,DF,eng Manchester City,19,1997,1.0,0,0,0,0,0,0,1,0.0,1,0,0,0,2,2,3,0,Matches
9d8586c4,Adriano,br BRA,DF,tr Beşiktaş,32,1984,5.4,15,12,5,9,1,8,13,61.5,5,2,0,2,11,26,19,2,Matches
2557c196,Luiz Adriano,br BRA,"FW,MF",ru Spartak Moscow,30,1987,6.0,8,6,2,3,3,1,4,25.0,3,5,1,4,1,9,16,0,Matches
42a632ba,Ansi Agolli,al ALB,DF,az Qarabağ FK,34,1982,4.0,7,5,6,1,0,2,2,100.0,0,5,1,4,6,13,15,0,Matches
4d034881,Sergio Agüero,ar ARG,FW,eng Manchester City,29,1988,4.9,3,2,1,1,1,0,3,0.0,3,4,0,4,3,6,0,0,Matches
0ff9eabc,Karim El Ahmadi,ma MAR,MF,nl Feyenoord,32,1985,4.0,9,6,4,5,0,1,6,16.7,5,10,0,10,3,12,4,0,Matches
5d91cf0f,Valon Ahmedi,al ALB,"MF,FW",si NK Maribor,22,1994,2.5,2,1,1,1,0,2,4,50.0,2,1,0,1,0,2,2,0,Matches
2b1c4abd,Albian Ajeti,ch SUI,FW,ch Basel,20,1997,1.1,1,0,0,1,0,0,1,0.0,1,0,0,0,0,1,0,0,Matches
89ac64a6,Manuel Akanji,ch SUI,DF,ch Basel,22,1995,6.0,8,5,8,0,0,4,11,36.4,7,11,5,6,13,21,32,0,Matches
42ec696a,Igor Akinfeev,ru RUS,GK,ru CSKA Moscow,31,1986,6.0,0,0,0,0,0,0,0,,0,0,0,0,1,1,4,1,Matches
05439de2,David Alaba,at AUT,DF,de Bayern Munich,25,1992,6.9,7,5,3,2,2,2,5,40.0,3,5,2,3,7,14,9,2,Matches
4601e194,Jordi Alba,es ESP,DF,es Barcelona,28,1989,7.1,12,6,7,4,1,5,13,38.5,8,9,3,6,10,22,15,0,Matches
4bd414c1,Raúl Albiol,es ESP,DF,it Napoli,31,1985,5.0,8,5,7,1,0,5,6,83.3,1,6,5,1,6,14,16,1,Matches
a7a9d95a,Paco Alcácer,es ESP,FW,es Barcelona,23,1993,1.1,1,0,1,0,0,0,0,,0,2,0,2,2,3,0,0,Matches
77e84962,Thiago Alcántara,es ESP,MF,de Bayern Munich,26,1991,6.7,26,19,7,16,3,8,19,42.1,11,12,1,11,14,40,2,0,Matches
f7d50789,Toby Alderweireld,be BEL,DF,eng Tottenham,28,1989,3.3,6,5,3,3,0,4,6,66.7,2,5,2,3,2,8,20,0,Matches
cd1acf9d,Trent Alexander-Arnold,eng ENG,DF,eng Liverpool,18,1998,9.1,25,14,16,8,1,16,28,57.1,12,4,2,2,22,47,27,1,Matches
e044ce1e,Nektarios Alexandrou,cy CYP,"DF,MF",cy APOEL FC,33,1983,0.6,1,1,0,1,0,0,1,0.0,1,1,1,0,1,2,2,0,Matches
7a2e46a8,Alisson,br BRA,GK,it Roma,24,1992,12.0,1,1,1,0,0,0,1,0.0,1,0,0,0,1,2,7,1,Matches
cc700722,Allan,br BRA,MF,it Napoli,26,1991,3.4,8,5,1,5,2,2,13,15.4,11,7,0,7,3,11,2,0,Matches
cea4ee8f,Dele Alli,eng ENG,"MF,FW",eng Tottenham,21,1996,4.8,11,6,3,6,2,1,5,20.0,4,2,0,2,1,12,1,0,Matches
67b3d74b,André Almeida,pt POR,DF,pt Benfica,26,1990,2.9,6,4,2,2,2,5,5,100.0,0,2,1,1,4,10,3,0,Matches
ba6e52b0,André Almeida Pinto,pt POR,DF,pt Sporting CP,27,1989,2.0,3,2,1,2,0,2,2,100.0,0,4,3,1,2,5,5,0,Matches
bdf8165d,Richard Almeida,az AZE,MF,az Qarabağ FK,28,1989,6.0,12,5,5,6,1,2,15,13.3,13,3,1,2,4,16,5,0,Matches
cb7786d5,Stathis Aloneftis,cy CYP,"FW,MF",cy APOEL FC,34,1983,5.6,9,7,4,4,1,3,18,16.7,15,6,0,6,10,19,8,0,Matches
f4290206,Marcos Alonso,es ESP,"DF,MF",eng Chelsea,26,1990,6.6,13,10,6,5,2,6,14,42.9,8,11,1,10,12,25,11,0,Matches
8ce30c57,Éder Álvarez Balanta,co COL,DF,ch Basel,24,1993,5.9,14,9,11,3,0,5,12,41.7,7,9,4,5,12,26,33,0,Matches
c9e99e49,Dani Alves,br BRA,DF,fr Paris S-G,34,1983,8.0,24,15,14,7,3,7,18,38.9,11,13,2,11,13,37,14,1,Matches
5a2cb25d,Sofyan Amrabat,ma MAR,"MF,DF",nl Feyenoord,20,1996,5.9,12,12,7,4,1,1,9,11.1,8,9,0,9,9,21,4,1,Matches
9f31b1d3,André André,pt POR,"MF,FW",pt Porto,27,1989,2.5,6,3,4,2,0,1,3,33.3,2,4,1,3,2,8,4,0,Matches
2a70dcc9,Thanasis Androutsos,gr GRE,FW,gr Olympiacos,20,1997,1.0,1,0,1,0,0,1,5,20.0,4,1,0,1,0,1,1,0,Matches
632e0184,Minas Antoniou,cy CYP,FW,cy APOEL FC,23,1994,0.1,2,2,1,1,0,2,2,100.0,0,0,0,0,0,2,0,0,Matches
91976866,Mirko Antonucci,it ITA,FW,it Roma,18,1999,0.2,0,0,0,0,0,0,0,,0,0,0,0,0,0,0,0,Matches
feb5d3ab,Dennis Appiah,fr FRA,"DF,MF",be Anderlecht,25,1992,5.7,18,13,10,8,0,10,20,50.0,10,10,1,9,6,24,14,1,Matches
2f965a72,Alphonse Areola,fr FRA,GK,fr Paris S-G,24,1993,8.0,0,0,0,0,0,0,0,,0,0,0,0,0,0,5,0,Matches
97333cf5,Stuart Armstrong,sct SCO,MF,sct Celtic,25,1992,2.6,6,1,0,6,0,0,9,0.0,9,2,0,2,5,11,1,0,Matches
963a328b,Tolgay Arslan,de GER,MF,tr Beşiktaş,26,1990,3.6,15,11,4,11,0,4,15,26.7,11,6,0,6,4,19,1,0,Matches
089550f5,Kwadwo Asamoah,gh GHA,DF,it Juventus,28,1988,1.1,2,2,2,0,0,1,3,33.3,2,2,1,1,2,4,3,0,Matches
45af8a54,Marco Asensio,es ESP,"MF,FW",es Real Madrid,21,1996,5.2,4,3,2,1,1,0,4,0.0,4,2,1,1,3,7,5,0,Matches
d5dd5f1f,Pierre-Emerick Aubameyang,ga GAB,FW,de Dortmund,28,1989,6.0,1,0,0,0,1,0,2,0.0,2,3,0,3,0,1,0,0,Matches
97bfa797,Jean-Kévin Augustin,fr FRA,FW,de RB Leipzig,20,1997,3.8,0,0,0,0,0,0,0,,0,6,0,6,1,1,0,0,Matches
0e34de55,Filipe Augusto,br BRA,MF,pt Benfica,23,1993,2.6,4,3,0,4,0,1,4,25.0,3,4,1,3,5,9,1,0,Matches
5c2b4f07,Serge Aurier,ci CIV,DF,eng Tottenham,24,1992,5.6,8,7,6,1,1,4,12,33.3,8,3,1,2,17,25,13,0,Matches
53fc526b,Márcio Azevedo,br BRA,DF,ua Shakhtar,31,1986,0.3,0,0,0,0,0,0,1,0.0,1,0,0,0,0,0,0,0,Matches
53cad200,César Azpilicueta,es ESP,DF,eng Chelsea,27,1989,7.8,13,8,4,7,2,8,14,57.1,6,10,6,4,17,30,14,0,Matches
6438d426,Ryan Babel,nl NED,FW,tr Beşiktaş,30,1986,6.2,4,1,3,0,1,0,4,0.0,4,4,0,4,7,11,3,0,Matches
a1232f4e,Eric Bailly,ci CIV,DF,eng Manchester Utd,23,1994,3.0,8,4,5,3,0,2,2,100.0,0,6,4,2,2,10,10,2,Matches
ae8ec371,Gregor Bajde,si SVN,"MF,FW",si NK Maribor,23,1994,2.8,9,4,6,2,1,4,11,36.4,7,3,0,3,3,12,4,0,Matches
59bf127b,Tiemoué Bakayoko,fr FRA,MF,eng Chelsea,22,1994,4.0,12,11,3,6,3,2,6,33.3,4,3,0,3,7,19,2,0,Matches
509a4ccb,Keita Baldé,sn SEN,"FW,MF",fr Monaco,22,1995,3.2,0,0,0,0,0,0,2,0.0,2,0,0,0,1,1,0,0,Matches
a58bb1e1,Gareth Bale,wls WAL,"FW,MF",es Real Madrid,28,1989,3.3,2,1,0,1,1,1,1,100.0,0,3,0,3,1,3,6,0,Matches
fa937f7a,Éver Banega,ar ARG,MF,es Sevilla,29,1988,8.8,13,9,2,9,2,6,22,27.3,16,5,2,3,6,19,2,0,Matches
72d0e1b6,Gabriel Barbosa,br BRA,"MF,DF",pt Benfica,20,1996,0.3,2,2,0,2,0,0,0,,0,0,0,0,1,3,0,0,Matches
b742cc0d,Marc Bartra,es ESP,"DF,MF",de Dortmund,26,1991,3.9,17,10,10,4,3,8,14,57.1,6,9,2,7,11,28,16,0,Matches
7c0000fd,Andrea Barzagli,it ITA,DF,it Juventus,36,1981,7.3,13,8,12,1,0,7,11,63.6,4,2,1,1,13,26,21,0,Matches
b9052bad,Bilal Başaçıkoğlu,tr TUR,FW,nl Feyenoord,22,1995,0.3,1,1,0,0,1,0,0,,0,1,0,1,0,1,0,0,Matches
2973d8ff,Michy Batshuayi,be BEL,FW,eng Chelsea,23,1993,1.4,0,0,0,0,0,0,1,0.0,1,0,0,0,0,0,2,0,Matches
d637fc22,Rodrigo Battaglia,ar ARG,MF,pt Sporting CP,26,1991,6.0,17,14,6,10,1,9,18,50.0,9,8,2,6,9,26,9,0,Matches
49312f11,Sven van Beek,nl NED,DF,nl Feyenoord,23,1994,3.0,5,2,2,2,1,1,2,50.0,1,4,2,2,4,9,13,0,Matches
942b4f90,Wissam Ben Yedder,fr FRA,FW,es Sevilla,26,1990,7.2,3,2,0,2,1,2,4,50.0,2,2,0,2,2,5,2,0,Matches
b7e7937d,Diego Benaglio,ch SUI,GK,fr Monaco,33,1983,3.0,0,0,0,0,0,0,0,,0,0,0,0,0,0,1,0,Matches
3b15ef2d,Medhi Benatia,ma MAR,DF,it Juventus,30,1987,6.3,4,4,2,2,0,1,4,25.0,3,4,0,4,21,25,35,0,Matches
3b8674e6,Rodrigo Bentancur,uy URU,"MF,FW",it Juventus,20,1997,3.2,6,5,1,3,2,3,12,25.0,9,5,1,4,9,15,6,0,Matches
70d74ece,Karim Benzema,fr FRA,FW,es Real Madrid,29,1987,6.7,5,5,0,4,1,1,5,20.0,4,1,0,1,1,6,8,0,Matches
b6e50615,Yuri Berchiche,es ESP,DF,fr Paris S-G,27,1990,2.0,6,6,4,1,1,3,3,100.0,0,2,2,0,2,8,7,0,Matches
84ad89fa,Aleksei Berezutski,ru RUS,DF,ru CSKA Moscow,35,1982,3.0,6,8,5,1,0,5,9,55.6,4,4,0,4,8,14,22,0,Matches
a49fd565,Vasili Berezutski,ru RUS,DF,ru CSKA Moscow,35,1982,5.0,4,2,4,0,0,1,8,12.5,7,4,3,1,5,9,35,1,Matches
713c144a,Steven Berghuis,nl NED,FW,nl Feyenoord,25,1991,5.2,10,6,3,6,1,1,6,16.7,5,8,0,8,4,14,1,0,Matches
ab4b3e35,Bernard,br BRA,FW,ua Shakhtar,24,1992,7.6,11,8,7,4,0,5,20,25.0,15,12,0,12,14,25,5,1,Matches
ee93c1a9,Federico Bernardeschi,it ITA,FW,it Juventus,23,1994,1.5,4,3,4,0,0,2,4,50.0,2,1,0,1,0,4,2,0,Matches
17370b95,Bernardo,br BRA,DF,de RB Leipzig,22,1995,1.3,4,1,2,1,1,2,4,50.0,2,3,0,3,0,4,3,0,Matches
433dc9a2,Juan Bernat,es ESP,DF,de Bayern Munich,24,1993,0.5,1,0,1,0,0,1,1,100.0,0,0,0,0,0,1,2,0,Matches
a3e1d20d,Jean-Claude Billong,cm CMR,DF,si NK Maribor,23,1993,4.0,6,4,5,1,0,2,7,28.6,5,5,5,0,6,12,34,0,Matches
f533776b,Nir Bitton,il ISR,"DF,MF",sct Celtic,25,1991,2.1,11,6,7,3,1,7,9,77.8,2,1,0,1,5,16,7,0,Matches
691bef82,Daley Blind,nl NED,DF,eng Manchester Utd,27,1990,6.0,13,8,8,3,2,3,11,27.3,8,8,1,7,13,26,23,0,Matches
2db2fd7b,Jérôme Boateng,de GER,DF,de Bayern Munich,28,1988,7.5,3,3,2,1,0,2,5,40.0,3,8,4,4,9,12,22,1,Matches
faa1b07d,Salvatore Bocchetti,it ITA,DF,ru Spartak Moscow,30,1986,3.0,6,5,4,2,0,2,7,28.6,5,6,4,2,14,20,15,1,Matches
0ef05b3e,Frank Boeckx,be BEL,GK,be Anderlecht,30,1986,3.0,0,0,0,0,0,0,0,,0,1,0,1,1,1,0,0,Matches
635f2732,Jean-Paul Boëtius,nl NED,FW,nl Feyenoord,23,1994,5.8,13,8,4,7,2,0,5,0.0,5,11,0,11,5,18,1,0,Matches
4d1cea6a,Damjan Bohar,si SVN,"MF,FW",si NK Maribor,25,1991,5.4,10,6,7,3,0,4,13,30.8,9,1,0,1,6,16,13,2,Matches
e90af77c,Gabriel Boschilia,br BRA,DF,fr Monaco,21,1996,0.1,0,0,0,0,0,0,0,,0,0,0,0,0,0,0,0,Matches
7f6bff1f,Alberto Botía,es ESP,DF,gr Olympiacos,28,1989,3.0,3,2,3,0,0,3,7,42.9,4,8,7,1,5,8,24,0,Matches
eef95b11,Eric Botteghin,br BRA,DF,nl Feyenoord,29,1987,1.0,0,0,0,0,0,0,2,0.0,2,1,1,0,2,2,7,0,Matches
7c473e12,Dedryck Boyata,be BEL,DF,sct Celtic,26,1990,5.0,6,6,6,0,0,1,4,25.0,3,8,4,4,12,18,37,1,Matches
56b5d64e,Yacine Brahimi,dz ALG,"FW,MF",pt Porto,27,1990,6.3,13,9,5,7,1,5,8,62.5,3,9,0,9,5,18,1,0,Matches
10072610,Claudio Bravo,cl CHI,GK,eng Manchester City,34,1983,1.0,0,0,0,0,0,0,0,,0,0,0,0,1,1,0,0,Matches
0be28faf,Scott Brown,sct SCO,MF,sct Celtic,32,1985,5.8,13,3,6,7,0,3,15,20.0,12,8,2,6,12,25,9,0,Matches
5caa62a7,Bruma,pt POR,"FW,MF",de RB Leipzig,22,1994,3.0,3,2,0,3,0,2,3,66.7,1,0,0,0,2,5,0,0,Matches
4e18cf1c,Massimo Bruno,be BEL,FW,be Anderlecht,23,1993,0.5,1,1,0,1,0,0,0,,0,0,0,0,1,2,0,1,Matches
a4f642c5,Kevin Bua,ch SUI,"MF,FW",ch Basel,23,1993,1.1,3,2,0,1,2,0,3,0.0,3,0,0,0,0,3,1,0,Matches
e40d028b,Gianluigi Buffon,it ITA,GK,it Juventus,39,1978,9.0,0,0,0,0,0,0,3,0.0,3,0,0,0,0,0,2,1,Matches
9d12e142,Roman Bürki,ch SUI,GK,de Dortmund,26,1990,6.0,0,0,0,0,0,0,1,0.0,1,0,0,0,0,0,3,2,Matches
5ab0ea87,Sergio Busquets,es ESP,MF,es Barcelona,29,1988,8.5,23,17,7,14,2,10,28,35.7,18,13,4,9,5,28,8,0,Matches
8a7a5ad7,Bohdan Butko,ua UKR,DF,ua Shakhtar,26,1991,7.0,13,9,11,2,0,6,16,37.5,10,7,2,5,10,23,41,1,Matches
7914b9fe,Gary Cahill,eng ENG,DF,eng Chelsea,31,1985,5.0,5,4,5,0,0,1,3,33.3,2,4,2,2,6,11,15,0,Matches
22ca11f1,Fabrizio Caligara,it ITA,FW,it Juventus,17,2000,0.0,0,0,0,0,0,0,0,,0,0,0,0,0,0,0,0,Matches
78841da9,José Callejón,es ESP,FW,it Napoli,30,1987,5.6,6,3,2,3,1,2,14,14.3,12,7,1,6,4,10,4,0,Matches
341a40ef,Igor de Camargo,be BEL,FW,cy APOEL FC,34,1983,2.6,3,0,2,1,0,0,1,0.0,1,2,0,2,4,7,5,0,Matches
a65ce836,Emre Can,de GER,MF,eng Liverpool,23,1994,5.9,13,9,5,7,1,1,10,10.0,9,14,1,13,7,20,3,0,Matches
dc415e39,Mehdi Carcela,ma MAR,"FW,MF",gr Olympiacos,28,1989,3.0,10,5,3,7,0,1,4,25.0,3,2,0,2,3,13,0,0,Matches
0d863fdc,Carlão,br BRA,DF,cy APOEL FC,31,1986,5.0,7,6,5,2,0,1,2,50.0,1,13,12,1,16,23,19,1,Matches
de39485a,Yannick Carrasco,be BEL,"MF,FW",es Atlético Madrid,23,1993,3.0,4,2,0,3,1,2,6,33.3,4,4,1,3,3,7,0,1,Matches
8f898ba8,Guido Carrillo,ar ARG,FW,fr Monaco,26,1991,1.5,3,2,0,2,1,1,1,100.0,0,3,2,1,1,4,1,0,Matches
4958bfb2,Dani Carvajal,es ESP,DF,es Real Madrid,25,1992,7.2,23,15,11,7,5,9,14,64.3,5,13,5,8,17,40,14,0,Matches
36b76751,João Carvalho,pt POR,MF,pt Benfica,20,1997,1.0,0,0,0,0,0,0,1,0.0,1,1,0,1,4,4,0,0,Matches
dee86451,William Carvalho,pt POR,MF,pt Sporting CP,25,1992,5.0,11,8,3,8,0,3,10,30.0,7,2,1,1,5,16,4,0,Matches
4d224fe8,Casemiro,br BRA,MF,es Real Madrid,25,1992,10.5,45,29,25,14,6,21,45,46.7,24,31,11,20,23,68,25,1,Matches
58bc7d18,Kiko Casilla,es ESP,GK,es Real Madrid,30,1986,2.0,0,0,0,0,0,0,0,,0,0,0,0,0,0,1,0,Matches
1ddbb0da,Iker Casillas,es ESP,GK,pt Porto,36,1981,3.0,0,0,0,0,0,0,0,,0,0,0,0,0,0,0,0,Matches
68829001,Gonzalo Castro,de GER,MF,de Dortmund,30,1987,1.5,6,3,1,3,2,0,1,0.0,1,0,0,0,2,8,0,0,Matches
527f063d,Edinson Cavani,uy URU,FW,fr Paris S-G,30,1987,7.6,1,1,0,1,0,0,5,0.0,5,1,1,0,5,6,6,0,Matches
c0617e2b,Dani Ceballos,es ESP,"MF,FW",es Real Madrid,20,1996,0.9,2,1,1,1,0,1,5,20.0,4,2,0,2,2,4,0,0,Matches
5e1028e5,Franco Cervi,ar ARG,"MF,FW",pt Benfica,23,1994,1.1,2,2,2,0,0,0,1,0.0,1,3,0,3,0,2,1,0,Matches
f0faccb9,Bruno César,br BRA,"MF,FW",pt Sporting CP,28,1988,2.8,2,2,0,1,1,1,3,33.3,2,5,2,3,4,6,0,0,Matches
f619413f,Júlio César,br BRA,GK,pt Benfica,37,1979,1.0,0,0,0,0,0,0,0,,0,0,0,0,0,0,0,0,Matches
042d286e,Fyodor Chalov,ru RUS,FW,ru CSKA Moscow,19,1998,1.6,0,0,0,0,0,0,3,0.0,3,0,0,0,1,1,2,0,Matches
e85fb9b8,Giorgio Chiellini,it ITA,DF,it Juventus,32,1984,7.0,15,10,8,5,2,3,8,37.5,5,8,3,5,13,28,46,0,Matches
c9081f9a,Alexandru Chipciu,ro ROU,DF,be Anderlecht,28,1989,2.0,8,6,7,0,1,5,9,55.6,4,1,0,1,6,14,2,0,Matches
c316607a,Vlad Chiricheș,ro ROU,DF,it Napoli,27,1989,1.0,1,1,1,0,0,1,2,50.0,1,1,0,1,1,2,1,0,Matches
1cb49278,Andreas Christensen,dk DEN,DF,eng Chelsea,21,1996,5.0,5,3,4,1,0,3,6,50.0,3,4,1,3,8,13,22,1,Matches
04ac8285,Jasper Cillessen,nl NED,GK,es Barcelona,28,1989,1.0,0,0,0,0,0,0,0,,0,0,0,0,0,0,1,0,Matches
a1c2666d,Orkan Çınar,tr TUR,FW,tr Beşiktaş,21,1996,0.2,1,1,1,0,0,1,2,50.0,1,0,0,0,0,1,0,0,Matches
0442183b,Nathaniel Clyne,eng ENG,DF,eng Liverpool,26,1991,0.1,1,1,1,0,0,0,0,,0,0,0,0,0,1,1,0,Matches
1fbbfbde,Sebastián Coates,uy URU,DF,pt Sporting CP,26,1990,5.0,12,9,10,2,0,6,12,50.0,6,10,7,3,14,26,19,0,Matches
0f8bd0a6,Fábio Coentrão,pt POR,"DF,MF",pt Sporting CP,29,1988,3.0,4,2,1,2,1,3,6,50.0,3,3,1,2,6,10,11,0,Matches
042e8a49,Kingsley Coman,fr FRA,"FW,MF",de Bayern Munich,21,1996,4.3,6,4,1,4,1,0,2,0.0,2,4,0,4,1,7,0,0,Matches
3e99c613,Marvin Compper,de GER,DF,de RB Leipzig,32,1985,0.2,0,0,0,0,0,0,0,,0,0,0,0,1,1,0,0,Matches
0e7ccfc4,Sébastien Corchia,fr FRA,DF,es Sevilla,26,1990,1.2,2,2,0,1,1,2,3,66.7,1,0,0,0,2,4,2,0,Matches
fb938d24,Jesús Corona,mx MEX,MF,pt Porto,24,1993,3.5,12,9,7,5,0,4,14,28.6,10,5,0,5,7,19,0,0,Matches
01eb744d,Ángel Correa,ar ARG,"MF,FW",es Atlético Madrid,22,1995,2.8,2,0,1,0,1,0,6,0.0,6,3,0,3,3,5,2,0,Matches
45b9b619,Joaquín Correa,ar ARG,FW,es Sevilla,22,1994,7.0,13,7,2,8,3,2,13,15.4,11,4,0,4,7,20,3,0,Matches
4fa7cb9b,Douglas Costa,br BRA,"FW,MF",it Juventus,26,1990,8.0,6,1,3,3,0,1,14,7.1,13,7,0,7,8,14,3,0,Matches
1840e36d,Thibaut Courtois,be BEL,GK,eng Chelsea,25,1992,8.0,0,0,0,0,0,0,0,,0,0,0,0,2,2,0,1,Matches
0ef89a37,Philippe Coutinho,br BRA,"MF,FW",eng Liverpool,25,1992,3.9,3,0,1,2,0,1,3,33.3,2,3,1,2,4,7,2,0,Matches
0ab1f153,Juan Cuadrado,co COL,FW,it Juventus,29,1988,4.6,17,10,7,7,3,6,13,46.2,7,2,0,2,5,22,5,1,Matches
db4ed67b,Mahmoud Dahoud,de GER,MF,de Dortmund,21,1996,2.1,5,2,3,1,1,1,2,50.0,1,3,0,3,2,7,3,1,Matches
d9565625,Diogo Dalot,pt POR,DF,pt Porto,18,1999,1.0,1,0,1,0,0,0,1,0.0,1,1,0,1,2,3,7,0,Matches
94b2001f,Danilo,br BRA,DF,eng Manchester City,26,1991,4.1,12,9,5,6,1,7,10,70.0,3,7,1,6,7,19,13,0,Matches
96e0490d,Matteo Darmian,it ITA,DF,eng Manchester Utd,27,1989,2.3,8,5,5,3,0,2,2,100.0,0,2,1,1,5,13,5,0,Matches
44781702,Ben Davies,wls WAL,DF,eng Tottenham,24,1993,5.0,8,6,4,3,1,4,10,40.0,6,8,1,7,6,14,23,0,Matches
e46012d4,Kevin De Bruyne,be BEL,MF,eng Manchester City,26,1991,7.4,13,9,2,9,2,7,22,31.8,15,6,2,4,12,25,2,0,Matches
532d2690,Daniele De Rossi,it ITA,MF,it Roma,34,1983,8.6,14,10,8,6,0,7,22,31.8,15,13,3,10,14,28,13,0,Matches
ae4e2852,Mattia De Sciglio,it ITA,DF,it Juventus,24,1992,4.4,7,3,5,2,0,6,7,85.7,1,4,2,2,1,8,18,1,Matches
854ee61a,Grégoire Defrel,mq MTQ,FW,it Roma,26,1991,1.8,3,2,1,1,1,0,0,,0,1,0,1,1,4,1,1,Matches
111c3236,Fabian Delph,eng ENG,DF,eng Manchester City,27,1989,4.3,10,8,3,7,0,6,14,42.9,8,3,0,3,8,18,15,0,Matches
f7ee69fb,Mousa Dembélé,be BEL,MF,eng Tottenham,30,1987,3.6,10,6,1,6,3,2,5,40.0,3,4,1,3,6,16,1,0,Matches
e7986081,Moussa Dembélé,fr FRA,FW,sct Celtic,21,1996,3.0,3,3,0,3,0,0,0,,0,1,0,1,1,4,2,0,Matches
b19db005,Ousmane Dembélé,fr FRA,"MF,FW",es Barcelona,20,1997,1.6,1,1,0,1,0,0,6,0.0,6,1,0,1,2,3,1,0,Matches
dc3fa3b5,Diego Demme,de GER,MF,de RB Leipzig,25,1991,3.6,10,8,3,6,1,4,14,28.6,10,3,0,3,6,16,7,0,Matches
5a7301ae,Leander Dendoncker,be BEL,"MF,DF",be Anderlecht,22,1995,6.0,9,2,4,5,0,5,14,35.7,9,4,1,3,15,24,4,2,Matches
85686f86,Dentinho,br BRA,"MF,FW",ua Shakhtar,28,1989,0.4,1,0,0,0,1,1,1,100.0,0,0,0,0,0,1,0,0,Matches
d807c7f6,Jan-Arie van der Heijden,nl NED,DF,nl Feyenoord,29,1988,1.0,0,0,0,0,0,0,0,,0,2,2,0,0,0,4,0,Matches
a6997e06,Olivier Deschacht,be BEL,DF,be Anderlecht,36,1981,3.6,3,3,2,1,0,2,3,66.7,1,4,2,2,3,6,11,1,Matches
39583cfd,Gerard Deulofeu,es ESP,"FW,MF",es Barcelona,23,1994,1.6,0,0,0,0,0,0,5,0.0,5,0,0,0,2,2,0,0,Matches
19cda00b,Ángel Di María,ar ARG,FW,fr Paris S-G,29,1988,1.6,1,1,1,0,0,1,2,50.0,1,1,0,1,0,1,0,0,Matches
65585e3a,Adama Diakhaby,fr FRA,FW,fr Monaco,21,1996,2.5,7,4,4,3,0,3,5,60.0,2,4,0,4,2,9,2,0,Matches
79584585,Lassana Diarra,fr FRA,MF,fr Paris S-G,32,1985,0.1,0,0,0,0,0,0,0,,0,0,0,0,1,1,0,0,Matches
31c69ef1,Rúben Dias,pt POR,DF,pt Benfica,20,1997,2.0,4,3,3,1,0,1,2,50.0,1,2,2,0,1,5,13,0,Matches
bf309d24,Amadou Diawara,gn GUI,MF,it Napoli,20,1997,4.1,5,2,2,2,1,1,6,16.7,5,7,1,6,7,12,3,0,Matches
407feb71,Brahim Díaz,es ESP,"MF,FW",eng Manchester City,17,1999,0.6,0,0,0,0,0,0,0,,0,0,0,0,0,0,0,0,Matches
3c1b7c60,Serey Die,ci CIV,MF,ch Basel,32,1984,3.2,10,5,3,5,2,7,18,38.9,11,6,1,5,7,17,0,0,Matches
ac861941,Eric Dier,eng ENG,"MF,DF",eng Tottenham,23,1994,6.8,14,9,6,6,2,5,10,50.0,5,8,4,4,5,19,23,1,Matches
1b84dbe1,Lucas Digne,fr FRA,DF,es Barcelona,24,1993,3.0,8,4,3,2,3,2,3,66.7,1,3,0,3,6,14,7,0,Matches
f179ee11,Kevin Diks,nl NED,DF,nl Feyenoord,20,1996,2.0,6,4,5,1,0,4,5,80.0,1,2,0,2,5,11,4,1,Matches
5cef5a64,Joshgun Diniyev,az AZE,MF,az Qarabağ FK,21,1995,0.7,0,0,0,0,0,0,2,0.0,2,0,0,0,0,0,0,0,Matches
dc90cfbe,Bas Dost,nl NED,FW,pt Sporting CP,28,1989,4.2,3,0,3,0,0,0,0,,0,1,0,1,1,4,3,0,Matches
ee0da7af,Douglas,br BRA,DF,pt Benfica,26,1990,3.0,10,6,8,1,1,7,13,53.8,6,0,0,0,5,15,2,1,Matches
c49afee6,Seydou Doumbia,ci CIV,FW,pt Sporting CP,29,1987,1.3,0,0,0,0,0,0,1,0.0,1,0,0,0,0,0,0,0,Matches
1a992676,Julian Draxler,de GER,MF,fr Paris S-G,23,1993,3.5,6,4,2,2,2,1,7,14.3,6,2,1,1,6,12,2,0,Matches
2649ff32,Danny Drinkwater,eng ENG,MF,eng Chelsea,27,1990,0.4,1,0,0,1,0,0,1,0.0,1,1,0,1,0,1,1,0,Matches
e0921a4f,Paulo Dybala,ar ARG,"MF,FW",it Juventus,23,1993,7.3,4,3,0,4,0,1,9,11.1,8,7,0,7,0,4,1,0,Matches
4c45cdc2,Alan Dzagoev,ru RUS,"MF,FW",ru CSKA Moscow,27,1990,4.1,3,0,2,0,1,1,12,8.3,11,7,0,7,1,4,5,0,Matches
3bb7f478,Edin Džeko,ba BIH,FW,it Roma,31,1986,12.0,6,5,0,3,3,0,4,0.0,4,2,0,2,0,6,9,1,Matches
e7ef333b,Georgi Dzhikiya,ru RUS,DF,ru Spartak Moscow,23,1993,4.7,8,6,4,3,1,5,5,100.0,0,2,2,0,10,18,30,0,Matches
a382462b,Lorenzo Ebecilio,nl NED,"MF,FW",cy APOEL FC,25,1991,2.9,5,2,4,0,1,1,3,33.3,2,2,0,2,2,7,3,0,Matches
3bb7b8b4,Ederson,br BRA,GK,eng Manchester City,23,1993,9.0,0,0,0,0,0,0,3,0.0,3,0,0,0,1,1,5,0,Matches
0562b7f1,Odsonne Édouard,fr FRA,FW,sct Celtic,19,1998,0.4,0,0,0,0,0,0,2,0.0,2,1,0,1,0,0,1,0,Matches
65553d96,Giorgos Efrem,cy CYP,MF,cy APOEL FC,28,1989,0.3,0,0,0,0,0,0,0,,0,2,0,2,0,0,0,0,Matches
4f56170e,Omar Elabdellaoui,no NOR,DF,gr Olympiacos,25,1991,4.0,3,3,3,0,0,2,3,66.7,1,3,0,3,12,15,13,0,Matches
981869fc,Eliseu,pt POR,DF,pt Benfica,33,1983,2.2,1,1,1,0,0,0,1,0.0,1,2,0,2,4,5,3,0,Matches
68dc0dac,Mohamed Elyounoussi,no NOR,"FW,MF",ch Basel,22,1994,7.1,3,2,2,1,0,0,15,0.0,15,14,5,9,7,10,6,0,Matches
85b0c4c6,Tarik Elyounoussi,no NOR,"FW,MF",az Qarabağ FK,29,1988,0.4,1,1,1,0,0,1,1,100.0,0,1,0,1,2,3,0,0,Matches
df6bcd09,Emmanuel Emenike,ng NGA,FW,gr Olympiacos,30,1987,1.3,0,0,0,0,0,0,0,,0,0,0,0,0,0,1,0,Matches
4fdf1fd9,Björn Engels,be BEL,DF,gr Olympiacos,22,1994,5.0,4,2,2,2,0,2,5,40.0,3,7,6,1,4,8,30,1,Matches
980522ec,Christian Eriksen,dk DEN,"MF,FW",eng Tottenham,25,1992,5.9,5,3,0,3,2,1,7,14.3,6,7,2,5,4,9,2,0,Matches
15b6e8d7,Caner Erkin,tr TUR,DF,tr Beşiktaş,28,1988,5.8,7,2,4,3,0,4,19,21.1,15,2,0,2,21,28,14,0,Matches
b0616e3d,Sergio Escudero,es ESP,DF,es Sevilla,27,1989,10.0,21,12,11,7,3,9,19,47.4,10,6,2,4,19,40,39,0,Matches
7f3b388c,Fabinho,br BRA,MF,fr Monaco,23,1993,5.0,18,7,8,7,3,7,11,63.6,4,6,0,6,8,26,5,0,Matches
33508c78,Cesc Fàbregas,es ESP,MF,eng Chelsea,30,1987,7.7,19,12,10,3,6,6,22,27.3,16,11,1,10,14,33,4,0,Matches
af245161,Fabricio,es ESP,GK,tr Beşiktaş,29,1987,6.0,0,0,0,0,0,0,0,,0,0,0,0,0,0,6,0,Matches
66116290,Radamel Falcao,co COL,FW,fr Monaco,31,1986,4.3,5,4,3,1,1,1,1,100.0,0,3,2,1,2,7,4,0,Matches
ea8d470b,Agustín Farías,ar ARG,"MF,FW",cy APOEL FC,29,1987,0.9,7,4,5,0,2,3,8,37.5,5,2,1,1,2,9,3,0,Matches
4e358a2d,Federico Fazio,ar ARG,DF,it Roma,30,1987,10.2,21,11,13,8,0,10,18,55.6,8,17,12,5,21,42,45,1,Matches
874d7a32,Ljubomir Fejsa,rs SRB,MF,pt Benfica,28,1988,4.0,7,5,1,6,0,2,6,33.3,4,4,1,3,6,13,6,0,Matches
51a3c4c8,Felipe,br BRA,DF,pt Porto,28,1989,6.4,11,6,10,1,0,3,10,30.0,7,12,8,4,22,33,39,0,Matches
87575fd9,Marouane Fellaini,be BEL,MF,eng Manchester Utd,29,1987,2.5,3,3,0,3,0,0,3,0.0,3,0,0,0,2,5,6,0,Matches
507c7bdf,Bruno Fernandes,pt POR,MF,pt Sporting CP,22,1994,6.0,15,7,6,7,2,5,16,31.3,11,6,1,5,4,19,1,1,Matches
7c1a0c67,Mário Fernandes,ru RUS,"FW,MF",ru CSKA Moscow,26,1990,6.0,14,10,3,9,2,5,11,45.5,6,3,1,2,7,21,27,0,Matches
78c40e94,Augusto Fernández,ar ARG,MF,es Atlético Madrid,31,1986,0.6,0,0,0,0,0,0,2,0.0,2,1,1,0,2,2,0,0,Matches
101da2b5,Fernandinho,br BRA,"MF,DF",eng Manchester City,32,1985,7.6,17,10,8,8,1,10,30,33.3,20,9,1,8,14,31,19,1,Matches
34c3ec17,Fernando,br BRA,MF,ru Spartak Moscow,25,1992,6.0,7,5,3,3,1,2,15,13.3,13,7,0,7,12,19,9,1,Matches
b39a793e,Facundo Ferreyra,ar ARG,FW,ua Shakhtar,26,1991,7.8,6,2,1,4,1,0,1,0.0,1,8,1,7,1,7,4,0,Matches
3e587547,Diogo Figueiras,pt POR,"DF,MF",gr Olympiacos,26,1991,4.0,7,3,4,3,0,2,4,50.0,2,2,1,1,13,20,14,0,Matches
352cabbc,Tobias Figueiredo,pt POR,DF,pt Sporting CP,23,1994,0.1,0,0,0,0,0,0,0,,0,0,0,0,0,0,1,0,Matches
4c370d81,Roberto Firmino,br BRA,FW,eng Liverpool,25,1991,11.7,23,17,3,15,5,0,20,0.0,20,11,1,10,3,26,5,0,Matches
e288d4b3,Alessandro Florenzi,it ITA,"DF,FW",it Roma,26,1991,7.9,12,9,10,1,1,8,23,34.8,15,8,0,8,17,29,10,0,Matches
ed1e53f3,Phil Foden,eng ENG,"MF,DF",eng Manchester City,17,2000,2.2,2,1,0,2,0,1,7,14.3,6,0,0,0,0,2,1,0,Matches
e73659d3,James Forrest,sct SCO,"DF,FW",sct Celtic,26,1991,3.4,4,1,1,3,0,2,6,33.3,4,1,0,1,2,6,4,0,Matches
9a2e0ccc,Emil Forsberg,se SWE,"MF,FW",de RB Leipzig,25,1991,4.6,5,4,0,4,1,0,4,0.0,4,5,0,5,1,6,2,0,Matches
2327c29e,Hernâni Fortes,pt POR,MF,pt Porto,25,1991,0.2,0,0,0,0,0,0,2,0.0,2,0,0,0,0,0,0,0,Matches
715e5b0e,Kostas Fortounis,gr GRE,"FW,MF",gr Olympiacos,24,1992,2.7,2,2,0,2,0,0,1,0.0,1,0,0,0,0,2,0,0,Matches
6c7762c3,Juan Foyth,ar ARG,DF,eng Tottenham,19,1998,1.0,2,0,2,0,0,0,0,,0,2,1,1,1,3,2,0,Matches
2e85c59c,Alexander Fransson,se SWE,MF,ch Basel,23,1994,0.1,0,0,0,0,0,0,0,,0,0,0,0,0,0,0,0,Matches
b853e0ad,Fred,br BRA,MF,ua Shakhtar,24,1993,8.0,23,16,11,10,2,8,26,30.8,18,15,3,12,9,32,6,1,Matches
9fb640a8,Fabian Frei,ch SUI,"DF,MF",ch Basel,28,1989,2.0,1,1,0,1,0,0,2,0.0,2,1,0,1,8,9,8,0,Matches
f86ad3f5,Marco Friedl,at AUT,DF,de Bayern Munich,19,1998,1.0,1,1,1,0,0,1,2,50.0,1,2,0,2,3,4,4,0,Matches
65d750b5,Gabi,es ESP,MF,es Atlético Madrid,34,1983,3.9,7,2,2,3,2,4,13,30.8,9,5,1,4,2,9,4,0,Matches
7ebfac0f,Nicolás Gaitán,ar ARG,MF,es Atlético Madrid,29,1988,1.4,5,2,3,1,1,2,5,40.0,3,1,0,1,5,10,0,0,Matches
f27680d9,Cristian Gamboa,cr CRC,DF,sct Celtic,27,1989,1.0,3,2,3,0,0,3,5,60.0,2,2,1,1,3,6,3,0,Matches
42276181,Kévin Gameiro,fr FRA,FW,es Atlético Madrid,30,1987,1.8,0,0,0,0,0,0,3,0.0,3,2,1,1,2,2,0,0,Matches
23593121,Ganso,br BRA,MF,es Sevilla,27,1989,0.3,1,1,0,1,0,0,2,0.0,2,1,0,1,0,1,0,0,Matches
a372a9f2,Gara Garayev,az AZE,MF,az Qarabağ FK,24,1992,5.8,10,8,7,3,0,4,14,28.6,10,7,2,5,8,18,9,0,Matches
7ba6d84e,David de Gea,es ESP,GK,eng Manchester Utd,26,1990,6.0,0,0,0,0,0,0,0,,0,0,0,0,0,0,0,0,Matches
294450ba,Johannes Geis,de GER,DF,es Sevilla,23,1993,1.0,1,1,1,0,0,1,2,50.0,1,1,1,0,0,1,3,0,Matches
ad28ee23,Anthony Georgiou,cy CYP,MF,eng Tottenham,20,1997,0.1,0,0,0,0,0,0,0,,0,1,0,1,0,0,0,0,Matches
e45ee4bc,Pieter Gerkens,be BEL,"FW,MF",be Anderlecht,21,1995,4.5,8,5,0,7,1,2,10,20.0,8,4,0,4,3,11,0,0,Matches
8827bf46,Gerson,br BRA,FW,it Roma,20,1997,2.4,9,5,3,3,3,3,5,60.0,2,5,1,4,2,11,1,0,Matches
dc3a9a0d,Rachid Ghezzal,dz ALG,"MF,FW",fr Monaco,25,1992,1.6,3,0,2,0,1,1,3,33.3,2,1,0,1,3,6,0,0,Matches
c5adc293,Faouzi Ghoulam,dz ALG,DF,it Napoli,26,1991,3.3,5,4,2,2,1,3,7,42.9,4,3,1,2,5,10,3,0,Matches
3f944dad,Guillaume Gillet,be BEL,MF,gr Olympiacos,33,1984,2.8,8,4,2,6,0,1,4,25.0,3,3,0,3,5,13,3,0,Matches
16ceb862,Olivier Giroud,fr FRA,FW,eng Chelsea,30,1986,0.7,0,0,0,0,0,0,1,0.0,1,0,0,0,0,0,1,0,Matches
c6056d58,Kamil Glik,pl POL,DF,fr Monaco,29,1988,6.0,10,9,8,2,0,5,8,62.5,3,4,1,3,4,14,31,0,Matches
c67b8590,Denis Glushakov,ru RUS,MF,ru Spartak Moscow,30,1987,3.7,6,2,3,3,0,3,11,27.3,8,5,1,4,4,10,4,0,Matches
fc4f85b1,Diego Godín,uy URU,DF,es Atlético Madrid,31,1986,4.0,9,7,6,3,0,5,11,45.5,6,1,0,1,8,17,11,0,Matches
3708e9fa,Aleksandr Golovin,ru RUS,MF,ru CSKA Moscow,21,1996,6.0,13,9,5,6,2,5,23,21.7,18,5,1,4,10,23,2,0,Matches
1961b2aa,André Gomes,pt POR,MF,es Barcelona,24,1993,1.9,8,7,1,6,1,3,6,50.0,3,0,0,0,2,10,2,0,Matches
7a11550b,Joe Gomez,eng ENG,DF,eng Liverpool,20,1997,4.1,10,7,6,4,0,2,8,25.0,6,10,1,9,12,22,14,0,Matches
b8c1de25,Maxime Gonalons,fr FRA,MF,it Roma,28,1989,3.4,9,6,5,3,1,1,8,12.5,7,4,0,4,7,16,3,2,Matches
f4b52308,Diogo Gonçalves,pt POR,"FW,MF",pt Benfica,20,1997,3.0,0,0,0,0,0,0,2,0.0,2,2,0,2,0,0,0,0,Matches
d1675302,Gökhan Gönül,tr TUR,DF,tr Beşiktaş,32,1985,3.2,13,10,8,4,1,6,10,60.0,4,2,0,2,14,27,11,0,Matches
b15780e3,Craig Gordon,sct SCO,GK,sct Celtic,34,1982,6.0,0,0,0,0,0,0,1,0.0,1,0,0,0,1,1,1,1,Matches
f33238db,Astemir Gordyushenko,ru RUS,FW,ru CSKA Moscow,20,1997,0.3,4,2,2,1,1,0,3,0.0,3,1,0,1,0,4,1,0,Matches
9efa1d25,Mario Götze,de GER,MF,de Dortmund,25,1992,4.1,9,6,4,4,1,2,13,15.4,11,5,0,5,2,11,1,0,Matches
df69b544,Antoine Griezmann,fr FRA,FW,es Atlético Madrid,26,1991,5.9,6,4,1,5,0,1,1,100.0,0,4,0,4,2,8,2,0,Matches
a8c62306,Leigh Griffiths,sct SCO,FW,sct Celtic,26,1990,2.8,3,2,0,3,0,0,4,0.0,4,5,0,5,2,5,1,0,Matches
b1f4086c,Álex Grimaldo,es ESP,DF,pt Benfica,21,1995,3.6,7,3,4,2,1,6,13,46.2,7,5,0,5,5,12,3,0,Matches
8b8e759d,Marko Grujić,rs SRB,FW,eng Liverpool,21,1996,0.1,0,0,0,0,0,0,0,,0,0,0,0,0,0,0,0,Matches
2f061b36,Raúl Gudiño,mx MEX,GK,cy APOEL FC,21,1996,0.5,0,0,0,0,0,0,0,,0,0,0,0,0,0,0,0,Matches
048a1cbc,Raphaël Guerreiro,pt POR,"MF,DF",de Dortmund,23,1993,2.8,1,0,1,0,0,0,2,0.0,2,3,0,3,4,5,2,0,Matches
af7e69d1,Wilde-Donald Guerrier,ht HAI,"DF,MF",az Qarabağ FK,28,1989,3.9,8,7,6,1,1,3,6,50.0,3,2,0,2,4,12,9,0,Matches
bcb2ccd8,Péter Gulácsi,hu HUN,GK,de RB Leipzig,27,1990,6.0,0,0,0,0,0,0,0,,0,0,0,0,0,0,2,1,Matches
819b3158,İlkay Gündoğan,de GER,MF,eng Manchester City,26,1990,5.6,16,11,5,9,2,3,12,25.0,9,0,0,0,8,24,2,0,Matches
e42d61c7,Achraf Hakimi,ma MAR,DF,es Real Madrid,18,1998,2.0,3,3,0,2,1,2,3,66.7,1,3,0,3,1,4,3,0,Matches
8ff2354e,Marcel Halstenberg,de GER,DF,de RB Leipzig,25,1991,5.2,16,15,9,6,1,6,14,42.9,8,3,1,2,9,25,11,0,Matches
e6ad16b2,Marek Hamšík,sk SVK,MF,it Napoli,30,1987,5.2,8,5,0,7,1,1,11,9.1,10,4,0,4,5,13,5,2,Matches
bc1f61c9,Jasmin Handanović,si SVN,GK,si NK Maribor,39,1978,6.0,0,0,0,0,0,0,0,,0,0,0,0,0,0,7,2,Matches
ebc49727,Sofiane Hanni,dz ALG,"FW,MF",be Anderlecht,26,1990,5.2,3,3,0,2,1,0,3,0.0,3,9,0,9,10,13,4,0,Matches
c8d7131c,Ridgeciano Haps,sr SUR,DF,nl Feyenoord,24,1993,4.0,10,8,7,3,0,3,5,60.0,2,4,1,3,13,23,11,0,Matches
fe4a25be,Hamdi Harbaoui,tn TUN,FW,be Anderlecht,32,1985,0.2,0,0,0,0,0,0,0,,0,0,0,0,1,1,0,0,Matches
a39bb753,Eden Hazard,be BEL,"FW,MF",eng Chelsea,26,1991,6.8,2,2,0,1,1,0,2,0.0,2,3,0,3,1,3,2,0,Matches
935e6b8f,Jordan Henderson,eng ENG,MF,eng Liverpool,27,1990,9.6,24,14,6,16,2,7,23,30.4,16,17,5,12,16,40,12,0,Matches
460976a2,Pedro Henrique,br BRA,"FW,MF",az Qarabağ FK,27,1990,3.1,6,5,1,4,1,1,8,12.5,7,2,0,2,1,7,5,0,Matches
c3ee18ef,Lucas Hernández,fr FRA,DF,es Atlético Madrid,21,1996,3.0,1,1,1,0,0,0,1,0.0,1,5,1,4,7,8,8,0,Matches
d4c9725f,Theo Hernández,fr FRA,DF,es Real Madrid,19,1997,1.5,3,2,1,1,1,3,6,50.0,3,0,0,0,1,4,1,0,Matches
436a9dd0,Ander Herrera,es ESP,MF,eng Manchester Utd,27,1989,4.2,13,10,6,7,0,1,12,8.3,11,8,1,7,12,25,7,0,Matches
a8542814,Héctor Herrera,mx MEX,MF,pt Porto,27,1990,5.9,19,15,5,13,1,3,19,15.8,16,9,1,8,8,27,2,0,Matches
92e7e919,Son Heung-min,kr KOR,"FW,MF",eng Tottenham,25,1992,4.7,7,5,3,3,1,2,11,18.2,9,4,0,4,0,7,2,0,Matches
8a08491a,Gonzalo Higuaín,ar ARG,FW,it Juventus,29,1987,9.2,10,4,0,6,4,1,6,16.7,5,5,0,5,4,14,7,1,Matches
a4aa453f,Dino Hotić,ba BIH,"MF,FW",si NK Maribor,22,1995,1.7,1,0,0,1,0,0,2,0.0,2,2,0,2,1,2,1,0,Matches
05d548d8,Mats Hummels,de GER,DF,de Bayern Munich,28,1988,7.5,18,12,14,4,0,6,13,46.2,7,7,2,5,10,28,27,0,Matches
4f5a953e,Badavi Huseynov,az AZE,DF,az Qarabağ FK,26,1991,3.0,5,5,4,1,0,3,5,60.0,2,4,2,2,8,13,13,0,Matches
f1b55719,Atiba Hutchinson,ca CAN,MF,tr Beşiktaş,34,1983,6.3,19,11,10,7,2,7,16,43.8,9,7,4,3,12,31,9,0,Matches
2f3452eb,Elseid Hysaj,al ALB,DF,it Napoli,23,1994,5.8,14,10,9,4,1,5,12,41.7,7,3,1,2,14,28,15,0,Matches
4cde5509,Zlatan Ibrahimović,se SWE,FW,eng Manchester Utd,35,1981,0.2,0,0,0,0,0,0,0,,0,0,0,0,0,0,0,0,Matches
04f2ed4d,Sergei Ignashevich,ru RUS,DF,ru CSKA Moscow,38,1979,3.5,5,2,1,4,0,2,5,40.0,3,5,3,2,11,16,15,0,Matches
8494acc4,Stefan Ilsanker,at AUT,"DF,MF",de RB Leipzig,28,1989,2.9,12,7,3,8,1,6,7,85.7,1,1,1,0,6,18,16,0,Matches
07802f7f,Danny Ings,eng ENG,FW,eng Liverpool,25,1992,0.6,3,2,0,2,1,1,1,100.0,0,3,0,3,1,4,0,0,Matches
cfd65a29,Andrés Iniesta,es ESP,MF,es Barcelona,33,1984,6.9,11,8,4,5,2,3,12,25.0,9,12,1,11,8,19,4,0,Matches
2f557579,Lorenzo Insigne,it ITA,FW,it Napoli,26,1991,4.3,1,1,0,1,0,0,7,0.0,7,3,0,3,7,8,0,0,Matches
8e92be30,Alexander Isak,se SWE,FW,de Dortmund,17,1999,0.1,0,0,0,0,0,0,0,,0,0,0,0,0,0,0,0,Matches
a0b4bb3e,Isco,es ESP,MF,es Real Madrid,25,1992,8.2,14,11,5,4,5,4,21,19.0,17,6,1,5,2,16,1,0,Matches
cf182add,Ismaily,br BRA,DF,ua Shakhtar,27,1990,7.7,14,11,8,5,1,4,8,50.0,4,8,2,6,15,29,17,0,Matches
769b907d,Afran Ismayilov,az AZE,MF,az Qarabağ FK,28,1988,0.8,6,5,4,2,0,3,4,75.0,1,0,0,0,1,7,0,0,Matches
ef233486,Cedric Itten,ch SUI,MF,ch Basel,20,1996,0.1,0,0,0,0,0,0,0,,0,0,0,0,0,0,0,0,Matches
ce9e8024,Jardel,br BRA,DF,pt Benfica,31,1986,4.0,6,2,2,4,0,0,3,0.0,3,4,3,1,10,16,10,0,Matches
7cab69b5,Jemerson,br BRA,DF,fr Monaco,24,1992,6.0,6,5,5,1,0,0,6,0.0,6,7,3,4,13,19,31,2,Matches
b66315ae,Gabriel Jesus,br BRA,FW,eng Manchester City,20,1997,6.9,9,6,4,4,1,0,8,0.0,8,9,0,9,7,16,3,0,Matches
79083382,Juan Jesus,br BRA,DF,it Roma,26,1991,5.7,15,8,9,6,0,7,14,50.0,7,13,11,2,4,19,31,0,Matches
b561db50,Raúl Jiménez,mx MEX,FW,pt Benfica,26,1991,3.4,2,1,0,2,0,1,1,100.0,0,10,0,10,5,7,1,0,Matches
9bcd6455,Jonas,br BRA,"FW,MF",pt Benfica,33,1984,3.2,3,2,0,3,0,1,4,25.0,3,3,0,3,0,3,2,0,Matches
ffc1c226,Brad Jones,au AUS,GK,nl Feyenoord,35,1982,5.0,0,0,0,0,0,0,1,0.0,1,0,0,0,1,1,4,0,Matches
13c44fc5,Jorge,br BRA,DF,fr Monaco,21,1996,4.0,14,9,4,10,0,6,9,66.7,3,4,0,4,9,23,11,0,Matches
45db685d,Jorginho,it ITA,MF,it Napoli,25,1991,1.8,7,3,3,3,1,2,8,25.0,6,6,2,4,3,10,0,0,Matches
f36c432f,Stevan Jovetić,me MNE,FW,fr Monaco,27,1989,0.7,0,0,0,0,0,0,0,,0,0,0,0,0,0,1,0,Matches
cfd8d664,Juanfran,es ESP,DF,es Atlético Madrid,32,1985,3.0,10,8,5,4,1,4,5,80.0,1,1,0,1,5,15,4,0,Matches
dff19848,Nicolai Jørgensen,dk DEN,FW,nl Feyenoord,26,1991,2.9,2,2,0,1,1,0,0,,0,1,1,0,0,2,2,0,Matches
3e6b69c2,Marwan Kabha,il ISR,MF,si NK Maribor,26,1991,5.8,20,13,12,8,0,4,19,21.1,15,7,3,4,6,26,8,0,Matches
5afafbfe,Shinji Kagawa,jp JPN,"MF,FW",de Dortmund,28,1989,4.5,3,2,0,1,2,0,3,0.0,3,3,0,3,3,6,1,0,Matches
733fecf1,Dominik Kaiser,de GER,MF,de RB Leipzig,28,1988,0.2,0,0,0,0,0,0,0,,0,0,0,0,0,0,1,0,Matches
b825a650,Kevin Kampl,si SVN,MF,de RB Leipzig,26,1990,4.6,6,4,0,5,1,3,7,42.9,4,5,0,5,9,15,8,0,Matches
21a66f6a,Harry Kane,eng ENG,FW,eng Tottenham,24,1993,6.6,2,2,0,2,0,1,5,20.0,4,4,2,2,2,4,8,0,Matches
b9fbae28,N'Golo Kanté,fr FRA,MF,eng Chelsea,26,1991,5.5,22,18,10,10,2,4,13,30.8,9,8,1,7,15,37,3,0,Matches
62ba5881,Stefanos Kapino,gr GRE,GK,gr Olympiacos,23,1994,1.0,0,0,0,0,0,0,0,,0,0,0,0,0,0,0,1,Matches
32e7ce92,Loris Karius,de GER,GK,eng Liverpool,24,1993,13.0,0,0,0,0,0,0,0,,0,0,0,0,0,0,7,3,Matches
f25c8e3a,Naby Keïta,gn GUI,MF,de RB Leipzig,22,1995,4.7,15,10,4,9,2,3,11,27.3,8,8,1,7,12,27,6,0,Matches
38ac43d3,Sami Khedira,de GER,MF,it Juventus,30,1987,7.0,11,7,6,4,1,6,16,37.5,10,6,2,4,4,15,11,0,Matches
862fa9fb,Davit Khocholava,ge GEO,DF,ua Shakhtar,24,1993,1.2,0,0,0,0,0,0,0,,0,1,1,0,1,1,6,0,Matches
aae44006,Khetag Khosonov,ru RUS,MF,ru CSKA Moscow,19,1998,0.0,0,0,0,0,0,0,0,,0,0,0,0,0,0,0,0,Matches
49296448,Joshua Kimmich,de GER,DF,de Bayern Munich,22,1995,10.0,12,10,5,3,4,6,15,40.0,9,6,1,5,11,23,14,0,Matches
aef6e670,Presnel Kimpembe,fr FRA,DF,fr Paris S-G,21,1995,2.2,2,1,2,0,0,0,0,,0,1,0,1,1,3,7,0,Matches
8b8a56ce,Simon Kjær,dk DEN,DF,es Sevilla,28,1989,6.0,12,6,7,5,0,6,9,66.7,3,11,8,3,12,24,33,0,Matches
008a6e6d,Ragnar Klavan,ee EST,DF,eng Liverpool,31,1985,3.3,1,1,0,1,0,0,1,0.0,1,6,6,0,4,5,18,0,Matches
ca8033cb,Lukas Klostermann,de GER,DF,de RB Leipzig,21,1996,5.1,9,7,6,3,0,3,11,27.3,8,2,1,1,7,16,11,0,Matches
55126f3b,Koke,es ESP,MF,es Atlético Madrid,25,1992,3.7,6,4,5,0,1,2,9,22.2,7,6,0,6,2,8,0,0,Matches
eda40760,Aleksandar Kolarov,rs SRB,DF,it Roma,31,1985,12.0,22,14,9,10,3,9,17,52.9,8,10,2,8,18,40,23,1,Matches
6d3f2898,Dmitri Kombarov,ru RUS,DF,ru Spartak Moscow,30,1987,4.0,9,4,2,5,2,5,9,55.6,4,6,3,3,8,17,7,0,Matches
d2bff301,Vincent Kompany,be BEL,DF,eng Manchester City,31,1986,2.0,2,1,2,0,0,2,5,40.0,3,2,2,0,3,5,4,0,Matches
1f9a3a04,Terence Kongolo,nl NED,DF,fr Monaco,23,1994,1.0,4,3,3,1,0,3,4,75.0,1,4,3,1,1,5,7,0,Matches
da270297,Eboue Kouassi,ci CIV,MF,sct Celtic,19,1997,0.2,0,0,0,0,0,0,0,,0,1,0,1,0,0,0,0,Matches
da974c7b,Kalidou Koulibaly,sn SEN,DF,it Napoli,26,1991,5.0,10,7,8,2,0,3,6,50.0,3,9,7,2,9,19,19,0,Matches
114b510e,Leonardo Koutris,gr GRE,DF,gr Olympiacos,22,1995,5.0,12,10,7,3,2,8,13,61.5,5,5,4,1,8,20,23,1,Matches
79c0821a,Mateo Kovačić,hr CRO,MF,es Real Madrid,23,1994,2.9,7,4,3,4,0,3,7,42.9,4,2,0,2,5,12,3,0,Matches
9d60028d,Viktor Kovalenko,ua UKR,"MF,FW",ua Shakhtar,21,1996,0.5,0,0,0,0,0,0,1,0.0,1,1,0,1,0,0,0,0,Matches
2c6e72bf,Martin Kramarič,si SVN,FW,si NK Maribor,19,1997,1.1,2,1,2,0,0,1,4,25.0,3,4,0,4,4,6,0,1,Matches
f175ca0a,Michiel Kramer,nl NED,FW,nl Feyenoord,28,1988,0.9,2,2,0,2,0,0,0,,0,0,0,0,2,4,1,0,Matches
1c8dc17d,Michael Krohn-Dehli,dk DEN,MF,es Sevilla,34,1983,1.6,0,0,0,0,0,0,1,0.0,1,0,0,0,2,2,0,0,Matches
6ce1f46f,Toni Kroos,de GER,MF,es Real Madrid,27,1990,10.6,19,12,7,9,3,5,18,27.8,13,10,0,10,7,26,0,0,Matches
292a652a,Serhiy Kryvtsov,ua UKR,DF,ua Shakhtar,26,1991,0.5,0,0,0,0,0,0,0,,0,1,1,0,2,2,1,0,Matches
ccc66d00,Konstantin Kuchayev,ru RUS,"MF,FW",ru CSKA Moscow,19,1998,2.5,8,5,2,6,0,3,13,23.1,10,4,2,2,4,12,2,0,Matches
83534f30,Sven Kums,be BEL,MF,be Anderlecht,29,1988,3.8,6,4,2,4,0,2,13,15.4,11,4,1,3,6,12,3,0,Matches
41e7ef1c,Layvin Kurzawa,fr FRA,DF,fr Paris S-G,24,1992,6.0,9,4,5,1,3,2,6,33.3,4,8,1,7,5,14,14,0,Matches
ef8cafeb,Ilya Kutepov,ru RUS,DF,ru Spartak Moscow,24,1993,3.0,11,9,5,6,0,7,8,87.5,1,4,2,2,13,24,14,0,Matches
5984e9f9,Léo Lacroix,ch SUI,DF,ch Basel,25,1992,2.0,3,2,2,1,0,0,0,,0,5,3,2,3,6,18,0,Matches
98e0ad35,Roberto Lago,es ESP,DF,cy APOEL FC,31,1985,5.0,11,9,9,2,0,8,14,57.1,6,12,2,10,10,21,16,0,Matches
c1b7847c,Konrad Laimer,at AUT,MF,de RB Leipzig,20,1997,0.1,0,0,0,0,0,0,0,,0,0,0,0,0,0,0,0,Matches
99813635,Adam Lallana,eng ENG,FW,eng Liverpool,29,1988,1.7,2,1,1,1,0,1,8,12.5,7,7,0,7,1,3,0,0,Matches
abe66106,Érik Lamela,ar ARG,"FW,MF",eng Tottenham,25,1992,1.2,2,1,0,0,2,0,3,0.0,3,1,0,1,2,4,1,0,Matches
864db10a,Michael Lang,ch SUI,"MF,DF",ch Basel,26,1991,8.0,12,8,6,3,3,7,11,63.6,4,5,2,3,14,26,15,0,Matches
119b9a8e,Aymeric Laporte,es ESP,DF,eng Manchester City,23,1994,3.0,13,9,9,3,1,5,12,41.7,7,1,0,1,2,15,16,0,Matches
32e73151,Sam Larsson,se SWE,FW,nl Feyenoord,24,1993,1.7,4,2,2,2,0,2,8,25.0,6,4,0,4,5,9,0,0,Matches
ad6295d4,Miguel Layún,mx MEX,"DF,MF",pt Porto,29,1988,1.2,4,2,1,3,0,1,1,100.0,0,1,0,1,2,6,6,0,Matches
4dbd0916,Thomas Lemar,fr FRA,"MF,FW",fr Monaco,21,1995,2.0,2,1,1,0,1,0,2,0.0,2,3,0,3,2,4,0,0,Matches
4f28a6ff,Clément Lenglet,fr FRA,DF,es Sevilla,22,1995,9.0,16,12,14,2,0,5,7,71.4,2,12,7,5,17,33,32,0,Matches
6f1721f0,Jeremain Lens,nl NED,FW,tr Beşiktaş,29,1987,1.7,1,1,0,1,0,0,3,0.0,3,0,0,0,0,1,1,0,Matches
8d78e732,Robert Lewandowski,pl POL,FW,de Bayern Munich,28,1988,10.6,7,6,0,2,5,0,12,0.0,12,7,1,6,2,9,3,0,Matches
99b1d0e6,Stephan Lichtsteiner,ch SUI,DF,it Juventus,33,1984,1.1,0,0,0,0,0,0,1,0.0,1,0,0,0,1,1,9,0,Matches
f5deef4c,Victor Lindelöf,se SWE,DF,eng Manchester Utd,23,1994,5.0,5,2,4,1,0,2,3,66.7,1,10,5,5,7,12,16,0,Matches
810e3c74,Jesse Lingard,eng ENG,"MF,FW",eng Manchester Utd,24,1992,2.7,9,4,4,4,1,0,2,0.0,2,1,0,1,0,9,0,0,Matches
82dbf623,Fernando Llorente,es ESP,FW,eng Tottenham,32,1985,2.5,1,0,0,0,1,1,3,33.3,2,1,0,1,0,1,5,0,Matches
02c15616,Marcos Llorente,es ESP,MF,es Real Madrid,22,1995,0.2,0,0,0,0,0,0,1,0.0,1,0,0,0,1,1,0,0,Matches
8f62b6ee,Hugo Lloris,fr FRA,GK,eng Tottenham,30,1986,7.0,0,0,0,0,0,0,0,,0,0,0,0,0,0,2,0,Matches
d7553721,Giovani Lo Celso,ar ARG,MF,fr Paris S-G,21,1996,1.7,5,2,3,0,2,3,9,33.3,6,1,0,1,1,6,2,0,Matches
7c2965bb,Rony Lopes,pt POR,"MF,FW",fr Monaco,21,1995,3.3,5,4,0,5,0,1,5,20.0,4,7,0,7,3,8,1,0,Matches
8320fe65,Lisandro López,ar ARG,DF,pt Benfica,27,1989,2.0,6,5,4,2,0,6,6,100.0,0,2,1,1,4,10,8,0,Matches
6d4d9e18,Vágner Love,br BRA,FW,tr Beşiktaş,33,1984,1.5,1,1,0,1,0,1,1,100.0,0,2,0,2,0,1,2,0,Matches
1a2935f6,Dejan Lovren,hr CRO,DF,eng Liverpool,28,1989,11.7,16,12,13,3,0,9,10,90.0,1,11,6,5,17,33,68,2,Matches
e4ed2628,Filipe Luís,br BRA,DF,es Atlético Madrid,31,1985,6.0,22,14,13,8,1,8,13,61.5,5,8,1,7,13,35,4,1,Matches
520c318f,Zé Luís,cv CPV,FW,ru Spartak Moscow,26,1991,1.8,0,0,0,0,0,0,1,0.0,1,0,0,0,0,0,2,0,Matches
60a93897,Luisão,br BRA,DF,pt Benfica,36,1981,4.0,6,3,5,1,0,2,5,40.0,3,1,1,0,8,14,17,0,Matches
c0e27d1a,David Luiz,br BRA,"DF,MF",eng Chelsea,30,1987,3.6,7,5,2,4,1,1,7,14.3,6,2,0,2,7,14,5,1,Matches
5eae500a,Romelu Lukaku,be BEL,FW,eng Manchester Utd,24,1993,7.8,6,2,1,2,3,1,3,33.3,2,0,0,0,0,6,4,0,Matches
54c9ed15,Mikael Lustig,se SWE,DF,sct Celtic,30,1986,5.1,14,9,9,4,1,8,13,61.5,5,8,3,5,14,28,28,0,Matches
7be09c86,Mahir Madatov,az AZE,"MF,FW",az Qarabağ FK,20,1997,3.6,13,10,6,6,1,3,7,42.9,4,1,0,1,2,15,4,0,Matches
31d7f557,Christian Maggio,it ITA,DF,it Napoli,35,1982,2.6,8,5,3,5,0,2,7,28.6,5,0,0,0,2,10,4,0,Matches
46907171,Abdul Majeed Waris,gh GHA,"MF,FW",pt Porto,25,1991,1.1,1,1,0,1,0,1,3,33.3,2,0,0,0,2,3,0,0,Matches
a274dccb,Andreas Makris,cy CYP,FW,cy APOEL FC,21,1995,0.3,0,0,0,0,0,0,0,,0,0,0,0,2,2,0,0,Matches
16b9d5cf,Nikola Maksimović,rs SRB,DF,it Napoli,25,1991,1.0,0,0,0,0,0,0,1,0.0,1,0,0,0,2,2,4,0,Matches
6b6c793c,Tyrell Malacia,nl NED,DF,nl Feyenoord,17,1999,1.0,2,1,2,0,0,0,0,,0,1,1,0,1,3,3,0,Matches
afa0d4e0,Mario Mandžukić,hr CRO,FW,it Juventus,31,1986,5.1,8,5,3,4,1,2,5,40.0,3,4,0,4,4,12,8,0,Matches
c691bfe2,Sadio Mané,sn SEN,"FW,MF",eng Liverpool,25,1992,10.4,22,10,11,6,5,8,21,38.1,13,13,0,13,7,29,7,1,Matches
f520049f,Eliaquim Mangala,fr FRA,DF,eng Manchester City,26,1991,2.0,2,0,1,1,0,1,1,100.0,0,3,3,0,5,7,4,1,Matches
c707411f,Kostas Manolas,gr GRE,DF,it Roma,26,1991,10.2,14,8,9,5,0,7,14,50.0,7,16,10,6,10,24,48,0,Matches
7a20d90a,Iván Marcano,es ESP,DF,pt Porto,30,1987,7.0,9,6,5,4,0,0,3,0.0,3,5,4,1,9,18,42,1,Matches
603116a7,Marcelo,br BRA,DF,es Real Madrid,29,1988,10.6,17,9,6,9,2,9,26,34.6,17,13,2,11,15,32,11,0,Matches
e304acd5,Claudio Marchisio,it ITA,FW,it Juventus,31,1986,0.2,1,1,1,0,0,1,2,50.0,1,1,0,1,0,1,1,0,Matches
05a84d52,Moussa Marega,ml MLI,FW,pt Porto,26,1991,4.9,5,3,2,2,1,2,3,66.7,1,1,0,1,5,10,3,0,Matches
f0da930c,José María Giménez,uy URU,DF,es Atlético Madrid,22,1995,3.0,9,8,7,2,0,6,13,46.2,7,5,1,4,6,15,18,0,Matches
a022e78c,Marko Marin,de GER,"FW,MF",gr Olympiacos,28,1989,1.5,1,1,1,0,0,0,1,0.0,1,1,0,1,1,2,0,0,Matches
9139bb12,Marlos,ua UKR,FW,ua Shakhtar,29,1988,7.4,9,6,3,4,2,2,15,13.3,13,7,0,7,2,11,1,0,Matches
d5f2f82b,Marquinhos,br BRA,DF,fr Paris S-G,23,1994,8.0,9,6,4,4,1,1,4,25.0,3,9,4,5,10,19,42,0,Matches
8b788c01,Anthony Martial,fr FRA,"FW,MF",eng Manchester Utd,21,1995,3.8,1,1,1,0,0,0,1,0.0,1,1,0,1,1,2,0,0,Matches
7f97771d,Javi Martínez,es ESP,"MF,DF",de Bayern Munich,28,1988,8.2,19,9,9,8,2,6,18,33.3,12,9,3,6,19,38,19,0,Matches
3ef0fa48,Gelson Martins,pt POR,FW,pt Sporting CP,22,1995,5.1,8,5,2,5,1,1,5,20.0,4,3,0,3,4,12,5,0,Matches
5070881b,Javier Mascherano,ar ARG,DF,es Barcelona,33,1984,1.5,2,2,0,2,0,1,3,33.3,2,1,1,0,1,3,1,0,Matches
29733c72,Juan Mata,es ESP,"FW,MF",eng Manchester Utd,29,1988,4.6,7,5,3,4,0,1,8,12.5,7,4,0,4,6,13,0,1,Matches
5b887c7a,Jérémy Mathieu,fr FRA,DF,pt Sporting CP,33,1983,4.9,6,4,4,1,1,3,4,75.0,1,5,3,2,6,12,21,0,Matches
eb7822d7,Nemanja Matić,rs SRB,MF,eng Manchester Utd,28,1988,6.3,17,11,7,10,0,8,13,61.5,5,5,1,4,14,31,7,0,Matches
b217ef29,Joël Matip,cm CMR,DF,eng Liverpool,25,1991,5.2,4,3,3,1,0,1,6,16.7,5,2,2,0,8,12,11,0,Matches
c0cddebe,Blaise Matuidi,fr FRA,MF,it Juventus,30,1987,5.5,7,5,3,4,0,2,10,20.0,8,4,1,3,9,16,4,0,Matches
64e8ed6d,Borja Mayoral,es ESP,FW,es Real Madrid,20,1997,1.6,1,1,0,1,0,1,2,50.0,1,0,0,0,0,1,2,0,Matches
42fd9c7f,Kylian Mbappé,fr FRA,FW,fr Paris S-G,18,1998,7.3,2,2,1,1,0,0,1,0.0,1,5,0,5,4,6,1,0,Matches
8325870c,Kara Mbodji,sn SEN,DF,be Anderlecht,27,1989,4.3,5,2,5,0,0,2,6,33.3,4,8,6,2,5,10,21,0,Matches
6800f515,Callum McGregor,sct SCO,MF,sct Celtic,24,1993,3.3,6,3,0,4,2,1,3,33.3,2,6,0,6,6,12,2,0,Matches
d93c2511,Scott McTominay,sct SCO,MF,eng Manchester Utd,20,1996,2.3,3,1,0,3,0,2,6,33.3,4,4,0,4,3,6,4,0,Matches
563a68ad,Gary Medel,cl CHI,"DF,MF",tr Beşiktaş,29,1987,4.8,6,3,5,1,0,2,8,25.0,6,4,3,1,6,12,21,0,Matches
e66e4ddc,Maksim Medvedev,az AZE,DF,az Qarabağ FK,27,1989,5.8,17,14,14,3,0,9,18,50.0,9,8,4,4,7,24,16,0,Matches
5cec2c74,Soualiho Meïté,fr FRA,MF,fr Monaco,23,1994,0.7,0,0,0,0,0,0,1,0.0,1,1,0,1,0,0,0,0,Matches
f346787e,Lorenzo Melgarejo,py PAR,"FW,MF",ru Spartak Moscow,26,1990,2.3,3,1,2,1,0,1,4,25.0,3,2,1,1,1,4,9,0,Matches
5271c8f1,Benjamin Mendy,fr FRA,DF,eng Manchester City,23,1994,1.0,0,0,0,0,0,0,2,0.0,2,0,0,0,0,0,0,0,Matches
bf97c188,Gabriel Mercado,ar ARG,DF,es Sevilla,30,1987,7.7,25,12,16,6,3,14,29,48.3,15,9,0,9,9,34,21,0,Matches
63c3659d,Giorgos Merkis,cy CYP,DF,cy APOEL FC,33,1984,2.0,4,2,4,0,0,2,2,100.0,0,3,3,0,3,7,19,0,Matches
89b2c8a9,Dries Mertens,be BEL,FW,it Napoli,30,1987,5.3,4,3,0,3,1,1,9,11.1,8,1,0,1,3,7,2,0,Matches
489a73e9,Jasmin Mešanović,ba BIH,"FW,MF",si NK Maribor,25,1992,1.1,0,0,0,0,0,0,0,,0,0,0,0,0,0,0,0,Matches
d70ce98e,Lionel Messi,ar ARG,FW,es Barcelona,30,1987,8.7,9,7,2,5,2,0,7,0.0,7,4,0,4,3,12,0,0,Matches
e162b013,Thomas Meunier,be BEL,DF,fr Paris S-G,25,1991,0.3,0,0,0,0,0,0,0,,0,1,0,1,0,0,0,0,Matches
4d425e6e,Míchel,es ESP,MF,az Qarabağ FK,31,1985,5.9,13,11,4,8,1,3,8,37.5,5,8,1,7,9,22,12,0,Matches
b2484b77,Georgi Milanov,bg BUL,MF,ru CSKA Moscow,25,1992,1.0,2,1,1,1,0,0,1,0.0,1,3,0,3,2,4,1,0,Matches
7a69c649,Martin Milec,si SVN,DF,si NK Maribor,25,1991,6.0,12,9,10,2,0,7,16,43.8,9,8,0,8,13,25,21,1,Matches
85613cf0,Arkadiusz Milik,pl POL,FW,it Napoli,23,1994,1.0,0,0,0,0,0,0,0,,0,0,0,0,0,0,0,0,Matches
2f90f6b8,James Milner,eng ENG,MF,eng Liverpool,31,1986,9.7,25,14,12,9,4,7,32,21.9,25,18,6,12,11,36,11,0,Matches
a8741470,Matej Mitrović,hr CRO,DF,tr Beşiktaş,23,1993,1.2,2,2,1,1,0,2,2,100.0,0,2,2,0,4,6,13,0,Matches
dd0daf32,Henrikh Mkhitaryan,am ARM,MF,eng Manchester Utd,28,1989,3.2,10,7,1,6,3,2,9,22.2,7,6,0,6,3,13,1,0,Matches
6025fab1,Luka Modrić,hr CRO,MF,es Real Madrid,31,1985,10.6,15,8,5,8,2,5,18,27.8,13,9,2,7,14,29,4,0,Matches
b6170459,Nuno Morais,pt POR,"MF,DF",cy APOEL FC,33,1984,5.7,11,9,5,6,0,3,18,16.7,15,9,6,3,5,16,13,0,Matches
129af0db,Álvaro Morata,es ESP,FW,eng Chelsea,24,1992,4.3,1,1,0,1,0,0,4,0.0,4,1,0,1,1,2,6,0,Matches
11b9265b,Alberto Moreno,es ESP,DF,eng Liverpool,25,1992,6.3,17,11,8,6,3,9,14,64.3,5,6,0,6,9,26,27,0,Matches
e726e11e,Victor Moses,ng NGA,DF,eng Chelsea,26,1990,3.7,9,7,6,3,0,7,9,77.8,2,1,0,1,2,11,9,0,Matches
57ef0d97,Thiago Motta,it ITA,MF,fr Paris S-G,34,1982,3.4,7,6,4,3,0,3,11,27.3,8,8,1,7,2,9,6,1,Matches
2b622f01,Lucas Moura,br BRA,FW,eng Tottenham,24,1992,0.0,0,0,0,0,0,0,0,,0,0,0,0,0,0,0,0,Matches
f5a00fa4,João Moutinho,pt POR,MF,fr Monaco,30,1986,5.2,15,6,5,8,2,7,17,41.2,10,6,3,3,7,22,8,0,Matches
3c6089ab,Thomas Müller,de GER,"MF,FW",de Bayern Munich,27,1989,8.2,10,8,4,5,1,4,8,50.0,4,8,0,8,4,14,5,0,Matches
eb2fe5b6,Luis Muriel,co COL,FW,es Sevilla,26,1991,2.8,3,1,0,2,1,0,4,0.0,4,1,0,1,2,5,0,0,Matches
e50623a0,Kévin N'Doram,fr FRA,MF,fr Monaco,21,1996,1.0,0,0,0,0,0,0,2,0.0,2,1,0,1,1,1,0,0,Matches
76c131da,Georges-Kévin N'Koudou,cm CMR,"MF,FW",eng Tottenham,22,1995,1.2,0,0,0,0,0,0,1,0.0,1,0,0,0,0,0,0,0,Matches
79019bf4,Kirill Nababkin,ru RUS,MF,ru CSKA Moscow,30,1986,1.4,2,2,2,0,0,0,4,0.0,4,1,0,1,1,3,5,0,Matches
d4aa40b8,Ben Nabouhane,km COM,FW,gr Olympiacos,28,1989,0.4,0,0,0,0,0,0,0,,0,0,0,0,0,0,1,0,Matches
2946f9a1,Nacho,es ESP,DF,es Real Madrid,27,1990,6.6,22,15,14,7,1,8,18,44.4,10,4,2,2,13,35,18,0,Matches
1f9328da,Radja Nainggolan,be BEL,MF,it Roma,29,1988,10.7,18,11,3,11,4,6,16,37.5,10,10,0,10,4,22,4,2,Matches
f8280175,Andy Najar,hn HON,DF,be Anderlecht,24,1993,0.3,1,1,1,0,0,1,1,100.0,0,0,0,0,0,1,1,0,Matches
c44a1d58,Bibras Natkho,il ISR,MF,ru CSKA Moscow,29,1988,2.6,9,5,4,4,1,3,9,33.3,6,2,1,1,6,15,3,0,Matches
3f10bd22,Jesús Navas,es ESP,"DF,FW",es Sevilla,31,1985,4.7,3,1,2,1,0,0,2,0.0,2,2,0,2,8,11,16,0,Matches
ecada4fc,Keylor Navas,cr CRC,GK,es Real Madrid,30,1986,11.0,0,0,0,0,0,0,0,,0,0,0,0,2,2,1,2,Matches
3f0cc58f,Dino Ndlovu,za RSA,FW,az Qarabağ FK,27,1990,4.7,4,2,0,3,1,0,3,0.0,3,1,1,0,2,6,3,0,Matches
63b0ca6b,Álvaro Negredo,es ESP,FW,tr Beşiktaş,31,1985,1.2,0,0,0,0,0,0,2,0.0,2,2,0,2,0,0,3,0,Matches
10d8eff2,Miquel Nelom,nl NED,DF,nl Feyenoord,26,1990,1.0,2,2,2,0,0,2,3,66.7,1,1,0,1,1,3,4,0,Matches
8778c910,Manuel Neuer,de GER,GK,de Bayern Munich,31,1986,1.0,0,0,0,0,0,0,0,,0,0,0,0,0,0,0,0,Matches
69384e5d,Neymar,br BRA,FW,fr Paris S-G,25,1992,7.0,11,6,2,6,3,2,8,25.0,6,7,0,7,1,12,0,0,Matches
f40dd3c7,Bart Nieuwkoop,nl NED,DF,nl Feyenoord,21,1996,2.7,9,7,8,0,1,2,4,50.0,2,6,4,2,16,25,12,0,Matches
c14bc029,Saúl Ñíguez,es ESP,MF,es Atlético Madrid,22,1994,6.0,20,14,6,11,3,9,19,47.4,10,14,3,11,14,34,19,0,Matches
cf961d8d,Dimitris Nikolaou,gr GRE,DF,gr Olympiacos,18,1998,3.0,3,3,3,0,0,0,1,0.0,1,6,3,3,5,8,15,0,Matches
b2d0ec1b,Nolito,es ESP,FW,es Sevilla,30,1986,3.5,4,2,2,1,1,2,7,28.6,5,2,0,2,3,7,3,0,Matches
6554bb97,Olivier Ntcham,cm CMR,MF,sct Celtic,21,1996,4.3,15,12,5,8,2,3,9,33.3,6,2,1,1,3,18,4,3,Matches
c7526c18,Steven Nzonzi,fr FRA,MF,es Sevilla,28,1988,7.5,11,8,7,3,1,2,9,22.2,7,11,4,7,12,23,16,0,Matches
af45e954,Dimitri Oberlin,ch SUI,FW,ch Basel,19,1997,5.9,12,7,4,7,1,3,12,25.0,9,10,0,10,4,16,7,0,Matches
ee8508c0,Jan Oblak,si SVN,GK,es Atlético Madrid,24,1993,6.0,0,0,0,0,0,0,0,,0,0,0,0,0,0,1,0,Matches
f6ddac8f,Ivan Obradović,rs SRB,DF,be Anderlecht,29,1988,2.0,2,1,1,1,0,1,3,33.3,2,1,1,0,1,3,3,0,Matches
518918ad,Vadis Odjidja-Ofoe,be BEL,"MF,FW",gr Olympiacos,28,1989,4.6,10,8,7,2,1,0,7,0.0,7,6,1,5,4,14,3,0,Matches
d18f2675,Mattheus Oliveira,br BRA,FW,pt Sporting CP,23,1994,0.0,0,0,0,0,0,0,0,,0,0,0,0,0,0,0,0,Matches
947e036f,Sérgio Oliveira,pt POR,MF,pt Porto,25,1992,3.9,22,18,9,12,1,7,13,53.8,6,4,1,3,3,25,6,0,Matches
e90dc1d5,Henry Onyekuru,ng NGA,"FW,MF",be Anderlecht,20,1997,4.5,1,1,1,0,0,1,2,50.0,1,5,0,5,1,2,0,0,Matches
20030c06,Willi Orban,hu HUN,DF,de RB Leipzig,24,1992,5.3,10,8,4,5,1,5,11,45.5,6,10,2,8,7,17,30,0,Matches
86c75897,Ivan Ordets,ua UKR,DF,ua Shakhtar,25,1992,7.4,14,8,9,5,0,3,7,42.9,4,5,4,1,14,28,44,0,Matches
0d267745,Nicolás Otamendi,ar ARG,DF,eng Manchester City,29,1988,8.0,17,14,11,5,1,7,13,53.8,6,5,3,2,18,35,39,1,Matches
28b1f3ce,Otávio,pt POR,MF,pt Porto,22,1995,1.0,0,0,0,0,0,0,2,0.0,2,0,0,0,1,1,0,0,Matches
ed90babd,Adam Ounas,dz ALG,"FW,MF",it Napoli,20,1996,0.4,2,2,1,1,0,0,1,0.0,1,0,0,0,0,2,0,0,Matches
38c7feef,Alex Oxlade-Chamberlain,eng ENG,"FW,MF",eng Liverpool,23,1993,3.6,7,4,4,3,0,2,8,25.0,6,7,2,5,3,10,5,0,Matches
d8c679be,Oğuzhan Özyakup,tr TUR,MF,tr Beşiktaş,24,1992,4.9,10,6,2,8,0,5,15,33.3,10,12,3,9,9,19,6,0,Matches
962e54cb,Gonçalo Paciência,pt POR,FW,pt Porto,22,1994,0.3,2,1,0,2,0,0,1,0.0,1,0,0,0,0,2,0,0,Matches
a78ff07f,João Palhinha,pt POR,MF,pt Sporting CP,22,1995,0.4,0,0,0,0,0,0,3,0.0,3,1,1,0,2,2,4,0,Matches
b682dcf6,Sokratis Papastathopoulos,gr GRE,DF,de Dortmund,29,1988,5.0,13,8,11,2,0,4,8,50.0,4,4,2,2,8,21,25,0,Matches
5f956fcf,Felipe Pardo,co COL,"MF,FW",gr Olympiacos,26,1990,3.3,1,1,0,0,1,0,2,0.0,2,4,0,4,3,4,3,0,Matches
a92669f6,Nicolás Pareja,ar ARG,DF,es Sevilla,33,1984,2.0,6,3,2,4,0,4,4,100.0,0,5,3,2,6,12,8,0,Matches
529f49ab,Thomas Partey,gh GHA,"MF,DF",es Atlético Madrid,24,1993,4.8,9,6,6,3,0,4,15,26.7,11,6,3,3,6,15,6,1,Matches
e599253a,Mario Pašalić,hr CRO,MF,ru Spartak Moscow,22,1995,3.9,13,8,7,6,0,5,12,41.7,7,5,1,4,7,20,2,0,Matches
881ef58c,Javier Pastore,ar ARG,"MF,FW",fr Paris S-G,28,1989,0.8,1,0,0,0,1,0,2,0.0,2,4,0,4,2,3,0,0,Matches
79b0d6a0,Rui Patrício,pt POR,GK,pt Sporting CP,29,1988,6.0,0,0,0,0,0,0,0,,0,0,0,0,2,2,4,1,Matches
00672021,Alan Patrick,br BRA,MF,ua Shakhtar,26,1991,0.6,3,2,1,1,1,2,2,100.0,0,0,0,0,1,4,1,0,Matches
bb7337cc,Paulinho,br BRA,MF,es Barcelona,29,1988,4.5,11,6,5,2,4,1,10,10.0,9,2,1,1,5,16,5,0,Matches
3ca7254a,Pedro,es ESP,"MF,FW",eng Chelsea,30,1987,4.3,7,4,6,1,0,2,9,22.2,7,0,0,0,9,16,1,0,Matches
157c5e0b,Mustafa Pektemek,tr TUR,"FW,MF",tr Beşiktaş,28,1988,1.8,3,1,2,1,0,1,3,33.3,2,1,0,1,2,5,1,0,Matches
4a5a45c7,Lorenzo Pellegrini,it ITA,"MF,FW",it Roma,21,1996,3.3,5,3,1,4,0,1,3,33.3,2,4,1,3,4,9,2,0,Matches
c906ce0f,Pepe,pt POR,DF,tr Beşiktaş,34,1983,6.0,16,11,7,8,1,3,7,42.9,4,16,12,4,13,29,41,2,Matches
8fd9996f,Danilo Pereira,pt POR,MF,pt Porto,25,1991,5.9,13,11,7,6,0,3,11,27.3,8,7,4,3,10,23,8,0,Matches
6e592fa4,Maxi Pereira,uy URU,"DF,MF",pt Porto,33,1984,2.2,4,2,3,1,0,1,5,20.0,4,2,0,2,5,9,6,0,Matches
75a72a99,Ricardo Pereira,pt POR,"DF,FW",pt Porto,23,1993,6.1,18,13,13,4,1,8,16,50.0,8,11,2,9,12,30,12,0,Matches
852351df,Bruno Peres,br BRA,DF,it Roma,27,1990,5.1,10,8,7,2,1,5,9,55.6,4,5,2,3,11,21,12,0,Matches
d7ffd345,Nauzet Pérez,es ESP,GK,cy APOEL FC,32,1985,3.0,1,0,1,0,0,1,1,100.0,0,0,0,0,1,2,5,2,Matches
a40d5a0c,Diego Perotti,ar ARG,FW,it Roma,29,1988,8.1,17,12,8,5,4,7,26,26.9,19,9,0,9,8,25,3,0,Matches
70d31829,Marko Petković,rs SRB,DF,ru Spartak Moscow,24,1992,0.9,2,0,2,0,0,1,1,100.0,0,2,0,2,2,4,2,0,Matches
90f3beec,Raoul Petretta,it ITA,MF,ch Basel,20,1997,4.6,9,6,5,3,1,1,3,33.3,2,12,3,9,8,17,11,0,Matches
7214c684,Radosav Petrović,rs SRB,"MF,DF",pt Sporting CP,28,1989,0.0,0,0,0,0,0,0,0,,0,0,0,0,0,0,0,0,Matches
6db16dda,Ivan Petryak,ua UKR,FW,ua Shakhtar,23,1994,0.0,0,0,0,0,0,0,0,,0,0,0,0,0,0,0,0,Matches
061e8e23,Maximilian Philipp,de GER,"FW,MF",de Dortmund,23,1994,1.9,4,2,0,1,3,0,0,,0,2,0,2,0,4,1,0,Matches
32c0491f,Cristiano Piccini,it ITA,DF,pt Sporting CP,24,1992,4.9,8,5,3,5,0,2,3,66.7,1,16,3,13,8,16,12,0,Matches
f864af2c,Aleks Pihler,si SVN,MF,si NK Maribor,23,1994,4.4,7,5,4,3,0,2,5,40.0,3,5,2,3,3,10,10,0,Matches
adfc9123,Gerard Piqué,es ESP,DF,es Barcelona,30,1987,8.2,12,9,9,3,0,5,7,71.4,2,9,7,2,6,18,38,0,Matches
fe2db476,Łukasz Piszczek,pl POL,DF,de Dortmund,32,1985,2.0,2,1,0,2,0,0,1,0.0,1,1,0,1,5,7,7,0,Matches
faec2ec4,Guido Pizarro,ar ARG,MF,es Sevilla,27,1990,5.6,14,9,1,8,5,6,18,33.3,12,7,0,7,2,16,6,1,Matches
96094cbc,Pizzi,pt POR,MF,pt Benfica,27,1989,5.3,9,5,3,6,0,5,18,27.8,13,6,2,4,2,11,2,1,Matches
ad6df2d5,Miralem Pjanić,ba BIH,MF,it Juventus,27,1990,7.0,10,9,5,3,2,0,15,0.0,15,15,6,9,8,18,9,0,Matches
867239d3,Paul Pogba,fr FRA,MF,eng Manchester Utd,24,1993,3.1,8,5,1,6,1,1,3,33.3,2,1,1,0,3,11,2,0,Matches
78150923,Ivelin Popov,bg BUL,MF,ru Spartak Moscow,29,1987,2.7,5,2,1,4,0,2,4,50.0,2,4,0,4,1,6,1,0,Matches
27b89843,Mickaël Poté,bj BEN,FW,cy APOEL FC,32,1984,3.5,3,2,2,1,0,1,3,33.3,2,5,0,5,2,5,4,0,Matches
d2416c2e,Yussuf Poulsen,dk DEN,FW,de RB Leipzig,23,1994,2.2,2,2,0,2,0,0,1,0.0,1,0,0,0,0,2,2,0,Matches
b182a240,Quincy Promes,nl NED,"FW,MF",ru Spartak Moscow,25,1992,4.8,2,0,1,0,1,2,5,40.0,3,4,0,4,2,4,0,0,Matches
c8a88acd,Silvio Proto,be BEL,GK,gr Olympiacos,34,1983,5.0,0,0,0,0,0,0,0,,0,0,0,0,2,2,4,0,Matches
1bf33a9a,Christian Pulisic,us USA,"FW,MF",de Dortmund,18,1998,4.2,6,5,1,2,3,1,5,20.0,4,3,0,3,2,8,0,0,Matches
34c3b935,Andriy Pyatov,ua UKR,GK,ua Shakhtar,33,1984,8.0,1,0,1,0,0,1,2,50.0,1,0,0,0,1,2,4,1,Matches
6b6d252d,Ricardo Quaresma,pt POR,FW,tr Beşiktaş,33,1983,6.8,8,4,2,6,0,1,5,20.0,4,4,0,4,3,11,1,0,Matches
3e975352,Dani Quintana,es ESP,"FW,MF",az Qarabağ FK,30,1987,0.4,0,0,0,0,0,0,3,0.0,3,0,0,0,0,0,0,0,Matches
8794e251,Adrien Rabiot,fr FRA,MF,fr Paris S-G,22,1995,7.5,12,10,6,6,0,2,10,20.0,8,10,1,9,12,24,18,1,Matches
d003e213,Rafinha,br BRA,DF,de Bayern Munich,31,1985,5.6,17,11,9,5,3,8,14,57.1,6,2,0,2,13,30,13,1,Matches
bd4f5f94,Andrea Raggi,it ITA,DF,fr Monaco,33,1984,2.0,3,0,1,2,0,2,2,100.0,0,2,0,2,3,6,3,0,Matches
27c8e860,Aleksander Rajčević,si SVN,DF,si NK Maribor,30,1986,4.0,1,0,1,0,0,0,2,0.0,2,5,5,0,7,8,21,0,Matches
89f951b5,Ivan Rakitić,hr CRO,MF,es Barcelona,29,1988,8.4,13,8,4,6,3,4,16,25.0,12,5,1,4,16,29,2,1,Matches
47fd5136,Yaroslav Rakitskiy,ua UKR,DF,ua Shakhtar,27,1989,6.8,9,7,7,2,0,5,7,71.4,2,6,4,2,13,22,25,0,Matches
56208b05,Anthony Ralston,sct SCO,DF,sct Celtic,18,1998,1.0,3,2,0,3,0,2,4,50.0,2,1,1,0,1,4,6,0,Matches
bbcc9c00,Aghabala Ramazanov,az AZE,MF,az Qarabağ FK,24,1993,0.1,0,0,0,0,0,0,1,0.0,1,0,0,0,0,0,0,0,Matches
833fb62e,Sandro Ramírez,es ESP,FW,es Sevilla,22,1995,0.4,1,1,0,1,0,1,2,50.0,1,2,0,2,0,1,0,0,Matches
08511d65,Sergio Ramos,es ESP,DF,es Real Madrid,31,1986,11.0,19,14,15,4,0,6,19,31.6,13,20,13,7,18,37,49,1,Matches
a1d5bd30,Marcus Rashford,eng ENG,"FW,MF",eng Manchester Utd,19,1997,3.8,4,2,2,2,0,1,5,20.0,4,3,0,3,1,5,0,0,Matches
50310821,Artyom Rebrov,ru RUS,GK,ru Spartak Moscow,33,1984,1.8,0,0,0,0,0,0,0,,0,0,0,0,0,0,0,0,Matches
e358587b,Pepe Reina,es ESP,GK,it Napoli,34,1982,6.0,0,0,0,0,0,0,0,,0,0,0,0,0,0,2,1,Matches
d4f46475,Diego Reyes,mx MEX,DF,pt Porto,24,1992,2.6,5,4,3,2,0,0,0,,0,5,3,2,4,9,13,0,Matches
f61c7c4e,Franck Ribéry,fr FRA,"MF,FW",de Bayern Munich,34,1983,6.4,4,2,2,1,1,1,10,10.0,9,5,0,5,4,8,4,0,Matches
5f0241b2,Sergio Rico,es ESP,GK,es Sevilla,23,1993,8.0,0,0,0,0,0,0,0,,0,0,0,0,0,0,2,0,Matches
7e56d3db,Stefan Ristovski,mk MKD,DF,pt Sporting CP,25,1992,1.6,5,5,3,2,0,2,2,100.0,0,2,1,1,6,11,5,0,Matches
87d8b5a3,Blas Riveros,py PAR,"DF,MF",ch Basel,19,1998,3.2,7,5,7,0,0,6,12,50.0,6,1,1,0,5,12,11,0,Matches
09586899,Arjen Robben,nl NED,"FW,MF",de Bayern Munich,33,1984,5.5,5,4,2,2,1,1,7,14.3,6,4,0,4,1,6,1,0,Matches
335fa267,Sergi Roberto,es ESP,"MF,DF",es Barcelona,25,1992,6.6,15,12,5,5,5,5,13,38.5,8,8,1,7,4,19,4,0,Matches
59d93937,Patrick Roberts,eng ENG,FW,sct Celtic,20,1997,2.6,9,7,6,2,1,4,12,33.3,8,2,0,2,1,10,2,0,Matches
2e4f5f03,Andrew Robertson,sct SCO,DF,eng Liverpool,23,1994,6.0,11,4,9,2,0,6,16,37.5,10,8,4,4,5,16,28,0,Matches
b33e0095,Pedro Rocha Neves,br BRA,MF,ru Spartak Moscow,22,1994,0.0,0,0,0,0,0,0,0,,0,0,0,0,0,0,0,0,Matches
715bf047,James Rodríguez,co COL,"MF,FW",de Bayern Munich,26,1991,8.7,18,12,4,7,7,8,24,33.3,16,11,0,11,9,27,0,0,Matches
b6b2b820,Marko Rog,hr CRO,"MF,FW",it Napoli,22,1995,0.8,2,1,1,1,0,0,2,0.0,2,1,0,1,2,4,0,0,Matches
27ff9bdb,Tom Rogić,au AUS,"MF,FW",sct Celtic,24,1992,3.3,6,6,1,5,0,4,6,66.7,2,4,0,4,3,9,0,0,Matches
e0991c04,Marcos Rojo,ar ARG,DF,eng Manchester Utd,27,1990,1.0,1,0,1,0,0,1,2,50.0,1,1,1,0,3,4,3,0,Matches
0aa874f4,Alaixys Romao,tg TOG,"MF,DF",gr Olympiacos,33,1984,6.0,15,12,9,6,0,6,17,35.3,11,8,2,6,7,22,8,0,Matches
1e26e376,Sergio Romero,ar ARG,GK,eng Manchester Utd,30,1987,2.0,0,0,0,0,0,0,0,,0,0,0,0,0,0,0,0,Matches
dea698d9,Cristiano Ronaldo,pt POR,FW,es Real Madrid,32,1985,13.0,5,2,1,4,0,1,4,25.0,3,8,3,5,3,8,10,0,Matches
89d10e53,Danny Rose,eng ENG,DF,eng Tottenham,27,1990,1.9,9,7,4,5,0,5,5,100.0,0,4,1,3,3,12,4,0,Matches
18b896d6,Antonio Rüdiger,de GER,DF,eng Chelsea,24,1993,4.3,7,7,3,4,0,3,8,37.5,5,1,0,1,6,13,11,1,Matches
80f36c88,Sebastian Rudy,de GER,MF,de Bayern Munich,27,1990,3.8,10,6,4,5,1,4,14,28.6,10,2,0,2,6,16,3,0,Matches
9d8ba8ec,Jesús Rueda,es ESP,DF,cy APOEL FC,30,1987,6.0,12,8,11,1,0,5,9,55.6,4,10,8,2,10,22,39,2,Matches
14b8fcdf,Daniele Rugani,it ITA,DF,it Juventus,23,1994,1.2,1,1,0,0,1,0,0,,0,2,1,1,0,1,4,0,Matches
0b5a292a,Mário Rui,pt POR,"DF,FW",it Napoli,26,1991,0.3,1,1,0,0,1,0,1,0.0,1,0,0,0,1,2,1,0,Matches
8fe2101a,Alan Ruiz,ar ARG,FW,pt Sporting CP,23,1993,0.5,1,0,0,1,0,0,0,,0,0,0,0,0,1,0,0,Matches
d4222f7b,Jakub Rzeźniczak,pl POL,DF,az Qarabağ FK,30,1986,4.2,10,6,9,1,0,7,8,87.5,1,6,6,0,15,25,21,0,Matches
903b6e8b,José Sá,pt POR,GK,pt Porto,24,1993,5.0,0,0,0,0,0,0,1,0.0,1,0,0,0,0,0,4,2,Matches
a72c139d,Josué Sá,pt POR,DF,be Anderlecht,25,1992,1.0,2,2,2,0,0,2,3,66.7,1,2,1,1,1,3,4,1,Matches
e280527c,Marcel Sabitzer,at AUT,"MF,FW",de RB Leipzig,23,1994,4.4,8,5,2,5,1,1,7,14.3,6,3,0,3,2,10,4,0,Matches
d49f80d7,Rashad Sadygov,az AZE,DF,az Qarabağ FK,35,1982,4.0,2,1,1,1,0,0,0,,0,10,8,2,6,8,16,0,Matches
f4081572,Nuri Şahin,tr TUR,MF,de Dortmund,28,1988,2.4,4,2,2,1,1,2,7,28.6,5,3,3,0,9,13,1,0,Matches
e342ad68,Mohamed Salah,eg EGY,FW,eng Liverpool,25,1992,10.3,6,4,1,3,2,0,7,0.0,7,4,0,4,5,11,3,0,Matches
bf075f6b,Roland Sallai,hu HUN,"MF,FW",cy APOEL FC,20,1997,3.2,1,1,1,0,0,0,3,0.0,3,3,1,2,2,3,5,0,Matches
5f424f35,Eduardo Salvio,ar ARG,"MF,FW",pt Benfica,27,1990,4.4,9,7,4,3,2,3,4,75.0,1,4,0,4,8,17,3,0,Matches
5af687a1,Andreas Samaris,gr GRE,MF,pt Benfica,28,1989,2.0,4,3,0,4,0,1,3,33.3,2,5,0,5,3,7,0,1,Matches
44c3d1d2,Aleksandr Samedov,ru RUS,"MF,FW",ru Spartak Moscow,33,1984,2.1,0,0,0,0,0,0,4,0.0,4,2,0,2,2,2,6,0,Matches
e6c80256,Aaron Samuel Olanare,ng NGA,FW,ru CSKA Moscow,23,1994,0.7,0,0,0,0,0,0,0,,0,2,0,2,0,0,0,0,Matches
2c0f8e9e,Alexis Sánchez,cl CHI,"FW,MF",eng Manchester Utd,28,1988,1.8,4,3,0,4,0,0,6,0.0,6,2,0,2,2,6,0,0,Matches
da7b447d,Davinson Sánchez,co COL,DF,eng Tottenham,21,1996,8.0,7,5,3,4,0,3,11,27.3,8,11,6,5,16,23,31,0,Matches
0d82903c,Alex Sandro,br BRA,DF,it Juventus,26,1991,10.0,30,18,18,6,6,6,15,40.0,9,9,3,6,8,38,14,1,Matches
2b114be3,Leroy Sané,de GER,"FW,MF",eng Manchester City,21,1996,7.3,7,6,0,4,3,1,4,25.0,3,12,0,12,3,10,1,1,Matches
9744ff80,Pablo Sarabia,es ESP,FW,es Sevilla,25,1992,8.2,11,7,3,5,3,2,21,9.5,19,10,1,9,9,20,7,0,Matches
f6ac68c1,Stefan Savić,me MNE,DF,es Atlético Madrid,26,1991,3.0,3,3,1,1,1,0,3,0.0,3,4,3,1,6,9,10,0,Matches
5d4f7d61,Patrik Schick,cz CZE,"FW,MF",it Roma,21,1996,2.3,3,3,0,3,0,1,4,25.0,3,4,0,4,0,3,0,0,Matches
89565ac5,Marcel Schmelzer,de GER,DF,de Dortmund,29,1988,3.0,5,4,3,1,1,4,5,80.0,1,3,2,1,11,16,10,0,Matches
ecbb3fdf,André Schürrle,de GER,DF,de Dortmund,26,1990,0.0,0,0,0,0,0,0,0,,0,0,0,0,0,0,0,0,Matches
64bac8b2,Sebá,br BRA,"FW,MF",gr Olympiacos,25,1992,2.0,5,3,2,3,0,0,6,0.0,6,4,0,4,1,6,4,0,Matches
a45eac1f,Haris Seferović,ch SUI,FW,pt Benfica,25,1992,2.4,0,0,0,0,0,0,1,0.0,1,1,0,1,1,1,1,0,Matches
56bf1cc0,Ibrahim Šehić,ba BIH,GK,az Qarabağ FK,28,1988,6.0,0,0,0,0,0,0,0,,0,0,0,0,1,1,3,1,Matches
972d595a,Aleksandr Selikhov,ru RUS,GK,ru Spartak Moscow,23,1994,4.2,1,1,1,0,0,1,1,100.0,0,0,0,0,0,1,1,0,Matches
834b5c4c,Matz Sels,be BEL,GK,be Anderlecht,25,1992,3.0,1,0,1,0,0,1,2,50.0,1,0,0,0,0,1,1,0,Matches
d04b94db,Nélson Semedo,pt POR,DF,es Barcelona,23,1993,6.9,15,13,11,4,0,8,17,47.1,9,8,1,7,8,23,15,0,Matches
d3aaad90,Stephan El Shaarawy,it ITA,FW,it Roma,24,1992,4.0,2,1,2,0,0,0,2,0.0,2,1,0,1,4,6,1,0,Matches
9c94165b,Luke Shaw,eng ENG,DF,eng Manchester Utd,22,1995,1.0,0,0,0,0,0,0,1,0.0,1,2,0,2,2,2,7,0,Matches
ab6928f2,Georgi Shchennikov,ru RUS,"FW,DF",ru CSKA Moscow,26,1991,4.6,6,4,5,1,0,4,9,44.4,5,3,0,3,12,18,12,0,Matches
14a04bea,Ramil Sheydayev,az AZE,FW,az Qarabağ FK,21,1996,0.9,1,1,0,1,0,1,3,33.3,2,0,0,0,0,1,0,0,Matches
4c5b714f,Djibril Sidibé,fr FRA,"DF,FW",fr Monaco,25,1992,2.8,6,4,3,3,0,1,4,25.0,3,3,1,2,5,11,6,0,Matches
3eb22ec9,Bernardo Silva,pt POR,"FW,MF",eng Manchester City,22,1994,6.3,10,3,3,3,4,3,17,17.6,14,6,1,5,5,15,2,0,Matches
e2716bd0,David Silva,es ESP,MF,eng Manchester City,31,1986,4.7,3,1,2,1,0,1,1,100.0,0,2,0,2,6,9,2,0,Matches
f2308b33,Jonathan Silva,ar ARG,DF,pt Sporting CP,23,1994,2.3,9,7,7,2,0,7,8,87.5,1,4,0,4,2,11,5,0,Matches
70cf63ca,Rafa Silva,pt POR,DF,pt Benfica,24,1993,0.0,0,0,0,0,0,0,0,,0,0,0,0,0,0,0,0,Matches
86e7deaf,Thiago Silva,br BRA,DF,fr Paris S-G,32,1984,5.8,5,3,4,1,0,3,4,75.0,1,8,4,4,4,9,30,0,Matches
c90b2e8f,Jozo Šimunović,hr CRO,DF,sct Celtic,22,1994,4.0,3,1,2,1,0,2,3,66.7,1,0,0,0,14,17,22,0,Matches
273c483b,Scott Sinclair,eng ENG,"FW,MF",sct Celtic,28,1989,4.2,2,1,1,1,0,0,5,0.0,5,2,0,2,1,3,4,0,Matches
2acd49b9,Moussa Sissoko,fr FRA,MF,eng Tottenham,27,1989,3.8,9,6,5,3,1,5,9,55.6,4,1,0,1,4,13,8,0,Matches
b6964eb6,Chris Smalling,eng ENG,DF,eng Manchester Utd,27,1989,8.0,10,5,6,3,1,4,7,57.1,3,14,10,4,3,13,27,0,Matches
4d982baf,Tiquinho Soares,br BRA,FW,pt Porto,26,1991,2.0,0,0,0,0,0,0,0,,0,0,0,0,1,1,0,0,Matches
e77dc3b2,Dominic Solanke,eng ENG,"FW,MF",eng Liverpool,19,1997,0.4,1,0,1,0,0,0,1,0.0,1,1,0,1,0,1,0,0,Matches
8f8c6934,David Soria,es ESP,GK,es Sevilla,24,1993,2.0,0,0,0,0,0,0,0,,0,0,0,0,0,0,2,0,Matches
02ce2030,Uroš Spajić,rs SRB,DF,be Anderlecht,24,1993,4.0,2,2,2,0,0,1,2,50.0,1,6,6,0,10,12,25,0,Matches
edd6c8e9,Darijo Srna,hr CRO,DF,ua Shakhtar,35,1982,1.0,0,0,0,0,0,0,0,,0,1,1,0,2,2,4,0,Matches
90339309,Jerry St. Juste,nl NED,DF,nl Feyenoord,20,1996,4.2,8,4,7,1,0,3,3,100.0,0,4,0,4,8,16,15,0,Matches
e07c2923,Nicolae Stanciu,ro ROU,"MF,FW",be Anderlecht,24,1993,1.1,2,1,2,0,0,2,3,66.7,1,1,0,1,0,2,0,0,Matches
dd669209,Renato Steffen,ch SUI,FW,ch Basel,25,1991,6.0,7,5,1,5,1,3,8,37.5,5,2,0,2,6,13,4,0,Matches
ee3519f5,Taras Stepanenko,ua UKR,MF,ua Shakhtar,27,1989,7.6,18,11,10,8,0,5,15,33.3,10,6,4,2,14,32,9,0,Matches
230255f5,Kazaiah Sterling,eng ENG,MF,eng Tottenham,18,1998,0.0,0,0,0,0,0,0,0,,0,0,0,0,0,0,0,0,Matches
b400bde0,Raheem Sterling,eng ENG,"FW,MF",eng Manchester City,22,1994,5.5,4,2,1,2,1,0,3,0.0,3,8,0,8,5,9,0,0,Matches
6b85f966,Valentin Stocker,ch SUI,MF,ch Basel,28,1989,1.0,0,0,0,0,0,0,1,0.0,1,1,0,1,3,3,0,0,Matches
5eecec3d,John Stones,eng ENG,DF,eng Manchester City,23,1994,5.0,3,2,2,1,0,2,4,50.0,2,8,6,2,6,9,25,0,Matches
ef2e5e1a,Kevin Strootman,nl NED,MF,it Roma,27,1990,9.3,21,15,9,9,3,5,22,22.7,17,11,3,8,12,33,2,0,Matches
2334478a,Stefano Sturaro,it ITA,DF,it Juventus,24,1993,2.6,7,4,3,3,1,4,7,57.1,3,2,1,1,0,7,4,0,Matches
1b7ec703,Daniel Sturridge,eng ENG,FW,eng Liverpool,27,1989,0.9,0,0,0,0,0,0,0,,0,0,0,0,0,0,1,0,Matches
12c50af5,Denis Suárez,es ESP,MF,es Barcelona,23,1994,1.9,1,0,0,0,1,0,6,0.0,6,1,0,1,0,1,0,0,Matches
a6154613,Luis Suárez,uy URU,FW,es Barcelona,30,1987,9.8,4,4,1,1,2,1,10,10.0,9,5,0,5,2,6,5,0,Matches
f6db3bd5,Danijel Subašić,hr CRO,GK,fr Monaco,32,1984,3.0,0,0,0,0,0,0,0,,0,0,0,0,0,0,0,0,Matches
821233cc,Neven Subotić,rs SRB,DF,de Dortmund,28,1988,1.0,0,0,0,0,0,0,0,,0,2,2,0,0,0,9,0,Matches
c5224618,Marek Suchý,cz CZE,DF,ch Basel,29,1988,8.0,10,8,7,2,1,7,15,46.7,8,8,4,4,26,36,42,1,Matches
e33c06cf,Niklas Süle,de GER,DF,de Bayern Munich,21,1995,7.1,7,6,5,2,0,4,7,57.1,3,11,9,2,11,18,16,0,Matches
b20ce5eb,Marko Šuler,si SVN,DF,si NK Maribor,34,1983,5.0,7,4,7,0,0,3,7,42.9,4,8,5,3,10,17,28,2,Matches
bcf5058a,Mile Svilar,rs SRB,GK,pt Benfica,17,1999,3.0,0,0,0,0,0,0,0,,0,0,0,0,0,0,4,2,Matches
01b8a2b2,Wojciech Szczęsny,pl POL,GK,it Juventus,27,1990,1.0,0,0,0,0,0,0,0,,0,0,0,0,0,0,0,0,Matches
e26bd2f4,Panagiotis Tachtsidis,gr GRE,MF,gr Olympiacos,26,1991,2.7,7,5,2,5,0,1,6,16.7,5,3,2,1,6,13,4,0,Matches
7272a72a,Taison,br BRA,"MF,FW",ua Shakhtar,29,1988,8.0,6,4,1,1,4,0,9,0.0,9,12,1,11,4,10,3,0,Matches
5c4f4e43,Talisca,br BRA,MF,tr Beşiktaş,23,1994,6.0,5,4,3,2,0,2,18,11.1,16,7,0,7,5,10,5,0,Matches
34269bdf,Renato Tapia,pe PER,DF,nl Feyenoord,22,1995,3.7,6,4,3,3,0,1,4,25.0,3,5,3,2,6,12,10,1,Matches
7f5ca4f8,Serdar Tasci,de GER,DF,ru Spartak Moscow,30,1987,5.0,7,3,4,3,0,3,5,60.0,2,9,9,0,8,15,17,0,Matches
9d73993b,Marcos Tavares,br BRA,FW,si NK Maribor,33,1984,5.3,5,2,1,3,1,1,8,12.5,7,4,0,4,1,6,4,1,Matches
e73c9bb2,Alex Telles,br BRA,DF,pt Porto,24,1992,7.0,12,10,8,2,2,7,14,50.0,7,5,2,3,19,31,17,0,Matches
7e81a17d,Łukasz Teodorczyk,pl POL,FW,be Anderlecht,26,1991,4.3,3,3,0,2,1,0,6,0.0,6,4,1,3,0,3,0,0,Matches
6f51e382,Marc-André ter Stegen,de GER,GK,es Barcelona,25,1992,9.0,0,0,0,0,0,0,0,,0,0,0,0,0,0,1,1,Matches
56f7a928,Youri Tielemans,be BEL,MF,fr Monaco,20,1997,3.5,9,4,1,8,0,3,7,42.9,4,5,0,5,4,13,3,0,Matches
fce2302c,Kieran Tierney,sct SCO,DF,sct Celtic,20,1997,6.0,11,7,6,5,0,4,10,40.0,6,8,1,7,16,27,19,0,Matches
652d4c37,Corentin Tolisso,fr FRA,MF,de Bayern Munich,22,1994,5.5,9,4,2,7,0,3,9,33.3,6,8,2,6,3,12,4,1,Matches
a96e5dc0,Jeremy Toljan,de GER,DF,de Dortmund,22,1994,3.0,8,6,4,4,0,5,9,55.6,4,5,2,3,4,12,11,0,Matches
ade993b9,Jens Toornstra,nl NED,"MF,FW",nl Feyenoord,28,1989,3.6,5,4,2,3,0,1,7,14.3,6,8,0,8,7,12,4,0,Matches
c5fd13e9,Ömer Toprak,tr TUR,DF,de Dortmund,28,1989,3.8,2,1,1,1,0,1,4,25.0,3,2,2,0,6,8,9,0,Matches
bdf7b97d,Fernando Torres,es ESP,FW,es Atlético Madrid,33,1984,2.3,2,2,1,1,0,0,3,0.0,3,1,0,1,1,3,1,0,Matches
58a9a4d9,Óliver Torres,es ESP,MF,pt Porto,22,1994,1.9,6,4,3,1,2,1,6,16.7,5,3,0,3,0,6,4,0,Matches
523057ea,Duško Tošić,rs SRB,DF,tr Beşiktaş,32,1985,5.6,18,13,11,7,0,9,19,47.4,10,8,4,4,22,40,42,0,Matches
9a104dee,Cenk Tosun,tr TUR,FW,tr Beşiktaş,26,1991,5.0,2,0,0,2,0,2,10,20.0,8,4,1,3,3,5,7,0,Matches
c8c60119,Almamy Touré,ml MLI,DF,fr Monaco,21,1996,3.0,7,4,2,4,1,1,1,100.0,0,2,1,1,3,10,8,0,Matches
c204f844,Yaya Touré,ci CIV,MF,eng Manchester City,34,1983,2.8,6,2,1,4,1,2,9,22.2,7,2,0,2,1,7,5,0,Matches
ad1d334f,Adrien Trebel,fr FRA,"MF,DF",be Anderlecht,26,1991,6.0,25,19,8,15,2,10,25,40.0,15,9,0,9,18,43,6,3,Matches
21512407,Kieran Trippier,eng ENG,DF,eng Tottenham,26,1990,3.0,4,2,1,3,0,2,4,50.0,2,4,0,4,2,6,12,0,Matches
2baec6ce,Axel Tuanzebe,eng ENG,DF,eng Manchester Utd,19,1997,0.2,1,1,0,0,1,0,0,,0,0,0,0,1,2,0,0,Matches
7d3e7da6,Sven Ulreich,de GER,GK,de Bayern Munich,28,1988,11.0,0,0,0,0,0,0,0,,0,0,0,0,0,0,3,1,Matches
3eed9821,Samuel Umtiti,fr FRA,DF,es Barcelona,23,1993,9.0,12,7,10,2,0,5,7,71.4,2,9,7,2,20,32,21,1,Matches
1880614f,Cengiz Ünder,tr TUR,"FW,MF",it Roma,20,1997,2.6,4,2,1,3,0,2,9,22.2,7,1,0,1,2,6,2,0,Matches
d248cd8f,Dayot Upamecano,fr FRA,DF,de RB Leipzig,18,1998,5.0,15,14,12,2,1,5,9,55.6,4,7,3,4,12,27,36,1,Matches
2f7af524,Necip Uysal,tr TUR,DF,tr Beşiktaş,26,1991,1.9,9,7,6,3,0,4,7,57.1,3,0,0,0,4,13,9,0,Matches
7b456af7,Tomáš Vaclík,cz CZE,GK,ch Basel,28,1989,8.0,0,0,0,0,0,0,0,,0,0,0,0,0,0,6,0,Matches
08aa17d0,Antonio Valencia,ec ECU,DF,eng Manchester Utd,31,1985,3.7,7,4,2,4,1,3,4,75.0,1,6,0,6,6,13,19,0,Matches
c2111b45,Jesús Vallejo,es ESP,DF,es Real Madrid,20,1997,1.0,0,0,0,0,0,0,0,,0,1,1,0,0,0,3,0,Matches
e06683ca,Virgil van Dijk,nl NED,DF,eng Liverpool,26,1991,6.0,5,5,3,1,1,1,2,50.0,1,5,3,2,10,15,42,0,Matches
9f8e9423,Raphaël Varane,fr FRA,DF,es Real Madrid,24,1993,10.4,12,9,10,2,0,8,17,47.1,9,21,13,8,14,26,71,0,Matches
2bea06e0,Bruno Varela,pt POR,GK,pt Benfica,22,1994,2.0,0,0,0,0,0,0,0,,0,0,0,0,0,0,1,0,Matches
f69d4d79,Viktor Vasin,ru RUS,DF,ru CSKA Moscow,28,1988,6.0,6,1,6,0,0,4,10,40.0,6,10,5,5,6,12,36,1,Matches
467bae22,Franco Vázquez,ar ARG,MF,es Sevilla,28,1989,5.5,10,6,3,5,2,4,15,26.7,11,4,0,4,1,11,5,0,Matches
fd51b456,Lucas Vázquez,es ESP,"MF,DF",es Real Madrid,26,1991,6.0,17,8,8,9,0,6,16,37.5,10,8,0,8,6,23,12,0,Matches
80b81359,Dylan Vente,nl NED,FW,nl Feyenoord,18,1999,0.2,0,0,0,0,0,0,0,,0,0,0,0,0,0,0,0,Matches
d0d79694,Thomas Vermaelen,be BEL,DF,es Barcelona,31,1985,1.0,0,0,0,0,0,0,0,,0,1,0,1,1,1,1,0,Matches
22a94b80,Kenneth Vermeer,nl NED,GK,nl Feyenoord,31,1986,1.0,0,0,0,0,0,0,0,,0,0,0,0,0,0,1,0,Matches
1467af0d,Marco Verratti,it ITA,MF,fr Paris S-G,24,1992,7.1,26,14,11,11,4,14,25,56.0,11,13,4,9,14,40,5,0,Matches
ba23a904,Jan Vertonghen,be BEL,DF,eng Tottenham,30,1987,6.0,14,11,9,4,1,8,12,66.7,4,1,0,1,14,28,25,0,Matches
3f359b33,Domagoj Vida,hr CRO,DF,tr Beşiktaş,28,1989,0.2,0,0,0,0,0,0,0,,0,2,2,0,0,0,3,0,Matches
04965583,Aleix Vidal,es ESP,"FW,MF",es Barcelona,27,1989,1.2,5,4,2,2,1,2,5,40.0,3,0,0,0,5,10,1,0,Matches
67cdbc0e,Arturo Vidal,cl CHI,MF,de Bayern Munich,30,1987,5.3,20,14,9,7,4,8,17,47.1,9,8,2,6,10,30,4,0,Matches
2513a588,Luciano Vietto,ar ARG,FW,es Atlético Madrid,23,1993,0.8,2,2,0,0,2,1,1,100.0,0,0,0,0,1,3,0,0,Matches
df324174,Mitja Viler,si SVN,DF,si NK Maribor,30,1986,6.0,12,8,7,5,0,10,19,52.6,9,12,6,6,4,16,39,2,Matches
c7069d87,Tonny Vilhena,nl NED,MF,nl Feyenoord,22,1995,5.9,8,5,6,2,0,0,8,0.0,8,5,0,5,8,16,8,1,Matches
a02543c3,Vinicius,br BRA,MF,cy APOEL FC,31,1986,5.2,7,4,3,4,0,4,11,36.4,7,3,0,3,7,14,10,0,Matches
a9e68c94,Vitinho,br BRA,FW,ru CSKA Moscow,23,1993,5.2,5,2,3,2,0,2,13,15.4,11,10,1,9,3,8,7,0,Matches
1bebde9d,Michel Vorm,nl NED,GK,eng Tottenham,33,1983,1.0,0,0,0,0,0,0,0,,0,0,0,0,0,0,0,0,Matches
244a1281,Praxitelis Vouros,gr GRE,DF,cy APOEL FC,22,1995,6.0,8,4,4,4,0,3,9,33.3,6,7,1,6,24,32,23,0,Matches
af00baef,Blaž Vrhovec,si SVN,MF,si NK Maribor,25,1992,4.4,13,10,6,7,0,4,12,33.3,8,3,3,0,5,18,14,0,Matches
46a8347f,Šime Vrsaljko,hr CRO,DF,es Atlético Madrid,25,1992,1.0,1,1,1,0,0,0,0,,0,1,1,0,2,3,3,0,Matches
1932f8f4,Dare Vršič,si SVN,MF,si NK Maribor,32,1984,0.6,1,1,1,0,0,0,2,0.0,2,1,0,1,1,2,0,0,Matches
61b0b44d,Sandro Wagner,de GER,FW,de Bayern Munich,29,1987,0.6,2,2,1,1,0,1,1,100.0,0,0,0,0,0,2,2,0,Matches
86dd77d1,Kyle Walker,eng ENG,DF,eng Manchester City,27,1990,7.0,8,5,4,3,1,4,8,50.0,4,7,2,5,11,19,19,1,Matches
984a5a64,Kyle Walker-Peters,eng ENG,DF,eng Tottenham,20,1997,0.2,0,0,0,0,0,0,0,,0,0,0,0,0,0,0,0,Matches
e0900238,Victor Wanyama,ke KEN,MF,eng Tottenham,26,1991,0.0,0,0,0,0,0,0,0,,0,0,0,0,0,0,0,0,Matches
110338ae,Boy Waterman,nl NED,GK,cy APOEL FC,33,1984,2.5,0,0,0,0,0,0,0,,0,0,0,0,0,0,1,0,Matches
346d51d9,Julian Weigl,de GER,MF,de Dortmund,21,1995,3.6,13,9,6,6,1,3,10,30.0,7,2,0,2,6,19,7,0,Matches
d7398ac3,Pontus Wernbloom,se SWE,"MF,FW",ru CSKA Moscow,31,1986,5.0,8,6,5,2,1,3,10,30.0,7,8,3,5,10,18,10,0,Matches
49fe9070,Timo Werner,de GER,FW,de RB Leipzig,21,1996,3.7,4,3,2,2,0,2,6,33.3,4,2,1,1,1,5,0,0,Matches
eb58eef0,Georginio Wijnaldum,nl NED,MF,eng Liverpool,26,1990,9.4,14,10,5,8,1,6,15,40.0,9,4,0,4,10,24,12,1,Matches
8b9ebd03,Willian,br BRA,"MF,FW",eng Chelsea,28,1988,4.8,5,3,2,2,1,1,5,20.0,4,5,0,5,1,6,0,0,Matches
2f7acede,Harry Winks,eng ENG,MF,eng Tottenham,21,1996,4.7,6,4,2,3,1,3,9,33.3,6,5,1,4,7,13,5,0,Matches
dbe16ade,Ricky van Wolfswinkel,nl NED,FW,ch Basel,28,1989,1.9,2,0,1,1,0,1,1,100.0,0,2,0,2,1,3,2,0,Matches
ead14875,Taulant Xhaka,al ALB,"MF,DF",ch Basel,26,1991,5.8,13,10,3,10,0,5,11,45.5,6,4,2,2,4,17,12,0,Matches
849c826a,Andriy Yarmolenko,ua UKR,"FW,MF",de Dortmund,27,1989,4.2,6,6,0,4,2,1,6,16.7,5,2,0,2,2,8,2,0,Matches
d0a01d27,Andrey Yeshchenko,ru RUS,DF,ru Spartak Moscow,33,1984,4.9,17,13,10,6,1,6,17,35.3,11,8,0,8,6,23,27,0,Matches
be927d03,Ashley Young,eng ENG,DF,eng Manchester Utd,32,1985,3.7,6,4,3,2,1,2,3,66.7,1,5,1,4,9,15,10,0,Matches
c75e82dc,Elvin Yunuszade,az AZE,"DF,FW",az Qarabağ FK,24,1992,1.4,8,7,8,0,0,4,6,66.7,2,2,2,0,2,10,13,0,Matches
a4effc55,Dan-Axel Zagadou,fr FRA,DF,de Dortmund,18,1999,1.0,1,1,1,0,0,0,1,0.0,1,1,1,0,1,2,4,0,Matches
5e082d51,Ghayas Zahid,no NOR,"FW,MF",cy APOEL FC,22,1994,5.2,3,2,0,2,1,1,10,10.0,9,5,1,4,3,6,4,1,Matches
7fe90ccd,Davide Zappacosta,it ITA,"DF,MF",eng Chelsea,25,1992,3.9,2,2,1,0,1,1,4,25.0,3,4,0,4,3,5,10,0,Matches
bbddc31f,Saša Zdjelar,rs SRB,MF,gr Olympiacos,22,1995,2.3,5,2,3,2,0,1,1,100.0,0,4,1,3,9,14,3,0,Matches
08a2c314,Tolga Zengin,tr TUR,GK,tr Beşiktaş,33,1983,2.0,0,0,0,0,0,0,0,,0,0,0,0,0,0,1,1,Matches
732b0cf9,Timur Zhamaletdinov,ru RUS,FW,ru CSKA Moscow,20,1997,1.5,1,1,0,1,0,1,1,100.0,0,2,0,2,0,1,0,0,Matches
a5296e55,Piotr Zieliński,pl POL,"MF,FW",it Napoli,23,1994,3.9,2,1,1,0,1,0,4,0.0,4,3,0,3,7,9,2,0,Matches
51cf8561,Oleksandr Zinchenko,ua UKR,DF,eng Manchester City,20,1996,1.0,1,1,0,1,0,1,5,20.0,4,0,0,0,1,2,1,1,Matches
321f83a2,Andrija Živković,rs SRB,"MF,FW",pt Benfica,21,1996,3.2,4,3,1,3,0,2,5,40.0,3,6,0,6,1,5,1,0,Matches
0a215326,Roman Zobnin,ru RUS,"DF,FW",ru Spartak Moscow,23,1994,1.2,1,1,0,0,1,0,1,0.0,1,1,0,1,0,1,0,0,Matches
adfbe1f5,Oleksandr Zubkov,ua UKR,FW,ua Shakhtar,20,1996,0.0,0,0,0,0,0,0,0,,0,0,0,0,0,0,0,0,Matches
9c824717,Luca Zuffi,ch SUI,MF,ch Basel,27,1990,7.0,9,6,5,3,1,4,11,36.4,7,5,2,3,10,19,6,0,Matches
d49b243a,Uroš Đurđević,me MNE,"FW,MF",gr Olympiacos,23,1994,2.3,0,0,0,0,0,0,2,0.0,2,2,0,2,1,1,1,0,Matches
Bruno-Costa,Bruno Costa,,,pt Porto,,,1.0,,,,,,,,,,,,,,,,,Matches
