id,Player,Nation,Pos,Squad,Age,Born,90s,Tkl,TklW,Def 3rd,Mid 3rd,Att 3rd,Tkl.1,Att,Tkl%,Lost,Blocks,Sh,Pass,Int,Tkl+Int,Clr,Err,Matches
5f09991f,Patrick van Aanholt,nl NED,DF,Crystal Palace,28,1990,27.9,43,23,31,10,2,23,50,46.0,27,31,9,22,45,88,52,1,Matches
774cf58b,Max Aarons,eng ENG,DF,Norwich City,19,2000,36.0,48,30,33,9,6,18,36,50.0,18,46,29,17,37,85,97,1,Matches
f586779e,Tammy Abraham,eng ENG,FW,Chelsea,21,1997,24.6,8,4,2,5,1,3,14,21.4,11,20,2,18,6,14,27,0,Matches
f2bf1b0f,Che Adams,sct SCO,FW,Southampton,23,1996,12.3,6,4,1,5,0,1,4,25.0,3,9,1,8,2,8,10,0,Matches
f76e6b4e,Adrián,es ESP,GK,Liverpool,32,1987,9.7,1,1,1,0,0,1,1,100.0,0,0,0,0,0,1,8,3,Matches
4d034881,Sergio Agüero,ar ARG,FW,Manchester City,31,1988,16.1,7,4,0,4,3,1,8,12.5,7,9,1,8,3,10,2,0,Matches
2b1c4abd,Albian Ajeti,ch SUI,FW,West Ham,22,1997,1.5,1,0,0,0,1,0,0,,0,0,0,0,0,1,0,0,Matches
eaeca114,Nathan Aké,nl NED,DF,Bournemouth,24,1995,27.8,31,21,23,8,0,14,23,60.9,9,40,29,11,36,67,152,0,Matches
b827d5b3,Marc Albrighton,eng ENG,"MF,DF",Leicester City,29,1989,9.6,24,17,10,13,1,9,30,30.0,21,19,2,17,10,34,8,0,Matches
f7d50789,Toby Alderweireld,be BEL,DF,Tottenham,30,1989,32.9,40,29,24,13,3,11,24,45.8,13,48,32,16,31,71,172,2,Matches
cd1acf9d,Trent Alexander-Arnold,eng ENG,DF,Liverpool,20,1998,35.3,55,34,35,17,3,36,78,46.2,42,27,9,18,45,100,84,3,Matches
7a2e46a8,Alisson,br BRA,GK,Liverpool,26,1992,28.3,0,0,0,0,0,0,2,0.0,2,0,0,0,1,1,13,3,Matches
cea4ee8f,Dele Alli,eng ENG,"MF,FW",Tottenham,23,1996,20.5,34,16,11,20,3,13,37,35.1,24,35,3,32,17,51,17,2,Matches
862a1c15,Miguel Almirón,py PAR,"MF,FW",Newcastle Utd,25,1994,33.6,60,39,32,20,8,19,52,36.5,33,25,1,24,31,91,25,0,Matches
f4290206,Marcos Alonso,es ESP,DF,Chelsea,28,1990,15.9,28,16,20,6,2,14,33,42.4,19,18,2,16,20,48,32,0,Matches
ad1f61f3,Steven Alzate,co COL,"MF,DF",Brighton,20,1998,13.2,33,19,20,11,2,17,27,63.0,10,18,3,15,14,47,13,0,Matches
9260926b,Ibrahim Amadou,fr FRA,"DF,MF",Norwich City,26,1993,8.4,18,11,9,8,1,3,11,27.3,8,8,5,3,16,34,55,1,Matches
9f1893b9,Felipe Anderson,br BRA,"MF,FW",West Ham,26,1993,16.6,46,32,20,21,5,11,47,23.4,36,19,1,18,22,68,11,0,Matches
dc008610,Florin Andone,ro ROU,FW,Brighton,26,1993,0.8,1,1,0,1,0,1,1,100.0,0,1,1,0,0,1,1,0,Matches
30941e96,Angeliño,es ESP,DF,Manchester City,22,1997,4.7,5,2,3,1,1,5,7,71.4,2,1,0,1,9,14,15,0,Matches
b105919e,Faustino Anjorin,eng ENG,FW,Chelsea,17,2001,0.2,0,0,0,0,0,0,0,,0,1,0,1,0,0,0,0,Matches
ac05f970,Michail Antonio,jm JAM,FW,West Ham,29,1990,19.6,13,9,5,4,4,4,14,28.6,10,17,2,15,9,22,5,0,Matches
97333cf5,Stuart Armstrong,sct SCO,MF,Southampton,27,1992,19.1,32,19,19,11,2,9,38,23.7,29,22,4,18,11,43,23,1,Matches
28d596a0,Kepa Arrizabalaga,es ESP,GK,Chelsea,24,1994,33.0,1,1,1,0,0,1,2,50.0,1,0,0,0,1,2,7,2,Matches
8816329f,Christian Atsu,gh GHA,"MF,FW",Newcastle Utd,27,1992,8.3,10,8,5,5,0,5,14,35.7,9,19,0,19,5,15,9,0,Matches
d5dd5f1f,Pierre-Emerick Aubameyang,ga GAB,FW,Arsenal,30,1989,34.8,31,19,10,12,9,12,51,23.5,39,39,1,38,14,45,16,0,Matches
5c2b4f07,Serge Aurier,ci CIV,DF,Tottenham,26,1992,30.0,93,69,58,27,8,39,69,56.5,30,38,6,32,47,140,98,2,Matches
da052c14,Jordan Ayew,gh GHA,FW,Crystal Palace,27,1991,35.0,48,30,10,22,16,17,49,34.7,32,29,4,25,15,63,21,0,Matches
53cad200,César Azpilicueta,es ESP,DF,Chelsea,29,1989,35.9,86,56,40,32,14,35,69,50.7,34,56,21,35,67,153,94,0,Matches
a1232f4e,Eric Bailly,ci CIV,DF,Manchester Utd,25,1994,1.7,0,0,0,0,0,0,1,0.0,1,3,3,0,4,4,7,1,Matches
b18095b6,Leighton Baines,eng ENG,DF,Everton,34,1984,4.5,10,6,6,2,2,8,10,80.0,2,5,2,3,5,15,14,0,Matches
3626f7d9,Fabián Balbuena,py PAR,DF,West Ham,27,1991,13.1,17,12,13,3,1,9,25,36.0,16,15,5,10,26,43,75,3,Matches
394854c4,George Baldock,gr GRE,DF,Sheffield Utd,26,1993,38.0,62,43,35,17,10,27,47,57.4,20,26,3,23,34,96,83,3,Matches
1ae30132,Phil Bardsley,sct SCO,DF,Burnley,34,1985,21.0,49,36,16,24,9,24,37,64.9,13,24,11,13,30,79,73,0,Matches
3a24769f,Ross Barkley,eng ENG,MF,Chelsea,25,1993,12.3,16,9,6,6,4,5,18,27.8,13,7,2,5,7,23,7,0,Matches
2691c772,Ashley Barnes,eng ENG,FW,Burnley,29,1989,15.0,10,5,3,5,2,3,9,33.3,6,7,2,5,6,16,9,0,Matches
3ea50f67,Harvey Barnes,eng ENG,"MF,FW",Leicester City,21,1997,23.1,16,11,7,7,2,5,23,21.7,18,13,3,10,8,24,6,1,Matches
1aa84968,Chris Basham,eng ENG,DF,Sheffield Utd,31,1988,36.0,85,48,58,20,7,48,81,59.3,33,38,15,23,77,162,173,1,Matches
8c44e37b,Borja Bastón,es ESP,"MF,FW",Aston Villa,26,1992,0.2,1,0,0,1,0,0,2,0.0,2,1,0,1,0,1,0,1,Matches
2973d8ff,Michy Batshuayi,be BEL,FW,Chelsea,25,1993,2.7,4,1,2,2,0,0,5,0.0,5,1,1,0,0,4,1,0,Matches
4115ce4e,Jan Bednarek,pl POL,DF,Southampton,23,1996,34.0,65,38,41,18,6,31,61,50.8,30,44,23,21,77,142,198,4,Matches
f874dd44,Héctor Bellerín,es ESP,"DF,MF",Arsenal,24,1995,12.9,20,13,7,11,2,11,29,37.9,18,20,4,16,19,39,27,1,Matches
0bad4516,Ryan Bennett,eng ENG,DF,Wolves,29,1990,6.7,4,2,4,0,0,2,6,33.3,4,14,8,6,9,13,29,0,Matches
0bad4516,Ryan Bennett,eng ENG,DF,Leicester City,29,1990,3.7,5,4,3,2,0,4,6,66.7,2,3,1,2,7,12,8,0,Matches
3189f61a,Nabil Bentaleb,dz ALG,MF,Newcastle Utd,24,1994,8.3,23,13,14,9,0,7,25,28.0,18,9,2,7,19,42,9,1,Matches
ab070c55,Christian Benteke,be BEL,FW,Crystal Palace,28,1990,14.0,9,5,1,6,2,0,10,0.0,10,11,4,7,4,13,28,1,Matches
f72293fc,Jóhann Berg Guðmundsson,is ISL,MF,Burnley,28,1990,6.9,4,2,2,2,0,1,8,12.5,7,8,1,7,7,11,9,0,Matches
d0b6129f,Sander Berge,no NOR,MF,Sheffield Utd,21,1998,10.5,22,15,3,14,5,5,10,50.0,5,15,1,14,10,32,16,0,Matches
a29b1131,Steven Bergwijn,nl NED,"FW,MF",Tottenham,21,1997,7.8,10,6,3,6,1,4,12,33.3,8,12,0,12,1,11,5,0,Matches
ab4b3e35,Bernard,br BRA,"MF,FW",Everton,26,1992,14.2,32,22,12,14,6,13,44,29.5,31,22,2,20,16,48,7,0,Matches
17370b95,Bernardo,br BRA,"DF,MF",Brighton,24,1995,7.5,27,16,12,9,6,13,17,76.5,4,7,3,4,6,33,24,0,Matches
01226327,Ryan Bertrand,eng ENG,DF,Southampton,29,1989,30.5,47,29,22,15,10,26,58,44.8,32,27,12,15,37,84,31,1,Matches
7ca9f0f0,Muhamed Bešić,ba BIH,MF,Sheffield Utd,26,1992,2.8,8,6,4,4,0,2,5,40.0,3,4,0,4,1,9,6,0,Matches
d328a254,Philip Billing,dk DEN,MF,Bournemouth,23,1996,28.1,72,46,30,37,5,17,65,26.2,48,59,16,43,66,138,97,1,Matches
6c203af0,Yves Bissouma,ml MLI,MF,Brighton,22,1996,14.0,49,38,24,22,3,17,40,42.5,23,18,2,16,21,70,23,0,Matches
a4ac4b8f,Willy Boly,ci CIV,DF,Wolves,28,1991,22.0,57,33,36,21,0,25,43,58.1,18,28,11,17,39,96,108,3,Matches
cfd5e123,Gaëtan Bong,cm CMR,"DF,MF",Brighton,31,1988,0.7,1,0,0,0,1,0,0,,0,1,1,0,0,1,0,0,Matches
b0c71810,Sofiane Boufal,ma MAR,"MF,FW",Southampton,25,1993,8.5,16,8,6,5,5,6,15,40.0,9,17,0,17,4,20,1,0,Matches
79c84d1c,Jarrod Bowen,eng ENG,"FW,MF",West Ham,22,1996,10.2,19,15,7,9,3,4,17,23.5,13,6,0,6,16,35,8,0,Matches
96bb8cc2,Robbie Brady,ie IRL,MF,Burnley,27,1992,5.0,11,9,5,4,2,3,10,30.0,7,10,2,8,5,16,8,0,Matches
c1949191,Jarrad Branthwaite,eng ENG,DF,Everton,17,2002,3.3,8,7,5,3,0,3,5,60.0,2,6,3,3,2,10,12,0,Matches
10072610,Claudio Bravo,cl CHI,GK,Manchester City,36,1983,3.9,0,0,0,0,0,0,0,,0,0,0,0,0,0,1,1,Matches
97220da2,Armando Broja,al ALB,FW,Chelsea,17,2001,0.1,0,0,0,0,0,0,0,,0,0,0,0,0,0,0,0,Matches
dc4cae05,David Brooks,wls WAL,"MF,FW",Bournemouth,22,1997,5.6,5,5,1,2,2,2,14,14.3,12,5,1,4,2,7,1,0,Matches
47369df8,Josh Brownhill,eng ENG,MF,Burnley,23,1995,8.9,14,8,5,7,2,5,13,38.5,8,9,4,5,14,28,18,0,Matches
66b76d44,Emi Buendía,ar ARG,"FW,MF",Norwich City,22,1996,27.4,82,39,57,21,4,38,118,32.2,80,58,5,53,23,105,32,2,Matches
b2d31e83,Dan Burn,eng ENG,DF,Brighton,27,1992,32.0,67,42,35,27,5,25,53,47.2,28,44,20,24,42,109,130,0,Matches
1bf811d4,Sam Byram,eng ENG,DF,Norwich City,25,1993,14.4,40,22,24,11,5,18,37,48.6,19,16,8,8,26,66,73,0,Matches
a179d516,Willy Caballero,ar ARG,GK,Chelsea,37,1981,5.0,0,0,0,0,0,0,0,,0,0,0,0,0,0,3,0,Matches
7914b9fe,Gary Cahill,eng ENG,DF,Crystal Palace,33,1985,24.1,15,8,11,4,0,7,15,46.7,8,34,25,9,18,33,114,1,Matches
59e6e5bf,Dominic Calvert-Lewin,eng ENG,FW,Everton,22,1997,29.2,7,5,1,4,2,1,10,10.0,9,15,2,13,6,13,36,0,Matches
b2d03887,Víctor Camarasa,es ESP,FW,Crystal Palace,25,1994,0.1,0,0,0,0,0,0,0,,0,0,0,0,0,0,0,0,Matches
bd6351cd,João Cancelo,pt POR,DF,Manchester City,25,1994,13.4,40,24,21,12,7,24,40,60.0,16,9,2,7,21,61,18,0,Matches
f63d8a4b,Todd Cantwell,eng ENG,"FW,MF",Norwich City,21,1998,27.7,51,31,19,27,5,26,73,35.6,47,38,2,36,18,69,35,1,Matches
5acc4a10,Étienne Capoue,fr FRA,MF,Watford,31,1988,29.2,75,40,38,30,7,37,85,43.5,48,30,11,19,68,143,61,0,Matches
b581987a,Andy Carroll,eng ENG,FW,Newcastle Utd,30,1989,7.0,5,3,3,2,0,2,8,25.0,6,2,1,1,2,7,24,1,Matches
e28868f3,Jonny Castro,es ESP,"MF,DF",Wolves,25,1994,32.1,91,55,54,26,11,29,82,35.4,53,45,10,35,53,144,45,2,Matches
89e4b358,Craig Cathcart,nir NIR,DF,Watford,30,1989,27.6,41,26,25,15,1,10,24,41.7,14,19,16,3,25,66,136,1,Matches
c0617e2b,Dani Ceballos,es ESP,MF,Arsenal,22,1996,18.8,45,23,26,14,5,18,61,29.5,43,14,3,11,32,77,16,1,Matches
422862ea,Nathaniel Chalobah,eng ENG,MF,Watford,24,1994,10.3,30,11,13,13,4,12,27,44.4,15,10,4,6,18,48,20,0,Matches
dc6f5bdd,Calum Chambers,eng ENG,DF,Arsenal,24,1995,12.2,26,10,12,8,6,11,16,68.8,5,13,7,6,16,42,43,1,Matches
d2424d1b,Ben Chilwell,eng ENG,DF,Leicester City,22,1996,26.4,43,26,28,13,2,23,52,44.2,29,30,6,24,28,71,68,2,Matches
2696b6a9,Tahith Chong,nl NED,"FW,DF",Manchester Utd,19,1999,0.4,0,0,0,0,0,0,0,,0,0,0,0,0,0,0,0,Matches
7d2d3329,Hamza Choudhury,eng ENG,MF,Leicester City,21,1997,9.9,17,8,7,8,2,3,25,12.0,22,15,6,9,24,41,13,0,Matches
1cb49278,Andreas Christensen,dk DEN,DF,Chelsea,23,1996,19.5,38,21,25,12,1,15,21,71.4,6,12,8,4,29,67,56,0,Matches
2b91cf8e,Ciaran Clark,ie IRL,DF,Newcastle Utd,29,1989,13.2,20,12,18,2,0,9,15,60.0,6,18,14,4,11,31,82,0,Matches
91c975a0,Leon Clarke,eng ENG,"FW,MF",Sheffield Utd,34,1985,0.4,0,0,0,0,0,0,0,,0,0,0,0,0,0,2,0,Matches
6cdd8245,Tom Cleverley,eng ENG,MF,Watford,29,1989,10.8,28,15,8,14,6,9,36,25.0,27,13,1,12,10,38,15,0,Matches
2928dca2,Conor Coady,eng ENG,DF,Wolves,26,1993,38.0,36,23,30,6,0,15,30,50.0,15,22,15,7,28,64,119,2,Matches
0420d84f,Séamus Coleman,ie IRL,DF,Everton,30,1988,20.4,42,31,24,14,4,19,25,76.0,6,21,9,12,24,66,43,1,Matches
27c01749,Aaron Connolly,ie IRL,FW,Brighton,19,2000,14.0,7,6,1,4,2,3,10,30.0,7,11,0,11,0,7,3,0,Matches
2afc7272,Lewis Cook,eng ENG,"MF,FW",Bournemouth,22,1997,15.0,27,14,15,9,3,10,47,21.3,37,17,5,12,17,44,17,1,Matches
3e5e4e63,Steve Cook,eng ENG,DF,Bournemouth,28,1991,27.0,22,11,18,4,0,8,20,40.0,12,32,23,9,44,66,153,1,Matches
74e12f1e,Jack Cork,eng ENG,MF,Burnley,30,1989,29.0,35,24,10,20,5,12,62,19.4,50,34,12,22,28,63,49,0,Matches
4f974391,Aaron Cresswell,eng ENG,DF,West Ham,29,1989,30.3,43,26,21,18,4,23,46,50.0,23,33,10,23,35,78,75,2,Matches
a4fe8cda,Patrick Cutrone,it ITA,FW,Wolves,21,1998,3.3,4,2,2,1,1,1,5,20.0,4,1,1,0,2,6,1,0,Matches
d9565625,Diogo Dalot,pt POR,"DF,MF",Manchester Utd,20,1999,0.7,3,2,3,0,0,3,4,75.0,1,1,0,1,2,5,1,0,Matches
9d107085,Charlie Daniels,eng ENG,DF,Bournemouth,32,1986,1.4,1,1,0,1,0,0,1,0.0,1,2,0,2,1,2,5,1,Matches
f08490a6,Arnaut Danjuma,nl NED,MF,Bournemouth,22,1997,7.0,4,2,3,1,0,1,4,25.0,3,2,0,2,8,12,4,1,Matches
52105203,Scott Dann,eng ENG,DF,Crystal Palace,32,1987,14.1,8,4,7,1,0,8,14,57.1,6,9,7,2,14,22,67,0,Matches
6e33125f,Kevin Danso,at AUT,DF,Southampton,20,1998,3.1,6,4,3,3,0,4,7,57.1,3,7,3,4,2,8,7,0,Matches
44781702,Ben Davies,wls WAL,DF,Tottenham,26,1993,15.9,28,15,13,11,4,7,21,33.3,14,28,12,16,22,50,47,0,Matches
9228b07c,Tom Davies,eng ENG,MF,Everton,21,1998,22.5,38,17,12,22,4,17,55,30.9,38,12,4,8,35,73,28,0,Matches
9deaf2c8,Keinan Davis,eng ENG,FW,Aston Villa,21,1998,6.1,1,1,0,1,0,0,3,0.0,3,4,0,4,0,1,3,0,Matches
3e9e06cb,Craig Dawson,eng ENG,DF,Watford,29,1990,26.2,29,18,16,13,0,17,31,54.8,14,41,32,9,34,63,116,0,Matches
e46012d4,Kevin De Bruyne,be BEL,MF,Manchester City,28,1991,31.0,45,24,8,20,17,18,66,27.3,48,26,4,22,18,63,24,2,Matches
82e34b69,Troy Deeney,eng ENG,FW,Watford,31,1988,24.7,19,12,6,10,3,6,29,20.7,23,13,1,12,11,30,27,0,Matches
111c3236,Fabian Delph,eng ENG,MF,Everton,29,1989,13.2,26,12,10,13,3,9,22,40.9,13,12,3,9,15,41,19,1,Matches
5a7301ae,Leander Dendoncker,be BEL,"MF,DF",Wolves,24,1995,31.1,68,31,41,19,8,28,67,41.8,39,39,12,27,38,106,64,2,Matches
39583cfd,Gerard Deulofeu,es ESP,FW,Watford,25,1994,23.3,33,16,18,9,6,12,59,20.3,47,10,0,10,25,58,6,0,Matches
ac861941,Eric Dier,eng ENG,"DF,MF",Tottenham,25,1994,14.9,21,12,10,10,1,10,20,50.0,10,14,9,5,21,42,65,0,Matches
1b84dbe1,Lucas Digne,fr FRA,DF,Everton,26,1993,33.7,73,49,49,19,5,33,68,48.5,35,39,10,29,42,115,108,0,Matches
a712ca2b,Issa Diop,fr FRA,DF,West Ham,22,1997,30.7,27,15,18,9,0,16,25,64.0,9,37,21,16,47,74,166,2,Matches
254147d4,Moussa Djenepo,ml MLI,"MF,DF",Southampton,21,1998,10.3,27,21,13,9,5,11,21,52.4,10,15,1,14,9,36,9,0,Matches
d557d734,Matt Doherty,ie IRL,"MF,DF",Wolves,27,1992,31.5,55,29,34,17,4,27,41,65.9,14,34,4,30,40,95,52,1,Matches
02b29014,Abdoulaye Doucouré,ml MLI,MF,Watford,26,1993,35.1,64,30,29,29,6,16,57,28.1,41,46,8,38,31,95,32,0,Matches
5526deb1,Thomas Doyle,eng ENG,MF,Manchester City,17,2001,0.2,0,0,0,0,0,0,1,0.0,1,0,0,0,0,0,0,0,Matches
2649ff32,Danny Drinkwater,eng ENG,MF,Aston Villa,29,1990,2.9,5,3,3,2,0,2,18,11.1,16,5,0,5,5,10,5,1,Matches
2649ff32,Danny Drinkwater,eng ENG,MF,Burnley,29,1990,0.6,2,1,1,1,0,0,1,0.0,1,0,0,0,1,3,0,0,Matches
15ea94de,Josip Drmić,ch SUI,FW,Norwich City,26,1992,7.2,3,2,1,2,0,0,8,0.0,8,6,0,6,1,4,5,1,Matches
3a949a25,Martin Dúbravka,sk SVK,GK,Newcastle Utd,30,1989,38.0,1,1,1,0,0,1,2,50.0,1,2,0,2,1,2,17,5,Matches
79ca3e23,Ondrej Duda,sk SVK,MF,Norwich City,24,1994,8.0,18,11,9,6,3,7,16,43.8,9,10,2,8,6,24,8,0,Matches
7314bba4,Shane Duffy,ie IRL,DF,Brighton,27,1992,13.8,18,9,14,4,0,6,17,35.3,11,13,7,6,21,39,72,0,Matches
3fe6bd8c,Paul Dummett,wls WAL,DF,Newcastle Utd,27,1991,13.6,27,17,19,7,1,21,27,77.8,6,23,9,14,23,50,69,0,Matches
282f75f3,Lewis Dunk,eng ENG,DF,Brighton,27,1991,35.9,40,24,23,17,0,15,34,44.1,19,55,33,22,55,95,125,2,Matches
3bb7b8b4,Ederson,br BRA,GK,Manchester City,25,1993,34.1,2,2,2,0,0,2,5,40.0,3,0,0,0,3,5,16,6,Matches
debe38a0,John Egan,ie IRL,DF,Sheffield Utd,26,1992,35.4,44,27,34,10,0,25,45,55.6,20,39,27,12,58,102,171,4,Matches
c8387671,Harvey Elliott,eng ENG,DF,Liverpool,16,2003,0.1,0,0,0,0,0,0,0,,0,0,0,0,0,0,0,0,Matches
615ef733,Ahmed Elmohamady,eg EGY,DF,Aston Villa,31,1987,11.5,19,9,10,7,2,10,21,47.6,11,11,5,6,13,32,25,1,Matches
4fdf1fd9,Björn Engels,be BEL,DF,Aston Villa,24,1994,16.1,11,6,8,2,1,8,13,61.5,5,18,17,1,28,39,86,3,Matches
980522ec,Christian Eriksen,dk DEN,"MF,FW",Tottenham,27,1992,12.2,19,9,10,8,1,7,24,29.2,17,10,1,9,12,31,16,0,Matches
f8fcd2a5,Jonny Evans,nir NIR,DF,Leicester City,31,1988,37.6,48,34,33,14,1,28,39,71.8,11,33,18,15,57,105,174,4,Matches
9328b835,Łukasz Fabiański,pl POL,GK,West Ham,34,1985,23.5,2,2,2,0,0,2,4,50.0,2,0,0,0,1,3,5,3,Matches
7f3b388c,Fabinho,br BRA,MF,Liverpool,25,1993,23.1,62,35,20,35,7,26,67,38.8,41,25,2,23,34,96,19,1,Matches
1e43fad8,Ralf Fährmann,de GER,GK,Norwich City,30,1988,0.2,0,0,0,0,0,0,0,,0,0,0,0,0,0,0,0,Matches
9d9a71c1,Akin Famewo,eng ENG,MF,Norwich City,20,1998,0.0,0,0,0,0,0,0,0,,0,0,0,0,0,0,0,0,Matches
e5d01ecf,Kiko Femenía,es ESP,DF,Watford,28,1991,24.9,68,38,49,17,2,43,80,53.8,37,16,2,14,36,104,49,0,Matches
507c7bdf,Bruno Fernandes,pt POR,MF,Manchester Utd,24,1994,13.2,22,12,9,9,4,5,38,13.2,33,6,0,6,11,33,16,0,Matches
e2dde94c,Gedson Fernandes,pt POR,"MF,DF",Tottenham,20,1999,0.8,2,0,2,0,0,0,2,0.0,2,2,0,2,1,3,0,0,Matches
f25b010f,Federico Fernández,ar ARG,DF,Newcastle Utd,30,1989,29.1,42,25,30,10,2,23,46,50.0,23,41,28,13,24,66,190,2,Matches
101da2b5,Fernandinho,br BRA,DF,Manchester City,34,1985,26.6,50,35,32,16,2,29,48,60.4,19,28,16,12,25,75,82,0,Matches
4c370d81,Roberto Firmino,br BRA,FW,Liverpool,27,1991,33.2,37,19,8,14,15,10,43,23.3,33,34,3,31,7,44,11,1,Matches
b63e789d,John Fleck,sct SCO,MF,Sheffield Utd,27,1991,28.0,36,25,13,14,9,22,64,34.4,42,25,3,22,24,60,26,0,Matches
ed1e53f3,Phil Foden,eng ENG,"FW,MF",Manchester City,19,2000,10.0,14,10,4,6,4,6,19,31.6,13,5,0,5,6,20,2,0,Matches
82927de4,Pablo Fornals,es ESP,"MF,FW",West Ham,23,1996,24.1,46,28,21,18,7,19,64,29.7,45,35,1,34,25,71,15,0,Matches
d0b3ceb9,Ben Foster,eng ENG,GK,Watford,36,1983,38.0,1,0,1,0,0,1,3,33.3,2,1,0,1,0,1,16,2,Matches
a9142dc3,Timothy Fosu-Mensah,nl NED,DF,Manchester Utd,21,1998,1.5,1,1,0,1,0,1,4,25.0,3,0,0,0,4,5,1,0,Matches
45e17712,Dimitri Foulquier,fr FRA,"DF,MF",Watford,26,1993,0.7,1,0,1,0,0,0,0,,0,1,0,1,2,3,2,0,Matches
6c7762c3,Juan Foyth,ar ARG,DF,Tottenham,21,1998,0.8,7,3,5,2,0,3,4,75.0,1,1,0,1,1,8,3,1,Matches
1e0b6a73,Simon Francis,eng ENG,DF,Bournemouth,34,1985,10.8,13,9,11,2,0,11,21,52.4,10,17,12,5,20,33,71,0,Matches
d56543a0,Ryan Fraser,sct SCO,"MF,FW",Bournemouth,25,1994,23.0,12,6,5,5,2,7,22,31.8,15,15,3,12,15,27,24,0,Matches
b853e0ad,Fred,br BRA,MF,Manchester Utd,26,1993,24.0,60,32,33,22,5,25,100,25.0,75,44,8,36,38,98,32,0,Matches
c067631c,Ryan Fredericks,eng ENG,DF,West Ham,26,1992,24.9,82,56,59,18,5,41,64,64.1,23,20,10,10,24,106,73,1,Matches
c13c24c8,Kieron Freeman,wls WAL,FW,Sheffield Utd,27,1992,0.1,0,0,0,0,0,0,0,,0,0,0,0,0,0,0,0,Matches
636b64cd,Luke Freeman,eng ENG,MF,Sheffield Utd,27,1992,4.1,6,4,2,2,2,2,8,25.0,6,1,0,1,10,16,6,0,Matches
a67a09fb,Christian Fuchs,at AUT,DF,Leicester City,33,1986,8.6,14,9,8,6,0,8,19,42.1,11,8,3,5,17,31,33,1,Matches
2bed3eab,Eric García,es ESP,DF,Manchester City,18,2001,8.8,6,1,4,2,0,5,9,55.6,4,2,0,2,18,24,33,0,Matches
4e015693,James Garner,eng ENG,MF,Manchester Utd,18,2001,0.1,0,0,0,0,0,0,1,0.0,1,0,0,0,0,0,1,0,Matches
e58a03c6,Dwight Gayle,eng ENG,FW,Newcastle Utd,28,1990,9.4,12,10,4,6,2,4,8,50.0,4,5,0,5,2,14,9,0,Matches
63d17038,Paulo Gazzaniga,ar ARG,GK,Tottenham,27,1992,17.9,0,0,0,0,0,0,0,,0,0,0,0,1,1,4,1,Matches
6bd603db,Jean-Philippe Gbamin,ci CIV,MF,Everton,23,1995,1.5,4,3,1,1,2,1,2,50.0,1,1,0,1,1,5,4,0,Matches
7ba6d84e,David de Gea,es ESP,GK,Manchester Utd,28,1990,38.0,0,0,0,0,0,0,0,,0,0,0,0,0,0,7,4,Matches
ffa90327,Anwar El Ghazi,nl NED,"FW,MF",Aston Villa,24,1995,22.8,20,11,12,5,3,8,26,30.8,18,10,1,9,13,33,16,1,Matches
32f60ed8,Morgan Gibbs-White,eng ENG,"MF,FW",Wolves,19,2000,1.4,0,0,0,0,0,0,0,,0,0,0,0,2,2,0,0,Matches
df10e27c,Billy Gilmour,sct SCO,MF,Chelsea,18,2001,2.2,5,2,3,2,0,2,4,50.0,2,2,0,2,3,8,3,1,Matches
16ceb862,Olivier Giroud,fr FRA,FW,Chelsea,32,1986,11.0,8,3,2,5,1,1,11,9.1,10,14,1,13,2,10,13,0,Matches
9f7c837d,Ben Godfrey,eng ENG,DF,Norwich City,21,1998,29.4,22,14,18,3,1,10,18,55.6,8,41,37,4,25,47,152,3,Matches
1961b2aa,André Gomes,pt POR,MF,Everton,26,1993,16.2,22,15,7,11,4,8,62,12.9,54,20,3,17,7,29,7,0,Matches
645a3363,Angel Gomes,eng ENG,MF,Manchester Utd,18,2000,0.2,0,0,0,0,0,0,0,,0,1,0,1,0,0,0,0,Matches
7a11550b,Joe Gomez,eng ENG,DF,Liverpool,22,1997,22.3,23,16,17,6,0,9,20,45.0,11,15,8,7,38,61,64,2,Matches
2bd83368,Anthony Gordon,eng ENG,"MF,FW",Everton,18,2001,4.9,11,7,5,6,0,5,15,33.3,10,6,2,4,8,19,4,0,Matches
7fec31a0,Dan Gosling,eng ENG,MF,Bournemouth,29,1990,14.0,26,10,14,9,3,6,27,22.2,21,31,11,20,20,46,26,0,Matches
c24dba2a,Andre Gray,jm JAM,FW,Watford,28,1991,8.4,4,3,0,2,2,1,3,33.3,2,4,1,3,1,5,2,0,Matches
4468ec10,Demarai Gray,eng ENG,"MF,FW",Leicester City,23,1996,6.9,12,6,6,6,0,6,12,50.0,6,7,0,7,5,17,4,0,Matches
b0b4fd3e,Jack Grealish,eng ENG,"FW,MF",Aston Villa,23,1995,35.9,29,19,12,12,5,13,34,38.2,21,33,12,21,22,51,22,1,Matches
58eee997,Mason Greenwood,eng ENG,FW,Manchester Utd,17,2001,14.7,17,11,5,6,6,5,20,25.0,15,9,0,9,6,23,6,1,Matches
8aec0537,Pascal Groß,de GER,"MF,FW",Brighton,28,1991,20.0,36,13,8,21,7,14,39,35.9,25,25,3,22,9,45,7,0,Matches
ab13a5aa,Vicente Guaita,es ESP,GK,Crystal Palace,32,1987,35.0,1,1,1,0,0,1,2,50.0,1,0,0,0,0,1,18,3,Matches
5ea8ef20,Mattéo Guendouzi,fr FRA,MF,Arsenal,20,1999,19.4,31,16,14,13,4,14,43,32.6,29,21,7,14,29,60,38,2,Matches
5d8d7454,Frederic Guilbert,fr FRA,"DF,MF",Aston Villa,24,1994,22.7,74,43,48,20,6,36,67,53.7,31,33,10,23,49,123,74,2,Matches
819b3158,İlkay Gündoğan,de GER,MF,Manchester City,28,1990,22.4,27,16,9,11,7,9,41,22.0,32,17,5,12,31,58,13,0,Matches
e082af5b,Angus Gunn,eng ENG,GK,Southampton,23,1996,10.0,1,1,1,0,0,1,3,33.3,2,0,0,0,0,1,1,0,Matches
ba115a40,Sébastien Haller,ci CIV,FW,West Ham,25,1994,25.2,22,15,8,10,4,3,30,10.0,27,19,5,14,8,30,27,0,Matches
e9254eec,Grant Hanley,sct SCO,DF,Norwich City,27,1991,14.0,24,15,17,7,0,8,14,57.1,6,25,18,7,31,55,77,1,Matches
bf8fad51,Kortney Hause,eng ENG,DF,Aston Villa,24,1995,17.2,21,9,15,5,1,8,15,53.3,7,27,19,8,20,41,98,4,Matches
c951a6df,Isaac Hayden,eng ENG,MF,Newcastle Utd,24,1995,24.7,55,27,33,17,5,20,50,40.0,30,24,7,17,38,93,38,0,Matches
a6de6361,Tom Heaton,eng ENG,GK,Aston Villa,33,1986,19.9,3,2,3,0,0,3,4,75.0,1,0,0,0,0,3,6,0,Matches
e5a76dfe,Dean Henderson,eng ENG,GK,Sheffield Utd,22,1997,36.0,0,0,0,0,0,0,0,,0,0,0,0,1,1,13,1,Matches
935e6b8f,Jordan Henderson,eng ENG,MF,Liverpool,29,1990,24.9,63,41,18,33,12,22,55,40.0,33,22,4,18,30,93,21,2,Matches
989d5705,Jeff Hendrick,ie IRL,MF,Burnley,27,1992,21.5,18,10,7,8,3,7,27,25.9,20,21,8,13,20,38,20,0,Matches
76eca7e2,Wayne Hennessey,wls WAL,GK,Crystal Palace,32,1987,3.0,0,0,0,0,0,0,0,,0,0,0,0,1,1,3,1,Matches
189cee7b,Javier Hernández,mx MEX,FW,West Ham,31,1988,1.2,0,0,0,0,0,0,1,0.0,1,0,0,0,1,1,0,0,Matches
007b39a5,Onel Hernández,cu CUB,"FW,MF",Norwich City,26,1993,15.4,27,19,13,11,3,9,31,29.0,22,12,1,11,19,46,10,0,Matches
92e7e919,Son Heung-min,kr KOR,FW,Tottenham,27,1992,27.5,23,15,10,11,2,9,57,15.8,48,23,0,23,19,42,18,1,Matches
78e87179,George Hirst,eng ENG,"MF,DF",Leicester City,20,1999,0.1,0,0,0,0,0,0,0,,0,0,0,0,0,0,0,0,Matches
d79a8c87,Rob Holding,eng ENG,DF,Arsenal,23,1995,6.5,4,2,3,1,0,1,3,33.3,2,10,6,4,5,9,45,1,Matches
12aa7661,José Holebas,gr GRE,DF,Watford,35,1984,11.4,26,15,19,7,0,9,28,32.1,19,11,4,7,3,29,33,0,Matches
d0042ab9,Mason Holgate,eng ENG,DF,Everton,22,1996,22.8,44,26,30,13,1,21,31,67.7,10,26,13,13,34,78,97,0,Matches
45ab2170,Nathan Holland,eng ENG,MF,West Ham,21,1998,0.4,3,1,2,1,0,0,0,,0,1,0,1,0,3,0,0,Matches
fcab00a0,Conor Hourihane,ie IRL,MF,Aston Villa,28,1991,17.0,16,10,4,8,4,10,25,40.0,15,19,4,15,9,25,31,0,Matches
15f3ec41,Callum Hudson-Odoi,eng ENG,"FW,MF",Chelsea,18,2000,9.6,10,4,4,5,1,1,7,14.3,6,9,0,9,5,15,4,1,Matches
a0666d3e,Will Hughes,eng ENG,MF,Watford,24,1995,25.0,75,47,24,41,10,25,67,37.3,42,48,8,40,37,112,28,0,Matches
8b04d6c1,Pierre Højbjerg,dk DEN,MF,Southampton,23,1995,30.6,80,49,34,38,8,39,91,42.9,52,44,5,39,46,126,54,2,Matches
9f736ed2,Jordon Ibe,eng ENG,DF,Bournemouth,23,1995,0.6,2,2,2,0,0,1,1,100.0,0,0,0,0,0,2,1,0,Matches
291e3ec3,Adam Idah,ie IRL,"FW,MF",Norwich City,18,2001,2.5,2,2,1,0,1,2,3,66.7,1,4,0,4,0,2,1,0,Matches
03622183,Odion Ighalo,ng NGA,FW,Manchester Utd,30,1989,1.1,2,2,0,2,0,1,3,33.3,2,1,1,0,0,2,0,0,Matches
c92e1a31,Kelechi Iheanacho,ng NGA,FW,Leicester City,22,1996,10.7,3,1,1,2,0,1,9,11.1,8,8,1,7,3,6,8,0,Matches
07802f7f,Danny Ings,eng ENG,FW,Southampton,27,1992,31.2,42,25,16,16,10,13,67,19.4,54,62,4,58,9,51,30,1,Matches
6ca5ec4b,Alex Iwobi,ng NGA,"MF,FW",Everton,23,1996,17.7,25,17,8,15,2,12,33,36.4,21,18,2,16,14,39,10,1,Matches
3233eefd,Phil Jagielka,eng ENG,DF,Sheffield Utd,36,1982,2.7,5,4,3,2,0,1,3,33.3,2,5,5,0,4,9,19,0,Matches
08452314,Alireza Jahanbakhsh,ir IRN,"FW,MF",Brighton,25,1993,3.5,8,4,3,2,3,0,2,0.0,2,5,0,5,3,11,2,0,Matches
c931d9f9,Daniel James,wls WAL,FW,Manchester Utd,21,1997,25.4,20,10,5,10,5,7,45,15.6,38,23,4,19,7,27,12,0,Matches
ebd0a048,Matty James,eng ENG,MF,Leicester City,28,1991,0.1,0,0,0,0,0,0,0,,0,0,0,0,0,0,0,0,Matches
1265a93a,Reece James,eng ENG,DF,Chelsea,19,1999,16.8,36,23,18,14,4,11,29,37.9,18,19,8,11,22,58,28,0,Matches
45da6694,Daryl Janmaat,nl NED,DF,Watford,30,1989,6.7,14,10,8,6,0,6,13,46.2,7,7,2,5,7,21,23,0,Matches
b66315ae,Gabriel Jesus,br BRA,FW,Manchester City,22,1997,22.6,17,10,4,5,8,7,25,28.0,18,26,1,25,11,28,6,0,Matches
b561db50,Raúl Jiménez,mx MEX,FW,Wolves,28,1991,36.0,20,12,6,10,4,3,31,9.7,28,26,0,26,16,36,34,1,Matches
e8832875,João Pedro,br BRA,"FW,MF",Watford,17,2001,0.3,0,0,0,0,0,0,0,,0,0,0,0,0,0,0,0,Matches
c17bfb65,Joelinton,br BRA,FW,Newcastle Utd,22,1996,29.8,34,20,7,22,5,9,32,28.1,23,32,6,26,11,45,30,0,Matches
9319781b,Ben Johnson,eng ENG,DF,West Ham,19,2000,3.0,8,4,7,1,0,7,10,70.0,3,5,2,3,3,11,11,0,Matches
4fb9c88f,Curtis Jones,eng ENG,MF,Liverpool,18,2001,1.4,4,4,0,1,3,3,4,75.0,1,2,0,2,2,6,1,0,Matches
def899bd,Phil Jones,eng ENG,DF,Manchester Utd,27,1992,1.5,2,2,1,1,0,1,1,100.0,0,2,0,2,2,4,9,1,Matches
41ff002d,Bruno Jordão,pt POR,FW,Wolves,20,1998,0.1,0,0,0,0,0,0,0,,0,1,0,1,0,0,0,0,Matches
45db685d,Jorginho,it ITA,MF,Chelsea,27,1991,26.4,66,40,24,34,8,35,91,38.5,56,30,5,25,64,130,27,2,Matches
9f351459,Jota,es ESP,"FW,MF",Aston Villa,28,1991,3.7,3,1,2,0,1,2,5,40.0,3,1,0,1,3,6,6,0,Matches
178ae8f8,Diogo Jota,pt POR,FW,Wolves,22,1996,25.4,28,15,16,10,2,12,48,25.0,36,17,0,17,9,37,10,2,Matches
fb614c44,James Justin,eng ENG,"DF,MF",Leicester City,21,1998,11.2,36,17,22,14,0,15,25,60.0,10,15,7,8,11,47,30,0,Matches
914ab9a1,Christian Kabasele,be BEL,DF,Watford,28,1991,25.0,37,24,26,11,0,17,32,53.1,15,31,23,8,36,73,127,0,Matches
21a66f6a,Harry Kane,eng ENG,FW,Tottenham,26,1993,28.7,18,12,3,12,3,4,17,23.5,13,17,7,10,6,24,30,0,Matches
b9fbae28,N'Golo Kanté,fr FRA,MF,Chelsea,28,1991,19.2,44,20,22,14,8,17,36,47.2,19,29,5,24,44,88,32,2,Matches
3d50bcdb,Moise Kean,it ITA,FW,Everton,19,2000,9.5,6,6,5,1,0,0,0,,0,4,0,4,5,11,1,1,Matches
c5b7c315,Michael Keane,eng ENG,DF,Everton,26,1993,28.4,31,16,18,12,1,14,24,58.3,10,35,28,7,44,75,152,0,Matches
f25c8e3a,Naby Keïta,gn GUI,MF,Liverpool,24,1995,9.1,30,14,8,16,6,11,26,42.3,15,18,0,18,10,40,4,0,Matches
f31def1e,Lloyd Kelly,eng ENG,DF,Bournemouth,20,1998,7.1,7,3,3,4,0,6,7,85.7,1,9,5,4,6,13,15,1,Matches
d7492450,Martin Kelly,eng ENG,DF,Crystal Palace,29,1990,17.2,23,18,19,4,0,14,31,45.2,17,18,10,8,16,39,86,1,Matches
d0f72bf1,Max Kilman,eng ENG,DF,Wolves,22,1997,2.1,4,2,1,3,0,2,2,100.0,0,1,1,0,4,8,7,0,Matches
43458538,Joshua King,no NOR,"FW,MF",Bournemouth,27,1992,22.3,16,6,4,8,4,4,16,25.0,12,20,3,17,8,24,9,0,Matches
5f1d07f6,Timm Klose,ch SUI,DF,Norwich City,31,1988,6.5,8,2,5,2,1,7,11,63.6,4,6,6,0,7,15,29,0,Matches
ecf44e09,Jonathan Kodjia,ci CIV,FW,Aston Villa,29,1989,1.3,0,0,0,0,0,0,1,0.0,1,0,0,0,0,0,1,0,Matches
3935e52e,Sead Kolašinac,ba BIH,DF,Arsenal,26,1993,18.9,29,16,18,6,5,12,23,52.2,11,14,4,10,25,54,34,1,Matches
0313a347,Ezri Konsa,eng ENG,DF,Aston Villa,21,1997,22.7,18,9,12,6,0,7,16,43.8,9,34,24,10,25,43,70,2,Matches
8d3c902d,Cheikhou Kouyaté,sn SEN,"MF,DF",Crystal Palace,29,1989,28.1,67,32,43,20,4,26,48,54.2,22,35,11,24,43,110,58,1,Matches
79c0821a,Mateo Kovačić,hr CRO,MF,Chelsea,25,1994,23.0,63,38,29,32,2,26,65,40.0,39,15,1,14,22,85,16,1,Matches
77cf6852,Emil Krafth,se SWE,DF,Newcastle Utd,24,1994,11.3,18,12,15,2,1,9,20,45.0,11,11,8,3,8,26,45,0,Matches
f23f9d20,Tim Krul,nl NED,GK,Norwich City,31,1988,36.0,0,0,0,0,0,0,1,0.0,1,2,0,2,1,1,13,1,Matches
9dbb75ca,Alexandre Lacazette,fr FRA,FW,Arsenal,28,1991,20.8,31,16,8,21,2,9,24,37.5,15,14,0,14,7,38,15,0,Matches
99813635,Adam Lallana,eng ENG,"MF,FW",Liverpool,31,1988,4.2,19,9,7,9,3,6,21,28.6,15,7,0,7,5,24,3,0,Matches
abe66106,Érik Lamela,ar ARG,"MF,FW",Tottenham,27,1992,13.5,24,20,9,13,2,2,21,9.5,19,12,3,9,8,32,10,0,Matches
f4e433d4,Tariq Lamptey,gh GHA,DF,Chelsea,18,2000,0.4,2,2,1,1,0,2,2,100.0,0,0,0,0,0,2,0,0,Matches
f4e433d4,Tariq Lamptey,gh GHA,DF,Brighton,18,2000,6.5,7,6,6,1,0,2,9,22.2,7,6,0,6,16,23,17,0,Matches
fe8e6fa1,Henri Lansbury,eng ENG,MF,Aston Villa,28,1990,2.2,6,2,3,1,2,2,8,25.0,6,4,0,4,0,6,3,0,Matches
26f6dca8,Manuel Lanzini,ar ARG,"MF,FW",West Ham,26,1993,15.3,14,9,6,6,2,7,39,17.9,32,9,1,8,10,24,3,0,Matches
119b9a8e,Aymeric Laporte,es ESP,DF,Manchester City,25,1994,12.2,13,6,6,7,0,4,9,44.4,5,6,5,1,20,33,26,1,Matches
450ab6fc,Jamaal Lascelles,eng ENG,DF,Newcastle Utd,25,1993,23.1,14,3,10,4,0,4,9,44.4,5,23,20,3,28,42,116,1,Matches
016ff750,Valentino Lazaro,at AUT,"DF,MF",Newcastle Utd,23,1996,5.3,13,9,11,2,0,11,18,61.1,7,2,0,2,3,16,4,0,Matches
9460aaed,Moritz Leitner,de GER,MF,Norwich City,26,1992,7.6,16,9,8,7,1,9,25,36.0,16,14,4,10,9,25,10,1,Matches
6eaed4eb,Florian Lejeune,fr FRA,DF,Newcastle Utd,28,1991,4.9,8,2,6,2,0,4,7,57.1,3,6,2,4,10,18,15,2,Matches
2ff964a0,Aaron Lennon,eng ENG,MF,Burnley,32,1987,5.5,14,8,7,4,3,7,10,70.0,3,6,1,5,8,22,3,0,Matches
2628fd2b,Bernd Leno,de GER,GK,Arsenal,27,1992,29.4,0,0,0,0,0,0,2,0.0,2,0,0,0,0,0,9,2,Matches
9b5ce51a,Jefferson Lerma,co COL,MF,Bournemouth,24,1994,30.0,54,32,17,31,6,22,48,45.8,26,28,12,16,57,111,54,1,Matches
efb9215a,Jamal Lewis,nir NIR,DF,Norwich City,21,1998,25.6,51,35,42,6,3,22,36,61.1,14,27,12,15,25,76,68,0,Matches
f5deef4c,Victor Lindelöf,se SWE,DF,Manchester Utd,25,1994,34.4,29,15,16,12,1,17,20,85.0,3,25,16,9,26,55,129,0,Matches
810e3c74,Jesse Lingard,eng ENG,"MF,FW",Manchester Utd,26,1992,10.4,15,8,6,4,5,5,18,27.8,13,5,0,5,3,18,0,0,Matches
8f62b6ee,Hugo Lloris,fr FRA,GK,Tottenham,32,1986,20.1,0,0,0,0,0,0,0,,0,0,0,0,1,1,3,2,Matches
d7553721,Giovani Lo Celso,ar ARG,"MF,FW",Tottenham,23,1996,16.6,51,29,12,33,6,12,59,20.3,47,20,4,16,9,60,19,0,Matches
6cc47ae1,Jürgen Locadia,nl NED,"FW,MF",Brighton,25,1993,1.0,0,0,0,0,0,0,0,,0,0,0,0,0,0,0,0,Matches
e97fd090,Ruben Loftus-Cheek,eng ENG,"MF,FW",Chelsea,23,1996,2.3,0,0,0,0,0,0,2,0.0,2,1,1,0,2,2,2,0,Matches
5a4280b1,Kevin Long,ie IRL,DF,Burnley,28,1990,6.3,7,5,6,1,0,4,9,44.4,5,9,7,2,4,11,31,0,Matches
9f472354,Shane Long,ie IRL,FW,Southampton,32,1987,15.5,19,10,5,8,6,7,19,36.8,12,12,0,12,4,23,16,0,Matches
c0027d2d,Matthew Longstaff,eng ENG,MF,Newcastle Utd,19,2000,6.4,3,1,2,1,0,3,14,21.4,11,4,1,3,5,8,3,0,Matches
a2b105e0,Sean Longstaff,eng ENG,MF,Newcastle Utd,21,1997,15.3,35,19,17,16,2,20,50,40.0,30,23,5,18,19,54,20,2,Matches
1a2935f6,Dejan Lovren,hr CRO,DF,Liverpool,30,1989,8.6,13,8,10,3,0,7,12,58.3,5,9,6,3,10,23,42,0,Matches
9a9c05db,Matthew Lowton,eng ENG,DF,Burnley,30,1989,17.0,41,22,20,18,3,22,33,66.7,11,20,6,14,27,68,57,1,Matches
c0e27d1a,David Luiz,br BRA,DF,Arsenal,32,1987,31.2,28,16,14,14,0,13,24,54.2,11,42,37,5,32,60,133,2,Matches
6f7d826d,Douglas Luiz,br BRA,MF,Aston Villa,21,1998,29.0,46,24,25,17,4,19,65,29.2,46,42,15,27,36,82,54,1,Matches
0df2b165,John Lundstram,eng ENG,MF,Sheffield Utd,25,1994,27.3,46,30,18,21,7,21,65,32.3,44,18,4,14,33,79,46,1,Matches
83d074ff,Alexis Mac Allister,ar ARG,"MF,FW",Brighton,20,1998,3.9,9,5,4,3,2,5,9,55.6,4,12,0,12,1,10,2,0,Matches
ee38d9c5,James Maddison,eng ENG,MF,Leicester City,22,1996,29.2,59,30,13,31,15,23,68,33.8,45,16,0,16,9,68,7,1,Matches
d8931174,Harry Maguire,eng ENG,DF,Manchester Utd,26,1993,38.0,37,23,23,14,0,18,34,52.9,16,31,22,9,72,109,159,0,Matches
892d5bb1,Riyad Mahrez,dz ALG,"FW,MF",Manchester City,28,1991,21.6,28,14,11,9,8,11,38,28.9,27,31,1,30,18,46,8,2,Matches
e3a5814e,Ainsley Maitland-Niles,eng ENG,DF,Arsenal,21,1997,15.4,41,23,34,5,2,22,43,51.2,21,12,3,9,28,69,38,0,Matches
c691bfe2,Sadio Mané,sn SEN,FW,Liverpool,27,1992,30.5,44,32,9,20,15,13,40,32.5,27,19,0,19,13,57,11,2,Matches
758dd7f0,Javier Manquillo,es ESP,DF,Newcastle Utd,25,1994,17.8,39,26,27,8,4,24,38,63.2,14,14,2,12,18,57,56,0,Matches
bb5fbd2b,Solly March,eng ENG,"FW,MF",Brighton,25,1994,12.7,25,12,16,6,3,9,19,47.4,10,16,4,12,20,45,14,2,Matches
aa54ec6f,Pablo Marí,es ESP,DF,Arsenal,25,1993,1.3,2,1,2,0,0,0,0,,0,0,0,0,1,3,10,0,Matches
8aa5f52c,Adrian Mariappa,jm JAM,DF,Watford,32,1986,16.8,20,14,15,4,1,11,30,36.7,19,22,7,15,11,31,73,0,Matches
8b788c01,Anthony Martial,fr FRA,FW,Manchester Utd,23,1995,29.2,15,12,1,4,10,1,16,6.3,15,18,1,17,5,20,17,0,Matches
07666c20,David Martin,eng ENG,GK,West Ham,33,1986,4.8,0,0,0,0,0,0,0,,0,0,0,0,0,0,1,1,Matches
3f072a68,Josh Martin,eng ENG,"FW,MF",Norwich City,17,2001,0.4,1,0,0,0,1,0,0,,0,1,0,1,1,2,0,0,Matches
48a5a5d6,Martinelli,br BRA,FW,Arsenal,18,2001,7.4,20,15,10,6,4,7,20,35.0,13,15,1,14,3,23,8,0,Matches
7956236f,Emiliano Martínez,ar ARG,GK,Arsenal,26,1992,8.6,0,0,0,0,0,0,0,,0,0,0,0,0,0,1,0,Matches
de0f152c,Adam Masina,ma MAR,DF,Watford,25,1994,20.2,38,22,24,11,3,14,37,37.8,23,26,12,14,28,66,66,0,Matches
57df7a11,Arthur Masuaku,cd COD,DF,West Ham,25,1993,10.4,41,23,24,13,4,23,39,59.0,16,19,5,14,14,55,23,0,Matches
29733c72,Juan Mata,es ESP,"MF,FW",Manchester Utd,31,1988,8.4,7,3,1,5,1,2,7,28.6,5,5,1,4,0,7,2,0,Matches
eb7822d7,Nemanja Matić,rs SRB,MF,Manchester Utd,30,1988,17.6,46,24,23,19,4,20,43,46.5,23,21,8,13,22,68,28,1,Matches
b217ef29,Joël Matip,cm CMR,DF,Liverpool,27,1991,7.8,13,9,4,7,2,4,11,36.4,7,8,4,4,12,25,38,0,Matches
4bcf39f6,Neal Maupay,fr FRA,FW,Brighton,22,1996,30.7,20,12,1,13,6,9,29,31.0,20,24,0,24,4,24,10,0,Matches
cee31595,James McArthur,sct SCO,MF,Crystal Palace,31,1987,34.3,88,51,43,34,11,37,106,34.9,69,69,19,50,60,148,56,0,Matches
78b8ac63,Oliver McBurnie,sct SCO,FW,Sheffield Utd,23,1996,23.5,37,22,6,27,4,11,40,27.5,29,25,3,22,15,52,43,0,Matches
36c2ca73,Alex McCarthy,eng ENG,GK,Southampton,29,1989,28.0,1,1,1,0,0,1,1,100.0,0,1,0,1,0,1,11,3,Matches
64b08de7,James McCarthy,ie IRL,MF,Crystal Palace,28,1990,18.7,82,47,36,36,10,40,76,52.6,36,24,5,19,24,106,11,0,Matches
90f91999,John McGinn,sct SCO,MF,Aston Villa,24,1994,25.7,53,35,19,23,11,18,62,29.0,44,25,1,24,25,78,18,0,Matches
dbe56a33,David McGoldrick,ie IRL,FW,Sheffield Utd,31,1987,20.2,41,26,9,24,8,5,20,25.0,15,14,2,12,3,44,23,0,Matches
51a19d04,Michael McGovern,nir NIR,GK,Norwich City,35,1984,1.8,0,0,0,0,0,0,0,,0,0,0,0,0,0,1,1,Matches
471f16b3,Kenny McLean,sct SCO,MF,Norwich City,27,1992,33.0,44,29,20,18,6,14,42,33.3,28,32,7,25,38,82,67,2,Matches
fc15fb84,Dwight McNeil,eng ENG,MF,Burnley,19,1999,37.1,47,33,18,22,7,23,71,32.4,48,60,8,52,30,77,34,0,Matches
d93c2511,Scott McTominay,sct SCO,MF,Manchester Utd,22,1996,19.7,43,22,14,25,4,17,32,53.1,15,25,5,20,31,74,34,2,Matches
8df7a2fb,Ben Mee,eng ENG,DF,Burnley,29,1989,32.0,41,22,25,16,0,17,29,58.6,12,42,31,11,42,83,165,2,Matches
5271c8f1,Benjamin Mendy,fr FRA,DF,Manchester City,25,1994,16.6,18,15,7,7,4,9,27,33.3,18,10,2,8,16,34,21,3,Matches
1598599e,Nampalys Mendy,sn SEN,MF,Leicester City,27,1992,3.2,7,5,4,1,2,4,5,80.0,1,4,1,3,6,13,6,0,Matches
fed96827,Chris Mepham,wls WAL,DF,Bournemouth,21,1997,10.1,20,9,13,7,0,11,14,78.6,3,17,11,6,17,37,62,1,Matches
eba42d2b,Max Meyer,de GER,"MF,FW",Crystal Palace,23,1995,7.3,19,11,10,9,0,8,18,44.4,10,6,1,5,7,26,4,0,Matches
2ce2508a,Luka Milivojević,rs SRB,MF,Crystal Palace,28,1991,27.9,61,32,32,25,4,35,84,41.7,49,30,7,23,42,103,39,4,Matches
2f90f6b8,James Milner,eng ENG,"MF,DF",Liverpool,33,1986,10.4,16,10,3,10,3,6,26,23.1,20,12,3,9,7,23,17,1,Matches
6d5701f2,Yerry Mina,co COL,DF,Everton,24,1994,25.4,39,22,25,12,2,18,24,75.0,6,20,14,6,28,67,102,1,Matches
f833a830,Takumi Minamino,jp JPN,"FW,MF",Liverpool,24,1995,2.8,3,3,0,2,1,2,10,20.0,8,3,0,3,0,3,3,0,Matches
8397a50c,Tyrone Mings,eng ENG,DF,Aston Villa,26,1993,32.2,15,11,11,3,1,10,13,76.9,3,56,48,8,30,45,190,4,Matches
5cbd1eb0,Tyrick Mitchell,eng ENG,DF,Crystal Palace,19,1999,2.2,5,2,2,2,1,1,7,14.3,6,2,0,2,2,7,3,0,Matches
dd0daf32,Henrikh Mkhitaryan,am ARM,FW,Arsenal,30,1989,1.2,0,0,0,0,0,0,2,0.0,2,3,0,3,0,0,1,0,Matches
d4cb83cc,Nacho Monreal,es ESP,DF,Arsenal,33,1986,3.0,1,1,1,0,0,1,3,33.3,2,3,1,2,3,4,10,0,Matches
5cec2487,Martín Montoya,es ESP,"DF,MF",Brighton,28,1991,21.1,57,29,31,20,6,30,56,53.6,26,19,5,14,24,81,40,0,Matches
e7434f04,Simon Moore,eng ENG,GK,Sheffield Utd,29,1990,2.0,1,0,1,0,0,1,1,100.0,0,0,0,0,0,1,0,1,Matches
47b7e3af,Aaron Mooy,au AUS,"MF,FW",Brighton,28,1990,23.2,37,24,9,18,10,6,40,15.0,34,36,7,29,23,60,32,1,Matches
bfae110f,Wesley Moraes,br BRA,FW,Aston Villa,22,1996,19.8,15,8,3,8,4,0,5,0.0,5,10,2,8,4,19,23,0,Matches
80c31c97,Wes Morgan,jm JAM,DF,Leicester City,35,1984,4.8,4,1,3,1,0,0,3,0.0,3,5,3,2,7,11,19,0,Matches
bf59c794,Ravel Morrison,jm JAM,MF,Sheffield Utd,26,1993,0.1,0,0,0,0,0,0,0,,0,0,0,0,0,0,0,0,Matches
9674002f,Mason Mount,eng ENG,"MF,FW",Chelsea,20,1999,31.9,37,17,8,19,10,9,42,21.4,33,25,3,22,16,53,18,0,Matches
2b622f01,Lucas Moura,br BRA,"FW,MF",Tottenham,26,1992,24.9,57,33,25,22,10,16,58,27.6,42,29,2,27,15,72,27,0,Matches
d9cfca3d,Lys Mousset,fr FRA,FW,Sheffield Utd,23,1996,13.8,9,5,0,5,4,3,7,42.9,4,3,0,3,4,13,2,0,Matches
f5a00fa4,João Moutinho,pt POR,MF,Wolves,32,1986,34.5,93,50,43,41,9,46,139,33.1,93,43,13,30,50,143,18,1,Matches
f2f29dda,Glenn Murray,eng ENG,FW,Brighton,35,1983,8.9,5,2,0,3,2,2,9,22.2,7,6,2,4,1,6,12,0,Matches
3f2d59fe,Shkodran Mustafi,de GER,DF,Arsenal,27,1992,13.4,17,10,11,5,1,6,12,50.0,6,10,6,4,18,35,72,0,Matches
5343eb4e,Yoshinori Mutō,jp JPN,"MF,FW",Newcastle Utd,27,1992,2.4,3,2,1,2,0,1,2,50.0,1,0,0,0,0,3,0,0,Matches
76c131da,Georges-Kévin N'Koudou,cm CMR,FW,Tottenham,24,1995,0.0,0,0,0,0,0,0,1,0.0,1,0,0,0,0,0,0,0,Matches
de5b5570,Marvelous Nakamba,zw ZIM,MF,Aston Villa,25,1994,20.4,55,28,28,20,7,24,67,35.8,43,50,11,39,39,94,38,3,Matches
6b47c5db,Wilfred Ndidi,ng NGA,MF,Leicester City,22,1996,29.7,128,67,56,61,11,45,91,49.5,46,52,6,46,80,208,69,3,Matches
5cdddffa,Tanguy Ndombele,fr FRA,MF,Tottenham,22,1996,11.2,24,16,10,13,1,9,22,40.9,13,20,3,17,14,38,7,0,Matches
c5bdb6e3,Reiss Nelson,eng ENG,FW,Arsenal,19,1999,7.0,11,8,5,4,2,7,17,41.2,10,13,2,11,3,14,3,0,Matches
7ba2eaa9,Pedro Neto,pt POR,"FW,MF",Wolves,19,2000,10.4,9,4,3,6,0,4,15,26.7,11,2,0,2,6,15,4,0,Matches
44bfb6c5,Rúben Neves,pt POR,MF,Wolves,22,1997,34.0,62,33,27,32,3,34,86,39.5,52,38,9,29,56,118,34,1,Matches
3631ad41,Jeremy Ngakia,eng ENG,DF,West Ham,18,2000,4.9,15,7,10,5,0,9,21,42.9,12,6,1,5,7,22,16,0,Matches
af721f98,Oumar Niasse,sn SEN,FW,Everton,29,1990,0.2,4,0,0,2,2,0,0,,0,0,0,0,1,5,0,0,Matches
a53649b7,Eddie Nketiah,eng ENG,FW,Arsenal,20,1999,7.0,7,5,3,4,0,2,6,33.3,4,9,0,9,2,9,5,0,Matches
ff527768,Mark Noble,eng ENG,MF,West Ham,32,1987,29.7,52,30,19,28,5,22,64,34.4,42,20,6,14,20,72,10,1,Matches
43439614,Oliver Norwood,nir NIR,MF,Sheffield Utd,28,1991,34.3,66,37,35,24,7,28,97,28.9,69,34,12,22,47,113,40,1,Matches
bdedffac,Ørjan Nyland,no NOR,GK,Aston Villa,28,1990,6.0,0,0,0,0,0,0,0,,0,0,0,0,0,0,1,1,Matches
312626c1,Jack O'Connell,eng ENG,DF,Sheffield Utd,25,1994,32.4,23,14,15,6,2,10,20,50.0,10,38,17,21,42,65,154,1,Matches
caa1a7f0,Michael Obafemi,ie IRL,FW,Southampton,19,2000,7.4,7,3,1,3,3,2,14,14.3,12,3,0,3,6,13,0,0,Matches
74b2cd7e,Angelo Ogbonna,it ITA,DF,West Ham,31,1988,31.0,38,24,20,14,4,18,32,56.3,14,50,32,18,27,65,134,1,Matches
43a166b4,Divock Origi,be BEL,FW,Liverpool,24,1995,8.0,12,9,2,5,5,4,9,44.4,5,2,0,2,4,16,5,0,Matches
79bc4c45,Ben Osborn,eng ENG,"MF,DF",Sheffield Utd,24,1994,6.6,15,10,11,3,1,3,16,18.8,13,6,1,5,6,21,7,0,Matches
0d267745,Nicolás Otamendi,ar ARG,DF,Manchester City,31,1988,19.1,28,14,21,6,1,16,33,48.5,17,15,9,6,21,49,76,2,Matches
38c7feef,Alex Oxlade-Chamberlain,eng ENG,"MF,FW",Liverpool,25,1993,16.5,18,9,4,6,8,5,21,23.8,16,26,1,25,22,40,10,0,Matches
16380240,Mesut Özil,de GER,MF,Arsenal,30,1988,16.0,17,8,9,7,1,4,23,17.4,19,4,0,4,5,22,1,0,Matches
e0bc6fdc,Emerson Palmieri,it ITA,DF,Chelsea,24,1994,11.4,23,12,8,11,4,10,15,66.7,5,13,1,12,18,41,19,0,Matches
b682dcf6,Sokratis Papastathopoulos,gr GRE,DF,Arsenal,31,1988,18.8,25,16,17,7,1,10,21,47.6,11,30,24,6,17,42,68,1,Matches
4357f557,Troy Parrott,ie IRL,FW,Tottenham,17,2002,0.1,0,0,0,0,0,0,0,,0,0,0,0,0,0,0,0,Matches
79b0d6a0,Rui Patrício,pt POR,GK,Wolves,31,1988,38.0,0,0,0,0,0,0,2,0.0,2,2,0,2,2,2,5,2,Matches
3ca7254a,Pedro,es ESP,"FW,MF",Chelsea,32,1987,7.3,15,7,5,9,1,3,15,20.0,12,9,0,9,9,24,1,0,Matches
57e3f0c7,Nicolas Pépé,ci CIV,FW,Arsenal,24,1995,22.3,32,17,15,13,4,8,16,50.0,8,15,2,13,8,40,5,0,Matches
6639e500,Andreas Pereira,br BRA,"MF,FW",Manchester Utd,23,1996,16.5,24,13,8,9,7,10,39,25.6,29,13,0,13,7,31,7,0,Matches
75a72a99,Ricardo Pereira,pt POR,DF,Leicester City,25,1993,28.0,119,68,65,36,18,53,106,50.0,53,38,6,32,49,168,86,0,Matches
75f2c59f,Roberto Pereyra,ar ARG,"FW,MF",Watford,28,1991,18.3,20,8,11,7,2,9,28,32.1,19,21,0,21,14,34,12,1,Matches
819aa8e7,Ayoze Pérez,es ESP,"MF,FW",Leicester City,26,1993,22.3,45,28,14,26,5,8,54,14.8,46,33,1,32,14,59,9,1,Matches
4806ec67,Jordan Pickford,eng ENG,GK,Everton,25,1994,38.0,0,0,0,0,0,0,4,0.0,4,0,0,0,3,3,12,6,Matches
9a526299,Brandon Pierrick,eng ENG,"MF,FW",Crystal Palace,17,2001,0.2,0,0,0,0,0,0,0,,0,0,0,0,0,0,1,0,Matches
1ef37668,Erik Pieters,nl NED,"DF,MF",Burnley,30,1988,20.9,54,32,18,29,7,28,69,40.6,41,30,4,26,28,82,60,1,Matches
7fcc71d8,Daniel Podence,pt POR,"FW,MF",Wolves,23,1995,3.2,3,3,2,0,1,0,2,0.0,2,4,1,3,2,5,1,0,Matches
867239d3,Paul Pogba,fr FRA,MF,Manchester Utd,26,1993,13.4,20,9,8,8,4,8,16,50.0,8,12,4,8,7,27,10,2,Matches
4b40d9ca,Nick Pope,eng ENG,GK,Burnley,27,1992,38.0,1,1,1,0,0,1,2,50.0,1,0,0,0,3,4,15,3,Matches
86695068,Dennis Praet,be BEL,MF,Leicester City,25,1994,12.6,33,18,8,21,4,9,29,31.0,20,19,1,18,17,50,12,0,Matches
f5e6d08d,Sebastian Prödl,at AUT,DF,Watford,32,1987,0.6,0,0,0,0,0,0,0,,0,0,0,0,0,0,4,0,Matches
fdd85f94,Davy Pröpper,nl NED,MF,Brighton,27,1991,31.4,64,35,28,28,8,23,74,31.1,51,27,8,19,38,102,36,4,Matches
0745b37d,Teemu Pukki,fi FIN,FW,Norwich City,29,1990,32.1,12,6,3,5,4,1,23,4.3,22,13,0,13,6,18,7,0,Matches
1bf33a9a,Christian Pulisic,us USA,FW,Chelsea,20,1998,19.1,23,11,13,4,6,7,24,29.2,17,15,0,15,6,29,11,0,Matches
62437b4f,Ignacio Pussetto,ar ARG,"FW,MF",Watford,23,1995,0.8,7,4,4,2,1,3,8,37.5,5,2,1,1,3,10,4,0,Matches
41fb0f4e,Domingos Quina,pt POR,"MF,FW",Watford,19,1999,0.2,2,0,1,1,0,1,2,50.0,1,3,0,3,0,2,0,0,Matches
466fb2c5,Aaron Ramsdale,eng ENG,GK,Bournemouth,21,1998,37.0,4,3,4,0,0,3,3,100.0,0,0,0,0,0,4,25,1,Matches
6385ebfb,Darren Randolph,ie IRL,GK,West Ham,32,1987,2.0,0,0,0,0,0,0,0,,0,0,0,0,0,0,2,0,Matches
a1d5bd30,Marcus Rashford,eng ENG,FW,Manchester Utd,21,1997,29.4,13,9,1,6,6,9,23,39.1,14,23,0,23,10,23,19,0,Matches
ab651565,Nathan Redmond,eng ENG,"MF,FW",Southampton,25,1994,30.7,49,29,17,23,9,21,57,36.8,36,39,2,37,16,65,16,0,Matches
e358587b,Pepe Reina,es ESP,GK,Aston Villa,36,1982,12.0,0,0,0,0,0,0,2,0.0,2,0,0,0,0,0,9,1,Matches
1c7012b8,Declan Rice,eng ENG,MF,West Ham,20,1999,38.0,116,60,64,48,4,47,98,48.0,51,41,9,32,77,193,55,0,Matches
fa031b34,Richarlison,br BRA,"FW,MF",Everton,22,1997,34.1,70,47,28,28,14,27,56,48.2,29,34,4,30,12,82,42,0,Matches
d9ba39fc,Diego Rico,es ESP,DF,Bournemouth,26,1993,25.9,61,39,32,24,5,29,59,49.2,30,31,7,24,84,145,91,0,Matches
7a1f2c08,Jaïro Riedewald,nl NED,"DF,MF",Crystal Palace,22,1996,8.5,14,10,4,10,0,7,11,63.6,4,7,2,5,17,31,23,1,Matches
71ef519e,Matt Ritchie,sct SCO,"DF,MF",Newcastle Utd,29,1989,14.6,22,15,9,10,3,3,15,20.0,12,20,5,15,14,36,31,1,Matches
ba3ca78f,Roberto,es ESP,GK,West Ham,33,1986,7.6,0,0,0,0,0,0,0,,0,0,0,0,0,0,2,2,Matches
59d93937,Patrick Roberts,eng ENG,"FW,MF",Norwich City,22,1997,0.3,0,0,0,0,0,0,0,,0,0,0,0,0,0,0,0,Matches
2e4f5f03,Andrew Robertson,sct SCO,DF,Liverpool,25,1994,34.6,54,31,17,25,12,27,61,44.3,34,29,7,22,38,92,72,1,Matches
e75750a3,Callum Robinson,ie IRL,"FW,MF",Sheffield Utd,24,1995,7.5,6,3,2,2,2,2,7,28.6,5,3,0,3,7,13,3,0,Matches
7399c7a8,Jack Robinson,eng ENG,DF,Sheffield Utd,25,1993,5.6,10,5,5,5,0,1,6,16.7,5,12,5,7,8,18,24,0,Matches
6434f10d,Rodri,es ESP,MF,Manchester City,23,1996,27.6,50,30,17,25,8,23,63,36.5,40,19,5,14,26,76,35,0,Matches
4ab53cdb,Jay Rodriguez,eng ENG,FW,Burnley,30,1989,22.4,29,19,4,13,12,8,33,24.2,25,33,6,27,5,34,12,0,Matches
a07579ee,Jack Rodwell,eng ENG,MF,Sheffield Utd,28,1991,0.2,0,0,0,0,0,0,0,,0,0,0,0,0,0,1,0,Matches
e0991c04,Marcos Rojo,ar ARG,DF,Manchester Utd,29,1990,1.4,3,1,2,1,0,1,2,50.0,1,2,1,1,0,3,6,0,Matches
4b511457,Oriol Romeu,es ESP,MF,Southampton,27,1991,20.7,55,35,23,30,2,27,75,36.0,48,35,13,22,34,89,32,0,Matches
89d10e53,Danny Rose,eng ENG,DF,Tottenham,29,1990,9.9,18,11,6,10,2,9,20,45.0,11,14,6,8,8,26,34,2,Matches
89d10e53,Danny Rose,eng ENG,DF,Newcastle Utd,29,1990,9.6,21,12,11,8,2,12,21,57.1,9,11,4,7,10,31,14,1,Matches
18b896d6,Antonio Rüdiger,de GER,DF,Chelsea,26,1993,19.0,28,18,19,7,2,16,25,64.0,9,15,9,6,16,44,59,1,Matches
3faa1780,Lukas Rupp,de GER,"FW,MF",Norwich City,28,1991,7.7,15,9,7,5,3,5,17,29.4,12,11,0,11,15,30,4,0,Matches
4535e4bb,Mathew Ryan,au AUS,GK,Brighton,27,1992,38.0,1,1,1,0,0,1,4,25.0,3,0,0,0,2,3,13,2,Matches
2b16cb1a,Allan Saint-Maximin,fr FRA,"MF,FW",Newcastle Utd,22,1997,20.7,13,8,7,4,2,4,18,22.2,14,5,2,3,9,22,6,0,Matches
9fbbcf39,Romain Saïss,ma MAR,DF,Wolves,29,1990,30.1,55,38,37,15,3,32,46,69.6,14,31,16,15,55,110,127,3,Matches
bc7dc64d,Bukayo Saka,eng ENG,"DF,FW",Arsenal,17,2001,19.5,36,21,21,8,7,19,37,51.4,18,12,3,9,12,48,19,0,Matches
87935cf3,Mamadou Sakho,fr FRA,DF,Crystal Palace,29,1990,10.3,7,5,5,1,1,2,5,40.0,3,12,5,7,20,27,46,2,Matches
e342ad68,Mohamed Salah,eg EGY,FW,Liverpool,27,1992,32.0,16,6,1,4,11,5,22,22.7,17,3,1,2,8,24,2,1,Matches
dae8623e,Mbwana Samatta,tz TAN,FW,Aston Villa,26,1992,10.5,6,4,0,3,3,1,8,12.5,7,7,0,7,1,7,6,0,Matches
50b51fac,Carlos Sánchez,co COL,MF,West Ham,33,1986,1.3,1,0,0,1,0,1,1,100.0,0,1,0,1,2,3,1,0,Matches
da7b447d,Davinson Sánchez,co COL,DF,Tottenham,23,1996,27.0,44,27,32,12,0,22,44,50.0,22,40,28,12,34,78,128,5,Matches
2b114be3,Leroy Sané,de GER,FW,Manchester City,23,1996,0.1,0,0,0,0,0,0,0,,0,0,0,0,0,0,0,0,Matches
bfdb33aa,Ismaila Sarr,sn SEN,"FW,MF",Watford,21,1998,22.5,11,10,5,2,4,5,23,21.7,18,9,1,8,18,29,10,0,Matches
c8aa95da,Fabian Schär,ch SUI,"DF,MF",Newcastle Utd,27,1991,18.6,39,21,25,14,0,19,40,47.5,21,35,18,17,47,86,74,2,Matches
a6e316c1,Ezequiel Schelotto,it ITA,DF,Brighton,30,1989,4.0,4,3,1,2,1,2,8,25.0,6,3,0,3,7,11,14,0,Matches
3312f911,Jeffrey Schlupp,gh GHA,"FW,MF",Crystal Palace,26,1992,11.5,18,9,10,7,1,6,16,37.5,10,11,3,8,13,31,15,0,Matches
53af52f3,Kasper Schmeichel,dk DEN,GK,Leicester City,32,1986,38.0,1,1,1,0,0,1,2,50.0,1,0,0,0,1,2,4,2,Matches
51b41c5c,Morgan Schneiderlin,fr FRA,MF,Everton,29,1989,11.1,31,22,13,16,2,8,24,33.3,16,13,3,10,21,52,20,1,Matches
6aa3e78b,Ryan Sessegnon,eng ENG,"DF,FW",Tottenham,19,2000,3.8,6,4,2,4,0,3,6,50.0,3,0,0,0,3,9,12,0,Matches
6421ec64,Xherdan Shaqiri,ch SUI,"FW,MF",Liverpool,27,1991,2.1,1,0,0,1,0,0,1,0.0,1,0,0,0,0,1,0,0,Matches
e8c9f4e9,Billy Sharp,eng ENG,FW,Sheffield Utd,33,1986,11.7,6,5,2,1,3,1,6,16.7,5,2,0,2,1,7,2,0,Matches
9c94165b,Luke Shaw,eng ENG,DF,Manchester Utd,24,1995,19.3,34,18,19,11,4,19,33,57.6,14,26,6,20,24,58,56,1,Matches
3727dd3c,Jonjo Shelvey,eng ENG,MF,Newcastle Utd,27,1992,23.5,29,19,17,12,0,11,42,26.2,31,14,5,9,23,52,38,0,Matches
4c5b714f,Djibril Sidibé,fr FRA,"DF,MF",Everton,27,1992,20.3,83,44,48,25,10,43,72,59.7,29,19,3,16,40,123,41,0,Matches
76dd1480,Gylfi Sigurðsson,is ISL,MF,Everton,29,1989,28.4,50,26,15,24,11,19,70,27.1,51,30,4,26,37,87,17,1,Matches
3eb22ec9,Bernardo Silva,pt POR,"FW,MF",Manchester City,24,1994,22.6,36,18,8,21,7,13,44,29.5,31,25,1,24,24,60,13,0,Matches
e2716bd0,David Silva,es ESP,MF,Manchester City,33,1986,20.3,26,14,3,15,8,10,28,35.7,18,18,3,15,13,39,5,0,Matches
76fa5f80,Jack Simpson,eng ENG,DF,Bournemouth,22,1996,2.7,5,2,4,1,0,2,8,25.0,6,1,0,1,2,7,12,1,Matches
2acd49b9,Moussa Sissoko,fr FRA,MF,Tottenham,29,1989,27.2,39,25,25,12,2,20,48,41.7,28,19,4,15,27,66,43,2,Matches
6250083a,Oliver Skipp,eng ENG,MF,Tottenham,18,2000,0.9,2,2,0,2,0,1,4,25.0,3,3,2,1,0,2,0,0,Matches
5e105217,William Smallbone,ie IRL,MF,Southampton,19,2000,4.4,10,5,2,8,0,5,10,50.0,5,7,1,6,1,11,2,0,Matches
20b104bc,Adam Smith,eng ENG,DF,Bournemouth,28,1991,22.8,47,32,29,16,2,23,50,46.0,27,27,6,21,25,72,64,1,Matches
17695062,Emile Smith Rowe,eng ENG,MF,Arsenal,19,2000,1.1,1,1,1,0,0,1,3,33.3,2,0,0,0,1,2,2,0,Matches
9f4647e9,Robert Snodgrass,sct SCO,"MF,FW",West Ham,31,1987,16.8,29,16,17,10,2,13,44,29.5,31,12,1,11,4,33,11,0,Matches
839c14e1,Cédric Soares,pt POR,"MF,DF",Arsenal,27,1991,2.8,8,6,2,6,0,1,3,33.3,2,3,0,3,3,11,4,0,Matches
839c14e1,Cédric Soares,pt POR,DF,Southampton,27,1991,14.5,45,26,19,24,2,25,41,61.0,16,18,4,14,19,64,51,0,Matches
e77dc3b2,Dominic Solanke,eng ENG,FW,Bournemouth,21,1997,18.3,8,4,2,5,1,5,33,15.2,28,9,1,8,8,16,18,1,Matches
6613c819,Tomáš Souček,cz CZE,MF,West Ham,24,1995,11.6,29,15,13,15,1,10,23,43.5,13,7,1,6,22,51,35,0,Matches
21166ff4,Çağlar Söyüncü,tr TUR,DF,Leicester City,23,1996,33.7,60,40,41,18,1,27,46,58.7,19,35,19,16,43,103,156,1,Matches
1fdec858,Dennis Srbeny,de GER,"MF,FW",Norwich City,25,1994,0.5,5,5,3,2,0,1,3,33.3,2,1,0,1,0,5,1,0,Matches
558807c0,Jack Stacey,eng ENG,DF,Bournemouth,23,1996,17.2,21,11,9,11,1,8,22,36.4,14,27,11,16,18,39,64,1,Matches
6992791d,Junior Stanislas,eng ENG,"MF,FW",Bournemouth,29,1989,7.9,10,7,2,3,5,3,8,37.5,5,6,0,6,4,14,6,0,Matches
a8a3d139,Jed Steer,eng ENG,GK,Aston Villa,26,1992,0.1,0,0,0,0,0,0,0,,0,0,0,0,0,0,0,0,Matches
653ee42d,Dale Stephens,eng ENG,MF,Brighton,30,1989,28.1,73,44,30,37,6,25,75,33.3,50,31,11,20,58,131,42,2,Matches
6adbc307,Jack Stephens,eng ENG,DF,Southampton,25,1994,27.2,44,27,30,13,1,24,46,52.2,22,38,22,16,31,75,120,2,Matches
b400bde0,Raheem Sterling,eng ENG,FW,Manchester City,24,1994,29.5,27,15,8,10,9,6,28,21.4,22,16,2,14,15,42,4,0,Matches
17d4507a,Enda Stevens,ie IRL,DF,Sheffield Utd,29,1990,37.2,81,46,48,26,7,42,96,43.8,54,27,8,19,35,116,71,3,Matches
b606638c,Marco Stiepermann,de GER,MF,Norwich City,28,1991,13.1,20,8,8,9,3,5,21,23.8,16,11,3,8,5,25,16,0,Matches
5eecec3d,John Stones,eng ENG,DF,Manchester City,25,1994,12.5,16,10,8,7,1,3,5,60.0,2,5,3,2,9,25,32,2,Matches
f573a8bf,Isaac Success,ng NGA,"FW,MF",Watford,23,1996,0.8,0,0,0,0,0,0,0,,0,0,0,0,1,1,0,0,Matches
1d8c99b0,Ki Sung-yueng,kr KOR,MF,Newcastle Utd,30,1989,1.5,1,1,0,1,0,1,3,33.3,2,1,0,1,3,4,2,0,Matches
7d41b619,Andrew Surman,eng ENG,MF,Bournemouth,32,1986,2.6,4,2,2,2,0,1,3,33.3,2,1,0,1,1,5,5,1,Matches
b017b770,Sam Surridge,eng ENG,"FW,MF",Bournemouth,21,1998,0.3,0,0,0,0,0,0,0,,0,1,0,1,1,1,0,0,Matches
e9971f2d,Japhet Tanganga,eng ENG,DF,Tottenham,20,1999,5.8,17,9,10,6,1,10,17,58.8,7,7,6,1,11,28,31,2,Matches
e514ab62,Matt Targett,eng ENG,"DF,MF",Aston Villa,23,1995,25.5,52,29,37,11,4,22,53,41.5,31,28,8,20,56,108,82,0,Matches
15ea812b,James Tarkowski,eng ENG,DF,Burnley,26,1992,38.0,66,43,47,19,0,31,54,57.4,23,63,47,16,63,129,204,4,Matches
cc2d7ad5,Charlie Taylor,eng ENG,DF,Burnley,25,1993,21.6,39,24,26,9,4,19,39,48.7,20,29,9,20,29,68,78,1,Matches
c2f9d19f,Neil Taylor,wls WAL,DF,Aston Villa,30,1989,12.1,16,11,12,4,0,11,20,55.0,9,15,5,10,20,36,43,0,Matches
f1e94cd6,Nathan Tella,eng ENG,FW,Southampton,20,1999,0.0,0,0,0,0,0,0,0,,0,0,0,0,0,0,0,0,Matches
75566759,Alexander Tettey,no NOR,"MF,DF",Norwich City,33,1986,26.0,23,18,7,16,0,11,39,28.2,28,20,9,11,43,66,72,1,Matches
b547f08c,Jordan Thomas,eng ENG,FW,Norwich City,18,2001,0.0,0,0,0,0,0,0,0,,0,0,0,0,0,0,0,0,Matches
fc027d02,Luke Thomas,eng ENG,"MF,DF",Leicester City,18,2001,3.0,1,0,0,1,0,0,3,0.0,3,2,0,2,3,4,7,0,Matches
fa38722f,Max Thompson,eng ENG,FW,Burnley,17,2002,0.0,0,0,0,0,0,0,0,,0,0,0,0,0,0,0,0,Matches
56f7a928,Youri Tielemans,be BEL,MF,Leicester City,22,1997,31.4,52,29,17,30,5,24,74,32.4,50,43,4,39,22,74,18,0,Matches
fce2302c,Kieran Tierney,sct SCO,"DF,MF",Arsenal,22,1997,11.0,20,16,13,6,1,11,15,73.3,4,10,4,6,9,29,37,1,Matches
e7ca0439,James Tomkins,eng ENG,DF,Crystal Palace,30,1989,17.6,29,17,21,8,0,18,25,72.0,7,17,15,2,21,50,103,0,Matches
7edfbb8a,Fikayo Tomori,eng ENG,DF,Chelsea,21,1997,14.3,29,16,21,8,0,10,15,66.7,5,13,7,6,22,51,48,2,Matches
52611641,Lucas Torreira,uy URU,MF,Arsenal,23,1996,16.8,31,16,11,15,5,16,39,41.0,23,24,8,16,34,65,24,0,Matches
9a104dee,Cenk Tosun,tr TUR,FW,Crystal Palace,28,1991,2.0,2,2,2,0,0,0,2,0.0,2,0,0,0,0,2,1,0,Matches
9a104dee,Cenk Tosun,tr TUR,FW,Everton,28,1991,3.2,2,0,0,0,2,0,1,0.0,1,1,0,1,0,2,1,0,Matches
b28bbd58,Andros Townsend,eng ENG,"FW,MF",Crystal Palace,28,1991,14.4,34,21,12,17,5,15,37,40.5,22,18,0,18,15,49,10,1,Matches
9a28eba4,Adama Traoré,es ESP,"FW,DF",Wolves,23,1996,28.9,33,21,6,14,13,8,23,34.8,15,19,3,16,13,46,14,2,Matches
fe558029,Mark Travers,ie IRL,GK,Bournemouth,20,1999,1.0,0,0,0,0,0,0,0,,0,0,0,0,0,0,1,1,Matches
3ae14ed1,Trézéguet,eg EGY,"FW,MF",Aston Villa,24,1994,21.7,38,16,18,15,5,9,44,20.5,35,23,2,21,25,63,18,0,Matches
38ceb24a,Leandro Trossard,be BEL,"FW,MF",Brighton,24,1994,22.3,22,17,7,12,3,6,38,15.8,32,16,1,15,9,31,8,0,Matches
552aa16c,Tom Trybull,de GER,MF,Norwich City,26,1993,12.6,39,25,15,18,6,16,60,26.7,44,20,5,15,16,55,35,0,Matches
2baec6ce,Axel Tuanzebe,eng ENG,DF,Manchester Utd,21,1997,2.1,2,2,0,2,0,1,2,50.0,1,1,0,1,5,7,5,1,Matches
531a4aa8,Yan Valery,tn TUN,DF,Southampton,20,1999,8.7,20,7,9,7,4,11,19,57.9,8,9,1,8,13,33,32,2,Matches
c2111b45,Jesús Vallejo,es ESP,DF,Wolves,22,1997,1.8,1,1,1,0,0,1,2,50.0,1,4,3,1,2,3,8,1,Matches
e06683ca,Virgil van Dijk,nl NED,DF,Liverpool,28,1991,38.0,23,12,18,5,0,6,13,46.2,7,20,15,5,40,63,166,2,Matches
45963054,Jamie Vardy,eng ENG,FW,Leicester City,32,1987,33.7,15,12,0,9,6,2,4,50.0,2,22,4,18,2,17,22,0,Matches
04e195ee,Indiana Vassilev,us USA,"FW,MF",Aston Villa,18,2001,0.6,0,0,0,0,0,0,0,,0,0,0,0,0,0,0,0,Matches
ba23a904,Jan Vertonghen,be BEL,DF,Tottenham,32,1987,18.3,40,24,25,14,1,20,31,64.5,11,18,10,8,33,73,68,0,Matches
1900032e,Jannik Vestergaard,dk DEN,DF,Southampton,26,1992,16.6,19,12,14,5,0,11,28,39.3,17,15,9,6,26,45,99,2,Matches
b937e490,Rúben Vinagre,pt POR,"MF,DF",Wolves,20,1999,7.2,23,13,15,6,2,12,15,80.0,3,7,2,5,11,34,22,0,Matches
d484c261,Jake Vokins,eng ENG,DF,Southampton,19,2000,1.0,2,2,0,0,2,1,1,100.0,0,0,0,0,0,2,1,0,Matches
16fa6881,Mario Vrančić,ba BIH,MF,Norwich City,30,1989,7.1,27,16,14,11,2,16,27,59.3,11,9,0,9,10,37,4,2,Matches
0d4ceb32,Matěj Vydra,cz CZE,FW,Burnley,27,1992,9.1,4,3,0,3,1,3,6,50.0,3,7,3,4,1,5,6,0,Matches
1ecb65be,Theo Walcott,eng ENG,"MF,FW",Everton,30,1989,14.3,13,8,6,5,2,3,15,20.0,12,13,0,13,8,21,1,0,Matches
86dd77d1,Kyle Walker,eng ENG,DF,Manchester City,29,1990,26.6,28,18,12,15,1,12,29,41.4,17,15,6,9,28,56,42,1,Matches
984a5a64,Kyle Walker-Peters,eng ENG,DF,Southampton,22,1997,7.8,13,8,5,6,2,6,16,37.5,10,10,3,7,14,27,21,1,Matches
984a5a64,Kyle Walker-Peters,eng ENG,DF,Tottenham,22,1997,2.7,8,5,8,0,0,5,9,55.6,4,4,2,2,3,11,5,1,Matches
9e525177,Aaron Wan-Bissaka,eng ENG,DF,Manchester Utd,21,1997,34.1,129,80,71,50,8,64,86,74.4,22,46,13,33,66,195,83,0,Matches
e0900238,Victor Wanyama,ke KEN,MF,Tottenham,28,1991,0.3,0,0,0,0,0,0,0,,0,0,0,0,0,0,0,0,Matches
8a7ff278,Joel Ward,eng ENG,DF,Crystal Palace,29,1989,26.5,69,42,48,16,5,39,56,69.6,17,13,6,7,48,117,93,1,Matches
3515d404,James Ward-Prowse,eng ENG,"MF,DF",Southampton,24,1994,38.0,92,48,39,39,14,39,94,41.5,55,48,14,34,60,152,75,1,Matches
603e4f0b,Kelland Watts,eng ENG,DF,Newcastle Utd,19,1999,0.2,1,0,1,0,0,1,1,100.0,0,0,0,0,0,1,0,0,Matches
c40b6180,Adam Webster,eng ENG,DF,Brighton,24,1995,29.6,30,17,21,8,1,14,32,43.8,18,43,26,17,45,75,110,2,Matches
ce5143da,Danny Welbeck,eng ENG,"FW,MF",Watford,28,1990,9.1,14,6,6,5,3,3,11,27.3,8,12,1,11,5,19,7,0,Matches
495945ef,Ashley Westwood,eng ENG,MF,Burnley,29,1990,35.0,54,33,15,32,7,17,48,35.4,31,23,11,12,32,86,32,3,Matches
41cc19c2,Connor Wickham,eng ENG,"FW,MF",Crystal Palace,26,1993,1.1,1,1,1,0,0,0,0,,0,1,0,1,1,2,0,0,Matches
eb58eef0,Georginio Wijnaldum,nl NED,MF,Liverpool,28,1990,32.6,38,20,12,21,5,10,40,25.0,30,18,4,14,17,55,34,3,Matches
9050ddc4,Jetro Willems,nl NED,DF,Newcastle Utd,25,1994,16.6,37,19,29,6,2,18,39,46.2,21,20,5,15,17,54,42,1,Matches
5e74d6c8,Brandon Williams,eng ENG,DF,Manchester Utd,18,2000,11.2,21,15,11,6,4,9,29,31.0,20,9,4,5,16,37,27,0,Matches
dd323728,Neco Williams,wls WAL,DF,Liverpool,18,2001,2.6,5,3,1,3,1,4,5,80.0,1,3,1,2,9,14,6,0,Matches
8b9ebd03,Willian,br BRA,"FW,MF",Chelsea,30,1988,28.9,45,27,14,24,7,14,43,32.6,29,15,0,15,20,65,7,0,Matches
a3b03921,Joe Willock,eng ENG,"MF,FW",Arsenal,19,1999,9.5,25,16,9,12,4,8,21,38.1,13,16,2,14,4,29,11,2,Matches
9c318325,Jack Wilshere,eng ENG,MF,West Ham,27,1992,2.4,1,0,1,0,0,0,4,0.0,4,3,0,3,1,2,0,0,Matches
c596fcb0,Callum Wilson,eng ENG,FW,Bournemouth,27,1992,32.3,12,9,3,6,3,2,17,11.8,15,16,2,14,4,16,16,0,Matches
c6dc9ecd,Harry Wilson,wls WAL,"MF,FW",Bournemouth,22,1997,18.3,23,13,8,10,5,11,34,32.4,23,26,2,24,11,34,15,1,Matches
2f7acede,Harry Winks,eng ENG,MF,Tottenham,23,1996,24.7,40,24,18,20,2,17,54,31.5,37,27,8,19,36,76,32,1,Matches
4e9a0555,Chris Wood,nz NZL,FW,Burnley,27,1991,27.1,7,4,2,4,1,5,15,33.3,10,15,2,13,4,11,18,0,Matches
e61b8aee,Granit Xhaka,ch SUI,MF,Arsenal,26,1992,28.7,45,25,20,19,6,25,55,45.5,30,32,16,16,21,66,59,3,Matches
849c826a,Andriy Yarmolenko,ua UKR,"MF,FW",West Ham,29,1989,11.0,13,8,5,6,2,5,20,25.0,15,3,1,2,6,19,4,0,Matches
ae0a7ddf,DeAndre Yedlin,us USA,DF,Newcastle Utd,26,1993,10.4,18,13,10,6,2,8,16,50.0,8,13,7,6,10,28,20,0,Matches
caffaf5a,Maya Yoshida,jp JPN,DF,Southampton,30,1988,6.2,8,5,4,1,3,3,7,42.9,4,6,2,4,4,12,27,1,Matches
be927d03,Ashley Young,eng ENG,DF,Manchester Utd,34,1985,10.6,14,7,7,4,3,5,17,29.4,12,8,2,6,11,25,29,0,Matches
6813ac34,Pablo Zabaleta,ar ARG,DF,West Ham,34,1985,6.6,18,10,12,5,1,6,13,46.2,7,5,3,2,14,32,21,0,Matches
b2bc3b1f,Wilfried Zaha,ci CIV,"FW,MF",Crystal Palace,26,1992,36.4,43,19,18,12,13,12,49,24.5,37,22,2,20,18,61,4,0,Matches
2d5f03bf,Christoph Zimmermann,de GER,DF,Norwich City,26,1993,15.9,32,21,26,6,0,21,30,70.0,9,22,18,4,19,51,87,2,Matches
51cf8561,Oleksandr Zinchenko,ua UKR,DF,Manchester City,22,1996,14.2,31,19,16,11,4,17,32,53.1,15,9,0,9,17,48,21,1,Matches
d2d74d9c,Richairo Živković,nl NED,FW,Sheffield Utd,22,1996,1.2,2,2,0,2,0,1,2,50.0,1,1,0,1,0,2,0,0,Matches
ce4246f5,Kurt Zouma,fr FRA,DF,Chelsea,24,1994,26.0,23,14,17,6,0,9,16,56.3,7,22,14,8,58,81,116,2,Matches
