id,Player,Nation,Pos,Squad,Age,Born,90s,Tkl,TklW,Def 3rd,Mid 3rd,Att 3rd,Tkl.1,Att,Tkl%,Lost,Blocks,Sh,Pass,Int,Tkl+Int,Clr,Err,Matches
5bc43860,Brenden Aaronson,us USA,"MF,FW",Leeds United,22-140,2000,19.8,32,11,10,17,5,11,30,36.7,19,30,2,28,1,33,6,1,Matches
f2bf1b0f,Che Adams,sct SCO,FW,Southampton,26-241,1996,18.2,15,12,6,7,2,7,9,77.8,2,9,3,6,4,19,18,0,Matches
2b09d998,Tyler Adams,us USA,MF,Leeds United,24-025,1999,23.0,88,45,44,34,10,49,72,68.1,23,46,8,38,34,122,29,0,Matches
c81d773d,Tosin Adarabioyo,eng ENG,DF,Fulham,25-168,1997,12.2,13,5,10,2,1,6,9,66.7,3,10,8,2,13,26,65,1,Matches
288e1e13,Nayef Aguerd,ma MAR,DF,West Ham,26-346,1996,8.7,14,10,9,5,0,7,9,77.8,2,11,10,1,10,24,35,0,Matches
a6c58494,Naouirou Ahamada,fr FRA,"MF,FW",Crystal Palace,20-347,2002,0.5,1,1,1,0,0,0,0,,0,1,0,1,0,1,0,0,Matches
9b398aea,Rayan Aït Nouri,fr FRA,DF,Wolves,21-278,2001,11.2,33,20,25,7,1,9,13,69.2,4,3,0,3,9,42,27,0,Matches
a8c0acb7,Kristoffer Ajer,no NOR,DF,Brentford,24-328,1998,8.5,11,8,5,4,2,9,16,56.3,7,6,5,1,7,18,22,0,Matches
89ac64a6,Manuel Akanji,ch SUI,DF,Manchester City,27-235,1995,17.1,24,17,10,11,3,18,26,69.2,8,20,6,14,11,35,23,0,Matches
eaeca114,Nathan Aké,nl NED,DF,Manchester City,28-021,1995,15.8,20,8,11,7,2,8,11,72.7,3,15,7,8,15,35,33,0,Matches
b827d5b3,Marc Albrighton,eng ENG,"FW,MF",Leicester City,33-113,1989,2.6,4,1,0,2,2,1,7,14.3,6,6,2,4,1,5,5,0,Matches
77e84962,Thiago Alcántara,es ESP,MF,Liverpool,31-334,1991,12.8,41,23,18,21,2,13,19,68.4,6,14,3,11,18,59,12,2,Matches
4abac767,Carlos Alcaraz,ar ARG,MF,Southampton,20-101,2002,2.1,2,2,0,2,0,1,3,33.3,2,3,2,1,1,3,2,0,Matches
cd1acf9d,Trent Alexander-Arnold,eng ENG,DF,Liverpool,24-155,1998,20.8,36,26,23,10,3,26,42,61.9,16,19,5,14,26,62,24,2,Matches
7a2e46a8,Alisson,br BRA,GK,Liverpool,30-160,1992,25.0,0,0,0,0,0,0,1,0.0,1,3,0,3,0,0,13,0,Matches
cea4ee8f,Dele Alli,eng ENG,MF,Everton,26-334,1996,0.4,0,0,0,0,0,0,0,,0,0,0,0,0,0,0,0,Matches
862a1c15,Miguel Almirón,py PAR,FW,Newcastle Utd,29-029,1994,21.7,37,25,12,16,9,15,26,57.7,11,23,2,21,7,44,12,0,Matches
15ab5a2b,Julián Álvarez,ar ARG,"FW,MF",Manchester City,23-039,2000,8.0,12,6,1,6,5,3,12,25.0,9,11,0,11,0,12,2,0,Matches
1a4ef233,Daniel Amartey,gh GHA,DF,Leicester City,28-080,1994,15.2,17,6,11,5,1,10,12,83.3,2,19,12,7,8,25,58,0,Matches
e34fc66d,Joachim Andersen,dk DEN,DF,Crystal Palace,26-284,1996,19.4,24,11,17,7,0,11,21,52.4,10,19,10,9,21,45,138,0,Matches
de31038e,Elliot Anderson,sct SCO,"MF,FW",Newcastle Utd,20-125,2002,1.6,5,3,4,0,1,2,4,50.0,2,5,1,4,2,7,0,0,Matches
e4238fb1,Jaidon Anthony,eng ENG,"MF,FW",Bournemouth,23-100,1999,9.5,24,13,12,7,5,6,20,30.0,14,17,1,16,5,29,11,0,Matches
ac05f970,Michail Antonio,jm JAM,FW,West Ham,32-348,1990,12.5,12,6,1,7,4,3,6,50.0,3,11,4,7,3,15,4,0,Matches
99127249,Antony,br BRA,FW,Manchester Utd,23-015,2000,11.1,15,3,7,6,2,5,15,33.3,10,10,0,10,4,19,3,0,Matches
05e8ca6d,Cameron Archer,eng ENG,"FW,MF",Aston Villa,21-233,2001,0.5,0,0,0,0,0,0,0,,0,0,0,0,0,0,0,0,Matches
2f965a72,Alphonse Areola,fr FRA,GK,West Ham,30-012,1993,2.4,0,0,0,0,0,0,0,,0,0,0,0,0,0,0,0,Matches
328f7d51,Joe Aribo,ng NGA,"MF,FW",Southampton,26-233,1996,12.2,29,19,13,12,4,11,19,57.9,8,13,1,12,8,37,10,0,Matches
68c720b5,Adam Armstrong,eng ENG,FW,Southampton,26-029,1997,12.2,11,7,3,5,3,0,7,0.0,7,15,3,12,4,15,5,0,Matches
97333cf5,Stuart Armstrong,sct SCO,"MF,FW",Southampton,30-346,1992,10.0,17,10,6,8,3,6,21,28.6,15,11,0,11,3,20,6,0,Matches
28d596a0,Kepa Arrizabalaga,es ESP,GK,Chelsea,28-159,1994,16.5,2,2,2,0,0,2,3,66.7,1,0,0,0,0,2,9,0,Matches
d5dd5f1f,Pierre-Emerick Aubameyang,ga GAB,FW,Chelsea,33-266,1989,4.9,1,0,1,0,0,0,1,0.0,1,1,0,1,2,3,4,2,Matches
9fec8860,Ludwig Augustinsson,se SWE,DF,Aston Villa,28-324,1994,0.9,1,1,1,0,0,0,0,,0,0,0,0,0,1,1,0,Matches
5c2b4f07,Serge Aurier,ci CIV,DF,Nott'ham Forest,30-077,1992,13.9,46,29,30,13,3,15,19,78.9,4,24,7,17,19,65,48,0,Matches
e5478b87,Taiwo Awoniyi,ng NGA,FW,Nott'ham Forest,25-211,1997,8.1,10,8,0,7,3,5,7,71.4,2,7,2,5,1,11,10,0,Matches
5dbefa9d,André Ayew,gh GHA,FW,Nott'ham Forest,33-084,1989,1.2,3,1,0,2,1,1,2,50.0,1,2,0,2,0,3,4,0,Matches
da052c14,Jordan Ayew,gh GHA,"FW,MF",Crystal Palace,31-181,1991,19.5,54,35,20,16,18,16,35,45.7,19,23,2,21,11,65,25,0,Matches
420d7c7d,Luke Ayling,eng ENG,DF,Leeds United,31-198,1991,11.8,40,20,29,5,6,24,40,60.0,16,20,7,13,13,53,23,0,Matches
53cad200,César Azpilicueta,es ESP,DF,Chelsea,33-195,1989,12.3,29,17,17,8,4,16,20,80.0,4,20,4,16,15,44,42,0,Matches
06df8256,Benoît Badiashile,fr FRA,DF,Chelsea,21-350,2001,6.0,10,6,6,4,0,6,8,75.0,2,2,1,1,8,18,24,0,Matches
3a233281,Leon Bailey,jm JAM,"FW,MF",Aston Villa,25-214,1997,16.5,11,5,4,6,1,3,13,23.1,10,10,0,10,5,16,7,0,Matches
32e8417f,Stefan Bajcetic,es ESP,MF,Liverpool,18-140,2004,4.9,9,7,5,3,1,8,25,32.0,17,6,0,6,6,15,4,0,Matches
93feac6e,Patrick Bamford,eng ENG,FW,Leeds United,29-187,1993,9.2,7,4,0,5,2,3,13,23.1,10,5,1,4,0,7,7,0,Matches
2886c9b5,Shandon Baptiste,gd GRN,MF,Brentford,24-337,1998,4.9,8,5,4,3,1,6,13,46.2,7,4,1,3,5,13,7,0,Matches
3ea50f67,Harvey Barnes,eng ENG,"MF,FW",Leicester City,25-092,1997,21.3,20,13,8,9,3,10,28,35.7,18,24,0,24,6,26,7,0,Matches
c91441dc,Gavin Bazunu,ie IRL,GK,Southampton,21-019,2002,25.0,1,0,1,0,0,1,1,100.0,0,0,0,0,1,2,20,2,Matches
30db8574,Mads Bech Sørensen,dk DEN,"DF,MF",Brentford,24-063,1999,0.2,0,0,0,0,0,0,0,,0,0,0,0,1,1,1,0,Matches
4115ce4e,Jan Bednarek,pl POL,DF,Southampton,26-333,1996,6.8,14,11,10,4,0,5,5,100.0,0,15,11,4,19,33,31,0,Matches
4115ce4e,Jan Bednarek,pl POL,DF,Aston Villa,26-333,1996,1.1,3,3,0,3,0,1,1,100.0,0,3,1,2,2,5,5,0,Matches
50dc94ce,Donny van de Beek,nl NED,MF,Manchester Utd,25-327,1997,1.9,0,0,0,0,0,0,1,0.0,1,2,1,1,1,1,1,0,Matches
7b4de647,Asmir Begović,ba BIH,GK,Everton,35-264,1987,1.0,0,0,0,0,0,0,0,,0,0,0,0,0,0,1,0,Matches
a39d11bc,Armel Bella Kotchap,de GER,DF,Southampton,21-090,2001,14.4,26,11,19,7,0,10,13,76.9,3,21,6,15,37,63,79,0,Matches
5a04fd92,Saïd Benrahma,dz ALG,"FW,MF",West Ham,27-213,1995,14.9,17,8,8,4,5,7,19,36.8,12,12,1,11,6,23,10,0,Matches
3b8674e6,Rodrigo Bentancur,uy URU,MF,Tottenham,25-259,1997,16.7,45,28,15,21,9,15,25,60.0,10,28,15,13,20,65,22,0,Matches
505486d6,Victor Bernth Kristiansen,dk DEN,DF,Leicester City,20-085,2002,3.9,19,12,9,9,1,11,19,57.9,8,9,1,8,1,20,14,0,Matches
87966294,Owen Bevan,wls WAL,DF,Bournemouth,19-136,2003,0.1,0,0,0,0,0,0,0,,0,0,0,0,0,0,0,0,Matches
de40e38c,Giulian Biancone,fr FRA,DF,Nott'ham Forest,22-345,2000,0.2,2,1,2,0,0,1,1,100.0,0,0,0,0,1,3,0,0,Matches
d328a254,Philip Billing,dk DEN,"MF,FW",Bournemouth,26-273,1996,19.9,43,24,16,19,8,10,25,40.0,15,35,8,27,22,65,40,1,Matches
6c203af0,Yves Bissouma,ml MLI,MF,Tottenham,26-193,1996,9.0,12,10,3,5,4,2,7,28.6,5,12,5,7,9,21,7,0,Matches
a4ac4b8f,Willy Boly,ci CIV,DF,Nott'ham Forest,32-036,1991,6.6,13,6,8,3,2,8,13,61.5,5,11,4,7,12,25,38,0,Matches
ccce7025,Sven Botman,nl NED,DF,Newcastle Utd,23-058,2000,20.7,27,16,22,5,0,14,19,73.7,5,30,15,15,20,47,80,1,Matches
79c84d1c,Jarrod Bowen,eng ENG,"FW,MF",West Ham,26-081,1996,24.9,29,11,10,10,9,12,35,34.3,23,33,6,27,23,52,15,0,Matches
c07b7c5c,James Bree,eng ENG,DF,Southampton,25-151,1997,1.9,2,0,1,1,0,1,1,100.0,0,2,1,1,4,6,2,0,Matches
97220da2,Armando Broja,al ALB,FW,Chelsea,21-182,2001,3.3,4,1,0,3,1,1,1,100.0,0,10,1,9,1,5,1,0,Matches
a2081c6b,Lewis Brunt,eng ENG,DF,Leicester City,22-125,2000,0.3,0,0,0,0,0,0,0,,0,0,0,0,0,0,2,0,Matches
7b5ab7f2,Bryan,es ESP,"MF,FW",Tottenham,22-028,2001,1.6,3,1,3,0,0,0,3,0.0,3,3,0,3,1,4,1,0,Matches
66b76d44,Emi Buendía,ar ARG,"MF,FW",Aston Villa,26-076,1996,16.3,39,15,16,15,8,13,41,31.7,28,11,0,11,14,53,9,0,Matches
bfc3b3a0,Hugo Bueno,es ESP,DF,Wolves,20-174,2002,11.6,27,14,22,3,2,15,25,60.0,10,12,1,11,9,36,29,0,Matches
468a7a91,Facundo Buonanotte,ar ARG,"FW,MF",Brighton,18-078,2004,0.6,0,0,0,0,0,0,1,0.0,1,0,0,0,0,0,0,0,Matches
b2d31e83,Dan Burn,eng ENG,DF,Newcastle Utd,30-306,1992,22.6,26,18,15,7,4,14,34,41.2,20,28,11,17,19,45,91,1,Matches
85322440,Cafú,pt POR,MF,Nott'ham Forest,30-013,1993,0.1,0,0,0,0,0,0,0,,0,0,0,0,0,0,1,0,Matches
16264a81,Moisés Caicedo,ec ECU,MF,Brighton,21-129,2001,21.2,62,31,22,31,9,25,39,64.1,14,21,3,18,33,95,20,2,Matches
a8748947,Tom Cairney,sct SCO,MF,Fulham,32-050,1991,5.2,13,4,2,6,5,6,6,100.0,0,8,1,7,2,15,2,0,Matches
94f8d10c,Duje Ćaleta-Car,hr CRO,DF,Southampton,26-175,1996,8.0,11,7,7,3,1,5,6,83.3,1,10,8,2,13,24,42,1,Matches
59e6e5bf,Dominic Calvert-Lewin,eng ENG,FW,Everton,25-360,1997,8.1,3,1,1,0,2,1,4,25.0,3,2,0,2,1,4,5,0,Matches
6f711f67,Chem Campbell,wls WAL,"FW,MF",Wolves,20-071,2002,0.8,2,1,1,1,0,0,1,0.0,1,2,0,2,1,3,0,0,Matches
bd6351cd,João Cancelo,pt POR,DF,Manchester City,28-288,1994,14.2,29,21,16,9,4,17,24,70.8,7,7,1,6,19,48,9,1,Matches
4506aec5,Thomas Cannon,ie IRL,FW,Everton,20-073,2002,0.3,0,0,0,0,0,0,0,,0,0,0,0,0,0,0,0,Matches
1137759d,Sergi Canós,es ESP,"FW,DF",Brentford,26-037,1997,0.9,0,0,0,0,0,0,2,0.0,2,3,1,2,0,0,1,0,Matches
b4a014b1,Diego Carlos,br BRA,DF,Aston Villa,29-361,1993,2.0,1,0,0,1,0,0,1,0.0,1,2,2,0,1,2,2,0,Matches
966e28d0,Fabio Carvalho,pt POR,"MF,FW",Liverpool,20-193,2002,3.7,8,8,3,3,2,3,6,50.0,3,6,0,6,5,13,0,0,Matches
4d224fe8,Casemiro,br BRA,MF,Manchester Utd,31-016,1992,14.5,56,26,27,23,6,29,48,60.4,19,30,7,23,24,80,44,0,Matches
2389cdc2,Matty Cash,pl POL,DF,Aston Villa,25-216,1997,16.3,42,24,29,9,4,18,26,69.2,8,16,3,13,23,65,34,0,Matches
197640fd,Timothy Castagne,be BEL,DF,Leicester City,27-096,1995,23.2,56,33,35,17,4,25,47,53.2,22,34,9,25,24,80,71,0,Matches
e28868f3,Jonny Castro,es ESP,DF,Wolves,29-008,1994,12.3,31,13,22,8,1,16,33,48.5,17,25,4,21,13,44,26,1,Matches
9cfbad36,Julio César Enciso,py PAR,"FW,MF",Brighton,19-047,2004,1.5,1,0,0,1,0,0,0,,0,1,0,1,0,1,0,0,Matches
422862ea,Nathaniel Chalobah,eng ENG,MF,Fulham,28-089,1994,0.1,1,1,1,0,0,1,1,100.0,0,0,0,0,0,1,2,0,Matches
5515376c,Trevoh Chalobah,eng ENG,DF,Chelsea,23-249,1999,10.9,17,11,12,2,3,11,17,64.7,6,8,3,5,15,32,35,1,Matches
dc6f5bdd,Calum Chambers,eng ENG,"DF,MF",Aston Villa,28-050,1995,2.6,3,3,3,0,0,2,4,50.0,2,5,4,1,6,9,3,1,Matches
d2424d1b,Ben Chilwell,eng ENG,"DF,MF",Chelsea,26-080,1996,7.9,15,11,10,4,1,12,18,66.7,6,6,0,6,10,25,16,0,Matches
26ce2263,Ryan Christie,sct SCO,"MF,FW",Bournemouth,28-017,1995,11.6,20,15,5,15,0,9,25,36.0,16,14,2,12,18,38,12,0,Matches
b2f9c73e,Carney Chukwuemeka,eng ENG,"MF,FW",Chelsea,19-142,2003,2.4,11,6,6,5,0,2,4,50.0,2,4,0,4,4,15,1,0,Matches
73341ace,Bobby Clark,eng ENG,MF,Liverpool,18-032,2005,0.1,0,0,0,0,0,0,0,,0,2,0,2,0,0,0,0,Matches
0442183b,Nathaniel Clyne,eng ENG,DF,Crystal Palace,31-340,1991,16.4,26,15,13,8,5,14,21,66.7,7,19,3,16,19,45,34,0,Matches
2928dca2,Conor Coady,eng ENG,DF,Everton,30-014,1993,21.9,14,9,8,6,0,7,15,46.7,8,20,16,4,14,28,85,3,Matches
963a9201,Jack Colback,eng ENG,MF,Nott'ham Forest,33-138,1989,5.5,19,13,13,6,0,6,9,66.7,3,2,0,2,3,22,9,0,Matches
0420d84f,Séamus Coleman,ie IRL,DF,Everton,34-151,1988,14.2,28,21,16,10,2,14,21,66.7,7,12,6,6,19,47,46,1,Matches
a8c19eb8,Nathan Collins,ie IRL,DF,Wolves,21-315,2001,16.9,21,11,16,5,0,12,20,60.0,8,26,21,5,20,41,72,0,Matches
700783e7,Levi Colwill,eng ENG,DF,Brighton,20-013,2003,5.1,1,1,0,1,0,0,1,0.0,1,2,1,1,6,7,14,0,Matches
2afc7272,Lewis Cook,eng ENG,MF,Bournemouth,26-036,1997,16.7,36,22,9,22,5,17,32,53.1,15,24,9,15,17,53,26,0,Matches
3e5e4e63,Steve Cook,eng ENG,DF,Nott'ham Forest,31-326,1991,10.6,8,4,4,4,0,5,7,71.4,2,16,11,5,12,20,51,0,Matches
dc64b8b3,Liam Cooper,sct SCO,DF,Leeds United,31-193,1991,12.3,27,19,20,6,1,14,21,66.7,7,8,3,5,25,52,42,2,Matches
beb391dd,Maxwel Cornet,ci CIV,FW,West Ham,26-165,1996,1.0,4,1,3,0,1,2,2,100.0,0,0,0,0,0,4,0,0,Matches
a190d597,Diego Costa,es ESP,FW,Wolves,34-155,1988,7.9,2,0,2,0,0,1,2,50.0,1,5,1,4,2,4,8,0,Matches
fdf3cb77,Vladimír Coufal,cz CZE,DF,West Ham,30-201,1992,15.8,36,21,23,8,5,22,30,73.3,8,19,5,14,25,61,35,0,Matches
0ef89a37,Philippe Coutinho,br BRA,"MF,FW",Aston Villa,30-272,1992,8.8,19,14,8,8,3,9,14,64.3,5,11,1,10,4,23,2,0,Matches
a5ca9127,Conor Coventry,ie IRL,"MF,FW",West Ham,22-351,2000,0.0,0,0,0,0,0,0,0,,0,0,0,0,0,0,0,0,Matches
4f974391,Aaron Cresswell,eng ENG,DF,West Ham,33-086,1989,17.5,15,7,8,7,0,7,18,38.9,11,17,8,9,20,35,41,0,Matches
1daec722,Marc Cucurella,es ESP,DF,Chelsea,24-232,1998,14.9,49,21,31,10,8,24,42,57.1,18,23,6,17,11,60,39,0,Matches
dc62b55d,Matheus Cunha,br BRA,FW,Wolves,23-288,1999,4.5,4,1,0,3,1,1,2,50.0,1,8,2,6,3,7,6,0,Matches
ca45605e,Patson Daka,zm ZAM,FW,Leicester City,24-153,1998,8.0,8,5,3,5,0,1,4,25.0,3,7,2,5,3,11,6,0,Matches
d9565625,Diogo Dalot,pt POR,DF,Manchester Utd,23-358,1999,16.9,41,31,31,10,0,26,37,70.3,11,22,7,15,26,67,39,1,Matches
215f3907,Mikkel Damsgaard,dk DEN,"MF,FW",Brentford,22-251,2000,4.3,12,8,6,4,2,7,23,30.4,16,5,0,5,6,18,10,0,Matches
a816dbfb,Danilo,br BRA,MF,Nott'ham Forest,21-316,2001,1.6,7,4,4,3,0,2,7,28.6,5,2,1,1,1,8,5,0,Matches
f08490a6,Arnaut Danjuma,nl NED,FW,Tottenham,26-039,1997,0.1,0,0,0,0,0,0,0,,0,0,0,0,0,0,0,0,Matches
60344e4f,Josh Dasilva,eng ENG,MF,Brentford,24-139,1998,11.8,14,7,5,5,4,5,12,41.7,7,16,5,11,3,17,5,0,Matches
44781702,Ben Davies,wls WAL,DF,Tottenham,29-321,1993,18.9,17,9,7,9,1,8,16,50.0,8,15,6,9,15,32,57,0,Matches
9228b07c,Tom Davies,eng ENG,MF,Everton,24-254,1998,5.2,11,8,4,6,1,4,7,57.1,3,8,1,7,4,15,7,1,Matches
3e9e06cb,Craig Dawson,eng ENG,DF,West Ham,32-309,1990,8.0,10,6,8,2,0,4,6,66.7,2,9,6,3,6,16,26,0,Matches
3e9e06cb,Craig Dawson,eng ENG,DF,Wolves,32-309,1990,6.0,5,3,3,2,0,2,4,50.0,2,10,8,2,3,8,32,1,Matches
e46012d4,Kevin De Bruyne,be BEL,MF,Manchester City,31-256,1991,21.4,22,9,3,9,10,11,30,36.7,19,19,2,17,4,26,9,0,Matches
11f54bd5,Siriki Dembélé,ci CIV,"FW,MF",Bournemouth,26-185,1996,1.2,3,1,2,1,0,0,1,0.0,1,1,0,1,1,4,1,0,Matches
5a7301ae,Leander Dendoncker,be BEL,MF,Aston Villa,27-330,1995,4.1,11,4,8,2,1,7,13,53.8,6,11,3,8,6,17,6,0,Matches
5a7301ae,Leander Dendoncker,be BEL,MF,Wolves,27-330,1995,2.4,4,2,0,3,1,2,3,66.7,1,2,0,2,9,13,4,0,Matches
2c44a35d,Emmanuel Dennis,ng NGA,FW,Nott'ham Forest,25-116,1997,4.8,10,8,5,3,2,3,6,50.0,3,5,0,5,0,10,2,0,Matches
9d8cf204,Halil Dervişoğlu,tr TUR,MF,Brentford,23-093,1999,0.1,0,0,0,0,0,0,1,0.0,1,0,0,0,0,0,0,0,Matches
5c74c0f5,Kiernan Dewsbury-Hall,eng ENG,MF,Leicester City,24-186,1998,19.7,38,22,9,26,3,13,32,40.6,19,41,4,37,20,58,15,0,Matches
11ff3d56,Ibrahima Diallo,fr FRA,MF,Southampton,24-003,1999,8.3,23,13,12,10,1,8,11,72.7,3,9,1,8,6,29,10,0,Matches
31c69ef1,Rúben Dias,pt POR,DF,Manchester City,25-301,1997,14.2,16,10,7,8,1,7,7,100.0,0,16,9,7,15,31,38,0,Matches
4a1a9578,Luis Díaz,co COL,FW,Liverpool,26-057,1997,6.8,10,8,2,7,1,3,7,42.9,4,6,0,6,2,12,0,0,Matches
ac861941,Eric Dier,eng ENG,DF,Tottenham,29-055,1994,23.3,22,14,13,7,2,7,12,58.3,5,26,18,8,28,50,80,1,Matches
1b84dbe1,Lucas Digne,fr FRA,DF,Aston Villa,29-234,1993,14.0,25,9,17,8,0,17,25,68.0,8,14,5,9,15,40,35,0,Matches
a712ca2b,Issa Diop,fr FRA,DF,Fulham,26-061,1997,15.7,21,15,15,5,1,10,18,55.6,8,20,14,6,27,48,50,0,Matches
254147d4,Moussa Djenepo,ml MLI,"DF,FW",Southampton,24-269,1998,6.4,17,9,11,5,1,9,20,45.0,11,12,2,10,11,28,6,0,Matches
733f1a7d,Ben Doak,sct SCO,FW,Liverpool,17-120,2005,0.3,3,2,1,2,0,1,1,100.0,0,1,0,1,0,3,0,0,Matches
d557d734,Matt Doherty,ie IRL,"DF,MF",Tottenham,31-054,1992,7.4,16,10,12,3,1,8,9,88.9,1,11,6,5,8,24,14,1,Matches
67ac5bb8,Gabriel Dos Santos,br BRA,DF,Arsenal,25-082,1997,26.0,33,22,21,9,3,12,17,70.6,5,33,19,14,21,54,87,2,Matches
02b29014,Abdoulaye Doucouré,ml MLI,MF,Everton,30-069,1993,8.4,14,9,4,8,2,6,16,37.5,10,10,1,9,8,22,6,0,Matches
ce4f40c7,Cheick Doucouré,ml MLI,MF,Crystal Palace,23-062,2000,21.0,59,37,34,23,2,23,43,53.5,20,30,11,19,41,100,30,0,Matches
69fdb896,Flynn Downes,eng ENG,MF,West Ham,24-050,1999,4.4,9,7,2,6,1,3,6,50.0,3,9,0,9,4,13,2,0,Matches
e0d1510a,Cody Drameh,eng ENG,DF,Leeds United,21-093,2001,0.8,5,4,0,4,1,2,3,66.7,1,0,0,0,1,6,1,0,Matches
3a949a25,Martin Dúbravka,sk SVK,GK,Newcastle Utd,34-055,1989,0.7,0,0,0,0,0,0,1,0.0,1,0,0,0,0,0,0,0,Matches
7314bba4,Shane Duffy,ie IRL,"FW,DF",Fulham,31-069,1992,0.1,0,0,0,0,0,0,0,,0,0,0,0,0,0,0,0,Matches
282f75f3,Lewis Dunk,eng ENG,DF,Brighton,31-110,1991,23.0,14,8,11,2,1,4,14,28.6,10,23,16,7,23,37,59,0,Matches
414184f7,Jhon Durán,co COL,FW,Aston Villa,19-088,2003,0.7,0,0,0,0,0,0,1,0.0,1,0,0,0,1,1,1,0,Matches
fa9fa773,Malcolm Ebiowei,eng ENG,"MF,FW",Crystal Palace,19-188,2003,0.4,1,1,1,0,0,0,1,0.0,1,2,0,2,0,1,0,0,Matches
3bb7b8b4,Ederson,br BRA,GK,Manchester City,29-206,1993,26.0,1,0,1,0,0,1,2,50.0,1,0,0,0,1,2,9,2,Matches
0562b7f1,Odsonne Édouard,fr FRA,FW,Crystal Palace,25-054,1998,12.5,21,10,7,10,4,6,10,60.0,4,10,5,5,3,24,17,0,Matches
007414dd,Samuel Edozie,eng ENG,"FW,MF",Southampton,20-042,2003,6.0,15,8,5,9,1,3,7,42.9,4,6,0,6,6,21,6,0,Matches
2fba6108,Anthony Elanga,se SWE,FW,Manchester Utd,20-318,2002,4.7,3,0,0,2,1,1,2,50.0,1,4,0,4,2,5,4,0,Matches
c8387671,Harvey Elliott,eng ENG,"MF,FW",Liverpool,19-341,2003,15.4,21,14,6,9,6,5,25,20.0,20,24,1,23,12,33,7,0,Matches
47a34c4f,Mohamed Elneny,eg EGY,MF,Arsenal,30-243,1992,1.3,1,1,1,0,0,1,1,100.0,0,0,0,0,0,1,0,0,Matches
68dc0dac,Mohamed Elyounoussi,no NOR,"MF,FW",Southampton,28-219,1994,17.9,30,17,13,14,3,12,28,42.9,16,27,2,25,17,47,32,0,Matches
df8b52a5,Emerson,br BRA,DF,Tottenham,24-056,1999,15.4,43,28,28,12,3,20,32,62.5,12,15,3,12,12,55,57,0,Matches
980522ec,Christian Eriksen,dk DEN,MF,Manchester Utd,31-025,1992,16.5,12,10,7,3,2,5,18,27.8,13,17,7,10,8,20,18,1,Matches
d38fdf53,Pervis Estupiñán,ec ECU,DF,Brighton,25-049,1998,15.5,33,19,18,9,6,20,30,66.7,10,17,5,12,22,55,22,0,Matches
f8fcd2a5,Jonny Evans,nir NIR,DF,Leicester City,35-067,1988,9.0,10,4,10,0,0,6,10,60.0,4,6,5,1,16,26,32,0,Matches
ae4fc6a4,Eberechi Eze,eng ENG,"MF,FW",Crystal Palace,24-255,1998,18.6,26,15,10,11,5,7,19,36.8,12,18,0,18,8,34,5,0,Matches
9328b835,Łukasz Fabiański,pl POL,GK,West Ham,37-327,1985,22.6,0,0,0,0,0,0,0,,0,0,0,0,0,0,5,0,Matches
7f3b388c,Fabinho,br BRA,MF,Liverpool,29-139,1993,18.0,39,21,14,21,4,14,37,37.8,23,23,6,17,25,64,25,0,Matches
9c221d14,Wout Faes,be BEL,DF,Leicester City,24-342,1998,19.0,37,20,17,19,1,19,27,70.4,8,26,18,8,28,65,63,2,Matches
51a3c4c8,Felipe,br BRA,DF,Nott'ham Forest,33-299,1989,3.9,7,5,3,4,0,4,8,50.0,4,7,3,4,14,21,25,0,Matches
8aafd64f,João Félix,pt POR,"MF,FW",Chelsea,23-121,1999,4.3,8,4,4,2,2,2,7,28.6,5,2,0,2,0,8,0,0,Matches
4596da74,Evan Ferguson,ie IRL,FW,Brighton,18-143,2004,4.3,3,1,0,2,1,1,5,20.0,4,5,1,4,1,4,1,0,Matches
507c7bdf,Bruno Fernandes,pt POR,"MF,FW",Manchester Utd,28-184,1994,24.0,55,33,19,21,15,24,48,50.0,24,23,2,21,15,70,31,0,Matches
5ff4ab71,Enzo Fernández,ar ARG,MF,Chelsea,22-053,2001,4.9,16,10,10,4,2,6,21,28.6,15,15,2,13,9,25,5,0,Matches
6ad43f9a,Mateo Fernández,es ESP,"FW,MF",Leeds United,19-143,2003,0.3,0,0,0,0,0,0,0,,0,1,0,1,0,0,1,0,Matches
4c370d81,Roberto Firmino,br BRA,"FW,MF",Liverpool,31-160,1991,11.2,14,11,2,10,2,1,13,7.7,12,12,1,11,6,20,2,0,Matches
24f59bb2,Junior Firpo,es ESP,DF,Leeds United,26-201,1996,6.3,22,11,10,9,3,12,24,50.0,12,12,4,8,10,32,10,0,Matches
ed1e53f3,Phil Foden,eng ENG,FW,Manchester City,22-287,2000,15.0,14,8,8,4,2,7,13,53.8,6,15,1,14,3,17,7,0,Matches
e82900ef,Datro Fofana,ci CIV,FW,Chelsea,20-079,2002,0.7,2,1,0,1,1,0,0,,0,1,0,1,0,2,0,0,Matches
132a82f1,Wesley Fofana,fr FRA,DF,Leicester City,22-084,2000,2.0,4,2,1,2,1,1,3,33.3,2,1,1,0,9,13,5,0,Matches
132a82f1,Wesley Fofana,fr FRA,DF,Chelsea,22-084,2000,4.3,5,3,1,3,1,1,3,33.3,2,5,1,4,8,13,8,0,Matches
82927de4,Pablo Fornals,es ESP,"FW,MF",West Ham,27-017,1996,11.4,18,9,5,7,6,6,24,25.0,18,11,1,10,11,29,8,0,Matches
9f1938ab,Adam Forshaw,eng ENG,MF,Leeds United,31-154,1991,1.8,2,1,0,2,0,1,6,16.7,5,3,0,3,0,2,1,0,Matches
c3e39f12,Fraser Forster,eng ENG,GK,Tottenham,34-359,1988,5.0,0,0,0,0,0,0,0,,0,0,0,0,0,0,1,0,Matches
6722d4f0,Tyrese Francois,au AUS,FW,Fulham,22-238,2000,0.0,0,0,0,0,0,0,0,,0,0,0,0,0,0,1,0,Matches
d56543a0,Ryan Fraser,sct SCO,FW,Newcastle Utd,29-015,1994,3.5,2,2,0,0,2,2,5,40.0,3,3,1,2,0,2,3,0,Matches
b853e0ad,Fred,br BRA,MF,Manchester Utd,30-006,1993,10.8,35,24,19,13,3,8,25,32.0,17,30,1,29,15,50,13,0,Matches
c067631c,Ryan Fredericks,eng ENG,DF,Bournemouth,30-152,1992,5.8,3,2,2,0,1,1,4,25.0,3,7,2,5,1,4,25,0,Matches
98d2c2c4,Remo Freuler,ch SUI,MF,Nott'ham Forest,30-330,1992,19.0,36,19,20,13,3,15,31,48.4,16,30,7,23,25,61,32,0,Matches
1971591f,Cody Gakpo,nl NED,FW,Liverpool,23-308,1999,6.3,7,5,0,5,2,2,10,20.0,8,4,1,3,2,9,1,0,Matches
c2731c10,Conor Gallagher,eng ENG,"MF,FW",Chelsea,23-033,2000,9.7,29,20,12,10,7,8,22,36.4,14,16,3,13,13,42,14,0,Matches
72c812f3,Idrissa Gana Gueye,sn SEN,MF,Everton,33-166,1989,18.1,56,31,27,21,8,15,34,44.1,19,35,7,28,43,99,20,3,Matches
7aa8adfe,Alejandro Garnacho,es ESP,"FW,MF",Manchester Utd,18-253,2004,4.8,3,1,0,0,3,1,7,14.3,6,5,0,5,4,7,1,0,Matches
4e015693,James Garner,eng ENG,MF,Everton,21-363,2001,1.6,6,5,1,4,1,1,4,25.0,3,2,0,2,4,10,1,0,Matches
7ba6d84e,David de Gea,es ESP,GK,Manchester Utd,32-124,1990,25.0,0,0,0,0,0,0,0,,0,0,0,0,0,0,10,1,Matches
01962d0d,Joe Gelhardt,eng ENG,FW,Leeds United,20-311,2002,2.4,6,2,1,3,2,3,5,60.0,2,5,0,5,0,6,4,0,Matches
f7b1d4e0,Saman Ghoddos,ir IRN,"MF,FW",Brentford,29-186,1993,1.0,1,0,0,1,0,1,2,50.0,1,3,1,2,3,4,2,0,Matches
32f60ed8,Morgan Gibbs-White,eng ENG,"FW,MF",Wolves,23-043,2000,2.0,3,1,3,0,0,2,3,66.7,1,2,0,2,1,4,3,0,Matches
32f60ed8,Morgan Gibbs-White,eng ENG,"MF,FW",Nott'ham Forest,23-043,2000,20.3,16,9,5,4,7,7,17,41.2,10,11,3,8,10,26,11,0,Matches
df10e27c,Billy Gilmour,sct SCO,MF,Brighton,21-273,2001,1.8,1,0,0,1,0,1,7,14.3,6,1,0,1,1,2,3,0,Matches
75fdd638,Degnand Gnonto,it ITA,"FW,MF",Leeds United,19-126,2003,10.9,20,13,4,11,5,9,22,40.9,13,14,0,14,3,23,6,0,Matches
9f7c837d,Ben Godfrey,eng ENG,DF,Everton,25-055,1998,3.7,6,4,6,0,0,4,11,36.4,7,6,2,4,5,11,14,0,Matches
8b57ad2c,João Gomes,br BRA,"MF,FW",Wolves,22-027,2001,0.8,6,1,2,4,0,3,6,50.0,3,0,0,0,0,6,2,0,Matches
f0caab96,Toti Gomes,pt POR,DF,Wolves,24-054,1999,3.4,4,2,4,0,0,2,2,100.0,0,6,5,1,2,6,24,0,Matches
7a11550b,Joe Gomez,eng ENG,DF,Liverpool,25-292,1997,14.3,27,20,14,11,2,11,19,57.9,8,15,11,4,21,48,46,2,Matches
01e5f06e,Sergio Gómez,es ESP,"DF,MF",Manchester City,22-188,2000,1.6,5,2,3,1,1,2,3,66.7,1,4,2,2,2,7,4,0,Matches
2bd83368,Anthony Gordon,eng ENG,"FW,MF",Newcastle Utd,22-015,2001,1.8,2,2,1,0,1,2,6,33.3,4,3,0,3,1,3,0,0,Matches
2bd83368,Anthony Gordon,eng ENG,FW,Everton,22-015,2001,12.2,34,22,17,10,7,8,23,34.8,15,19,0,19,4,38,11,0,Matches
4468ec10,Demarai Gray,eng ENG,"FW,MF",Everton,26-256,1996,20.5,18,14,4,9,5,11,18,61.1,7,13,2,11,10,28,15,0,Matches
b0b4fd3e,Jack Grealish,eng ENG,FW,Manchester City,27-182,1995,15.9,20,12,8,10,2,11,17,64.7,6,14,1,13,5,25,7,0,Matches
f3354c07,Sam Greenwood,eng ENG,"MF,FW",Leeds United,21-044,2002,3.8,11,7,7,4,0,5,14,35.7,9,8,2,6,1,12,1,0,Matches
8aec0537,Pascal Groß,de GER,"MF,DF",Brighton,31-269,1991,22.2,36,19,14,17,5,15,31,48.4,16,19,5,14,11,47,9,0,Matches
ab13a5aa,Vicente Guaita,es ESP,GK,Crystal Palace,36-060,1987,25.0,0,0,0,0,0,0,0,,0,0,0,0,0,0,8,1,Matches
e6bc67d7,Gonçalo Guedes,pt POR,"FW,MF",Wolves,26-102,1996,7.9,8,6,4,3,1,5,8,62.5,3,4,0,4,1,9,2,0,Matches
d0706b27,Marc Guéhi,eng ENG,DF,Crystal Palace,22-241,2000,24.0,38,18,29,8,1,19,28,67.9,9,37,20,17,26,64,88,2,Matches
82518f62,Bruno Guimarães,br BRA,MF,Newcastle Utd,25-115,1997,16.5,40,20,11,26,3,18,33,54.5,15,22,3,19,23,63,14,1,Matches
819b3158,İlkay Gündoğan,de GER,MF,Manchester City,32-138,1990,18.5,24,14,4,10,10,10,21,47.6,11,12,3,9,15,39,11,0,Matches
56d838f7,Darko Gyabi,eng ENG,FW,Leeds United,19-021,2004,0.1,2,2,1,1,0,0,0,,0,2,0,2,0,2,0,0,Matches
1f44ac21,Erling Haaland,no NOR,FW,Manchester City,22-233,2000,22.5,3,2,0,2,1,1,3,33.3,2,9,3,6,2,5,11,0,Matches
da011f18,Lewis Hall,eng ENG,"DF,MF",Chelsea,18-184,2004,3.4,11,3,10,1,0,8,12,66.7,4,4,0,4,10,21,5,1,Matches
8c3078cd,Luke Harris,wls WAL,"MF,FW",Fulham,17-342,2005,0.1,0,0,0,0,0,0,0,,0,0,0,0,0,0,0,0,Matches
aa849a12,Jack Harrison,eng ENG,"FW,MF",Leeds United,26-111,1996,18.4,29,12,1,13,15,9,29,31.0,20,24,1,23,8,37,9,0,Matches
fed7cb61,Kai Havertz,de GER,"FW,MF",Chelsea,23-273,1999,20.0,27,12,3,14,10,7,20,35.0,13,23,0,23,6,33,31,0,Matches
4fd08daa,Jan Paul van Hecke,nl NED,DF,Brighton,22-276,2000,0.9,2,1,1,1,0,1,1,100.0,0,0,0,0,4,6,2,0,Matches
169fd162,Hwang Hee-chan,kr KOR,FW,Wolves,27-044,1996,7.7,10,6,4,4,2,5,13,38.5,8,12,0,12,1,11,3,0,Matches
e5a76dfe,Dean Henderson,eng ENG,GK,Nott'ham Forest,25-364,1997,18.0,0,0,0,0,0,0,0,,0,0,0,0,0,0,12,1,Matches
935e6b8f,Jordan Henderson,eng ENG,MF,Liverpool,32-267,1990,13.7,17,11,7,8,2,6,14,42.9,8,12,3,9,13,30,13,0,Matches
76eca7e2,Wayne Hennessey,wls WAL,GK,Nott'ham Forest,36-046,1987,2.0,1,0,1,0,0,1,1,100.0,0,0,0,0,0,1,1,0,Matches
8a3c1dc7,Rico Henry,eng ENG,DF,Brentford,25-246,1997,22.8,39,20,14,19,6,14,21,66.7,7,22,7,15,19,58,57,1,Matches
92e7e919,Son Heung-min,kr KOR,"MF,FW",Tottenham,30-246,1992,20.6,16,8,3,7,6,3,15,20.0,12,17,2,15,7,23,5,0,Matches
1780bb4a,Aaron Hickey,sct SCO,DF,Brentford,20-274,2002,10.0,23,17,14,9,0,9,17,52.9,8,10,4,6,12,35,15,0,Matches
bd8a5d95,Joseph Hodge,ie IRL,MF,Wolves,20-178,2002,1.9,5,2,1,3,1,3,4,75.0,1,5,0,5,0,5,2,1,Matches
d79a8c87,Rob Holding,eng ENG,DF,Arsenal,27-172,1995,0.2,1,1,1,0,0,0,0,,0,0,0,0,0,1,1,0,Matches
d0042ab9,Mason Holgate,eng ENG,"DF,MF",Everton,26-140,1996,4.1,8,4,7,1,0,3,7,42.9,4,7,3,4,6,14,24,0,Matches
a0666d3e,Will Hughes,eng ENG,MF,Crystal Palace,27-328,1995,4.4,14,7,5,8,1,5,10,50.0,5,9,4,5,9,23,1,0,Matches
bd9553e6,Omari Hutchinson,eng ENG,FW,Chelsea,19-132,2003,0.3,0,0,0,0,0,0,0,,0,0,0,0,1,1,0,0,Matches
8b04d6c1,Pierre Højbjerg,dk DEN,MF,Tottenham,27-218,1995,24.8,38,20,20,13,5,21,40,52.5,19,40,15,25,37,75,46,1,Matches
c92e1a31,Kelechi Iheanacho,ng NGA,"FW,MF",Leicester City,26-159,1996,7.4,4,2,0,3,1,3,7,42.9,4,5,1,4,0,4,5,0,Matches
07802f7f,Danny Ings,eng ENG,FW,West Ham,30-231,1992,2.7,3,2,0,2,1,0,4,0.0,4,4,2,2,1,4,1,0,Matches
07802f7f,Danny Ings,eng ENG,FW,Aston Villa,30-231,1992,9.2,10,5,1,6,3,1,6,16.7,5,12,1,11,1,11,11,0,Matches
8e92be30,Alexander Isak,se SWE,"FW,MF",Newcastle Utd,23-171,1999,5.2,5,3,1,3,1,2,6,33.3,4,7,1,6,1,6,1,0,Matches
6ca5ec4b,Alex Iwobi,ng NGA,"MF,FW",Everton,26-312,1996,25.5,52,29,30,19,3,26,43,60.5,17,25,1,24,16,68,22,0,Matches
c931d9f9,Daniel James,wls WAL,FW,Leeds United,25-121,1997,2.2,6,2,1,3,2,3,6,50.0,3,4,0,4,2,8,2,0,Matches
c931d9f9,Daniel James,wls WAL,FW,Fulham,25-121,1997,4.0,4,3,1,2,1,3,6,50.0,3,2,1,1,1,5,4,0,Matches
1265a93a,Reece James,eng ENG,"DF,MF",Chelsea,23-093,1999,9.4,19,11,5,13,1,8,11,72.7,3,9,1,8,10,29,17,0,Matches
8449d35e,Vitaly Janelt,de GER,"MF,DF",Brentford,24-305,1998,16.1,46,22,19,19,8,18,35,51.4,17,18,7,11,17,63,21,0,Matches
172e52d8,Pontus Jansson,se SWE,DF,Brentford,32-026,1991,5.7,3,2,2,1,0,2,3,66.7,1,8,6,2,8,11,25,0,Matches
0f134faf,Mathias Jensen,dk DEN,MF,Brentford,27-069,1996,20.6,49,22,19,21,9,19,63,30.2,44,36,1,35,23,72,16,1,Matches
b66315ae,Gabriel Jesus,br BRA,FW,Arsenal,25-342,1997,13.5,19,16,9,5,5,7,16,43.8,9,15,2,13,8,27,10,1,Matches
b561db50,Raúl Jiménez,mx MEX,FW,Wolves,31-310,1991,6.3,6,5,3,3,0,2,4,50.0,2,8,0,8,0,6,6,0,Matches
c17bfb65,Joelinton,br BRA,"MF,FW",Newcastle Utd,26-209,1996,20.6,54,38,26,21,7,21,42,50.0,21,39,5,34,32,86,31,0,Matches
9319781b,Ben Johnson,eng ENG,DF,West Ham,23-046,2000,8.3,20,14,12,4,4,12,18,66.7,6,11,4,7,8,28,25,1,Matches
0cd31129,Brennan Johnson,wls WAL,"FW,MF",Nott'ham Forest,21-292,2001,22.9,21,16,10,5,6,6,16,37.5,10,24,1,23,3,24,3,1,Matches
4fb9c88f,Curtis Jones,eng ENG,"MF,FW",Liverpool,22-040,2001,2.2,4,2,1,1,2,2,4,50.0,2,1,0,1,1,5,2,0,Matches
45db685d,Jorginho,it ITA,MF,Arsenal,31-081,1991,3.9,8,4,2,5,1,1,9,11.1,8,2,1,1,4,12,3,0,Matches
45db685d,Jorginho,it ITA,MF,Chelsea,31-081,1991,14.2,42,23,22,14,6,22,46,47.8,24,18,3,15,21,63,7,0,Matches
178ae8f8,Diogo Jota,pt POR,"FW,MF",Liverpool,26-097,1996,4.5,13,8,7,4,2,6,18,33.3,12,2,0,2,2,15,2,0,Matches
570bb4b9,Hamed Junior Traorè,ci CIV,"FW,MF",Bournemouth,23-023,2000,3.4,10,7,3,5,2,5,13,38.5,8,9,0,9,2,12,0,0,Matches
fb614c44,James Justin,eng ENG,DF,Leicester City,25-016,1998,13.9,20,18,7,12,1,9,13,69.2,4,24,6,18,15,35,47,0,Matches
0db5d2c8,Mathias Jørgensen,dk DEN,DF,Brentford,32-322,1990,8.3,14,7,8,6,0,8,15,53.3,7,17,11,6,14,28,27,1,Matches
15f24fe7,Sasa Kalajdzic,at AUT,FW,Wolves,25-247,1997,0.5,0,0,0,0,0,0,0,,0,0,0,0,1,1,0,0,Matches
cc77354e,Boubacar Kamara,fr FRA,MF,Aston Villa,23-108,1999,16.9,47,22,20,19,8,22,47,46.8,25,34,11,23,17,64,22,1,Matches
21a66f6a,Harry Kane,eng ENG,FW,Tottenham,29-226,1993,25.8,9,8,0,3,6,5,12,41.7,7,19,6,13,1,10,13,0,Matches
b9fbae28,N'Golo Kanté,fr FRA,MF,Chelsea,31-347,1991,1.9,5,3,1,4,0,2,4,50.0,2,1,0,1,3,8,0,0,Matches
c5b7c315,Michael Keane,eng ENG,DF,Everton,30-059,1993,2.3,0,0,0,0,0,0,0,,0,2,0,2,1,1,16,0,Matches
18b999f4,Neeskens Kebano,cd COD,FW,Fulham,31-001,1992,7.9,12,5,7,5,0,7,13,53.8,6,12,0,12,1,13,8,0,Matches
51dbeea9,Thilo Kehrer,de GER,DF,West Ham,26-171,1996,17.5,30,19,15,11,4,16,33,48.5,17,13,5,8,23,53,48,1,Matches
f25c8e3a,Naby Keïta,gn GUI,MF,Liverpool,28-029,1995,3.3,5,4,2,3,0,1,4,25.0,3,1,0,1,2,7,3,0,Matches
f31def1e,Lloyd Kelly,eng ENG,DF,Bournemouth,24-156,1998,10.0,12,7,9,3,0,7,10,70.0,3,12,9,3,13,25,48,0,Matches
d0f72bf1,Max Kilman,eng ENG,DF,Wolves,25-292,1997,26.0,27,15,21,5,1,12,21,57.1,9,49,29,20,16,43,119,0,Matches
282679b4,Mateusz Klich,pl POL,"MF,FW",Leeds United,32-271,1990,3.1,12,8,3,4,5,7,13,53.8,6,4,0,4,0,12,1,0,Matches
ea6bc03a,Robin Koch,de GER,DF,Leeds United,26-237,1996,23.5,39,22,26,10,3,20,35,57.1,15,30,13,17,36,75,92,1,Matches
5ed9b537,Ibrahima Konaté,fr FRA,DF,Liverpool,23-290,1999,6.2,14,9,9,5,0,5,10,50.0,5,3,2,1,10,24,25,2,Matches
0313a347,Ezri Konsa,eng ENG,DF,Aston Villa,25-139,1997,23.9,29,9,18,9,2,12,14,85.7,2,27,17,10,19,48,87,3,Matches
da974c7b,Kalidou Koulibaly,sn SEN,DF,Chelsea,31-264,1991,14.9,29,19,19,8,2,13,23,56.5,10,20,7,13,21,50,53,0,Matches
8d3c902d,Cheikhou Kouyaté,sn SEN,"MF,DF",Nott'ham Forest,33-080,1989,7.8,20,15,10,8,2,5,8,62.5,3,13,1,12,5,25,20,0,Matches
79c0821a,Mateo Kovačić,hr CRO,MF,Chelsea,28-309,1994,11.1,25,16,10,11,4,9,17,52.9,8,6,1,5,13,38,9,0,Matches
77cf6852,Emil Krafth,se SWE,DF,Newcastle Utd,28-221,1994,0.0,0,0,0,0,0,0,0,,0,0,0,0,0,0,0,0,Matches
df3cda47,Dejan Kulusevski,se SWE,"MF,FW",Tottenham,22-320,2000,15.3,27,9,17,3,7,11,28,39.3,17,12,0,12,4,31,5,0,Matches
41e7ef1c,Layvin Kurzawa,fr FRA,DF,Fulham,30-188,1992,1.5,3,2,1,1,1,3,3,100.0,0,1,1,0,2,5,4,0,Matches
99813635,Adam Lallana,eng ENG,"MF,FW",Brighton,34-305,1988,8.0,9,4,6,2,1,0,7,0.0,7,6,0,6,2,11,1,0,Matches
f4e433d4,Tariq Lamptey,gh GHA,DF,Brighton,22-162,2000,5.0,11,6,6,4,1,5,7,71.4,2,7,3,4,7,18,2,0,Matches
26f6dca8,Manuel Lanzini,ar ARG,"MF,FW",West Ham,30-024,1993,1.7,0,0,0,0,0,0,2,0.0,2,1,0,1,1,1,0,0,Matches
119b9a8e,Aymeric Laporte,es ESP,DF,Manchester City,28-288,1994,6.2,2,1,2,0,0,0,0,,0,10,3,7,2,4,17,1,Matches
cf7fb13a,Juan Larios,es ESP,DF,Southampton,19-058,2004,1.7,7,6,6,1,0,5,5,100.0,0,2,0,2,3,10,4,0,Matches
450ab6fc,Jamaal Lascelles,eng ENG,DF,Newcastle Utd,29-120,1993,2.2,1,0,1,0,0,1,1,100.0,0,3,2,1,0,1,16,0,Matches
ecad9aa5,Roméo Lavia,be BEL,MF,Southampton,19-064,2004,12.9,32,17,15,15,2,9,19,47.4,10,26,7,19,18,50,8,0,Matches
0bdda685,Dexter Lembikisa,jm JAM,DF,Wolves,19-127,2003,0.3,0,0,0,0,0,0,0,,0,0,0,0,0,0,0,0,Matches
2b471f99,Mario Lemina,ga GAB,MF,Wolves,29-191,1993,4.6,10,7,6,4,0,3,5,60.0,2,11,3,8,6,16,11,0,Matches
4f28a6ff,Clément Lenglet,fr FRA,DF,Tottenham,27-267,1995,13.2,18,9,9,7,2,9,17,52.9,8,18,6,12,12,30,29,2,Matches
2628fd2b,Bernd Leno,de GER,GK,Fulham,31-007,1992,24.0,0,0,0,0,0,0,2,0.0,2,0,0,0,0,0,12,0,Matches
9b5ce51a,Jefferson Lerma,co COL,"MF,DF",Bournemouth,28-137,1994,23.4,33,18,16,13,4,15,24,62.5,9,18,9,9,25,58,74,1,Matches
efb9215a,Jamal Lewis,nir NIR,DF,Newcastle Utd,25-045,1998,0.1,0,0,0,0,0,0,0,,0,0,0,0,0,0,0,0,Matches
b57e066e,Rico Lewis,eng ENG,"DF,MF",Manchester City,18-110,2004,6.0,13,8,7,5,1,5,9,55.6,4,4,1,3,3,16,8,0,Matches
41f08ac8,Keane Lewis-Potter,eng ENG,"FW,MF",Brentford,22-017,2001,3.6,1,0,0,1,0,0,0,,0,5,1,4,0,1,2,0,Matches
f5deef4c,Victor Lindelöf,se SWE,DF,Manchester Utd,28-237,1994,6.0,8,6,4,3,1,5,6,83.3,1,6,3,3,9,17,28,0,Matches
810e3c74,Jesse Lingard,eng ENG,"FW,MF",Nott'ham Forest,30-086,1992,9.7,3,3,2,1,0,0,3,0.0,3,11,0,11,5,8,4,0,Matches
bba30585,Diego Llorente,es ESP,DF,Leeds United,29-207,1993,7.2,13,10,8,5,0,4,8,50.0,4,6,2,4,15,28,24,2,Matches
8f62b6ee,Hugo Lloris,fr FRA,GK,Tottenham,36-075,1986,21.0,1,1,1,0,0,1,2,50.0,1,0,0,0,1,2,11,4,Matches
ed9f7cfe,Renan Lodi,br BRA,DF,Nott'ham Forest,24-337,1998,14.9,32,22,22,7,3,21,37,56.8,16,16,4,12,21,53,46,0,Matches
e97fd090,Ruben Loftus-Cheek,eng ENG,"MF,DF",Chelsea,27-047,1996,13.1,21,12,8,10,3,9,18,50.0,9,12,2,10,11,32,19,0,Matches
a2b105e0,Sean Longstaff,eng ENG,MF,Newcastle Utd,25-132,1997,20.4,31,19,11,14,6,15,41,36.6,26,31,7,24,13,44,19,0,Matches
b2856bc0,Jamal Lowe,jm JAM,"MF,FW",Bournemouth,28-233,1994,0.1,0,0,0,0,0,0,0,,0,0,0,0,0,0,0,0,Matches
6f7d826d,Douglas Luiz,br BRA,MF,Aston Villa,24-306,1998,19.7,44,24,21,15,8,15,33,45.5,18,27,5,22,29,73,13,1,Matches
c6e8cf1f,Saša Lukić,rs SRB,MF,Fulham,26-210,1996,1.3,2,2,1,1,0,0,0,,0,1,0,1,1,3,1,0,Matches
b5bf1770,Lyanco,br BRA,DF,Southampton,26-038,1997,7.8,15,10,9,6,0,8,13,61.5,5,10,8,2,13,28,28,2,Matches
83d074ff,Alexis Mac Allister,ar ARG,MF,Brighton,24-077,1998,19.2,51,30,15,31,5,25,50,50.0,25,15,1,14,21,72,5,1,Matches
ee38d9c5,James Maddison,eng ENG,"MF,FW",Leicester City,26-108,1996,16.1,29,14,13,11,5,12,33,36.4,21,9,0,9,10,39,5,0,Matches
bf34eebd,Noni Madueke,eng ENG,FW,Chelsea,21-001,2002,2.0,3,3,2,1,0,1,1,100.0,0,8,1,7,0,3,0,0,Matches
d8931174,Harry Maguire,eng ENG,DF,Manchester Utd,30-006,1993,5.3,5,4,4,0,1,3,4,75.0,1,15,10,5,7,12,24,0,Matches
892d5bb1,Riyad Mahrez,dz ALG,"FW,MF",Manchester City,32-018,1991,11.8,14,7,2,6,6,9,22,40.9,13,16,0,16,5,19,2,0,Matches
c6220452,Kobbie Mainoo,eng ENG,MF,Manchester Utd,17-326,2005,0.1,0,0,0,0,0,0,0,,0,1,1,0,0,0,0,0,Matches
e3a5814e,Ainsley Maitland-Niles,eng ENG,"DF,MF",Southampton,25-194,1997,10.0,34,17,18,13,3,22,31,71.0,9,19,3,16,12,46,28,0,Matches
6b6c793c,Tyrell Malacia,nl NED,DF,Manchester Utd,23-206,1999,10.2,29,19,23,5,1,9,17,52.9,8,9,2,7,16,45,36,0,Matches
a572e291,Orel Mangala,be BEL,MF,Nott'ham Forest,24-358,1998,7.9,15,8,9,5,1,8,14,57.1,6,8,2,6,11,26,4,0,Matches
758dd7f0,Javier Manquillo,es ESP,DF,Newcastle Utd,28-310,1994,0.1,1,0,1,0,0,1,1,100.0,0,0,0,0,0,1,0,0,Matches
3544641e,Sekou Mara,fr FRA,"FW,MF",Southampton,20-224,2002,4.6,13,9,5,7,1,3,8,37.5,5,6,0,6,1,14,5,0,Matches
bb5fbd2b,Solly March,eng ENG,"FW,DF",Brighton,28-234,1994,21.9,37,21,13,10,14,5,20,25.0,15,25,3,22,18,55,23,0,Matches
4d960fc3,Emiliano Marcondes,dk DEN,MF,Bournemouth,28-002,1995,0.1,0,0,0,0,0,0,0,,0,0,0,0,0,0,1,0,Matches
59878425,Marquinhos,br BRA,MF,Arsenal,19-338,2003,0.0,0,0,0,0,0,0,0,,0,0,0,0,0,0,0,0,Matches
8b788c01,Anthony Martial,fr FRA,FW,Manchester Utd,27-096,1995,5.1,0,0,0,0,0,0,1,0.0,1,3,0,3,1,1,2,0,Matches
48a5a5d6,Martinelli,br BRA,FW,Arsenal,21-266,2001,23.3,19,11,8,5,6,3,13,23.1,10,18,1,17,8,27,11,0,Matches
7956236f,Emiliano Martínez,ar ARG,GK,Aston Villa,30-190,1992,22.4,0,0,0,0,0,0,2,0.0,2,0,0,0,1,1,10,1,Matches
bac46a10,Lisandro Martínez,ar ARG,DF,Manchester Utd,25-052,1998,19.6,44,22,27,15,2,27,36,75.0,9,42,24,18,27,71,85,0,Matches
feb5d972,Pape Matar Sarr,sn SEN,MF,Tottenham,20-178,2002,1.5,6,5,4,1,1,3,7,42.9,4,0,0,0,5,11,4,0,Matches
50e6dc35,Jean-Philippe Mateta,fr FRA,FW,Crystal Palace,25-256,1997,7.6,5,1,2,2,1,1,3,33.3,2,3,1,2,3,8,15,0,Matches
b217ef29,Joël Matip,cm CMR,DF,Liverpool,31-215,1991,9.1,12,6,10,2,0,9,15,60.0,6,6,2,4,11,23,38,3,Matches
4bcf39f6,Neal Maupay,fr FRA,FW,Everton,26-209,1996,10.5,10,5,2,4,4,1,1,100.0,0,4,0,4,3,13,0,0,Matches
493924a7,Kevin Mbabu,ch SUI,"DF,FW",Fulham,27-326,1995,1.6,3,2,2,1,0,1,3,33.3,2,2,0,2,3,6,3,0,Matches
6afaebf2,Bryan Mbeumo,cm CMR,FW,Brentford,23-216,1999,20.4,14,8,5,5,4,4,23,17.4,19,11,0,11,4,18,12,0,Matches
cee31595,James McArthur,sct SCO,MF,Crystal Palace,35-155,1987,0.1,0,0,0,0,0,0,0,,0,0,0,0,0,0,0,0,Matches
90f91999,John McGinn,sct SCO,MF,Aston Villa,28-144,1994,16.9,45,28,21,20,4,23,40,57.5,17,33,4,29,16,61,9,0,Matches
4e5a4cbc,Scott McKenna,sct SCO,DF,Nott'ham Forest,26-119,1996,16.2,12,7,7,3,2,6,10,60.0,4,20,14,6,11,23,81,1,Matches
01c3aff5,Weston McKennie,us USA,MF,Leeds United,24-195,1998,5.2,8,4,2,5,1,1,10,10.0,9,11,0,11,5,13,10,0,Matches
fc15fb84,Dwight McNeil,eng ENG,"FW,MF",Everton,23-109,1999,15.8,40,25,25,6,9,13,26,50.0,13,27,0,27,17,57,16,0,Matches
d93c2511,Scott McTominay,sct SCO,MF,Manchester Utd,26-093,1996,9.1,21,17,11,6,4,7,12,58.3,5,7,3,4,10,31,34,0,Matches
8df7a2fb,Ben Mee,eng ENG,DF,Brentford,33-171,1989,22.4,22,12,14,8,0,10,20,50.0,10,37,29,8,33,55,79,1,Matches
33887998,Edouard Mendy,sn SEN,GK,Chelsea,31-010,1992,8.5,0,0,0,0,0,0,0,,0,0,0,0,0,0,3,2,Matches
1598599e,Nampalys Mendy,sn SEN,MF,Leicester City,30-261,1992,6.1,8,4,4,4,0,5,10,50.0,5,10,3,7,9,17,2,0,Matches
fed96827,Chris Mepham,wls WAL,DF,Bournemouth,25-126,1997,19.4,33,16,27,6,0,11,18,61.1,7,33,23,10,20,53,118,0,Matches
6b625ac2,Illan Meslier,fr FRA,GK,Leeds United,23-009,2000,25.0,1,0,1,0,0,1,3,33.3,2,0,0,0,1,2,18,1,Matches
10ec4169,Alexander Mighten,eng ENG,FW,Nott'ham Forest,20-334,2002,0.1,0,0,0,0,0,0,1,0.0,1,0,0,0,0,0,0,0,Matches
2ce2508a,Luka Milivojević,rs SRB,MF,Crystal Palace,31-338,1991,3.3,10,6,5,3,2,6,6,100.0,0,8,1,7,6,16,8,0,Matches
2f90f6b8,James Milner,eng ENG,"MF,DF",Liverpool,37-066,1986,7.7,18,9,6,8,4,10,26,38.5,16,12,2,10,10,28,13,0,Matches
6d5701f2,Yerry Mina,co COL,DF,Everton,28-169,1994,2.6,9,4,4,5,0,7,7,100.0,0,2,1,1,2,11,9,0,Matches
8397a50c,Tyrone Mings,eng ENG,DF,Aston Villa,29-363,1993,22.0,8,2,4,4,0,4,10,40.0,6,24,13,11,34,42,95,1,Matches
5cbd1eb0,Tyrick Mitchell,eng ENG,DF,Crystal Palace,23-191,1999,19.1,41,25,24,15,2,15,31,48.4,16,30,7,23,25,66,51,0,Matches
74618572,Kaoru Mitoma,jp JPN,"FW,MF",Brighton,25-295,1997,12.2,26,16,10,9,7,11,20,55.0,9,12,0,12,7,33,8,0,Matches
3925dbd6,Aleksandar Mitrović,rs SRB,FW,Fulham,28-176,1994,19.1,13,7,7,4,2,5,10,50.0,5,17,4,13,3,16,17,1,Matches
01ce9e70,Kieffer Moore,wls WAL,FW,Bournemouth,30-215,1992,12.4,13,11,2,8,3,5,16,31.3,11,10,5,5,1,14,20,0,Matches
c4720845,Andrew Moran,ie IRL,FW,Brighton,19-147,2003,0.1,0,0,0,0,0,0,0,,0,1,0,1,0,0,0,0,Matches
16e9d0ea,Álex Moreno,es ESP,DF,Aston Villa,29-276,1993,4.7,7,4,5,1,1,6,14,42.9,8,8,2,6,2,9,9,1,Matches
9674002f,Mason Mount,eng ENG,"MF,FW",Chelsea,24-060,1999,18.1,32,18,6,15,11,14,25,56.0,11,24,6,18,7,39,9,0,Matches
2b622f01,Lucas Moura,br BRA,"MF,DF",Tottenham,30-210,1992,1.3,7,5,1,2,4,1,2,50.0,1,0,0,0,2,9,1,0,Matches
f5a00fa4,João Moutinho,pt POR,MF,Wolves,36-184,1986,17.4,42,23,20,17,5,15,40,37.5,25,20,6,14,15,57,16,0,Matches
92868cb5,Divin Mubama,eng ENG,FW,West Ham,18-137,2004,0.0,0,0,0,0,0,0,0,,0,0,0,0,0,0,0,0,Matches
049a888d,Mykhailo Mudryk,ua UKR,FW,Chelsea,22-065,2001,2.0,6,6,1,2,3,2,5,40.0,3,3,1,2,0,6,1,0,Matches
de112b84,Jacob Murphy,eng ENG,FW,Newcastle Utd,28-015,1995,6.6,10,5,3,6,1,6,11,54.5,5,9,0,9,2,12,2,0,Matches
1d5cab82,Enock Mwepu,zm ZAM,"FW,MF",Brighton,25-069,1998,2.4,10,5,1,6,3,3,4,75.0,1,3,1,2,1,11,1,0,Matches
30d4a2e5,Vitaliy Mykolenko,ua UKR,"DF,MF",Everton,23-286,1999,23.8,42,22,29,12,1,20,38,52.6,18,38,14,24,32,74,73,0,Matches
ecada4fc,Keylor Navas,cr CRC,GK,Nott'ham Forest,36-086,1986,5.0,0,0,0,0,0,0,0,,0,0,0,0,0,0,5,0,Matches
6b47c5db,Wilfred Ndidi,ng NGA,"MF,DF",Leicester City,26-085,1996,11.1,36,27,18,15,3,10,27,37.0,17,19,9,10,19,55,23,1,Matches
c5bdb6e3,Reiss Nelson,eng ENG,FW,Arsenal,23-091,1999,1.0,1,0,1,0,0,1,1,100.0,0,0,0,0,0,1,0,0,Matches
a9dc785c,Neto,br BRA,GK,Bournemouth,33-235,1989,14.5,2,0,2,0,0,2,2,100.0,0,0,0,0,0,2,4,2,Matches
7ba2eaa9,Pedro Neto,pt POR,"FW,MF",Wolves,23-002,2000,7.2,10,6,3,3,4,6,12,50.0,6,2,0,2,3,13,2,0,Matches
44bfb6c5,Rúben Neves,pt POR,MF,Wolves,25-363,1997,25.0,62,34,25,25,12,23,52,44.2,29,42,19,23,36,98,69,1,Matches
00242715,Moussa Niakhate,fr FRA,DF,Nott'ham Forest,27-003,1996,1.8,1,0,1,0,0,1,4,25.0,3,1,1,0,1,2,18,0,Matches
39769cff,Rasmus Nissen,dk DEN,DF,Leeds United,25-243,1997,13.1,42,22,23,14,5,27,39,69.2,12,20,9,11,21,63,36,0,Matches
a53649b7,Eddie Nketiah,eng ENG,FW,Arsenal,23-285,1999,11.1,12,9,5,2,5,2,6,33.3,4,7,1,6,1,13,7,0,Matches
e6af02e0,Matheus Nunes,pt POR,MF,Wolves,24-196,1998,18.6,44,29,20,15,9,14,34,41.2,20,16,2,14,11,55,24,1,Matches
4d77b365,Darwin Núñez,uy URU,FW,Liverpool,23-260,1999,14.2,7,4,2,3,2,4,13,30.8,9,9,0,9,3,10,9,0,Matches
7f94982c,Ethan Nwaneri,eng ENG,FW,Arsenal,15-355,2007,0.0,0,0,0,0,0,0,0,,0,1,0,1,0,0,0,0,Matches
df0a4c90,Christian Nørgaard,dk DEN,MF,Brentford,29-001,1994,12.6,29,16,13,15,1,10,27,37.0,17,18,6,12,23,52,29,2,Matches
089667a5,Lewis O'Brien,eng ENG,MF,Nott'ham Forest,24-148,1998,6.5,16,9,4,11,1,6,12,50.0,6,13,2,11,5,21,9,0,Matches
74b2cd7e,Angelo Ogbonna,it ITA,DF,West Ham,34-292,1988,7.9,10,3,6,4,0,4,5,80.0,1,4,1,3,9,19,34,1,Matches
c4486bac,Michael Olise,fr FRA,"MF,FW",Crystal Palace,21-089,2001,17.9,37,20,18,16,3,15,33,45.5,18,26,1,25,10,47,10,0,Matches
e7ee38c3,Robin Olsen,se SWE,GK,Aston Villa,33-062,1990,2.6,0,0,0,0,0,0,1,0.0,1,0,0,0,0,0,1,0,Matches
828657ff,Amadou Onana,be BEL,MF,Everton,21-207,2001,21.1,57,37,20,32,5,22,33,66.7,11,19,5,14,25,82,29,0,Matches
6612cd8c,Josh Onomah,eng ENG,MF,Fulham,25-318,1997,0.2,1,0,1,0,0,0,0,,0,1,0,1,0,1,0,0,Matches
c06d1086,Paul Onuachu,ng NGA,FW,Southampton,28-287,1994,2.6,0,0,0,0,0,0,1,0.0,1,2,1,1,0,0,1,0,Matches
2944f86f,Frank Onyeka,ng NGA,MF,Brentford,25-069,1998,4.9,12,9,6,5,1,7,15,46.7,8,8,2,6,5,17,7,0,Matches
ee950928,Mislav Oršić,hr CRO,MF,Southampton,30-072,1992,0.1,1,1,1,0,0,0,0,,0,0,0,0,0,1,0,0,Matches
2f9e4435,Dango Ouattara,bf BFA,"MF,FW",Bournemouth,21-028,2002,5.4,5,4,3,2,0,2,4,50.0,2,6,2,4,7,12,11,1,Matches
38c7feef,Alex Oxlade-Chamberlain,eng ENG,"FW,MF",Liverpool,29-208,1993,3.5,5,4,1,2,2,1,3,33.3,2,4,1,3,1,6,4,0,Matches
d00d45ab,David Ozoh,,FW,Crystal Palace,17-284,2005,0.0,0,0,0,0,0,0,0,,0,0,0,0,0,0,0,0,Matches
a78ff07f,João Palhinha,pt POR,MF,Fulham,27-245,1995,23.7,101,58,34,45,22,45,77,58.4,32,33,4,29,33,134,49,1,Matches
dc7f8a28,Cole Palmer,eng ENG,"FW,MF",Manchester City,20-309,2002,1.3,3,1,0,1,2,1,1,100.0,0,0,0,0,1,4,1,0,Matches
e0bc6fdc,Emerson Palmieri,it ITA,DF,West Ham,28-220,1994,8.0,10,5,5,5,0,5,12,41.7,7,8,0,8,8,18,19,0,Matches
9b6f7fd5,Lucas Paquetá,br BRA,MF,West Ham,25-196,1997,13.8,30,22,12,14,4,10,31,32.3,21,26,3,23,10,40,24,0,Matches
529f49ab,Thomas Partey,gh GHA,MF,Arsenal,29-271,1993,18.7,47,28,13,24,10,20,37,54.1,17,16,4,12,20,67,31,1,Matches
230f0471,Nathan Patterson,sct SCO,"DF,MF",Everton,21-146,2001,11.0,39,17,25,11,3,23,33,69.7,10,19,3,16,11,50,34,0,Matches
a6b461e7,Ben Pearson,eng ENG,MF,Bournemouth,28-066,1995,3.2,7,3,3,3,1,1,3,33.3,2,4,0,4,2,9,6,0,Matches
ac7e7b1c,Facundo Pellistri,uy URU,FW,Manchester Utd,21-081,2001,0.4,0,0,0,0,0,0,0,,0,0,0,0,0,0,0,0,Matches
6639e500,Andreas Pereira,br BRA,MF,Fulham,27-069,1996,24.1,13,6,2,4,7,6,19,31.6,13,20,3,17,4,17,6,0,Matches
75a72a99,Ricardo Pereira,pt POR,"DF,FW",Leicester City,29-156,1993,1.1,2,1,1,1,0,1,3,33.3,2,0,0,0,0,2,2,0,Matches
819aa8e7,Ayoze Pérez,es ESP,"MF,FW",Leicester City,29-225,1993,4.2,11,8,5,4,2,8,19,42.1,11,6,0,6,2,13,3,0,Matches
6fe90922,Ivan Perišić,hr CRO,"DF,MF",Tottenham,34-037,1989,16.9,30,15,17,6,7,16,31,51.6,15,19,2,17,17,47,29,1,Matches
6dfd8f05,Romain Perraud,fr FRA,DF,Southampton,25-170,1997,14.9,37,24,14,17,6,18,31,58.1,13,15,4,11,17,54,25,0,Matches
53552942,Máximo Perrone,ar ARG,MF,Manchester City,20-063,2003,0.2,0,0,0,0,0,0,0,,0,0,0,0,0,0,0,0,Matches
4f565d77,Kalvin Phillips,eng ENG,MF,Manchester City,27-099,1995,0.7,3,3,1,2,0,1,4,25.0,3,3,1,2,2,5,5,0,Matches
515ebe8d,Nathaniel Phillips,eng ENG,DF,Liverpool,25-355,1997,0.7,2,1,0,2,0,2,2,100.0,0,0,0,0,2,4,1,0,Matches
4806ec67,Jordan Pickford,eng ENG,GK,Everton,29-004,1994,25.0,0,0,0,0,0,0,0,,0,0,0,0,2,2,15,3,Matches
e541326e,Ethan Pinnock,jm JAM,DF,Brentford,29-286,1993,16.0,19,11,11,3,5,3,7,42.9,4,16,13,3,18,37,136,1,Matches
7fcc71d8,Daniel Podence,pt POR,"FW,MF",Wolves,27-141,1995,15.4,24,15,11,9,4,6,21,28.6,15,13,0,13,5,29,6,0,Matches
4b40d9ca,Nick Pope,eng ENG,GK,Newcastle Utd,30-326,1992,23.2,1,0,1,0,0,1,3,33.3,2,0,0,0,0,1,19,1,Matches
27d0a506,Pedro Porro,es ESP,DF,Tottenham,23-179,1999,1.7,1,0,0,1,0,0,3,0.0,3,6,0,6,3,4,4,0,Matches
86695068,Dennis Praet,be BEL,"MF,FW",Leicester City,28-301,1994,5.7,11,8,5,5,1,6,9,66.7,3,10,2,8,4,15,4,0,Matches
b9403c99,Isaac Price,nir NIR,MF,Everton,19-166,2003,0.4,0,0,0,0,0,0,1,0.0,1,1,1,0,0,0,0,0,Matches
1bf33a9a,Christian Pulisic,us USA,"FW,DF",Chelsea,24-174,1998,6.8,11,6,3,6,2,3,5,60.0,2,4,0,4,2,13,4,0,Matches
466fb2c5,Aaron Ramsdale,eng ENG,GK,Arsenal,24-301,1998,26.0,1,1,1,0,0,1,1,100.0,0,0,0,0,0,1,14,4,Matches
1544f145,Jacob Ramsey,eng ENG,"MF,FW",Aston Villa,21-287,2001,16.6,47,30,19,22,6,21,38,55.3,17,36,6,30,15,62,21,0,Matches
a1d5bd30,Marcus Rashford,eng ENG,FW,Manchester Utd,25-131,1997,22.6,19,9,7,8,4,9,19,47.4,10,24,3,21,5,24,6,0,Matches
98ea5115,David Raya,es ESP,GK,Brentford,27-177,1995,24.0,0,0,0,0,0,0,2,0.0,2,1,0,1,0,0,6,1,Matches
28b40c9c,Tim Ream,us USA,DF,Fulham,35-157,1987,26.0,26,14,12,11,3,9,20,45.0,11,35,20,15,39,65,95,0,Matches
ab651565,Nathan Redmond,eng ENG,DF,Southampton,29-005,1994,0.0,0,0,0,0,0,0,0,,0,0,0,0,0,0,0,0,Matches
803ae100,Harrison Reed,eng ENG,MF,Fulham,28-043,1995,22.7,26,18,8,15,3,10,31,32.3,21,36,5,31,15,41,28,0,Matches
0f7533cd,Bobby Reid,jm JAM,"FW,DF",Fulham,30-037,1993,21.9,36,20,14,10,12,14,26,53.8,12,21,3,18,17,53,26,0,Matches
1c7012b8,Declan Rice,eng ENG,MF,West Ham,24-056,1999,25.0,51,21,24,25,2,17,26,65.4,9,27,11,16,38,89,39,0,Matches
0a3d6d2b,Chris Richards,us USA,DF,Crystal Palace,22-348,2000,4.0,7,5,6,1,0,4,6,66.7,2,9,1,8,8,15,28,0,Matches
fa031b34,Richarlison,br BRA,"MF,FW",Tottenham,25-305,1997,7.4,17,12,10,4,3,9,21,42.9,12,11,1,10,4,21,7,0,Matches
7a1f2c08,Jaïro Riedewald,nl NED,"DF,FW",Crystal Palace,26-183,1996,0.5,2,1,2,0,0,0,1,0.0,1,1,0,1,0,2,4,0,Matches
71ef519e,Matt Ritchie,sct SCO,"MF,FW",Newcastle Utd,33-182,1989,0.3,0,0,0,0,0,0,0,,0,0,0,0,1,1,0,0,Matches
2e4f5f03,Andrew Robertson,sct SCO,DF,Liverpool,29-000,1994,18.7,23,15,7,11,5,11,22,50.0,11,17,4,13,15,38,32,1,Matches
289601e6,Antonee Robinson,us USA,DF,Fulham,25-215,1997,22.3,36,22,27,8,1,23,30,76.7,7,36,10,26,33,69,51,1,Matches
da27e268,Marc Roca,es ESP,MF,Leeds United,26-105,1996,16.3,41,27,14,25,2,11,34,32.4,23,21,7,14,19,60,15,0,Matches
17acc2ed,Marek Rodák,sk SVK,GK,Fulham,26-088,1996,2.0,0,0,0,0,0,0,0,,0,0,0,0,0,0,1,1,Matches
6434f10d,Rodri,es ESP,MF,Manchester City,26-262,1996,23.9,53,34,22,22,9,22,38,57.9,16,35,13,22,27,80,31,1,Matches
1fb1c435,Rodrigo,es ESP,"FW,MF",Leeds United,32-005,1991,14.4,10,4,1,5,4,4,10,40.0,6,10,2,8,3,13,16,1,Matches
57c94db2,Mads Roerslev,dk DEN,DF,Brentford,23-260,1999,10.4,16,10,14,2,0,10,24,41.7,14,11,5,6,8,24,31,0,Matches
a3d94a58,Cristian Romero,ar ARG,DF,Tottenham,24-318,1998,16.3,44,23,25,18,1,16,26,61.5,10,18,7,11,25,69,54,2,Matches
4b511457,Oriol Romeu,es ESP,MF,Southampton,31-168,1991,0.8,1,0,0,1,0,0,0,,0,1,0,1,1,2,1,0,Matches
dea698d9,Cristiano Ronaldo,pt POR,FW,Manchester Utd,38-034,1985,5.8,2,2,1,0,1,1,2,50.0,1,0,0,0,1,3,9,0,Matches
1b804500,Connor Ronan,ie IRL,MF,Wolves,25-005,1998,0.0,0,0,0,0,0,0,0,,0,0,0,0,0,0,0,0,Matches
b318a643,Salomón Rondón,ve VEN,FW,Everton,33-176,1989,1.2,0,0,0,0,0,0,0,,0,1,1,0,0,0,0,0,Matches
10a10454,Joe Rothwell,eng ENG,MF,Bournemouth,28-059,1995,3.4,5,2,1,4,0,1,5,20.0,4,7,2,5,4,9,2,0,Matches
c64c01fc,Georginio Rutter,fr FRA,"FW,MF",Leeds United,20-325,2002,2.0,6,6,3,3,0,2,4,50.0,2,1,0,1,3,9,3,0,Matches
903b6e8b,José Sá,pt POR,GK,Wolves,30-053,1993,26.0,1,0,1,0,0,1,1,100.0,0,0,0,0,0,1,8,2,Matches
e280527c,Marcel Sabitzer,at AUT,MF,Manchester Utd,28-359,1994,3.1,9,6,2,7,0,2,4,50.0,2,5,1,4,4,13,8,0,Matches
2b16cb1a,Allan Saint-Maximin,fr FRA,FW,Newcastle Utd,25-364,1997,8.4,5,3,2,3,0,2,6,33.3,4,3,0,3,4,9,1,0,Matches
bc7dc64d,Bukayo Saka,eng ENG,FW,Arsenal,21-187,2001,24.9,36,22,13,9,14,8,21,38.1,13,29,0,29,13,49,17,0,Matches
e342ad68,Mohamed Salah,eg EGY,FW,Liverpool,30-269,1992,24.7,13,9,3,3,7,7,15,46.7,8,15,0,15,4,17,3,0,Matches
972aeb2a,William Saliba,fr FRA,DF,Arsenal,21-352,2001,25.8,30,17,19,9,2,14,17,82.4,3,11,8,3,18,48,78,4,Matches
0b33f6ad,Mohammed Salisu,gh GHA,DF,Southampton,23-328,1999,21.0,50,28,33,15,2,24,32,75.0,8,53,22,31,30,80,116,1,Matches
1b4f1169,Albert Sambi Lokonga,be BEL,MF,Arsenal,23-140,1999,2.2,1,1,0,0,1,0,2,0.0,2,1,0,1,5,6,2,0,Matches
1b4f1169,Albert Sambi Lokonga,be BEL,MF,Crystal Palace,23-140,1999,3.2,9,8,4,3,2,4,7,57.1,3,4,2,2,3,12,4,0,Matches
da7b447d,Davinson Sánchez,co COL,DF,Tottenham,26-272,1996,6.4,15,6,10,4,1,9,9,100.0,0,9,6,3,10,25,25,0,Matches
6a713852,Robert Sánchez,es ESP,GK,Brighton,25-113,1997,22.0,1,0,1,0,0,0,0,,0,0,0,0,3,4,8,2,Matches
dbf053da,Jadon Sancho,eng ENG,"FW,MF",Manchester Utd,22-351,2000,9.5,6,4,4,1,1,3,8,37.5,5,8,0,8,4,10,3,0,Matches
6e7f1353,Morgan Sanson,fr FRA,MF,Aston Villa,28-205,1994,0.1,2,1,1,1,0,1,1,100.0,0,0,0,0,0,2,0,0,Matches
9744ff80,Pablo Sarabia,es ESP,"FW,MF",Wolves,30-304,1992,5.2,7,5,2,3,2,3,9,33.3,6,3,0,3,0,7,1,0,Matches
ac0d576d,Jeremy Sarmiento,ec ECU,MF,Brighton,20-268,2002,1.9,6,3,4,1,1,2,4,50.0,2,2,0,2,1,7,0,0,Matches
8790f988,Gianluca Scamacca,it ITA,FW,West Ham,24-069,1999,10.3,10,5,1,3,6,2,2,100.0,0,3,0,3,4,14,5,0,Matches
2964fd20,Gustavo Scarpa,br BRA,"MF,FW",Nott'ham Forest,29-065,1994,1.8,4,1,2,1,1,2,4,50.0,2,3,0,3,0,4,3,0,Matches
52afb588,Kevin Schade,de GER,"FW,MF",Brentford,21-104,2001,0.8,2,1,1,1,0,0,0,,0,2,0,2,0,2,1,0,Matches
c8aa95da,Fabian Schär,ch SUI,DF,Newcastle Utd,31-081,1991,21.8,27,10,18,8,1,13,18,72.2,5,24,14,10,37,64,92,0,Matches
3312f911,Jeffrey Schlupp,gh GHA,"MF,FW",Crystal Palace,30-078,1992,19.9,46,33,21,20,5,18,34,52.9,16,29,6,23,21,67,27,0,Matches
d04b94db,Nélson Semedo,pt POR,DF,Wolves,29-115,1993,18.1,52,32,34,15,3,25,41,61.0,16,27,10,17,19,71,52,1,Matches
efd2ec23,Antoine Semenyo,gh GHA,"FW,MF",Bournemouth,23-063,2000,2.2,1,0,0,0,1,1,4,25.0,3,7,1,6,1,2,3,0,Matches
35141f4c,Marcos Senesi,ar ARG,DF,Bournemouth,25-305,1997,18.9,36,24,24,12,0,15,27,55.6,12,32,16,16,26,62,105,0,Matches
6aa3e78b,Ryan Sessegnon,eng ENG,DF,Tottenham,22-297,2000,9.0,17,11,9,8,0,7,12,58.3,5,8,1,7,6,23,17,1,Matches
9c94165b,Luke Shaw,eng ENG,DF,Manchester Utd,27-242,1995,19.5,34,19,21,11,2,21,26,80.8,5,36,10,26,25,59,38,2,Matches
3727dd3c,Jonjo Shelvey,eng ENG,MF,Newcastle Utd,31-012,1992,0.4,1,0,1,0,0,0,1,0.0,1,1,0,1,0,1,0,0,Matches
3727dd3c,Jonjo Shelvey,eng ENG,MF,Nott'ham Forest,31-012,1992,2.9,1,0,0,1,0,1,5,20.0,4,6,2,4,2,3,6,0,Matches
3eb22ec9,Bernardo Silva,pt POR,"MF,FW",Manchester City,28-213,1994,19.0,41,22,11,23,7,18,34,52.9,16,16,3,13,12,53,5,0,Matches
86e7deaf,Thiago Silva,br BRA,DF,Chelsea,38-170,1984,20.1,33,21,18,15,0,17,22,77.3,5,30,22,8,29,62,91,2,Matches
26d3b5be,Ellis Simms,eng ENG,FW,Everton,22-065,2001,1.1,0,0,0,0,0,0,0,,0,0,0,0,0,0,0,0,Matches
8e16dd48,Luis Sinisterra,co COL,FW,Leeds United,23-267,1999,6.0,14,9,3,9,2,7,12,58.3,5,4,0,4,6,20,1,0,Matches
6250083a,Oliver Skipp,eng ENG,MF,Tottenham,22-176,2000,5.2,8,6,2,5,1,4,10,40.0,6,4,0,4,4,12,7,0,Matches
20b104bc,Adam Smith,eng ENG,DF,Bournemouth,31-316,1991,22.7,36,21,20,13,3,21,43,48.8,22,25,11,14,15,51,55,0,Matches
17695062,Emile Smith Rowe,eng ENG,"FW,MF",Arsenal,22-226,2000,1.2,1,1,1,0,0,1,2,50.0,1,0,0,0,0,1,2,0,Matches
839c14e1,Cédric Soares,pt POR,DF,Arsenal,31-192,1991,0.3,0,0,0,0,0,0,1,0.0,1,1,0,1,0,0,1,0,Matches
839c14e1,Cédric Soares,pt POR,DF,Fulham,31-192,1991,0.1,1,1,0,1,0,0,0,,0,0,0,0,0,1,1,0,Matches
e77dc3b2,Dominic Solanke,eng ENG,"FW,MF",Bournemouth,25-178,1997,18.9,8,5,5,1,2,3,11,27.3,8,15,4,11,2,10,30,0,Matches
886f9aac,Manor Solomon,il ISR,FW,Fulham,23-230,1999,2.3,8,4,4,4,0,5,6,83.3,1,1,0,1,4,12,0,0,Matches
6613c819,Tomáš Souček,cz CZE,MF,West Ham,28-012,1995,21.2,60,30,33,22,5,21,42,50.0,21,34,14,20,35,95,45,1,Matches
ae59b359,Boubakary Soumaré,fr FRA,MF,Leicester City,24-012,1999,9.8,38,25,18,18,2,16,25,64.0,9,7,2,5,16,54,16,0,Matches
0a6cb1b1,Harry Souttar,au AUS,DF,Leicester City,24-140,1998,5.0,8,6,6,2,0,6,14,42.9,8,10,7,3,3,11,13,0,Matches
21166ff4,Çağlar Söyüncü,tr TUR,DF,Leicester City,26-292,1996,0.9,2,1,1,1,0,1,1,100.0,0,2,1,1,1,3,2,0,Matches
9bc9a519,Djed Spence,eng ENG,"FW,DF",Tottenham,22-214,2000,0.1,0,0,0,0,0,0,0,,0,0,0,0,0,0,0,0,Matches
558807c0,Jack Stacey,eng ENG,DF,Bournemouth,26-339,1996,3.3,5,4,3,1,1,2,5,40.0,3,3,1,2,5,10,15,0,Matches
6992791d,Junior Stanislas,eng ENG,MF,Bournemouth,33-105,1989,0.7,0,0,0,0,0,0,0,,0,2,1,1,0,0,0,0,Matches
b2626673,Jay Stansfield,eng ENG,FW,Fulham,20-107,2002,1.0,0,0,0,0,0,0,2,0.0,2,4,1,3,1,1,1,0,Matches
28300a16,Jason Steele,eng ENG,GK,Brighton,32-205,1990,1.0,0,0,0,0,0,0,0,,0,0,0,0,0,0,1,0,Matches
6adbc307,Jack Stephens,eng ENG,DF,Southampton,29-043,1994,0.5,2,2,2,0,0,1,1,100.0,0,1,1,0,1,3,2,0,Matches
6adbc307,Jack Stephens,eng ENG,DF,Bournemouth,29-043,1994,6.0,10,7,7,3,0,4,6,66.7,2,13,10,3,3,13,37,0,Matches
b400bde0,Raheem Sterling,eng ENG,"FW,MF",Chelsea,28-093,1994,14.9,12,7,4,2,6,5,9,55.6,4,12,0,12,1,13,3,0,Matches
5eecec3d,John Stones,eng ENG,DF,Manchester City,28-287,1994,13.1,12,9,6,4,2,2,3,66.7,1,9,5,4,5,17,23,0,Matches
f4d296e4,Pascal Struijk,nl NED,DF,Leeds United,23-212,1999,18.6,63,44,31,24,8,34,55,61.8,21,25,7,18,26,89,49,0,Matches
a62f8bf1,Kamaldeen Sulemana,gh GHA,"FW,MF",Southampton,21-024,2002,3.7,5,2,1,1,3,2,6,33.3,4,8,0,8,0,5,2,0,Matches
df04eb4b,Crysencio Summerville,nl NED,FW,Leeds United,21-132,2001,10.5,19,14,9,9,1,7,14,50.0,7,11,1,10,6,25,8,0,Matches
b017b770,Sam Surridge,eng ENG,FW,Nott'ham Forest,24-226,1998,3.0,4,0,1,2,1,0,3,0.0,3,4,2,2,0,4,6,0,Matches
e9971f2d,Japhet Tanganga,eng ENG,DF,Tottenham,23-345,1999,1.6,3,2,3,0,0,1,3,33.3,2,1,0,1,2,5,6,0,Matches
e514ab62,Matt Targett,eng ENG,DF,Newcastle Utd,27-174,1995,4.8,11,8,6,3,2,8,15,53.3,7,4,1,3,7,18,12,0,Matches
15ea812b,James Tarkowski,eng ENG,DF,Everton,30-112,1992,26.0,29,16,23,6,0,11,21,52.4,10,72,56,16,32,61,141,2,Matches
5c0da4a4,Marcus Tavernier,eng ENG,"MF,FW",Bournemouth,23-354,1999,15.2,26,17,15,10,1,7,17,41.2,10,15,1,14,5,31,21,0,Matches
7120a04d,Tetê,br BRA,FW,Leicester City,23-024,2000,4.0,9,5,3,4,2,4,13,30.8,9,5,0,5,1,10,0,0,Matches
77d7c96f,Kenny Tete,nl NED,DF,Fulham,27-153,1995,18.6,58,32,31,18,9,26,31,83.9,5,30,12,18,30,88,59,0,Matches
fc027d02,Luke Thomas,eng ENG,DF,Leicester City,21-274,2001,7.7,12,11,6,5,1,9,19,47.4,10,12,2,10,21,33,21,0,Matches
56f7a928,Youri Tielemans,be BEL,MF,Leicester City,25-308,1997,19.0,48,28,20,20,8,21,43,48.8,22,31,6,25,19,67,16,0,Matches
fce2302c,Kieran Tierney,sct SCO,DF,Arsenal,25-279,1997,5.3,10,5,6,3,1,4,5,80.0,1,5,1,4,9,19,14,0,Matches
a105d46a,Harry Toffolo,eng ENG,DF,Nott'ham Forest,27-204,1995,7.1,10,6,6,2,2,4,7,57.1,3,9,4,5,6,16,23,0,Matches
b3af9be1,Takehiro Tomiyasu,jp JPN,DF,Arsenal,24-126,1998,7.2,24,16,11,8,5,12,17,70.6,5,7,0,7,14,38,15,1,Matches
e7ca0439,James Tomkins,eng ENG,DF,Crystal Palace,33-347,1989,2.7,3,2,2,1,0,1,2,50.0,1,2,1,1,3,6,11,0,Matches
e09f279b,Ivan Toney,eng ENG,FW,Brentford,26-360,1996,21.9,16,10,3,6,7,6,14,42.9,8,17,6,11,9,25,23,0,Matches
9a28eba4,Adama Traoré,es ESP,"FW,MF",Wolves,27-045,1996,12.2,12,6,5,4,3,3,5,60.0,2,7,1,6,2,14,7,0,Matches
999ceb5f,Boubacar Traoré,ml MLI,MF,Wolves,21-203,2001,4.3,10,4,4,3,3,2,6,33.3,4,4,2,2,7,17,1,0,Matches
fe558029,Mark Travers,ie IRL,GK,Bournemouth,23-297,1999,10.5,0,0,0,0,0,0,0,,0,1,0,1,0,0,6,0,Matches
21512407,Kieran Trippier,eng ENG,DF,Newcastle Utd,32-173,1990,23.4,50,35,29,20,1,32,59,54.2,27,28,12,16,31,81,48,0,Matches
38ceb24a,Leandro Trossard,be BEL,FW,Arsenal,28-097,1994,3.5,6,4,2,0,4,3,7,42.9,4,2,0,2,1,7,0,0,Matches
38ceb24a,Leandro Trossard,be BEL,"FW,MF",Brighton,28-097,1994,14.6,11,6,8,1,2,2,8,25.0,6,17,0,17,6,17,1,0,Matches
f315ca93,Kostas Tsimikas,gr GRE,DF,Liverpool,26-303,1996,6.0,11,6,9,2,0,8,11,72.7,3,7,1,6,7,18,12,0,Matches
dd549382,Deniz Undav,de GER,"FW,MF",Brighton,26-235,1996,2.8,4,3,2,1,1,1,1,100.0,0,1,0,1,0,4,1,0,Matches
531a4aa8,Yan Valery,tn TUN,DF,Southampton,24-017,1999,0.5,0,0,0,0,0,0,0,,0,1,0,1,0,0,3,0,Matches
e06683ca,Virgil van Dijk,nl NED,DF,Liverpool,31-246,1991,20.5,13,6,10,3,0,4,8,50.0,4,18,11,7,20,33,85,1,Matches
9f8e9423,Raphaël Varane,fr FRA,DF,Manchester Utd,29-320,1993,15.4,20,7,16,4,0,5,12,41.7,7,19,12,7,9,29,70,0,Matches
45963054,Jamie Vardy,eng ENG,FW,Leicester City,36-059,1987,13.8,7,3,4,1,2,1,3,33.3,2,10,1,9,2,9,20,0,Matches
dad4b285,Joël Veltman,nl NED,DF,Brighton,31-055,1992,17.1,42,24,30,10,2,25,37,67.6,12,23,8,15,15,57,45,0,Matches
6412cc03,Fabio Vieira,pt POR,MF,Arsenal,22-285,2000,4.4,6,4,3,0,3,3,5,60.0,2,4,0,4,4,10,1,0,Matches
08eb3b58,Matías Viña,uy URU,"MF,DF",Bournemouth,25-122,1997,0.2,2,1,2,0,0,1,2,50.0,1,1,0,1,0,2,1,0,Matches
b937e490,Rúben Vinagre,pt POR,"DF,MF",Everton,23-336,1999,0.3,2,2,1,1,0,1,2,50.0,1,0,0,0,0,2,1,0,Matches
8b529245,Carlos Vinícius,br BRA,FW,Fulham,27-351,1995,6.2,2,0,0,2,0,0,3,0.0,3,4,0,4,0,2,6,0,Matches
1ecb65be,Theo Walcott,eng ENG,"FW,MF",Southampton,33-360,1989,2.9,7,2,4,2,1,6,9,66.7,3,2,0,2,3,10,2,0,Matches
86dd77d1,Kyle Walker,eng ENG,DF,Manchester City,32-287,1990,12.9,9,6,4,5,0,1,13,7.7,12,7,2,5,9,18,8,0,Matches
984a5a64,Kyle Walker-Peters,eng ENG,DF,Southampton,25-332,1997,16.8,35,19,19,13,3,13,22,59.1,9,28,6,22,13,48,29,0,Matches
9e525177,Aaron Wan-Bissaka,eng ENG,DF,Manchester Utd,25-105,1997,7.2,19,14,13,6,0,11,12,91.7,1,8,1,7,13,32,20,0,Matches
d3ce0e89,Danny Ward,wls WAL,GK,Leicester City,29-262,1993,25.0,1,1,1,0,0,1,3,33.3,2,0,0,0,0,1,13,2,Matches
8a7ff278,Joel Ward,eng ENG,DF,Crystal Palace,33-133,1989,14.4,26,17,18,3,5,14,16,87.5,2,21,12,9,15,41,46,1,Matches
3515d404,James Ward-Prowse,eng ENG,MF,Southampton,28-130,1994,25.0,43,22,19,19,5,14,37,37.8,23,15,2,13,32,75,27,0,Matches
aed3a70f,Ollie Watkins,eng ENG,FW,Aston Villa,27-071,1995,21.9,13,8,2,9,2,6,17,35.3,11,15,0,15,8,21,21,0,Matches
c40b6180,Adam Webster,eng ENG,DF,Brighton,28-066,1995,15.7,13,8,7,5,1,6,10,60.0,4,19,11,8,15,28,38,2,Matches
c4e87b8b,Wout Weghorst,nl NED,"FW,MF",Manchester Utd,30-216,1992,5.7,6,3,4,0,2,1,4,25.0,3,6,2,4,6,12,6,0,Matches
ce5143da,Danny Welbeck,eng ENG,FW,Brighton,32-105,1990,12.9,9,5,0,4,5,4,6,66.7,2,10,1,9,3,12,11,0,Matches
35e413f1,Ben White,eng ENG,DF,Arsenal,25-154,1997,22.2,45,26,17,22,6,30,44,68.2,14,32,7,25,13,58,54,0,Matches
4d90ce8c,Harvey White,eng ENG,MF,Tottenham,21-173,2001,0.1,0,0,0,0,0,0,1,0.0,1,0,0,0,0,0,0,0,Matches
dd323728,Neco Williams,wls WAL,DF,Nott'ham Forest,21-332,2001,14.9,52,35,37,10,5,30,49,61.2,19,22,5,17,29,81,33,0,Matches
8b9ebd03,Willian,br BRA,FW,Fulham,34-214,1988,16.2,11,6,7,2,2,7,18,38.9,11,10,0,10,8,19,6,0,Matches
a3b03921,Joe Willock,eng ENG,MF,Newcastle Utd,23-203,1999,18.1,35,21,11,14,10,18,36,50.0,18,41,8,33,14,49,12,0,Matches
c596fcb0,Callum Wilson,eng ENG,FW,Newcastle Utd,31-012,1992,13.5,7,1,0,6,1,0,1,0.0,1,1,0,1,1,8,4,0,Matches
c6dc9ecd,Harry Wilson,wls WAL,FW,Fulham,25-354,1997,4.9,12,8,5,5,2,4,8,50.0,4,7,0,7,3,15,6,0,Matches
2500cef9,Yoane Wissa,cd COD,FW,Brentford,26-189,1996,11.9,13,8,3,6,4,6,9,66.7,3,6,0,6,6,19,12,0,Matches
4b803b3c,Maximilian Wöber,at AUT,DF,Leeds United,25-035,1998,6.8,13,10,6,7,0,10,15,66.7,5,10,7,3,11,24,22,1,Matches
4e9a0555,Chris Wood,nz NZL,FW,Newcastle Utd,31-094,1991,5.0,5,4,0,3,2,3,5,60.0,2,2,2,0,1,6,7,0,Matches
4e9a0555,Chris Wood,nz NZL,FW,Nott'ham Forest,31-094,1991,4.1,0,0,0,0,0,0,1,0.0,1,2,1,1,1,1,2,0,Matches
a5212312,Joe Worrall,eng ENG,DF,Nott'ham Forest,26-060,1997,16.9,36,16,25,9,2,16,23,69.6,7,22,16,6,18,54,77,1,Matches
e61b8aee,Granit Xhaka,ch SUI,MF,Arsenal,30-165,1992,23.5,21,15,8,11,2,10,22,45.5,12,22,9,13,10,31,34,1,Matches
c1fe2a48,Ryan Yates,eng ENG,MF,Nott'ham Forest,25-110,1997,15.7,27,14,11,13,3,12,17,70.6,5,22,8,14,7,34,36,0,Matches
be927d03,Ashley Young,eng ENG,DF,Aston Villa,37-245,1985,14.1,38,20,27,10,1,26,31,83.9,5,17,7,10,15,53,39,0,Matches
b2bc3b1f,Wilfried Zaha,ci CIV,"FW,MF",Crystal Palace,30-121,1992,19.5,28,16,11,11,6,7,17,41.2,10,18,1,17,13,41,8,0,Matches
384d58d9,Denis Zakaria,ch SUI,MF,Chelsea,26-111,1996,3.8,9,5,5,2,2,2,6,33.3,4,3,0,3,3,12,9,0,Matches
e8271ad9,Jordan Zemura,zw ZIM,DF,Bournemouth,23-117,1999,16.2,40,24,25,14,1,24,42,57.1,18,31,9,22,16,56,32,0,Matches
51cf8561,Oleksandr Zinchenko,ua UKR,DF,Arsenal,26-086,1996,16.9,32,15,12,12,8,19,33,57.6,14,15,0,15,14,46,23,2,Matches
6622454d,Hakim Ziyech,ma MAR,"FW,MF",Chelsea,29-357,1993,6.4,19,11,11,6,2,4,9,44.4,5,6,0,6,4,23,5,1,Matches
ce4246f5,Kurt Zouma,fr FRA,DF,West Ham,28-135,1994,14.4,5,2,3,2,0,3,6,50.0,3,7,7,0,13,18,78,0,Matches
79300479,Martin Ødegaard,no NOR,MF,Arsenal,24-084,1998,23.6,23,13,7,10,6,7,29,24.1,22,10,2,8,4,27,7,0,Matches
