,id,MP,Min,90s,Starts,Compl,Subs,unSub,PPM,onG,onGA,+/-,onxG,onxGA,xG+/-,MinGK,MPGK,StartsGK,90sGK
0,00242715,35,3105,34,34,34,1,2,0,33,69,-36,37.5,66.4,-29.0,17,1,0,26
1,0049d544,20,644,7,5,0,15,10,1,7,7,0,10.5,6.6,3.8,3060,34,34,34
2,0118c54c,0,0,0,0,0,0,6,0,0,0,0,0.0,0.0,0.0,225,3,2,2
3,0515a4cb,37,3320,36,37,36,0,1,1,47,55,-8,45.0,46.2,-1.2,2520,28,28,28
4,05856228,0,0,0,0,0,0,37,0,0,0,0,0.0,0.0,0.0,38,1,0,0
5,063544f2,0,0,0,0,0,0,4,0,0,0,0,0.0,0.0,0.0,271,4,3,3
6,0670ee51,0,0,0,0,0,0,1,0,0,0,0,0.0,0.0,0.0,90,1,1,1
7,0695552c,0,0,0,0,0,0,5,0,0,0,0,0.0,0.0,0.0,1653,19,19,18
8,06d51feb,0,0,0,0,0,0,1,0,0,0,0,0.0,0.0,0.0,900,10,10,10
9,06f33dc8,26,1747,19,21,7,5,2,1,20,27,-7,22.700000000000003,22.4,0.3,3240,36,36,36
10,06f46837,13,437,4,5,0,8,1,0,2,9,-7,3.0,4.6,-1.6,270,3,3,3
11,070a3904,3,209,2,3,1,0,0,2,7,1,6,3.6,1.5,2.1,810,9,9,9
12,07296190,14,888,9,12,3,2,2,1,6,19,-13,8.7,11.5,-2.8,90,1,1,1
13,07a821e4,0,0,0,0,0,0,2,0,0,0,0,0.0,0.0,0.0,360,4,4,4
14,083525e5,30,2699,30,30,29,0,0,1,45,48,-3,33.7,46.8,-13.1,3330,37,37,37
15,086d7db3,32,2777,30,31,30,1,1,1,22,45,-23,34.5,39.3,-4.8,3420,38,38,38
16,0984c5d5,20,1488,16,18,14,2,11,3,13,19,-6,15.8,18.2,-2.4,1692,19,19,18
17,0b4d8274,29,1846,20,22,8,7,0,1,34,18,16,34.6,27.6,7.0,2569,29,29,28
18,0d2158d5,27,1883,20,21,12,6,6,1,25,46,-21,21.8,38.4,-16.6,360,4,4,4
19,0d57f1c1,3,42,0,0,0,3,7,3,2,3,-1,2.1,1.0,1.1,3060,34,34,34
20,0dfe32e9,0,0,0,0,0,0,2,0,0,0,0,0.0,0.0,0.0,3420,38,38,38
21,0e12089d,1,90,1,1,1,0,37,0,0,3,-3,1.3,1.9,-0.6,3420,38,38,38
22,0e96a5e1,2,69,0,1,0,1,1,1,1,2,-1,0.4,2.1,-1.7,1170,13,13,13
23,0eb03d5b,16,1440,16,16,16,0,2,1,21,24,-3,21.1,18.5,2.6,3060,34,34,34
24,0eeafda5,31,2511,27,28,25,3,2,2,61,38,23,59.5,31.1,28.4,90,1,1,1
25,0f0d05fd,0,0,0,0,0,0,6,0,0,0,0,0.0,0.0,0.0,3032,34,34,33
26,0f52f925,33,2657,29,30,25,3,1,1,26,26,0,32.5,28.1,4.4,2706,31,31,30
27,0fe7f7bc,33,2193,24,27,10,6,0,1,25,23,2,30.0,25.2,4.8,597,7,6,6
28,1040e783,24,1808,20,22,15,2,10,0,14,25,-11,24.8,22.2,2.5,304,4,3,3
29,1061c207,2,180,2,2,2,0,27,0,0,3,-3,1.2,2.8,-1.6,1457,17,16,16
30,10650926,11,712,7,8,6,3,8,0,6,17,-11,8.3,13.2,-4.9,714,9,7,8
31,108bb1e1,0,0,0,0,0,0,5,0,0,0,0,0.0,0.0,0.0,11,1,0,3
32,10efd0e1,31,2615,29,30,21,1,1,1,47,40,7,41.1,35.8,5.3,180,2,2,2
33,11ced928,27,1513,16,17,8,10,2,0,19,24,-5,20.9,23.1,-2.2,3420,38,38,38
34,11ff3d56,0,0,0,0,0,0,1,0,0,0,0,0.0,0.0,0.0,3112,35,35,34
35,1232e1dc,36,2919,32,32,30,4,2,1,45,36,9,43.2,42.8,0.4,1890,21,21,21
36,1251f42e,12,712,7,8,2,4,4,0,12,15,-3,9.5,17.5,-8.0,315,4,3,3
37,13203c45,22,1880,20,22,15,0,0,1,22,15,7,22.9,19.8,3.0,2940,34,34,32
38,132bb875,0,0,0,0,0,0,38,0,0,0,0,0.0,0.0,0.0,255,3,2,2
39,13c44fc5,22,1920,21,22,19,0,3,2,47,28,19,35.6,27.9,7.8,3330,37,37,37
40,1467af0d,22,1718,19,20,12,2,1,2,55,11,44,40.9,14.0,26.9,360,4,4,4
41,148e136f,29,2323,25,25,22,4,1,2,33,30,3,37.2,40.7,-3.3999999999999995,3103,35,35,34
42,15285503,1,39,0,0,0,1,17,0,1,2,-1,0.1,1.8,-1.7,1530,17,17,17
43,1598599e,14,965,10,11,6,3,14,0,10,21,-11,12.8,17.1,-4.3,0,0,0,0
44,15a21c79,3,108,1,1,1,2,7,2,3,1,2,1.5,2.1,-0.5,0,0,0,0
45,15e1afd5,15,1048,11,12,10,3,4,1,10,23,-13,13.6,15.7,-2.2,0,0,0,0
46,166a981d,7,617,6,7,6,0,5,1,6,8,-2,7.0,7.9,-0.9,0,0,0,0
47,16714a62,34,2921,32,32,32,2,2,1,32,37,-5,26.4,49.2,-22.8,0,0,0,0
48,167d5018,23,1524,16,16,16,7,13,1,21,33,-12,21.3,26.5,-5.1,0,0,0,0
49,176674ab,30,1595,17,17,10,13,5,2,21,23,-2,21.0,25.9,-4.9,0,0,0,0
50,17f29fb0,26,941,10,10,5,16,8,0,8,26,-18,10.5,21.1,-10.6,0,0,0,0
51,19cda00b,30,2111,23,26,10,4,3,2,59,17,42,51.8,20.5,31.3,0,0,0,0
52,1a248246,0,0,0,0,0,0,1,0,0,0,0,0.0,0.0,0.0,0,0,0,0
53,1a4b9094,29,1789,19,18,15,11,6,1,43,20,23,45.4,18.9,26.5,0,0,0,0
54,1a6f2a66,3,189,2,2,1,1,3,2,8,2,6,4.3,2.2,2.1,0,0,0,0
55,1a992676,30,1704,18,19,6,11,3,2,62,18,44,49.1,19.7,29.4,0,0,0,0
56,1ac3b888,33,2164,24,25,13,8,1,0,19,34,-15,24.1,33.5,-9.3,0,0,0,0
57,1ad8cb67,24,2115,23,24,23,0,2,0,23,43,-20,26.5,34.8,-8.2,0,0,0,0
58,1b82f8df,37,3283,36,37,34,0,0,1,51,47,4,49.3,42.5,6.8,0,0,0,0
59,1bc6135b,2,129,1,2,0,0,2,0,0,1,-1,1.3,2.0,-0.6,0,0,0,0
60,1c344204,32,2829,31,31,29,1,2,1,45,63,-18,35.6,50.7,-15.1,0,0,0,0
61,1d0900d4,35,3103,34,35,34,0,0,0,24,48,-24,38.9,43.3,-4.5,0,0,0,0
62,1d2d5cc8,31,2704,30,31,29,0,0,2,65,37,28,63.1,33.3,29.7,0,0,0,0
63,1e23a224,5,321,3,4,2,1,1,0,3,11,-8,4.1,5.7,-1.6,0,0,0,0
64,1e7aea56,0,0,0,0,0,0,34,0,0,0,0,0.0,0.0,0.0,0,0,0,0
65,1ec4e202,26,1369,15,16,1,10,1,0,15,26,-11,18.3,20.3,-2.0,0,0,0,0
66,1ec7e1c5,32,2836,31,32,30,0,0,0,23,45,-22,36.1,38.9,-2.8,0,0,0,0
67,1f713024,28,2462,27,27,26,1,5,1,32,50,-18,33.2,47.1,-13.9,0,0,0,0
68,1f8c7aa9,37,3161,35,36,30,1,0,1,25,46,-21,41.4,43.2,-1.8,0,0,0,0
69,1f9a3a04,3,257,2,3,2,0,8,2,4,4,0,3.6,3.8,-0.2,0,0,0,0
70,20094685,24,1378,15,14,10,10,11,2,31,16,15,30.5,14.4,16.2,0,0,0,0
71,20573d10,2,128,1,1,1,1,6,1,3,2,1,4.1,2.3,1.8,0,0,0,0
72,20c2c0e8,11,616,6,7,4,4,22,2,8,7,1,5.9,8.1,-2.2,0,0,0,0
73,20e73fac,37,3102,34,35,30,2,0,1,46,41,5,45.9,45.8,0.1,0,0,0,0
74,2174bc8d,30,2177,24,27,16,3,5,0,19,41,-22,22.7,36.0,-13.3,0,0,0,0
75,218bfaa2,0,0,0,0,0,0,1,0,0,0,0,0.0,0.0,0.0,0,0,0,0
76,2235f850,3,144,1,2,1,1,9,0,0,6,-6,0.6,2.7,-2.1,0,0,0,0
77,22721b88,27,2193,24,24,22,3,2,1,49,31,18,46.9,25.5,21.4,0,0,0,0
78,22a62523,3,76,0,1,0,2,7,1,1,1,0,0.6,1.5,-0.9,0,0,0,0
79,22bfb57e,5,246,2,2,1,3,15,0,0,1,-1,1.2,2.7,-1.5,0,0,0,0
80,22c77851,3,32,0,0,0,3,1,1,0,0,0,0.6,0.5,0.1,0,0,0,0
81,23b6ab66,1,90,1,1,1,0,4,0,0,3,-3,0.8,1.9,-1.2,0,0,0,0
82,23c63b7f,6,69,0,0,0,6,3,1,1,0,1,1.8,0.9,0.9,0,0,0,0
83,2434f24a,36,3240,36,36,36,0,1,1,53,45,8,49.8,40.8,9.0,0,0,0,0
84,243f4a0b,21,1484,16,19,9,2,11,1,20,22,-2,20.0,19.6,0.4,0,0,0,0
85,247accfd,32,2778,30,31,29,1,3,1,32,33,-1,29.0,43.3,-14.3,0,0,0,0
86,24cedcb1,0,0,0,0,0,0,3,0,0,0,0,0.0,0.0,0.0,0,0,0,0
87,24eb7ed6,28,1543,17,16,8,12,7,1,16,13,3,17.3,19.4,-2.1,0,0,0,0
88,2515040a,8,566,6,6,5,2,5,1,3,5,-2,7.9,7.2,0.7,0,0,0,0
89,25444898,15,1127,12,13,8,2,0,1,19,21,-2,15.7,21.3,-5.5,0,0,0,0
90,26383ea5,3,270,3,3,3,0,31,0,4,5,-1,4.4,4.7,-0.3,0,0,0,0
91,26777636,1,8,0,0,0,1,0,1,0,0,0,0.0,0.0,0.0,0,0,0,0
92,2677a1de,24,1918,21,23,13,1,1,1,27,21,6,28.1,25.0,3.0,0,0,0,0
93,268c3cfc,3,64,0,1,0,2,15,0,0,2,-2,0.3,1.6,-1.3,0,0,0,0
94,26975a92,19,1652,18,19,18,0,0,1,21,22,-1,24.8,20.2,4.6,0,0,0,0
95,275e2c51,28,2470,27,28,26,0,8,0,30,44,-14,33.2,35.4,-2.1,0,0,0,0
96,276cce2e,21,1721,19,19,16,2,10,1,25,23,2,19.1,23.6,-4.5,0,0,0,0
97,28a65a2c,4,305,3,3,3,1,32,0,3,6,-3,3.7,6.8,-3.1,0,0,0,0
98,29d8ad3f,15,1291,14,15,14,0,0,2,28,13,15,22.1,15.3,6.8,0,0,0,0
99,2b16cb1a,31,2262,25,26,6,5,2,4,43,33,10,37.6,31.4,6.2,0,0,0,0
100,2b622f01,5,76,0,0,0,5,6,2,3,1,2,2.7,0.4,2.3,0,0,0,0
101,2b9b37b2,0,0,0,0,0,0,2,0,0,0,0,0.0,0.0,0.0,0,0,0,0
102,2b9fdeea,35,2950,32,35,19,0,0,2,72,41,31,64.9,34.7,30.2,0,0,0,0
103,2bae5658,28,2009,22,23,11,5,0,0,23,41,-18,24.1,39.4,-15.3,0,0,0,0
104,2d22cea7,0,0,0,0,0,0,3,0,0,0,0,0.0,0.0,0.0,0,0,0,0
105,2e0367a6,31,2290,25,26,14,5,1,1,35,46,-11,29.3,44.5,-15.2,0,0,0,0
106,2e52206e,24,1407,15,14,10,10,5,1,20,32,-12,16.8,28.0,-11.2,0,0,0,0
107,2f798b41,8,499,5,6,4,2,18,2,10,4,6,12.0,4.2,7.8,0,0,0,0
108,2f8f43f3,20,1109,12,11,8,9,9,0,10,22,-12,15.7,15.4,0.3,0,0,0,0
109,2f965a72,34,3060,34,34,34,0,3,2,101,25,76,79.5,29.8,49.7,0,0,0,0
110,2fa2a875,38,3420,38,38,38,0,0,1,36,33,3,42.6,39.0,3.6,0,0,0,0
111,3010aefb,29,1587,17,17,5,12,3,1,17,32,-15,16.3,25.8,-9.5,0,0,0,0
112,30395d3b,29,1648,18,18,4,11,6,1,28,26,2,22.9,24.4,-1.5,0,0,0,0
113,3067cbef,12,944,10,10,9,2,11,1,12,20,-8,10.3,15.2,-4.9,0,0,0,0
114,3071a619,35,2834,31,33,20,2,0,0,29,58,-29,33.1,58.9,-25.9,0,0,0,0
115,31377e38,4,193,2,2,0,2,1,0,4,6,-2,2.1,2.7,-0.6,0,0,0,0
116,31bbb7e2,25,1656,18,17,15,8,7,0,13,38,-25,18.1,33.1,-15.0,0,0,0,0
117,321a71a7,29,2534,28,29,27,0,2,1,43,40,3,38.9,37.9,1.0,0,0,0,0
118,3250c6cd,5,271,3,4,0,1,4,1,2,3,-1,3.0,3.0,0.0,0,0,0,0
119,346c15cc,3,105,1,1,0,2,2,0,0,3,-3,1.2,2.0,-0.7,0,0,0,0
120,34cfec6b,12,610,6,7,4,5,13,1,7,7,0,5.0,6.8,-1.8,0,0,0,0
121,34e38ddf,0,0,0,0,0,0,2,0,0,0,0,0.0,0.0,0.0,0,0,0,0
122,35c5f9b1,16,985,10,11,5,5,4,1,10,5,5,12.0,9.5,2.5,0,0,0,0
123,3681cfff,34,2957,32,34,32,0,0,0,29,52,-23,33.0,45.5,-12.5,0,0,0,0
124,375622c5,24,638,7,4,2,20,11,2,19,10,9,13.4,6.9,6.5,0,0,0,0
125,3767b3b7,35,3146,35,35,34,0,1,0,36,62,-26,34.1,52.9,-18.8,0,0,0,0
126,378825c7,29,2342,26,26,22,3,2,1,33,33,0,35.0,35.8,-0.8,0,0,0,0
127,380a15e2,0,0,0,0,0,0,1,0,0,0,0,0.0,0.0,0.0,0,0,0,0
128,3814120d,19,1691,18,19,18,0,14,0,20,32,-12,20.2,27.9,-7.8,0,0,0,0
129,392d98fc,37,1867,20,18,4,19,1,1,16,17,-1,16.2,28.9,-12.7,0,0,0,0
130,3a229338,0,0,0,0,0,0,1,0,0,0,0,0.0,0.0,0.0,0,0,0,0
131,3acddfdd,10,426,4,5,0,5,9,2,7,4,3,7.1,3.8,3.3,0,0,0,0
132,3befc2b6,25,1520,16,18,10,7,5,1,17,14,3,18.4,14.4,4.0,0,0,0,0
133,3cefcaef,27,2122,23,24,21,3,5,1,48,33,15,39.3,24.6,14.7,0,0,0,0
134,3dd738a1,31,2459,27,27,25,4,3,1,30,20,10,32.2,25.4,6.8,0,0,0,0
135,3e016e5a,11,357,4,3,1,8,8,1,7,5,2,5.4,4.9,0.5,0,0,0,0
136,3e092724,16,951,10,10,10,6,0,1,21,16,5,13.5,15.1,-1.5,0,0,0,0
137,3e87d087,1,34,0,0,0,1,3,3,0,0,0,0.4,0.1,0.3,0,0,0,0
138,3eaf8817,14,1184,13,14,8,0,0,0,17,29,-12,14.7,20.8,-6.2,0,0,0,0
139,3f5b4635,32,2635,29,29,28,3,5,1,26,26,0,32.0,31.4,0.6,0,0,0,0
140,3f944dad,1,16,0,0,0,1,0,0,0,0,0,0.2,0.1,0.0,0,0,0,0
141,403f5d20,0,0,0,0,0,0,1,0,0,0,0,0.0,0.0,0.0,0,0,0,0
142,41e7ef1c,20,1704,18,19,16,1,10,2,48,14,34,39.1,17.5,21.6,0,0,0,0
143,42eaa028,18,998,11,12,4,6,6,1,11,10,1,10.5,11.4,-0.8,0,0,0,0
144,42fd9c7f,28,2168,24,25,19,3,4,5,63,22,41,53.5,23.8,29.7,0,0,0,0
145,4315f30d,21,1322,14,13,11,8,11,1,19,18,1,17.7,19.1,-1.3,0,0,0,0
146,43750e5d,0,0,0,0,0,0,1,0,0,0,0,0.0,0.0,0.0,0,0,0,0
147,43e7a164,28,2520,28,28,28,0,0,1,20,33,-13,30.4,31.7,-1.4,0,0,0,0
148,446aa6e1,20,1715,19,18,17,2,16,0,10,27,-17,17.1,26.9,-9.8,0,0,0,0
149,44f8c299,26,1943,21,24,13,2,3,1,25,37,-12,24.9,25.6,-0.7,0,0,0,0
150,45076ff8,13,466,5,4,1,9,8,1,6,2,4,8.0,4.4,3.6,0,0,0,0
151,450e277f,24,1966,21,22,20,2,10,1,24,26,-2,26.5,25.8,0.7,0,0,0,0
152,45e17712,16,1239,13,13,12,3,2,0,12,24,-12,12.6,19.5,-6.9,0,0,0,0
153,4657faba,3,89,1,1,0,2,0,0,1,0,1,2.0,0.7,1.3,0,0,0,0
154,468fdbad,36,3025,33,36,17,0,0,0,32,60,-28,38.3,53.0,-14.7,0,0,0,0
155,46d50339,15,1174,13,13,12,2,2,1,17,20,-3,17.7,17.7,0.0,0,0,0,0
156,46faabfa,30,849,9,6,2,24,3,0,9,23,-14,9.6,17.4,-7.8,0,0,0,0
157,4749367a,5,253,2,3,2,2,0,0,4,7,-3,4.5,4.1,0.5,0,0,0,0
158,477e50ce,0,0,0,0,0,0,1,0,0,0,0,0.0,0.0,0.0,0,0,0,0
159,47c2e669,3,142,1,1,1,2,4,0,2,5,-3,1.6,4.5,-2.8,0,0,0,0
160,4887118d,3,31,0,0,0,3,2,2,2,0,2,0.6,0.1,0.4,0,0,0,0
161,48b28bfd,35,3006,33,35,30,0,0,1,41,58,-17,41.1,52.3,-11.3,0,0,0,0
162,4914ed4a,25,2077,23,23,19,2,1,1,29,25,4,33.8,30.2,3.5,0,0,0,0
163,4a57580c,30,1763,19,21,7,9,1,1,28,28,0,27.9,27.0,0.9,0,0,0,0
164,4b96c347,29,1529,17,16,3,13,0,1,19,28,-9,21.7,21.5,0.2,0,0,0,0
165,4be0b467,16,931,10,11,3,5,2,1,10,18,-8,11.8,16.9,-5.1,0,0,0,0
166,4bf69118,1,90,1,1,1,0,8,3,2,1,1,0.5,1.5,-1.0,0,0,0,0
167,4c2b7ace,0,0,0,0,0,0,3,0,0,0,0,0.0,0.0,0.0,0,0,0,0
168,4c5b714f,27,2153,23,25,19,2,2,2,60,30,30,42.2,28.0,14.2,0,0,0,0
169,4c700f46,28,2315,25,25,24,3,1,1,34,27,7,35.2,29.3,5.8,0,0,0,0
170,4d1666ff,18,1589,17,17,17,1,2,1,31,19,12,25.3,19.9,5.4,0,0,0,0
171,4d3e9033,4,360,4,4,4,0,34,1,9,6,3,5.7,4.9,0.8,0,0,0,0
172,4db2157a,26,2058,22,23,18,3,6,1,33,27,6,33.6,33.8,-0.2,0,0,0,0
173,4dbd0916,30,2378,26,27,19,3,0,2,59,32,27,46.8,32.2,14.6,0,0,0,0
174,4df04a86,1,1,0,0,0,1,4,3,0,0,0,0.0,0.0,0.0,0,0,0,0
175,4e0afc5d,29,2415,26,27,25,2,2,1,41,37,4,37.8,34.1,3.6,0,0,0,0
176,4e7bfc23,21,860,9,9,1,12,8,1,15,22,-7,11.4,15.5,-4.2,0,0,0,0
177,4e7d66f8,38,3298,36,38,34,0,0,0,31,71,-40,38.3,67.4,-29.0,0,0,0,0
178,4e7db402,38,3420,38,38,38,0,0,0,38,54,-16,45.5,52.1,-6.6,0,0,0,0
179,4f093689,6,114,1,0,0,6,6,0,3,3,0,2.5,1.9,0.6,0,0,0,0
180,4f255115,0,0,0,0,0,0,2,0,0,0,0,0.0,0.0,0.0,0,0,0,0
181,5046b7d4,26,1662,18,19,8,7,5,1,21,28,-7,22.4,27.6,-5.2,0,0,0,0
182,506662d6,0,0,0,0,0,0,1,0,0,0,0,0.0,0.0,0.0,0,0,0,0
183,509a4ccb,23,1473,16,19,3,4,2,2,36,20,16,22.1,22.5,-0.5,0,0,0,0
184,514270e8,0,0,0,0,0,0,4,0,0,0,0,0.0,0.0,0.0,0,0,0,0
185,5148dcc5,25,1672,18,19,12,6,0,0,23,34,-11,23.3,31.2,-7.9,0,0,0,0
186,516dc25b,22,1044,11,11,5,11,11,1,13,12,1,16.7,15.6,1.1,0,0,0,0
187,51a3caf1,4,349,3,4,3,0,4,2,6,3,3,5.9,4.9,1.0,0,0,0,0
188,51c30111,19,1565,17,18,14,1,2,1,25,16,9,25.7,19.1,6.6,0,0,0,0
189,51fa3fed,2,48,0,0,0,2,3,0,0,0,0,0.4,0.1,0.3,0,0,0,0
190,527f063d,32,2581,28,30,20,2,0,2,93,21,72,66.4,24.0,42.5,0,0,0,0
191,52f0a066,0,0,0,0,0,0,3,0,0,0,0,0.0,0.0,0.0,0,0,0,0
192,53283127,23,808,9,7,4,16,13,1,12,18,-6,10.9,12.0,-1.1,0,0,0,0
193,535b0343,15,611,6,4,2,11,15,1,7,16,-9,8.0,11.3,-3.3,0,0,0,0
194,54131505,4,162,1,1,1,3,7,0,0,4,-4,0.9,3.8,-2.9,0,0,0,0
195,542cc80f,37,3062,34,34,30,3,0,1,32,31,1,37.3,35.6,1.7,0,0,0,0
196,562ece0c,0,0,0,0,0,0,5,0,0,0,0,0.0,0.0,0.0,0,0,0,0
197,563fcd6b,3,82,0,1,0,2,0,0,1,1,0,0.8,2.0,-1.2,0,0,0,0
198,5693aa98,1,7,0,0,0,1,6,1,0,0,0,0.0,0.1,0.0,0,0,0,0
199,56b52c4e,5,96,1,0,0,5,4,2,1,0,1,0.5,1.7,-1.2,0,0,0,0
200,56ec5c1b,0,0,0,0,0,0,3,0,0,0,0,0.0,0.0,0.0,0,0,0,0
201,56f7a928,27,1569,17,18,11,9,5,2,37,17,20,26.8,21.7,5.0,0,0,0,0
202,574aa9ec,2,155,1,1,1,1,5,0,0,2,-2,1.2,2.6,-1.4,0,0,0,0
203,57c433c8,13,778,8,7,3,6,0,1,10,6,4,11.8,11.4,0.4,0,0,0,0
204,57e3f0c7,36,2841,31,31,23,5,2,0,33,50,-17,30.4,42.5,-12.1,0,0,0,0
205,57ef0d97,19,1154,12,14,4,5,2,2,27,8,19,24.7,10.6,14.2,0,0,0,0
206,58ae47b2,31,2347,26,28,15,3,0,2,57,34,23,55.8,26.9,28.9,0,0,0,0
207,5984e9f9,11,775,8,8,7,3,8,0,7,12,-5,10.7,13.6,-2.9,0,0,0,0
208,59be41d1,0,0,0,0,0,0,1,0,0,0,0,0.0,0.0,0.0,0,0,0,0
209,5aca2a18,1,15,0,0,0,1,0,0,0,2,-2,0.1,0.9,-0.9,0,0,0,0
210,5b1bf5e3,36,3083,34,36,27,0,0,1,36,35,1,28.9,47.1,-18.2,0,0,0,0
211,5c041f1f,0,0,0,0,0,0,3,0,0,0,0,0.0,0.0,0.0,0,0,0,0
212,5c4dc0ff,34,2507,27,30,16,4,0,2,62,27,35,44.0,28.9,15.1,0,0,0,0
213,5cdddffa,35,2588,28,31,14,4,1,3,64,32,32,47.6,29.3,18.3,0,0,0,0
214,5ceba7fc,37,3040,33,33,29,4,0,1,38,47,-9,44.2,41.0,3.3,0,0,0,0
215,5cec2c74,20,1431,15,16,13,4,1,3,28,17,11,24.7,15.2,9.7,0,0,0,0
216,5d42d487,12,448,5,6,0,6,1,1,8,7,1,5.1,8.6,-3.5,0,0,0,0
217,5d59e0df,36,3031,33,34,29,2,0,1,33,35,-2,38.9,31.7,7.2,0,0,0,0
218,5d66c10d,4,275,3,3,2,1,3,0,1,7,-6,2.0,6.3,-4.3,0,0,0,0
219,5d8d7454,36,3240,36,36,36,0,0,0,23,49,-26,39.2,45.7,-6.6,0,0,0,0
220,5e22e2a4,31,2591,28,30,22,1,2,1,28,43,-15,33.2,35.0,-1.8,0,0,0,0
221,5e6342d4,24,1570,17,18,13,6,1,1,15,27,-12,17.4,20.0,-2.6,0,0,0,0
222,5ea9ebd4,0,0,0,0,0,0,1,0,0,0,0,0.0,0.0,0.0,0,0,0,0
223,5ee6e943,0,0,0,0,0,0,32,0,0,0,0,0.0,0.0,0.0,0,0,0,0
224,6043997c,3,270,3,3,3,0,3,1,3,4,-1,3.2,6.2,-3.0,0,0,0,0
225,60d90c55,4,316,3,3,3,1,33,1,3,4,-1,3.9,4.6,-0.7,0,0,0,0
226,61590953,1,26,0,0,0,1,4,3,1,1,0,0.6,0.9,-0.3,0,0,0,0
227,6191093d,31,1793,19,17,13,14,3,1,26,32,-6,23.4,28.3,-4.9,0,0,0,0
228,61d618fa,16,342,3,2,0,14,9,0,6,8,-2,5.5,7.9,-2.4,0,0,0,0
229,6278e149,0,0,0,0,0,0,3,0,0,0,0,0.0,0.0,0.0,0,0,0,0
230,639b42f5,6,189,2,2,0,4,6,1,2,6,-4,2.2,4.1,-1.9,0,0,0,0
231,6421dd73,30,2509,27,30,22,0,0,0,23,54,-31,31.5,50.2,-18.7,0,0,0,0
232,64ba07c0,16,1170,13,13,10,3,9,1,13,22,-9,15.3,20.6,-5.3,0,0,0,0
233,65585e3a,22,850,9,10,1,12,10,2,17,13,4,12.4,12.6,-0.2,0,0,0,0
234,6605d143,1,15,0,0,0,1,0,0,0,1,-1,0.0,0.5,-0.5,0,0,0,0
235,66116290,26,2129,23,25,13,1,2,2,51,31,20,37.4,30.1,7.3,0,0,0,0
236,6690ef25,34,2855,31,32,29,2,0,1,27,28,-1,33.7,30.7,3.0,0,0,0,0
237,677ee102,20,1518,16,18,13,2,12,1,14,21,-7,19.2,22.6,-3.4,0,0,0,0
238,67ac5bb8,1,84,0,0,0,1,4,0,0,1,-1,0.0,1.9,-1.8,0,0,0,0
239,67d251a2,5,313,3,3,2,2,6,0,1,11,-10,3.4,6.1,-2.7,0,0,0,0
240,6853490f,35,2856,31,32,18,3,0,1,48,38,10,43.4,33.1,10.3,0,0,0,0
241,689c9cf4,21,1422,15,16,13,5,3,1,16,24,-8,16.8,21.3,-4.6,0,0,0,0
242,68a87d66,25,966,10,11,4,14,4,2,10,18,-8,10.6,18.9,-8.3,0,0,0,0
243,69384e5d,20,1786,19,20,18,0,0,2,68,16,52,51.6,15.0,36.6,0,0,0,0
244,6aeb647a,13,1056,11,12,9,1,8,1,15,23,-8,12.3,22.6,-10.2,0,0,0,0
245,6afaebf2,4,64,0,0,0,4,3,1,1,2,-1,0.7,1.7,-0.9,0,0,0,0
246,6b200d45,28,2464,27,28,26,0,0,1,39,32,7,39.5,36.4,3.1,0,0,0,0
247,6b994195,25,2165,24,24,24,1,8,1,27,34,-7,29.9,36.3,-6.4,0,0,0,0
248,6b9f2f3e,7,437,4,4,3,3,12,1,6,7,-1,7.1,7.2,-0.1,0,0,0,0
249,6ba71da5,25,2092,23,24,23,1,12,1,25,39,-14,26.2,29.9,-3.7,0,0,0,0
250,6bb2c084,37,2439,27,26,20,11,1,2,55,33,22,55.0,30.4,24.6,0,0,0,0
251,6bca20fe,4,167,1,1,1,3,0,1,4,2,2,3.0,2.6,0.4,0,0,0,0
252,6c203af0,24,1561,17,15,12,9,6,0,15,36,-21,18.8,29.6,-10.8,0,0,0,0
253,6c6ecdd4,26,1384,15,16,10,10,6,1,21,20,1,18.9,15.3,3.6,0,0,0,0
254,6ca88b2a,21,1699,18,20,15,1,5,1,24,25,-1,21.0,24.5,-3.5,0,0,0,0
255,6d7f8e2a,0,0,0,0,0,0,1,0,0,0,0,0.0,0.0,0.0,0,0,0,0
256,6dfd8f05,1,1,0,0,0,1,5,3,0,0,0,0.0,0.0,0.0,0,0,0,0
257,6e345aa9,0,0,0,0,0,0,1,0,0,0,0,0.0,0.0,0.0,0,0,0,0
258,6e5b5a45,10,622,6,8,6,2,2,1,9,11,-2,7.5,12.0,-4.5,0,0,0,0
259,6e7f1353,33,2165,24,25,9,8,3,1,43,31,12,42.1,28.3,13.7,0,0,0,0
260,6f5ead86,14,544,6,5,2,9,9,1,5,15,-10,7.7,8.1,-0.4,0,0,0,0
261,6f8cd6d0,32,1929,21,20,13,12,3,1,30,38,-8,30.9,27.4,3.5,0,0,0,0
262,6fb7edd3,9,401,4,3,1,6,4,0,3,4,-1,3.6,6.6,-3.0,0,0,0,0
263,6fbde63a,31,2288,25,30,7,1,3,1,27,44,-17,26.5,35.7,-9.2,0,0,0,0
264,706a60e1,13,331,3,2,0,11,9,2,7,3,4,5.7,3.5,2.3,0,0,0,0
265,70d8e84c,22,1512,16,16,14,6,7,1,14,18,-4,17.4,18.2,-0.9,0,0,0,0
266,71ec39ef,37,3132,34,37,29,0,0,2,82,38,44,59.1,36.1,23.1,0,0,0,0
267,730bd100,6,207,2,2,0,4,4,1,2,2,0,2.2,2.9,-0.7,0,0,0,0
268,743fd71f,4,108,1,1,0,3,5,0,0,3,-3,0.5,3.0,-2.5,0,0,0,0
269,745ca0a3,0,0,0,0,0,0,1,0,0,0,0,0.0,0.0,0.0,0,0,0,0
270,75926036,0,0,0,0,0,0,1,0,0,0,0,0.0,0.0,0.0,0,0,0,0
271,75a63397,17,1022,11,11,7,6,7,0,2,22,-20,13.1,19.6,-6.5,0,0,0,0
272,75d97aa6,23,1706,19,20,15,3,0,0,17,34,-17,18.8,27.4,-8.6,0,0,0,0
273,76596fc0,0,0,0,0,0,0,1,0,0,0,0,0.0,0.0,0.0,0,0,0,0
274,76806215,10,738,8,7,7,3,28,1,15,10,5,15.1,8.5,6.6,0,0,0,0
275,770d7eb8,31,2723,30,30,28,1,0,1,37,53,-16,35.2,47.5,-12.3,0,0,0,0
276,775185ae,1,1,0,0,0,1,4,1,0,0,0,0.0,0.0,0.0,0,0,0,0
277,7768df30,29,2610,29,29,29,0,6,1,40,41,-1,35.8,36.1,-0.3,0,0,0,0
278,776972d5,11,307,3,2,0,9,10,0,3,2,1,3.9,4.7,-0.8,0,0,0,0
279,779847d6,28,2431,27,28,24,0,3,1,24,33,-9,27.3,29.4,-2.1,0,0,0,0
280,77d7c96f,22,1608,17,16,16,6,13,1,34,22,12,25.5,23.3,2.2,0,0,0,0
281,77f278a0,22,874,9,9,2,13,15,2,26,9,17,25.0,8.7,16.2,0,0,0,0
282,7800bdb8,0,0,0,0,0,0,2,0,0,0,0,0.0,0.0,0.0,0,0,0,0
283,7844c810,4,30,0,0,0,4,9,0,1,0,1,1.0,0.3,0.6,0,0,0,0
284,79584585,10,606,6,8,3,2,2,2,17,3,14,13.7,5.8,7.9,0,0,0,0
285,7961f7aa,34,2137,23,26,12,8,1,1,36,49,-13,24.3,42.7,-18.4,0,0,0,0
286,79685569,12,583,6,5,3,7,11,1,3,8,-5,6.1,8.9,-2.8,0,0,0,0
287,796b1c41,32,1956,21,21,7,11,2,0,17,32,-15,21.0,27.4,-6.5,0,0,0,0
288,79b2399c,28,1884,20,23,7,5,0,1,24,27,-3,27.7,22.6,5.0,0,0,0,0
289,7a137df4,1,7,0,0,0,1,6,1,0,0,0,0.0,0.0,0.0,0,0,0,0
290,7abfcbff,19,876,9,10,1,9,3,1,7,12,-5,11.1,13.8,-2.7,0,0,0,0
291,7add56e1,3,171,1,2,0,1,7,1,3,1,2,2.3,1.1,1.1,0,0,0,0
292,7adea561,21,1890,21,21,21,0,0,1,23,31,-8,25.0,24.6,0.4,0,0,0,0
293,7af0e1f8,26,2064,22,24,20,2,6,0,23,43,-20,25.8,42.2,-16.4,0,0,0,0
294,7b075c75,14,1192,13,14,11,0,3,1,15,26,-11,11.7,20.4,-8.7,0,0,0,0
295,7b536033,1,1,0,0,0,1,1,3,0,0,0,0.0,0.0,0.0,0,0,0,0
296,7c2965bb,38,2531,28,32,6,6,0,2,67,32,35,49.2,34.5,14.7,0,0,0,0
297,7c56da38,20,631,7,6,2,14,14,2,20,7,13,18.6,7.4,11.2,0,0,0,0
298,7c6d6c96,32,2746,30,32,27,0,2,1,27,35,-8,25.6,45.2,-19.6,0,0,0,0
299,7cab69b5,33,2855,31,33,31,0,0,2,71,38,33,52.9,41.7,11.2,0,0,0,0
300,7cb9de24,1,11,0,0,0,1,0,1,0,1,-1,0.1,0.2,-0.1,0,0,0,0
301,7cdda3bf,20,957,10,10,3,10,7,1,15,9,6,13.8,10.7,3.1,0,0,0,0
302,7cf431a5,32,1818,20,19,13,13,3,1,30,22,8,26.3,26.3,0.0,0,0,0,0
303,7cf9f0ed,17,542,6,4,0,13,15,1,4,10,-6,6.7,9.9,-3.2,0,0,0,0
304,7d45b97a,11,919,10,10,10,1,14,1,10,21,-11,9.2,16.0,-6.8,0,0,0,0
305,7d9b37bf,33,1688,18,18,6,15,3,0,20,31,-11,21.7,26.2,-4.5,0,0,0,0
306,7de29631,1,27,0,0,0,1,6,0,0,0,0,0.5,0.4,0.0,0,0,0,0
307,7e82a78f,22,1412,15,16,8,6,5,0,19,32,-13,17.4,29.8,-12.4,0,0,0,0
308,7f3b388c,34,3060,34,34,34,0,0,2,77,38,39,56.0,43.3,12.7,0,0,0,0
309,7f622eef,25,1344,14,17,6,8,12,1,15,20,-5,15.1,18.4,-3.3,0,0,0,0
310,7f9111ea,21,1577,17,16,15,5,11,0,19,28,-9,20.6,25.0,-4.4,0,0,0,0
311,7fb301af,4,280,3,3,3,1,2,2,6,1,5,5.9,3.2,2.7,0,0,0,0
312,7fecbcdb,18,1533,17,17,16,1,9,0,15,25,-10,21.3,22.0,-0.7,0,0,0,0
313,7ffaf233,26,1195,13,13,3,13,3,0,11,23,-12,13.1,17.1,-3.9,0,0,0,0
314,813aae2f,16,576,6,4,0,12,1,1,10,13,-3,7.3,9.9,-2.6,0,0,0,0
315,81aeb1dd,13,511,5,5,0,8,0,1,5,5,0,6.2,8.1,-1.9,0,0,0,0
316,81d3318f,35,2014,22,23,5,12,2,1,32,32,0,32.2,26.6,5.6,0,0,0,0
317,81d9a76b,3,23,0,0,0,3,18,0,0,1,-1,0.1,1.1,-1.0,0,0,0,0
318,821233cc,16,1440,16,16,16,0,0,2,27,13,14,24.9,21.1,3.8,0,0,0,0
319,82671804,34,3019,33,34,30,0,0,2,72,37,35,68.9,32.7,36.2,0,0,0,0
320,833a91a1,9,651,7,8,3,1,17,1,6,5,1,9.4,7.4,2.0,0,0,0,0
321,8417953b,3,256,2,2,2,1,14,2,8,4,4,3.3,4.8,-1.5,0,0,0,0
322,84549a07,26,870,9,10,1,16,9,1,11,12,-1,11.1,10.1,1.1,0,0,0,0
323,84d94b91,34,2948,32,34,26,0,0,1,31,38,-7,29.4,48.5,-19.1,0,0,0,0
324,85322440,10,680,7,8,5,2,3,0,2,12,-10,7.6,14.5,-6.9,0,0,0,0
325,8577e60a,0,0,0,0,0,0,1,0,0,0,0,0.0,0.0,0.0,0,0,0,0
326,857e2586,7,128,1,0,0,7,2,0,0,6,-6,1.2,3.8,-2.6,0,0,0,0
327,85a44ecc,20,838,9,8,2,12,11,1,12,16,-4,11.3,11.9,-0.6,0,0,0,0
328,8614496d,3,232,2,3,1,0,10,1,4,7,-3,3.1,5.5,-2.4,0,0,0,0
329,86a2ba20,6,201,2,1,1,5,3,0,3,8,-5,3.2,6.5,-3.3,0,0,0,0
330,86df8ac0,0,0,0,0,0,0,2,0,0,0,0,0.0,0.0,0.0,0,0,0,0
331,86e7deaf,25,2115,23,24,22,1,7,2,76,16,60,54.9,18.8,36.1,0,0,0,0
332,871fc5f8,5,73,0,0,0,5,6,0,1,1,0,1.1,0.9,0.2,0,0,0,0
333,872cd68c,23,2070,23,23,23,0,2,1,25,26,-1,29.1,25.7,3.3,0,0,0,0
334,8730ed6a,3,47,0,0,0,3,5,0,0,3,-3,0.8,3.0,-2.1,0,0,0,0
335,873ce3a2,1,10,0,0,0,1,7,3,1,0,1,0.4,0.1,0.3,0,0,0,0
336,8746d5d0,13,897,10,10,9,3,18,1,11,11,0,10.4,12.9,-2.5,0,0,0,0
337,8794e251,33,2362,26,27,17,6,1,2,69,19,50,55.5,23.4,32.1,0,0,0,0
338,8802c1d5,26,1429,15,16,4,10,4,1,23,28,-5,14.9,23.3,-8.3,0,0,0,0
339,881ef58c,25,1347,15,14,6,11,3,2,41,12,29,30.6,13.5,17.2,0,0,0,0
340,883f251e,18,779,8,8,2,10,2,1,10,8,2,7.9,11.8,-4.0,0,0,0,0
341,88615858,31,1615,17,19,7,12,2,0,13,27,-14,17.5,23.4,-5.9,0,0,0,0
342,8870154f,0,0,0,0,0,0,4,0,0,0,0,0.0,0.0,0.0,0,0,0,0
343,88fdac8b,7,489,5,6,4,1,15,0,2,12,-10,4.4,10.7,-6.3,0,0,0,0
344,8a1621b8,0,0,0,0,0,0,1,0,0,0,0,0.0,0.0,0.0,0,0,0,0
345,8a2248b4,28,2520,28,28,28,0,10,1,40,36,4,33.7,38.0,-4.3,0,0,0,0
346,8b298f56,16,1213,13,14,10,2,2,2,23,26,-3,19.6,20.7,-1.1,0,0,0,0
347,8ba3a754,9,316,3,3,1,6,8,0,3,7,-4,4.0,4.2,-0.2,0,0,0,0
348,8c2c48a9,7,227,2,2,1,5,8,0,3,4,-1,4.5,2.9,1.5,0,0,0,0
349,8cb8dc58,11,883,9,10,7,1,19,1,14,20,-6,8.5,16.1,-7.6,0,0,0,0
350,8d043f1d,19,633,7,5,1,14,1,1,14,10,4,11.4,8.6,2.8,0,0,0,0
351,8da74c05,26,1681,18,19,11,7,4,1,26,19,7,22.0,23.1,-1.1,0,0,0,0
352,8dbff17c,33,2955,32,33,31,0,0,2,70,36,34,66.9,32.4,34.5,0,0,0,0
353,8e2d5426,11,849,9,10,6,1,10,0,5,21,-16,9.7,15.7,-5.9,0,0,0,0
354,8e87af42,18,1148,12,13,7,5,6,1,14,16,-2,14.2,15.1,-0.9,0,0,0,0
355,8eec784d,3,122,1,1,1,2,5,2,1,0,1,2.1,1.3,0.8,0,0,0,0
356,8f325097,9,578,6,7,5,2,15,1,5,11,-6,6.3,9.6,-3.3,0,0,0,0
357,8f696594,36,2555,28,28,14,8,1,2,67,25,42,47.9,27.1,20.8,0,0,0,0
358,8f898ba8,15,424,4,2,1,13,3,2,14,6,8,9.7,5.1,4.5,0,0,0,0
359,8ff07990,28,2269,25,26,14,2,0,1,39,37,2,35.1,34.7,0.4,0,0,0,0
360,8ff4872e,28,2420,26,26,25,2,1,1,38,41,-3,35.2,35.9,-0.7,0,0,0,0
361,9001138b,15,1042,11,12,6,3,8,2,18,9,9,16.5,14.0,2.5,0,0,0,0
362,909222de,26,1727,19,22,4,4,2,1,23,31,-8,21.2,28.4,-7.2,0,0,0,0
363,90fcf472,29,1839,20,20,10,9,1,1,32,43,-11,22.1,33.5,-11.4,0,0,0,0
364,916a4308,0,0,0,0,0,0,2,0,0,0,0,0.0,0.0,0.0,0,0,0,0
365,91e58f66,34,2463,27,28,19,6,1,0,24,53,-29,21.7,44.2,-22.5,0,0,0,0
366,91f2da4c,29,1283,14,13,1,16,6,1,13,13,0,18.2,16.7,1.5,0,0,0,0
367,92232aad,15,1314,14,15,13,0,0,1,25,12,13,24.3,18.8,5.5,0,0,0,0
368,9260926b,30,2405,26,30,22,0,0,1,29,45,-16,21.8,40.8,-19.0,0,0,0,0
369,927ebf65,0,0,0,0,0,0,1,0,0,0,0,0.0,0.0,0.0,0,0,0,0
370,92b56413,14,1192,13,14,11,0,0,1,15,18,-3,14.2,18.3,-4.2,0,0,0,0
371,933d3b51,29,2416,26,27,24,2,6,1,27,30,-3,29.5,24.4,5.1,0,0,0,0
372,942c6dc3,2,39,0,0,0,2,1,1,0,2,-2,0.3,0.6,-0.4,0,0,0,0
373,9453d2f4,16,458,5,3,2,13,11,1,5,6,-1,8.2,7.5,0.7,0,0,0,0
374,9484067b,0,0,0,0,0,0,1,0,0,0,0,0.0,0.0,0.0,0,0,0,0
375,950ff24d,10,900,10,10,10,0,26,1,13,16,-3,15.5,11.5,4.0,0,0,0,0
376,96245685,0,0,0,0,0,0,1,0,0,0,0,0.0,0.0,0.0,0,0,0,0
377,96908f80,1,90,1,1,1,0,36,0,0,1,-1,0.7,1.4,-0.7,0,0,0,0
378,96fcd380,13,1170,13,13,13,0,4,1,16,17,-1,17.1,15.8,1.2,0,0,0,0
379,97b87472,1,90,1,1,1,0,1,0,1,6,-5,1.5,3.8,-2.3,0,0,0,0
380,97fb4608,19,1428,15,16,14,3,8,1,18,24,-6,21.2,18.5,2.7,0,0,0,0
381,9836e892,2,33,0,0,0,2,1,2,2,0,2,0.8,1.0,-0.1,0,0,0,0
382,9856a361,0,0,0,0,0,0,4,0,0,0,0,0.0,0.0,0.0,0,0,0,0
383,99295490,0,0,0,0,0,0,1,0,0,0,0,0.0,0.0,0.0,0,0,0,0
384,9980269a,8,341,3,3,0,5,3,2,4,2,2,3.3,2.9,0.4,0,0,0,0
385,9a1f2e1c,24,1812,20,22,14,2,11,2,53,21,32,37.7,18.8,18.9,0,0,0,0
386,9a493fb7,15,807,9,10,3,5,5,1,9,13,-4,13.4,10.8,2.6,0,0,0,0
387,9a506145,18,1312,14,16,12,2,9,1,17,15,2,14.0,13.2,0.8,0,0,0,0
388,9ae9eaea,18,1295,14,14,11,4,14,2,39,9,30,24.6,15.1,9.5,0,0,0,0
389,9b398aea,0,0,0,0,0,0,1,0,0,0,0,0.0,0.0,0.0,0,0,0,0
390,9b6d9b53,36,2780,30,31,27,5,1,1,43,60,-17,33.6,54.1,-20.5,0,0,0,0
391,9b8970ce,3,208,2,2,2,1,6,2,3,2,1,3.2,1.8,1.5,0,0,0,0
392,9dafff2a,16,743,8,7,4,9,4,1,6,12,-6,6.9,17.3,-10.3,0,0,0,0
393,9dd5da03,4,139,1,1,1,3,11,1,0,3,-3,1.6,3.2,-1.6,0,0,0,0
394,9e27e5de,14,1056,11,14,5,0,0,1,10,15,-5,14.0,14.4,-0.4,0,0,0,0
395,9f29c204,26,2198,24,24,23,2,11,1,22,28,-6,21.4,35.0,-13.6,0,0,0,0
396,9f6325f9,4,360,4,4,4,0,10,1,6,4,2,3.4,5.1,-1.7,0,0,0,0
397,9ffdf29a,1,29,0,0,0,1,2,0,0,0,0,0.2,0.6,-0.4,0,0,0,0
398,a0791826,7,179,2,0,0,7,7,0,5,5,0,2.2,3.7,-1.4,0,0,0,0
399,a08b974a,31,2038,22,23,15,8,2,2,50,22,28,47.2,23.1,24.1,0,0,0,0
400,a0f9b535,31,2235,24,26,9,5,2,1,28,29,-1,31.2,30.2,0.9,0,0,0,0
401,a1017967,19,1630,18,18,18,1,14,1,17,19,-2,14.1,27.3,-13.2,0,0,0,0
402,a1d04509,16,725,8,10,1,6,7,1,5,8,-3,9.6,7.7,1.9,0,0,0,0
403,a2da58b1,1,1,0,0,0,1,7,3,0,0,0,0.0,0.0,0.0,0,0,0,0
404,a3d524cb,9,810,9,9,9,0,12,0,2,14,-12,10.7,15.1,-4.3,0,0,0,0
405,a44d3a3c,3,24,0,0,0,3,3,3,4,0,4,2.0,0.1,1.9,0,0,0,0
406,a4527d33,29,2569,28,29,28,0,8,0,31,60,-29,29.5,54.4,-24.9,0,0,0,0
407,a4b1028a,30,2637,29,30,27,0,1,1,38,34,4,36.5,38.9,-2.3,0,0,0,0
408,a4c3f7af,19,1176,13,14,9,5,1,1,17,25,-8,13.3,20.4,-7.1,0,0,0,0
409,a51728e3,10,710,7,10,6,0,2,0,3,14,-11,8.4,16.2,-7.8,0,0,0,0
410,a557e6b0,13,1051,11,13,10,0,3,0,7,18,-11,10.5,20.2,-9.7,0,0,0,0
411,a56bd2ee,38,3420,38,38,38,0,0,1,48,59,-11,45.5,49.0,-3.5,0,0,0,0
412,a5876fca,12,681,7,9,4,3,24,1,12,11,1,13.0,10.6,2.3,0,0,0,0
413,a5db0bec,32,2433,27,27,18,5,4,2,62,30,32,48.4,31.2,17.2,0,0,0,0
414,a6138e4a,12,534,5,5,2,7,11,0,5,10,-5,5.5,9.0,-3.6,0,0,0,0
415,a63c42ba,0,0,0,0,0,0,1,0,0,0,0,0.0,0.0,0.0,0,0,0,0
416,a712ca2b,34,3060,34,34,34,0,0,0,33,50,-17,42.8,47.4,-4.7,0,0,0,0
417,a7e4760c,0,0,0,0,0,0,2,0,0,0,0,0.0,0.0,0.0,0,0,0,0
418,a8797cf1,26,2084,23,24,17,2,1,1,23,26,-3,19.0,31.9,-12.9,0,0,0,0
419,a87e9eb6,3,25,0,0,0,3,5,0,0,0,0,0.1,0.4,-0.3,0,0,0,0
420,a8b4a643,26,1540,17,15,12,11,7,1,13,31,-18,18.9,25.2,-6.3,0,0,0,0
421,aa1a8c7e,38,2096,23,22,8,16,0,1,20,22,-2,26.7,22.1,4.6,0,0,0,0
422,aa21406e,0,0,0,0,0,0,1,0,0,0,0,0.0,0.0,0.0,0,0,0,0
423,aad56ca3,7,83,0,0,0,7,5,2,2,1,1,2.1,0.9,1.2,0,0,0,0
424,ab914649,14,746,8,10,2,4,3,0,8,16,-8,8.3,17.2,-8.8,0,0,0,0
425,abc06eb3,0,0,0,0,0,0,3,0,0,0,0,0.0,0.0,0.0,0,0,0,0
426,abccacf7,1,29,0,0,0,1,0,0,0,0,0,0.5,0.6,-0.2,0,0,0,0
427,ac62861c,37,3060,34,36,24,1,0,1,23,48,-25,36.7,44.2,-7.5,0,0,0,0
428,ac73ec79,33,2791,31,31,29,2,2,1,29,27,2,36.8,32.5,4.3,0,0,0,0
429,ac89503b,0,0,0,0,0,0,2,0,0,0,0,0.0,0.0,0.0,0,0,0,0
430,acb9db1b,0,0,0,0,0,0,1,0,0,0,0,0.0,0.0,0.0,0,0,0,0
431,ad625c12,5,399,4,4,3,1,1,0,4,8,-4,4.8,7.4,-2.6,0,0,0,0
432,adf825b9,2,25,0,0,0,2,1,3,0,0,0,0.1,0.2,-0.1,0,0,0,0
433,ae59b359,14,511,5,3,3,11,17,1,6,9,-3,4.7,8.3,-3.6,0,0,0,0
434,ae7d0ecd,17,1457,16,16,15,1,16,1,19,29,-10,19.3,25.9,-6.6,0,0,0,0
435,ae82fa48,1,90,1,1,1,0,0,0,0,1,-1,0.5,0.9,-0.4,0,0,0,0
436,aeed036d,0,0,0,0,0,0,2,0,0,0,0,0.0,0.0,0.0,0,0,0,0
437,aef6e670,28,2423,26,27,25,1,7,2,78,21,57,66.0,24.2,41.9,0,0,0,0
438,af0c835b,7,431,4,4,1,3,7,1,3,4,-1,4.8,7.2,-2.5,0,0,0,0
439,afc16a32,0,0,0,0,0,0,2,0,0,0,0,0.0,0.0,0.0,0,0,0,0
440,b0547a87,33,2220,24,25,11,8,2,2,19,33,-14,26.0,31.0,-5.0,0,0,0,0
441,b056e3da,37,3330,37,37,37,0,0,1,36,38,-2,40.5,36.2,4.3,0,0,0,0
442,b18a3023,34,2781,30,30,28,4,3,0,31,53,-22,26.1,48.4,-22.3,0,0,0,0
443,b1d45367,0,0,0,0,0,0,3,0,0,0,0,0.0,0.0,0.0,0,0,0,0
444,b2bd0f6c,34,2572,28,27,22,7,2,1,39,34,5,42.9,35.8,7.1,0,0,0,0
445,b396a0b1,7,162,1,1,0,6,12,0,1,4,-3,1.9,4.6,-2.7,0,0,0,0
446,b4a014b1,28,2291,25,27,23,1,0,1,23,31,-8,27.9,26.5,1.5,0,0,0,0
447,b4c816a9,9,175,1,1,0,8,5,1,3,4,-1,2.5,2.4,0.1,0,0,0,0
448,b51242ef,14,1135,12,14,12,0,6,1,11,20,-9,12.6,13.7,-1.1,0,0,0,0
449,b666421b,32,2855,31,32,30,0,3,1,35,44,-9,40.7,38.7,2.0,0,0,0,0
450,b6dac747,22,1032,11,9,6,13,12,1,12,13,-1,11.4,15.4,-4.1,0,0,0,0
451,b6e50615,22,1716,19,19,18,3,13,2,60,15,45,47.0,16.8,30.1,0,0,0,0
452,b7e7937d,3,225,2,2,2,1,20,3,9,0,9,5.9,2.5,3.4,0,0,0,0
453,b82880c6,1,90,1,1,1,0,0,0,1,3,-2,0.6,1.9,-1.3,0,0,0,0
454,b86fe156,28,2243,24,28,14,0,2,1,21,28,-7,28.3,31.2,-2.9,0,0,0,0
455,b92edde2,19,1703,18,19,18,0,0,1,28,18,10,26.8,20.2,6.5,0,0,0,0
456,b931d9d1,19,1595,17,18,16,1,1,1,12,21,-9,22.3,23.7,-1.5,0,0,0,0
457,b99bec05,25,1602,17,17,15,8,10,0,13,28,-15,17.9,26.6,-8.6,0,0,0,0
458,bb4a42be,22,1521,16,19,8,3,3,1,20,18,2,19.3,18.7,0.6,0,0,0,0
459,bc270726,37,3330,37,37,37,0,0,1,37,41,-4,32.2,53.6,-21.4,0,0,0,0
460,bc6bd723,35,3041,33,34,32,1,0,1,49,47,2,45.5,43.2,2.3,0,0,0,0
461,bcb98316,8,170,1,0,0,8,9,1,5,0,5,4.5,1.6,2.9,0,0,0,0
462,bcc81786,36,3154,35,35,33,1,0,1,34,47,-13,40.5,46.8,-6.3,0,0,0,0
463,bced0375,20,1588,17,18,15,2,8,1,21,25,-4,21.6,25.1,-3.5,0,0,0,0
464,bcf1b2e9,38,3420,38,38,38,0,0,1,55,73,-18,41.6,63.8,-22.2,0,0,0,0
465,bd4f5f94,20,1607,17,18,15,2,10,2,41,23,18,30.6,22.8,7.7,0,0,0,0
466,beb391dd,30,1272,14,13,6,17,3,2,24,19,5,19.8,15.9,3.9,0,0,0,0
467,bece776f,30,2477,27,28,22,2,1,1,58,36,22,44.8,31.7,13.1,0,0,0,0
468,bef22bc4,0,0,0,0,0,0,4,0,0,0,0,0.0,0.0,0.0,0,0,0,0
469,beff5d14,20,655,7,5,0,15,11,0,9,10,-1,8.8,9.4,-0.6,0,0,0,0
470,bf354e77,10,424,4,4,1,6,5,0,3,3,0,7.2,4.8,2.4,0,0,0,0
471,bfdb33aa,24,1858,20,22,12,2,0,1,29,24,5,31.4,24.6,6.8,0,0,0,0
472,c0b3669f,0,0,0,0,0,0,2,0,0,0,0,0.0,0.0,0.0,0,0,0,0
473,c0cddebe,2,28,0,0,0,2,0,3,1,0,1,0.6,0.2,0.4,0,0,0,0
474,c121a641,1,90,1,1,1,0,2,0,2,3,-1,1.3,2.2,-0.9,0,0,0,0
475,c1febb46,27,2002,22,23,11,4,2,1,19,31,-12,23.8,31.2,-7.5,0,0,0,0
476,c2211709,35,3049,33,35,32,0,0,1,33,28,5,37.8,35.3,2.5,0,0,0,0
477,c252c705,0,0,0,0,0,0,6,0,0,0,0,0.0,0.0,0.0,0,0,0,0
478,c26a3918,33,2970,33,33,33,0,1,1,41,44,-3,41.7,39.0,2.7,0,0,0,0
479,c27dfb82,29,1757,19,18,12,11,3,1,27,33,-6,23.3,29.0,-5.7,0,0,0,0
480,c3512013,8,470,5,5,3,3,10,0,2,13,-11,4.8,9.6,-4.8,0,0,0,0
481,c3725db2,14,1107,12,12,10,2,19,1,14,23,-9,14.4,19.4,-5.0,0,0,0,0
482,c4527123,7,350,3,3,3,4,8,1,8,12,-4,9.4,11.0,-1.6,0,0,0,0
483,c46fa34c,27,2047,22,25,16,2,0,1,17,28,-11,23.7,26.9,-3.2,0,0,0,0
484,c47541e0,31,2284,25,27,15,4,0,2,64,30,34,43.1,24.0,19.2,0,0,0,0
485,c4bbea9f,27,2430,27,27,27,0,6,1,24,23,1,31.4,29.5,1.9,0,0,0,0
486,c4cca587,0,0,0,0,0,0,6,0,0,0,0,0.0,0.0,0.0,0,0,0,0
487,c53083ad,16,1284,14,15,10,1,1,1,16,18,-2,18.1,21.6,-3.4,0,0,0,0
488,c58270f8,24,934,10,8,2,16,11,1,11,9,2,10.7,10.9,-0.3,0,0,0,0
489,c5a500ca,29,2415,26,27,22,2,0,0,27,36,-9,34.4,35.9,-1.6,0,0,0,0
490,c6056d58,36,3240,36,36,36,0,0,2,82,37,45,57.0,45.1,11.9,0,0,0,0
491,c650629d,29,1881,20,20,11,9,4,1,32,28,4,29.9,22.8,7.0,0,0,0,0
492,c69ef855,26,1886,21,20,16,6,9,0,20,34,-14,23.2,31.7,-8.4,0,0,0,0
493,c6ac6579,19,876,9,9,5,10,7,1,26,11,15,23.1,8.9,14.2,0,0,0,0
494,c6e5d20f,31,2294,25,27,17,4,1,1,30,40,-10,24.4,37.8,-13.4,0,0,0,0
495,c76b7567,36,2578,28,29,13,7,1,1,27,33,-6,30.1,28.5,1.6,0,0,0,0
496,c801616a,35,3025,33,34,31,1,0,1,40,48,-8,42.9,41.3,1.6,0,0,0,0
497,c8c02ac7,15,989,11,11,8,4,7,1,17,11,6,13.2,11.2,2.1,0,0,0,0
498,c8c60119,20,1248,13,13,12,7,12,1,24,21,3,18.3,23.2,-4.9,0,0,0,0
499,c977ef13,0,0,0,0,0,0,1,0,0,0,0,0.0,0.0,0.0,0,0,0,0
500,c9e99e49,25,2063,22,23,21,2,7,2,65,17,48,52.2,20.2,32.1,0,0,0,0
501,cac76a72,35,3112,34,35,34,0,0,1,44,44,0,47.3,47.3,0.0,0,0,0,0
502,cb9ec45d,7,275,3,4,2,3,9,1,2,4,-2,2.9,3.3,-0.4,0,0,0,0
503,cc41f558,6,354,3,3,2,3,1,0,2,7,-5,4.5,8.6,-4.1,0,0,0,0
504,cc77354e,6,455,5,5,4,1,14,2,10,6,4,10.9,5.8,5.1,0,0,0,0
505,ccb1c3af,17,881,9,9,2,8,12,1,12,12,0,12.3,10.5,1.8,0,0,0,0
506,ccbbe661,28,1097,12,8,3,20,8,1,18,21,-3,11.5,19.0,-7.5,0,0,0,0
507,ccd04e41,0,0,0,0,0,0,1,0,0,0,0,0.0,0.0,0.0,0,0,0,0
508,cd387ff4,29,2238,24,26,19,3,1,0,26,49,-23,24.6,45.5,-20.9,0,0,0,0
509,cdf65d12,23,1929,21,22,20,1,4,1,36,29,7,27.5,30.2,-2.7,0,0,0,0
510,ce17b5eb,4,360,4,4,4,0,32,2,7,4,3,6.6,4.5,2.0,0,0,0,0
511,ce316f8c,19,847,9,7,0,12,7,0,6,15,-9,11.2,12.7,-1.4,0,0,0,0
512,ce492295,17,1201,13,13,13,4,11,1,20,23,-3,17.8,21.0,-3.2,0,0,0,0
513,cee88597,25,1951,21,22,19,3,5,0,19,47,-28,22.5,42.4,-20.0,0,0,0,0
514,cf4053e2,29,1825,20,23,7,6,1,1,21,16,5,16.2,24.1,-7.9,0,0,0,0
515,cf91c5d6,0,0,0,0,0,0,3,0,0,0,0,0.0,0.0,0.0,0,0,0,0
516,cfd8dde3,18,1376,15,15,8,3,0,0,14,24,-10,19.4,17.4,2.1,0,0,0,0
517,cfe852d8,21,1890,21,21,21,0,12,1,21,31,-10,23.1,26.9,-3.8,0,0,0,0
518,d14229f3,24,1458,16,17,6,7,7,1,17,19,-2,19.4,19.4,0.1,0,0,0,0
519,d2110326,12,728,8,8,7,4,21,1,20,17,3,12.3,10.3,2.0,0,0,0,0
520,d2448564,36,2603,28,29,17,7,0,0,22,39,-17,28.1,38.6,-10.5,0,0,0,0
521,d28b4a9d,3,77,0,1,0,2,3,1,0,5,-5,0.8,3.1,-2.3,0,0,0,0
522,d2aa8ac0,23,1621,18,21,5,2,6,1,25,28,-3,25.3,23.6,1.7,0,0,0,0
523,d33c706e,32,2333,25,25,16,7,0,0,29,36,-7,34.0,35.0,-1.0,0,0,0,0
524,d3b58e33,6,212,2,2,0,4,4,0,1,4,-3,2.0,4.6,-2.5,0,0,0,0
525,d3ce9f1f,17,1159,12,14,9,3,5,1,12,12,0,14.4,16.5,-2.1,0,0,0,0
526,d4133fa1,17,1479,16,17,14,0,0,1,23,14,9,23.2,23.3,-0.1,0,0,0,0
527,d504b3e1,10,439,4,7,0,3,0,1,5,1,4,5.5,3.7,1.7,0,0,0,0
528,d512db65,7,107,1,0,0,7,1,1,2,2,0,2.3,1.0,1.3,0,0,0,0
529,d520120b,26,2055,22,23,19,3,1,1,35,34,1,27.2,34.0,-6.8,0,0,0,0
530,d5f2f82b,26,2262,25,25,23,1,7,2,61,20,41,50.6,23.8,26.8,0,0,0,0
531,d63e2912,33,2520,28,30,24,3,2,2,60,36,24,57.6,33.5,24.1,0,0,0,0
532,d6a889ea,23,1817,20,21,19,2,0,1,26,36,-10,22.1,29.6,-7.4,0,0,0,0
533,d72db2f5,8,136,1,0,0,8,4,2,4,2,2,4.5,3.0,1.5,0,0,0,0
534,d7553721,33,1776,19,18,11,15,4,2,55,17,38,45.0,20.6,24.5,0,0,0,0
535,d7bf3d19,33,2703,30,31,26,2,0,1,47,55,-8,32.2,49.1,-16.9,0,0,0,0
536,d831f06f,0,0,0,0,0,0,2,0,0,0,0,0.0,0.0,0.0,0,0,0,0
537,d8b97bb3,5,304,3,3,2,2,5,2,6,1,5,5.3,3.5,1.8,0,0,0,0
538,d9afac11,25,917,10,7,1,18,12,0,12,14,-2,15.4,12.7,2.6,0,0,0,0
539,dab1b8dc,0,0,0,0,0,0,6,0,0,0,0,0.0,0.0,0.0,0,0,0,0
540,db6b062f,0,0,0,0,0,0,1,0,0,0,0,0.0,0.0,0.0,0,0,0,0
541,dbb10755,20,1718,19,20,19,0,5,1,20,30,-10,21.4,26.2,-4.8,0,0,0,0
542,dc366c36,34,3060,34,34,34,0,0,1,44,36,8,44.1,42.4,1.7,0,0,0,0
543,dc3a9a0d,26,1006,11,7,2,19,4,2,29,12,17,24.8,14.1,10.7,0,0,0,0
544,dcf7cf44,21,860,9,11,0,10,13,1,13,15,-2,9.6,12.9,-3.3,0,0,0,0
545,de343d38,14,968,10,11,6,3,2,0,13,27,-14,12.7,21.3,-8.6,0,0,0,0
546,de488e56,34,2998,33,33,32,1,0,0,30,52,-22,33.9,44.6,-10.7,0,0,0,0
547,de4fe7a2,23,800,8,8,0,15,9,1,10,12,-2,13.0,12.5,0.5,0,0,0,0
548,e0238966,0,0,0,0,0,0,7,0,0,0,0,0.0,0.0,0.0,0,0,0,0
549,e067808c,16,795,8,8,2,8,1,1,13,13,0,12.5,9.4,3.1,0,0,0,0
550,e0d725fe,15,902,10,12,4,3,15,0,5,11,-6,11.6,12.7,-1.1,0,0,0,0
551,e162b013,24,1578,17,16,14,8,11,2,53,13,40,40.8,15.7,25.2,0,0,0,0
552,e1b3413d,27,2178,24,25,22,2,10,1,35,44,-9,32.3,37.8,-5.6,0,0,0,0
553,e2781082,0,0,0,0,0,0,1,0,0,0,0,0.0,0.0,0.0,0,0,0,0
554,e2f9bb5f,6,131,1,1,0,5,7,2,1,3,-2,0.7,1.5,-0.8,0,0,0,0
555,e39f8724,7,598,6,6,6,1,26,0,5,13,-8,5.8,9.7,-4.0,0,0,0,0
556,e3ad3368,1,12,0,0,0,1,2,3,0,0,0,0.0,0.1,-0.1,0,0,0,0
557,e3d0b0c4,35,3105,34,35,33,0,1,2,80,34,46,58.2,35.6,22.5,0,0,0,0
558,e3e05edf,3,201,2,3,1,0,0,1,2,2,0,1.5,1.9,-0.4,0,0,0,0
559,e50623a0,11,721,8,7,6,4,17,1,8,7,1,7.6,9.4,-1.8,0,0,0,0
560,e54a9890,19,887,9,9,3,10,7,1,12,10,2,10.2,11.6,-1.4,0,0,0,0
561,e61bdd69,1,8,0,0,0,1,0,3,0,0,0,0.1,0.3,-0.2,0,0,0,0
562,e61d33f1,12,363,4,2,0,10,3,0,5,9,-4,5.4,6.7,-1.4,0,0,0,0
563,e65dd8dc,4,272,3,3,3,1,5,1,5,6,-1,6.1,4.6,1.5,0,0,0,0
564,e68f2cb4,13,1032,11,12,6,1,0,1,13,13,0,11.7,16.3,-4.5,0,0,0,0
565,e6951f76,0,0,0,0,0,0,5,0,0,0,0,0.0,0.0,0.0,0,0,0,0
566,e6bc67d7,1,5,0,0,0,1,1,3,0,0,0,0.0,0.1,-0.1,0,0,0,0
567,e750cba4,17,1530,17,17,17,0,21,0,11,28,-17,14.9,25.2,-10.2,0,0,0,0
568,e768de1f,13,708,7,7,6,6,8,1,5,16,-11,10.3,12.7,-2.4,0,0,0,0
569,e893fc23,2,85,0,1,0,1,6,0,0,4,-4,0.4,2.0,-1.5,0,0,0,0
570,e90af77c,5,82,0,1,0,4,12,1,0,1,-1,0.6,1.2,-0.6,0,0,0,0
571,e97150c0,33,2916,32,32,32,1,0,2,73,37,36,52.7,34.2,18.5,0,0,0,0
572,ea0ff634,35,2167,24,24,10,11,3,2,45,33,12,46.0,30.2,15.8,0,0,0,0
573,eacb45fd,21,1727,19,20,18,1,4,1,23,21,2,18.0,26.0,-7.9,0,0,0,0
574,eaf71a5e,30,2251,25,26,17,4,5,0,19,33,-14,23.1,31.3,-8.1,0,0,0,0
575,eb78322b,1,90,1,1,1,0,0,3,1,0,1,0.9,0.8,0.0,0,0,0,0
576,ec1aa15e,7,443,4,6,3,1,10,1,5,5,0,6.2,5.4,0.8,0,0,0,0
577,ec400194,33,2503,27,27,25,6,1,1,41,50,-9,31.0,46.0,-15.0,0,0,0,0
578,ed45c4a5,32,2350,26,29,15,3,2,1,21,37,-16,28.4,27.8,0.5,0,0,0,0
579,edd1466a,23,1613,17,19,8,4,9,1,29,38,-9,21.3,29.3,-8.1,0,0,0,0
580,eedea60b,0,0,0,0,0,0,5,0,0,0,0,0.0,0.0,0.0,0,0,0,0
581,ef4b7c60,0,0,0,0,0,0,1,0,0,0,0,0.0,0.0,0.0,0,0,0,0
582,ef7cd87a,36,2810,31,31,26,5,1,1,31,34,-3,33.5,31.7,1.8,0,0,0,0
583,ef9c1c95,34,3011,33,34,29,0,0,1,45,36,9,43.8,40.6,3.2,0,0,0,0
584,f00de885,34,3060,34,34,34,0,0,2,78,37,41,57.7,35.2,22.5,0,0,0,0
585,f09a8b75,20,1028,11,12,2,8,8,0,13,15,-2,15.8,14.4,1.4,0,0,0,0
586,f18d7ab2,0,0,0,0,0,0,2,0,0,0,0,0.0,0.0,0.0,0,0,0,0
587,f3085377,6,336,3,3,2,3,9,1,4,11,-7,4.1,7.4,-3.4,0,0,0,0
588,f323d995,30,2605,28,30,28,0,2,0,30,43,-13,37.1,40.4,-3.3,0,0,0,0
589,f329ec76,3,55,0,0,0,3,1,0,1,1,0,1.3,0.5,0.8,0,0,0,0
590,f352a2db,26,1421,15,14,3,12,9,1,15,15,0,19.1,17.5,1.6,0,0,0,0
591,f3600c02,18,1408,15,15,12,3,2,2,24,28,-4,17.400000000000002,28.5,-11.1,0,0,0,0
592,f3642ba8,13,396,4,3,2,10,0,0,3,8,-5,3.5,10.0,-6.5,0,0,0,0
593,f36c432f,15,753,8,7,2,8,3,2,22,6,16,16.2,9.5,6.7,0,0,0,0
594,f42b8db7,0,0,0,0,0,0,1,0,0,0,0,0.0,0.0,0.0,0,0,0,0
595,f449640d,27,2055,22,25,18,2,7,1,19,37,-18,17.7,34.4,-16.6,0,0,0,0
596,f45cf4f7,2,23,0,0,0,2,0,0,0,1,-1,0.2,0.3,-0.1,0,0,0,0
597,f45f9427,0,0,0,0,0,0,1,0,0,0,0,0.0,0.0,0.0,0,0,0,0
598,f5044e54,34,2890,32,33,24,1,0,1,42,40,2,39.8,41.3,-1.5,0,0,0,0
599,f51edbf3,5,223,2,1,0,4,8,1,0,4,-4,1.4,3.9,-2.5,0,0,0,0
600,f5a00fa4,33,2803,31,31,30,2,3,2,71,42,29,50.9,41.6,9.3,0,0,0,0
601,f5aa537a,0,0,0,0,0,0,1,0,0,0,0,0.0,0.0,0.0,0,0,0,0
602,f6256137,0,0,0,0,0,0,3,0,0,0,0,0.0,0.0,0.0,0,0,0,0
603,f6496133,6,179,2,1,0,5,9,0,2,2,0,2.9,1.0,1.9,0,0,0,0
604,f64d606b,0,0,0,0,0,0,1,0,0,0,0,0.0,0.0,0.0,0,0,0,0
605,f6db3bd5,34,2939,32,34,32,0,0,2,68,41,27,53.1,41.2,11.9,0,0,0,0
606,f767d11c,0,0,0,0,0,0,2,0,0,0,0,0.0,0.0,0.0,0,0,0,0
607,f7691f63,33,2602,28,29,22,4,0,1,42,49,-7,39.1,43.3,-4.2,0,0,0,0
608,f7d3a773,0,0,0,0,0,0,7,0,0,0,0,0.0,0.0,0.0,0,0,0,0
609,f83c8d6c,37,3209,35,36,32,1,0,1,45,51,-6,42.8,44.6,-1.8,0,0,0,0
610,f86ca403,20,1290,14,15,9,5,6,1,12,31,-19,14.7,21.8,-7.1,0,0,0,0
611,f99fe221,12,851,9,9,8,3,12,1,15,17,-2,13.3,12.9,0.4,0,0,0,0
612,fa00f0c9,1,10,0,0,0,1,2,0,0,0,0,0.0,0.1,0.0,0,0,0,0
613,fa18c72e,34,2018,22,24,10,10,3,0,25,41,-16,23.4,33.3,-10.0,0,0,0,0
614,fa27b5a0,1,89,1,1,0,0,5,1,1,1,0,0.7,0.5,0.3,0,0,0,0
615,faf873a7,4,360,4,4,4,0,31,0,4,11,-7,4.4,7.3,-2.9,0,0,0,0
616,fb04404b,0,0,0,0,0,0,1,0,0,0,0,0.0,0.0,0.0,0,0,0,0
617,fbbb9269,35,3093,34,35,34,0,0,1,50,43,7,46.3,38.4,7.8,0,0,0,0
618,fbf83734,0,0,0,0,0,0,4,0,0,0,0,0.0,0.0,0.0,0,0,0,0
619,fca455cc,15,807,9,8,7,7,14,1,6,7,-1,10.3,7.6,2.8,0,0,0,0
620,fcb38f57,34,3032,33,34,33,0,2,1,37,53,-16,31.6,49.0,-17.4,0,0,0,0
621,fcbcbd94,33,2472,27,28,13,5,0,1,27,28,-1,23.5,37.6,-14.1,0,0,0,0
622,fd2bc67d,33,2919,32,33,32,0,1,1,41,50,-9,41.2,42.2,-1.0,0,0,0,0
623,fd771f95,14,914,10,11,7,3,0,1,20,11,9,16.5,13.1,3.4,0,0,0,0
624,ff0ab48c,34,3021,33,34,30,0,2,1,33,38,-5,37.3,31.8,5.6,0,0,0,0
625,ff16ecad,28,2410,26,28,24,0,3,0,21,34,-13,28.0,34.0,-6.0,0,0,0,0
626,ffa90327,27,1648,18,19,13,8,4,0,21,31,-10,17.2,28.2,-11.0,0,0,0,0
