,id,MP,Min,90s,Starts,Compl,Subs,unSub,PPM,onG,onGA,+/-,onxG,onxGA,xG+/-,MinGK,MPGK,StartsGK,90sGK
0,0018166b,0,0,0,0,0,0,3,0,0,0,0,0.0,0.0,0.0,1080,12,12,12
1,00638016,22,1815,20,21,16,1,11,0,19,35,-16,22.0,26.0,-4.0,510,7,4,5
2,007faf7a,25,1229,13,16,0,9,10,3,17,21,-4,21.1,15.0,6.0,3330,37,37,37
3,00891164,23,2034,22,23,22,0,0,1,22,42,-20,24.5,32.2,-7.7,1710,19,19,19
4,00a8d210,37,2448,27,28,16,9,0,1,45,37,8,36.3,32.7,3.6,1170,13,13,13
5,0118c54c,37,2395,26,26,19,11,0,1,39,24,15,38.6,28.9,9.7,833,11,9,9
6,0167017b,0,0,0,0,0,0,2,0,0,0,0,0.0,0.0,0.0,3420,38,38,38
7,0170fb91,0,0,0,0,0,0,2,0,0,0,0,0.0,0.0,0.0,90,1,1,1
8,01870104,32,2413,26,27,11,5,0,1,33,44,-11,33.5,33.3,0.2,1542,19,17,17
9,02bcaf8e,20,716,8,5,1,15,7,2,13,11,2,12.2,12.3,0.0999999999999999,1530,17,17,17
10,02e63f80,0,0,0,0,0,0,7,0,0,0,0,0.0,0.0,0.0,2250,25,25,25
11,032f894e,25,1651,18,20,11,5,0,1,24,20,4,23.8,18.3,5.5,1304,15,15,14
12,037f2523,16,453,5,5,0,11,5,0,8,13,-5,6.4,8.6,-2.2,2116,24,23,23
13,03e91055,29,1732,19,22,2,7,1,0,19,30,-11,22.0,24.1,-2.1,1530,17,17,17
14,04ac78d2,0,0,0,0,0,0,5,0,0,0,0,0.0,0.0,0.0,1440,16,16,16
15,04bb2b06,16,732,8,6,2,10,0,1,13,13,0,11.1,9.8,1.3,1105,13,11,12
16,0512a60a,1,17,0,0,0,1,3,3,0,0,0,0.1,0.0,0.1,2790,31,31,31
17,0557ff4f,1,90,1,1,1,0,8,1,0,0,0,0.2,0.8,-0.6,2250,25,25,25
18,0595569d,0,0,0,0,0,0,5,0,0,0,0,0.0,0.0,0.0,1890,21,21,21
19,0630eb63,1,18,0,0,0,1,1,1,0,0,0,0.2,0.0,0.2,1197,15,15,13
20,065dc209,37,2711,30,34,7,3,0,0,26,49,-23,30.6,41.4,-10.7,90,1,1,1
21,06c48679,35,3067,34,35,29,0,0,1,56,42,14,43.8,38.2,5.6,3420,38,38,38
22,06df8256,24,1838,20,21,18,3,2,2,35,22,13,31.6,22.2,9.5,2313,27,27,25
23,06f33dc8,4,102,1,0,0,4,1,0,2,3,-1,2.4,2.4,-0.1,8,1,0,0
24,080de72a,2,5,0,0,0,2,7,1,0,0,0,0.2,0.0,0.2,2982,34,34,33
25,08511d65,12,801,8,8,8,4,2,2,31,6,25,25.3,7.7,17.5,2610,29,29,29
26,08f5afaa,17,1530,17,17,17,0,15,2,45,17,28,37.5,18.2,19.4,810,9,9,9
27,095e4199,9,409,4,4,0,5,1,1,8,7,1,5.9,7.0,-1.1,900,10,10,10
28,0a67443a,0,0,0,0,0,0,9,0,0,0,0,0.0,0.0,0.0,630,7,7,7
29,0a8d6b91,0,0,0,0,0,0,1,0,0,0,0,0.0,0.0,0.0,1980,22,22,22
30,0ad37003,16,936,10,12,4,4,0,0,7,25,-18,8.6,17.2,-8.6,1856,21,21,20
31,0af4dcf0,12,356,4,5,0,7,3,2,11,10,1,8.6,3.5,5.2,3420,38,38,38
32,0b0cbe5b,34,2436,27,28,12,6,0,0,33,62,-29,27.2,44.0,-16.8,2587,29,29,28
33,0b2c9aec,20,983,10,11,0,9,5,1,9,11,-2,9.6,11.9,-2.2,1875,21,21,20
34,0b4d8274,22,886,9,7,0,15,0,0,12,15,-3,14.1,14.7,-0.6,1350,15,15,15
35,0bb6e193,22,1529,17,19,9,3,3,0,15,34,-19,16.1,23.2,-7.1,436,6,4,4
36,0be95d34,22,1003,11,13,0,9,5,2,15,16,-1,12.0,15.9,-3.9,1170,13,13,13
37,0bfca6a1,28,1926,21,21,16,7,5,1,34,28,6,25.1,30.6,-5.6,3420,38,38,38
38,0c291a1a,0,0,0,0,0,0,11,0,0,0,0,0.0,0.0,0.0,23,1,0,0
39,0c2ac3cb,5,220,2,3,1,2,9,3,5,2,3,3.9,2.9,1.1,90,1,1,1
40,0cbc8baa,37,3007,33,33,31,4,1,1,44,50,-6,38.5,50.8,-12.3,3330,37,37,37
41,0d7b6576,33,1786,19,21,5,12,2,1,32,25,7,24.4,27.6,-3.2,0,0,0,0
42,0d836298,0,0,0,0,0,0,1,0,0,0,0,0.0,0.0,0.0,0,0,0,0
43,0df854bb,0,0,0,0,0,0,7,0,0,0,0,0.0,0.0,0.0,0,0,0,0
44,0e46fa2f,7,103,1,1,0,6,9,1,0,1,-1,0.9,1.8,-1.0,0,0,0,0
45,0e7ccfc4,28,1324,14,13,5,15,2,1,20,21,-1,14.4,22.9,-8.5,0,0,0,0
46,0ed063d6,12,341,3,2,0,10,4,1,5,7,-2,6.2,5.9,0.3,0,0,0,0
47,0f26fd24,13,370,4,3,0,10,6,1,5,4,1,4.1,2.6,1.6,0,0,0,0
48,0f697e02,1,11,0,0,0,1,4,3,0,0,0,0.0,0.0,0.0,0,0,0,0
49,0f8418aa,35,2303,25,26,13,9,0,1,43,28,15,38.8,28.4,10.4,0,0,0,0
50,0f86995c,14,799,8,9,7,5,17,0,11,16,-5,10.9,9.7,1.2,0,0,0,0
51,0ff630d0,38,3337,37,37,35,1,0,0,38,69,-31,44.3,51.5,-7.1,0,0,0,0
52,1001ae82,30,2252,25,27,11,3,1,0,29,50,-21,23.7,36.0,-12.3,0,0,0,0
53,104b4ad3,20,1409,15,16,6,4,1,0,24,44,-20,20.5,28.1,-7.6,0,0,0,0
54,10f0fdd3,36,2332,25,26,14,10,0,1,35,31,4,35.5,30.6,4.9,0,0,0,0
55,114bbdee,14,985,10,11,9,3,12,1,17,9,8,16.7,13.4,3.3,0,0,0,0
56,12bd0579,1,45,0,1,0,0,1,0,1,1,0,0.5,1.0,-0.5,0,0,0,0
57,13d5fc25,0,0,0,0,0,0,1,0,0,0,0,0.0,0.0,0.0,0,0,0,0
58,1467af0d,24,1937,21,23,12,1,0,1,47,22,25,46.5,23.8,22.7,0,0,0,0
59,148e136f,5,313,3,3,1,2,0,0,4,8,-4,5.2,6.0,-0.7,0,0,0,0
60,14d2670e,12,610,6,5,4,7,12,0,5,15,-10,5.6,14.8,-9.2,0,0,0,0
61,14df1d7f,9,610,6,8,2,1,6,0,5,15,-10,5.8,15.6,-9.8,0,0,0,0
62,1545cf15,36,3220,35,36,33,0,1,0,32,60,-28,38.0,48.7,-10.6,0,0,0,0
63,15944afd,18,790,8,8,3,10,16,1,15,9,6,12.4,8.4,4.0,0,0,0,0
64,165a2e40,31,2211,24,25,12,6,1,1,31,27,4,33.2,23.1,10.2,0,0,0,0
65,169ea6ed,0,0,0,0,0,0,3,0,0,0,0,0.0,0.0,0.0,0,0,0,0
66,16aa7d4c,32,2686,29,31,29,1,0,1,41,38,3,34.2,41.3,-7.0,0,0,0,0
67,1787195f,1,16,0,0,0,1,3,0,0,1,-1,0.1,0.3,-0.2,0,0,0,0
68,18563ea7,0,0,0,0,0,0,5,0,0,0,0,0.0,0.0,0.0,0,0,0,0
69,1880614f,32,2200,24,25,10,7,1,1,40,22,18,39.9,26.5,13.3,0,0,0,0
70,19053e31,30,1948,21,24,10,6,7,1,33,24,9,34.2,22.1,12.1,0,0,0,0
71,1956b948,30,1488,16,13,3,17,1,0,15,32,-17,18.8,23.4,-4.5,0,0,0,0
72,199ff86e,5,67,0,0,0,5,5,0,0,1,-1,0.4,1.2,-0.7,0,0,0,0
73,19a12bed,11,544,6,7,2,4,5,2,7,4,3,9.4,4.0,5.4,0,0,0,0
74,19ba6c6d,35,2312,25,25,14,10,0,1,35,38,-3,29.7,39.6,-9.9,0,0,0,0
75,19cda00b,26,1645,18,19,4,7,3,2,39,13,26,39.4,18.4,21.0,0,0,0,0
76,1a066e69,24,1857,20,20,17,4,3,0,18,33,-15,20.6,34.4,-13.7,0,0,0,0
77,1a248246,13,825,9,11,1,2,1,0,15,16,-1,12.7,14.0,-1.3,0,0,0,0
78,1a6b7ea4,36,2729,30,31,19,5,0,1,42,29,13,44.4,31.9,12.5,0,0,0,0
79,1a992676,18,548,6,5,0,13,3,2,20,5,15,12.9,5.6,7.3,0,0,0,0
80,1bfe34dc,3,154,1,1,1,2,6,0,2,4,-2,2.0,2.5,-0.5,0,0,0,0
81,1d2d5cc8,9,810,9,9,9,0,28,2,18,7,11,14.6,7.1,7.6,0,0,0,0
82,1d383c10,0,0,0,0,0,0,4,0,0,0,0,0.0,0.0,0.0,0,0,0,0
83,1ddbc7ca,33,2589,28,30,23,3,2,1,38,28,10,42.3,34.0,8.4,0,0,0,0
84,1df4a109,18,405,4,3,1,15,13,1,5,9,-4,5.5,8.0,-2.4,0,0,0,0
85,1e93fc5d,1,10,0,0,0,1,4,1,0,0,0,0.0,0.0,0.0,0,0,0,0
86,1ec7e1c5,17,1126,12,13,8,4,15,1,20,9,11,22.1,15.6,6.5,0,0,0,0
87,1f6298f2,1,1,0,0,0,1,15,3,0,0,0,0.2,0.0,0.1,0,0,0,0
88,2054d037,22,777,8,7,1,15,4,0,9,17,-8,11.4,12.0,-0.6,0,0,0,0
89,20b9f052,29,2610,29,29,29,0,7,1,45,31,14,43.6,32.0,11.6,0,0,0,0
90,20de219a,0,0,0,0,0,0,22,0,0,0,0,0.0,0.0,0.0,0,0,0,0
91,20e73fac,38,3193,35,38,15,0,0,1,70,34,36,56.7,37.7,19.0,0,0,0,0
92,2180c761,1,5,0,0,0,1,10,3,0,0,0,0.0,0.0,0.0,0,0,0,0
93,226673c2,0,0,0,0,0,0,2,0,0,0,0,0.0,0.0,0.0,0,0,0,0
94,22721b88,10,541,6,6,1,4,19,3,10,4,6,8.9,3.7,5.0,0,0,0,0
95,2306bfde,1,6,0,0,0,1,1,1,0,0,0,0.0,0.0,0.0,0,0,0,0
96,2321ea6e,34,3060,34,34,34,0,0,1,33,54,-21,37.2,45.9,-8.7,0,0,0,0
97,23c63b7f,28,1024,11,11,0,17,3,1,15,16,-1,15.8,12.7,3.1,0,0,0,0
98,2405094a,0,0,0,0,0,0,2,0,0,0,0,0.0,0.0,0.0,0,0,0,0
99,2434f24a,25,2250,25,25,25,0,4,0,34,62,-28,30.2,47.8,-17.6,0,0,0,0
100,243f4a0b,16,1147,12,13,8,3,2,0,16,30,-14,11.8,22.3,-10.5,0,0,0,0
101,249ac66d,34,2789,31,31,27,3,0,0,31,50,-19,35.7,38.6,-3.0,0,0,0,0
102,24eb7ed6,30,1533,17,16,7,14,5,1,23,28,-5,16.4,21.1,-4.7,0,0,0,0
103,25146df0,7,451,5,5,4,2,10,1,7,7,0,5.7,6.5,-0.8,0,0,0,0
104,2515040a,2,11,0,0,0,2,7,2,0,0,0,0.0,0.4,-0.4,0,0,0,0
105,25749008,29,1759,19,22,4,7,0,0,22,31,-9,20.6,26.7,-6.1,0,0,0,0
106,2591b066,14,432,4,4,0,10,3,1,5,5,0,4.9,5.1,-0.2,0,0,0,0
107,262ff8f7,0,0,0,0,0,0,1,0,0,0,0,0.0,0.0,0.0,0,0,0,0
108,263353e9,0,0,0,0,0,0,1,0,0,0,0,0.0,0.0,0.0,0,0,0,0
109,26777636,36,2260,25,25,10,11,1,0,33,59,-26,26.6,43.4,-16.8,0,0,0,0
110,2677a1de,30,2225,24,26,10,4,0,0,28,46,-18,26.6,34.9,-8.3,0,0,0,0
111,2693f6bc,3,5,0,0,0,3,8,2,0,0,0,0.0,0.0,0.0,0,0,0,0
112,275e2c51,30,2563,28,29,25,1,2,1,32,39,-7,35.7,40.0,-4.2,0,0,0,0
113,276d0434,0,0,0,0,0,0,1,0,0,0,0,0.0,0.0,0.0,0,0,0,0
114,279ddf6a,37,2937,32,33,24,4,0,2,35,43,-8,34.1,39.9,-5.800000000000001,0,0,0,0
115,288e1e13,31,2735,30,31,28,0,0,1,66,29,37,49.4,33.1,16.2,0,0,0,0
116,28a65a2c,7,630,7,7,7,0,18,0,8,9,-1,9.2,8.6,0.7,0,0,0,0
117,28dabd43,32,2880,32,32,32,0,0,2,44,56,-12,35.2,43.8,-8.700000000000001,0,0,0,0
118,295ba708,13,907,10,11,2,2,10,1,16,19,-3,9.3,16.2,-6.8,0,0,0,0
119,29939a1d,15,525,5,5,0,10,0,1,8,10,-2,10.1,5.9,4.2,0,0,0,0
120,29aee77c,8,350,3,4,0,4,5,0,0,1,-1,2.6,3.6,-1.1,0,0,0,0
121,29c02c9f,3,165,1,2,0,1,17,2,3,2,1,3.2,2.0,1.2,0,0,0,0
122,29f0b0ba,0,0,0,0,0,0,8,0,0,0,0,0.0,0.0,0.0,0,0,0,0
123,2a00c6c0,11,231,2,1,0,10,7,0,2,3,-1,3.4,4.1,-0.6,0,0,0,0
124,2a657da0,4,192,2,3,0,1,3,1,3,4,-1,1.5,3.7,-2.1,0,0,0,0
125,2acf0cd7,24,1885,20,20,17,4,0,1,28,24,4,21.9,25.3,-3.5,0,0,0,0
126,2aeb43f1,2,157,1,2,1,0,18,0,3,4,-1,1.6,3.8,-2.3,0,0,0,0
127,2b1bed19,31,2310,25,26,19,5,3,1,32,37,-5,24.9,39.9,-14.9,0,0,0,0
128,2b471f99,32,1967,21,24,8,8,1,1,31,25,6,33.2,31.0,2.3,0,0,0,0
129,2b5a35e5,5,43,0,0,0,5,4,1,0,2,-2,0.3,1.6,-1.3,0,0,0,0
130,2c0ad2e9,0,0,0,0,0,0,2,0,0,0,0,0.0,0.0,0.0,0,0,0,0
131,2c127b6f,13,1105,12,11,11,2,23,1,24,15,9,17.8,12.4,5.4,0,0,0,0
132,2d22cea7,35,2477,27,28,5,7,0,1,26,40,-14,30.2,34.4,-4.1,0,0,0,0
133,2d70dbe5,22,1980,22,22,22,0,16,0,18,38,-20,22.6,31.4,-8.8,0,0,0,0
134,2db2fd7b,24,1622,18,19,9,5,4,1,33,28,5,33.6,29.5,4.0,0,0,0,0
135,2f9e4435,25,812,9,7,3,18,1,0,7,18,-11,12.0,10.9,1.1,0,0,0,0
136,300ec91c,0,0,0,0,0,0,1,0,0,0,0,0.0,0.0,0.0,0,0,0,0
137,3010aefb,24,930,10,9,1,15,9,1,8,10,-2,11.2,14.3,-3.1,0,0,0,0
138,30144daa,30,2299,25,27,7,3,1,1,31,37,-6,26.2,36.0,-9.8,0,0,0,0
139,3067cbef,0,0,0,0,0,0,3,0,0,0,0,0.0,0.0,0.0,0,0,0,0
140,30af8b93,34,2662,29,31,20,3,3,1,53,31,22,47.9,32.0,15.8,0,0,0,0
141,31626657,34,2956,32,34,26,0,0,0,27,59,-32,35.5,45.7,-10.2,0,0,0,0
142,316e70c7,3,40,0,0,0,3,5,1,1,1,0,0.3,0.6,-0.4,0,0,0,0
143,3189f61a,18,1515,16,18,10,0,0,0,16,24,-8,18.2,23.3,-5.1,0,0,0,0
144,31a62dc7,32,2696,30,30,27,2,3,1,38,38,0,41.0,32.5,8.6,0,0,0,0
145,321a71a7,12,860,9,9,9,3,4,1,17,9,8,13.8,10.9,2.9,0,0,0,0
146,32c2d95f,34,2983,33,34,33,0,0,1,38,41,-3,31.8,41.3,-9.5,0,0,0,0
147,3322e296,0,0,0,0,0,0,5,0,0,0,0,0.0,0.0,0.0,0,0,0,0
148,33508c78,2,38,0,0,0,2,3,0,0,1,-1,0.3,0.4,-0.1,0,0,0,0
149,34a0f5ff,32,1732,19,19,2,13,2,0,28,40,-12,25.3,33.2,-7.9,0,0,0,0
150,34a88e3e,13,481,5,5,1,8,4,1,7,8,-1,5.3,6.2,-0.9,0,0,0,0
151,3544641e,26,905,10,8,1,18,7,0,17,22,-5,15.3,17.2,-1.9,0,0,0,0
152,3681cfff,23,1932,21,23,16,0,2,1,25,31,-6,23.3,33.8,-10.5,0,0,0,0
153,3708e9fa,27,1502,16,17,2,10,1,1,30,14,16,25.7,15.1,10.5,0,0,0,0
154,375622c5,34,2911,32,33,23,1,0,1,45,49,-4,35.9,47.2,-11.3,0,0,0,0
155,37d04e90,31,1772,19,21,3,10,7,1,24,21,3,20.2,22.4,-2.2,0,0,0,0
156,380a15e2,11,833,9,9,9,2,25,0,14,20,-6,12.8,15.1,-2.4,0,0,0,0
157,3814b753,12,848,9,9,6,3,1,0,6,15,-9,8.5,16.8,-8.3,0,0,0,0
158,381d7d54,7,156,1,1,0,6,7,0,1,3,-2,0.9,2.3,-1.4,0,0,0,0
159,3870f7c3,0,0,0,0,0,0,11,0,0,0,0,0.0,0.0,0.0,0,0,0,0
160,3935e52e,14,440,4,6,0,8,3,2,9,7,2,7.9,3.9,4.1,0,0,0,0
161,397ba086,14,396,4,4,0,10,1,1,2,9,-7,5.6,7.6,-2.0,0,0,0,0
162,39c0c75b,0,0,0,0,0,0,1,0,0,0,0,0.0,0.0,0.0,0,0,0,0
163,3befc2b6,36,3146,35,36,32,0,0,1,51,44,7,41.9,46.6,-4.8,0,0,0,0
164,3c6bbbab,19,1586,17,18,17,1,0,0,21,34,-13,13.6,25.7,-12.1,0,0,0,0
165,3cc4bb19,11,973,10,11,9,0,0,0,5,18,-13,6.7,17.9,-11.3,0,0,0,0
166,3cd7820a,31,1804,20,20,8,11,5,1,26,43,-17,20.3,30.0,-9.7,0,0,0,0
167,3d214e5f,38,3420,38,38,38,0,0,1,49,57,-8,43.4,56.3,-12.8,0,0,0,0
168,3d738df0,2,22,0,0,0,2,15,0,0,1,-1,1.0,0.3,0.7,0,0,0,0
169,3dd738a1,28,2140,23,22,19,6,8,1,44,24,20,37.2,25.0,12.2,0,0,0,0
170,3df57458,0,0,0,0,0,0,6,0,0,0,0,0.0,0.0,0.0,0,0,0,0
171,3e092724,24,1490,16,17,6,7,5,1,29,24,5,22.8,23.5,-0.7,0,0,0,0
172,3eaf8817,14,523,5,5,0,9,2,4,6,5,1,6.8,6.2,0.6,0,0,0,0
173,3ef0fa48,32,1905,21,24,1,8,2,1,33,18,15,32.1,20.2,11.9,0,0,0,0
174,3f034750,21,1890,21,21,21,0,11,1,28,28,0,29.5,22.6,6.9,0,0,0,0
175,3f3a2cba,1,90,1,1,1,0,8,1,1,1,0,0.8,1.4,-0.7,0,0,0,0
176,40221fa7,24,1011,11,11,3,13,12,1,20,21,-1,12.9,17.6,-4.7,0,0,0,0
177,40774c6b,25,975,10,11,1,14,4,1,22,8,14,20.5,9.9,10.6,0,0,0,0
178,41e7ef1c,0,0,0,0,0,0,2,0,0,0,0,0.0,0.0,0.0,0,0,0,0
179,42276181,35,2385,26,28,10,7,0,1,39,30,9,37.1,29.6,7.5,0,0,0,0
180,4234ab1f,0,0,0,0,0,0,3,0,0,0,0,0.0,0.0,0.0,0,0,0,0
181,42dcf26d,6,451,5,5,5,1,16,1,7,4,3,6.8,4.1,2.6,0,0,0,0
182,42eaa028,18,1062,11,13,1,5,0,1,14,15,-1,17.1,11.4,5.7,0,0,0,0
183,42fd9c7f,35,3023,33,34,24,1,0,2,85,30,55,69.9,33.7,36.2,0,0,0,0
184,42fdb11d,0,0,0,0,0,0,1,0,0,0,0,0.0,0.0,0.0,0,0,0,0
185,433dc9a2,15,958,10,12,3,3,7,2,23,10,13,22.2,11.7,10.5,0,0,0,0
186,436a9dd0,19,1091,12,12,5,7,6,2,28,11,17,21.1,11.3,9.8,0,0,0,0
187,43b78598,24,1027,11,10,6,14,5,2,26,13,13,20.7,12.6,8.1,0,0,0,0
188,43e7a164,31,2694,29,30,27,1,1,1,43,35,8,40.9,36.0,4.9,0,0,0,0
189,4534a352,34,2796,31,31,28,3,3,1,73,35,38,52.5,33.3,19.2,0,0,0,0
190,462475ed,36,2738,30,31,20,5,0,1,46,36,10,44.6,34.1,10.5,0,0,0,0
191,46359159,24,2008,22,24,20,0,0,1,29,27,2,27.4,26.4,1.1,0,0,0,0
192,46750e9c,31,1418,15,18,2,13,7,1,17,16,1,13.5,16.9,-3.4,0,0,0,0
193,468fdbad,29,2105,23,24,12,5,2,1,52,25,27,40.1,26.6,13.5,0,0,0,0
194,46907171,15,327,3,2,1,13,14,1,8,5,3,5.7,4.3,1.5,0,0,0,0
195,469d3d84,1,45,0,1,0,0,0,1,0,0,0,0.5,0.3,0.2,0,0,0,0
196,46a7b605,1,5,0,0,0,1,4,1,0,0,0,0.0,0.1,-0.1,0,0,0,0
197,46faabfa,26,1582,17,20,6,6,8,0,19,28,-9,12.9,24.5,-11.6,0,0,0,0
198,477e50ce,0,0,0,0,0,0,18,0,0,0,0,0.0,0.0,0.0,0,0,0,0
199,4788cb6b,1,1,0,0,0,1,1,1,0,1,-1,0.2,0.0,0.2,0,0,0,0
200,47af88b8,15,1002,11,12,10,3,2,1,19,18,1,18.0,20.2,-2.2,0,0,0,0
201,47c609d5,21,1194,13,15,2,6,0,1,17,14,3,12.4,16.7,-4.2,0,0,0,0
202,48b28bfd,25,1004,11,11,0,14,6,1,17,12,5,16.5,12.7,3.7,0,0,0,0
203,49070d66,31,2502,27,29,22,2,4,1,43,34,9,40.3,33.2,7.1,0,0,0,0
204,49136c42,26,2135,23,24,18,2,0,1,26,26,0,21.7,27.1,-5.4,0,0,0,0
205,4914ed4a,13,713,7,9,5,4,13,0,7,16,-9,8.2,10.2,-2.0,0,0,0,0
206,4937a9f7,10,622,6,6,4,4,18,1,12,20,-8,6.8,12.2,-5.4,0,0,0,0
207,4943d9c2,0,0,0,0,0,0,1,0,0,0,0,0.0,0.0,0.0,0,0,0,0
208,49712367,9,201,2,2,0,7,18,0,0,6,-6,1.8,3.7,-1.9,0,0,0,0
209,4a661ea6,0,0,0,0,0,0,1,0,0,0,0,0.0,0.0,0.0,0,0,0,0
210,4a987ffa,16,518,5,4,0,12,1,0,5,10,-5,4.9,9.6,-4.7,0,0,0,0
211,4ade359f,1,1,0,0,0,1,9,0,0,0,0,0.0,0.0,0.0,0,0,0,0
212,4b1b63dc,0,0,0,0,0,0,1,0,0,0,0,0.0,0.0,0.0,0,0,0,0
213,4b77bb89,16,785,8,9,0,7,4,2,14,9,5,12.8,7.6,5.2,0,0,0,0
214,4b96c347,36,2929,32,35,13,1,0,0,40,48,-8,40.1,42.6,-2.4,0,0,0,0
215,4bf69118,29,2002,22,22,17,7,3,0,34,53,-19,27.4,40.4,-13.0,0,0,0,0
216,4c3a6744,27,1868,20,24,5,3,1,1,25,23,2,25.0,21.0,4.0,0,0,0,0
217,4c4ffacc,1,33,0,0,0,1,0,1,0,2,-2,0.3,0.6,-0.3,0,0,0,0
218,4c5b714f,17,949,10,12,6,5,15,1,17,13,4,17.1,10.6,6.5,0,0,0,0
219,4e0afc5d,34,2334,25,27,14,7,3,1,35,39,-4,31.2,40.2,-9.1,0,0,0,0
220,4e47507a,28,1457,16,16,1,12,1,0,15,23,-8,15.1,20.1,-5.0,0,0,0,0
221,4e7db402,38,3420,38,38,38,0,0,1,55,48,7,45.5,52.7,-7.2,0,0,0,0
222,4e9957ff,0,0,0,0,0,0,1,0,0,0,0,0.0,0.0,0.0,0,0,0,0
223,4eb0686f,1,19,0,0,0,1,1,0,0,2,-2,0.0,1.4,-1.4,0,0,0,0
224,4f093689,15,290,3,1,0,14,4,1,6,6,0,5.1,3.8,1.3,0,0,0,0
225,4f255115,35,2929,32,33,29,2,0,1,58,33,25,51.6,33.7,18.0,0,0,0,0
226,5046b7d4,29,1099,12,12,0,17,2,1,15,16,-1,16.3,14.1,2.2,0,0,0,0
227,5065d67d,2,180,2,2,2,0,17,0,2,6,-4,1.1,6.0,-4.9,0,0,0,0
228,507d7569,1,2,0,0,0,1,0,0,0,1,-1,0.2,0.1,0.1,0,0,0,0
229,50ac8941,16,560,6,7,0,9,16,2,6,10,-4,7.9,7.9,0.0,0,0,0,0
230,5148dcc5,37,2779,30,37,7,0,0,1,68,27,41,51.2,32.1,19.2,0,0,0,0
231,5167c97e,20,1076,12,12,5,8,6,1,16,20,-4,13.1,14.2,-1.1,0,0,0,0
232,51b41c5c,20,649,7,5,4,15,8,1,12,5,7,8.6,10.2,-1.6,0,0,0,0
233,51c30111,32,2186,24,27,11,5,4,1,43,25,18,35.3,25.5,9.8,0,0,0,0
234,51dbeea9,27,1513,16,16,11,11,8,2,42,17,25,30.6,18.8,11.8,0,0,0,0
235,5219ab4a,37,3046,33,35,15,2,0,1,51,42,9,42.4,36.7,5.7,0,0,0,0
236,5313ed43,38,3357,37,38,31,0,0,1,61,48,13,49.6,42.0,7.6,0,0,0,0
237,5314e067,4,158,1,0,0,4,13,1,0,2,-2,1.6,3.2,-1.6,0,0,0,0
238,53f6306f,6,83,0,0,0,6,4,0,2,5,-3,1.7,3.7,-2.1,0,0,0,0
239,5413ef36,3,200,2,2,1,1,7,2,5,3,2,2.6,3.8,-1.2,0,0,0,0
240,542cc80f,15,847,9,9,4,6,5,1,13,15,-2,9.9,16.7,-6.8,0,0,0,0
241,546bb36e,12,874,9,11,6,1,3,1,7,11,-4,8.9,11.8,-2.9,0,0,0,0
242,5475a510,0,0,0,0,0,0,7,0,0,0,0,0.0,0.0,0.0,0,0,0,0
243,54d51e22,21,1117,12,13,3,8,0,0,14,21,-7,12.8,16.9,-4.1,0,0,0,0
244,55d360a3,0,0,0,0,0,0,9,0,0,0,0,0.0,0.0,0.0,0,0,0,0
245,562a4799,30,2665,29,30,29,0,0,0,30,49,-19,23.0,47.3,-24.3,0,0,0,0
246,5630a6e0,5,67,0,0,0,5,2,1,2,2,0,2.6,1.0,1.6,0,0,0,0
247,574aa9ec,1,90,1,1,1,0,0,1,1,1,0,2.1,0.7,1.4,0,0,0,0
248,57a46f3f,13,238,2,2,0,11,20,1,8,3,5,5.7,2.0,3.8,0,0,0,0
249,58ad9383,38,3420,38,38,38,0,0,1,43,44,-1,37.7,46.4,-8.7,0,0,0,0
250,58ae47b2,31,2592,28,28,22,3,0,1,45,30,15,45.3,29.3,16.0,0,0,0,0
251,59948ef7,33,1464,16,16,1,17,5,1,25,21,4,19.5,22.3,-2.7,0,0,0,0
252,59d93937,1,14,0,0,0,1,5,0,0,1,-1,0.4,0.3,0.1,0,0,0,0
253,59fcbd6d,0,0,0,0,0,0,6,0,0,0,0,0.0,0.0,0.0,0,0,0,0
254,5b146df3,31,2263,25,23,23,8,6,1,34,41,-7,28.8,35.1,-6.3,0,0,0,0
255,5b1bf5e3,29,1673,18,20,1,9,1,1,27,22,5,24.4,18.1,6.3,0,0,0,0
256,5b3cfa12,1,2,0,0,0,1,5,1,0,0,0,0.1,0.0,0.1,0,0,0,0
257,5b479568,31,960,10,7,0,24,1,1,18,16,2,16.4,13.7,2.7,0,0,0,0
258,5b92d896,24,1273,14,15,5,9,0,1,21,14,7,15.3,14.8,0.5,0,0,0,0
259,5b9512c5,24,2095,23,24,22,0,7,1,42,29,13,42.9,31.3,11.6,0,0,0,0
260,5c42e7ce,2,15,0,0,0,2,6,0,0,0,0,0.1,0.0,0.0,0,0,0,0
261,5c61496e,8,96,1,1,0,7,11,1,1,0,1,1.2,0.9,0.4,0,0,0,0
262,5c7895a0,4,16,0,0,0,4,9,1,1,0,1,0.6,0.6,0.0,0,0,0,0
263,5c9ac7f0,6,190,2,2,0,4,5,1,3,2,1,2.3,2.6,-0.3,0,0,0,0
264,5cdddffa,11,701,7,7,2,4,1,1,10,10,0,12.4,8.5,3.9,0,0,0,0
265,5ceba7fc,30,2296,25,26,15,4,0,1,49,32,17,46.4,34.8,11.7,0,0,0,0
266,5d0e0a1f,30,1639,18,18,9,12,6,1,42,24,18,30.7,22.4,8.2,0,0,0,0
267,5d8d7454,33,2516,28,28,19,5,0,1,47,30,17,40.6,30.0,10.6,0,0,0,0
268,5e080f73,32,1334,14,13,0,19,3,1,18,30,-12,17.6,24.1,-6.5,0,0,0,0
269,5e22e2a4,34,2518,28,28,23,6,1,1,62,36,26,46.2,32.4,13.8,0,0,0,0
270,5ea8ef20,38,3152,35,35,30,3,0,1,61,36,25,54.3,36.5,17.8,0,0,0,0
271,5ee6e943,19,1542,17,17,17,2,15,0,16,30,-14,12.9,31.1,-18.2,0,0,0,0
272,5f011e05,24,1953,21,22,18,2,1,1,28,47,-19,25.7,37.1,-11.3,0,0,0,0
273,5f0241b2,1,23,0,0,0,1,6,3,2,1,1,0.3,0.3,0.0,0,0,0,0
274,5f26e0c5,24,1661,18,17,15,7,3,0,16,40,-24,19.7,30.5,-10.8,0,0,0,0
275,5f3eaaf5,30,2332,25,29,7,1,2,1,34,28,6,31.0,32.5,-1.5,0,0,0,0
276,5f724fac,0,0,0,0,0,0,1,0,0,0,0,0.0,0.0,0.0,0,0,0,0
277,6043997c,34,2984,33,33,33,1,0,1,54,33,21,50.4,36.6,13.7,0,0,0,0
278,60740e70,2,70,0,1,0,1,0,0,1,2,-1,0.5,1.2,-0.7,0,0,0,0
279,60f58477,17,573,6,5,0,12,10,1,5,8,-3,5.3,8.3,-3.1,0,0,0,0
280,6191093d,35,2961,32,35,18,0,0,1,48,41,7,39.3,44.1,-4.7,0,0,0,0
281,62124972,24,2116,23,23,23,1,14,0,20,36,-16,27.0,30.2,-3.2,0,0,0,0
282,62e02107,5,95,1,1,1,4,4,1,2,1,1,2.5,0.7,1.8,0,0,0,0
283,6388e356,9,667,7,8,7,1,0,1,10,8,2,9.0,8.9,0.1,0,0,0,0
284,639ca1cf,15,579,6,5,2,10,3,1,7,15,-8,7.3,8.9,-1.6,0,0,0,0
285,6421ec64,11,679,7,9,1,2,7,2,13,7,6,10.6,9.7,0.9,0,0,0,0
286,642f9f79,3,11,0,0,0,3,4,1,0,0,0,0.1,0.2,-0.1,0,0,0,0
287,645a3363,24,954,10,12,0,12,13,1,17,13,4,13.9,11.5,2.4,0,0,0,0
288,6481421d,4,86,1,0,0,4,3,1,4,1,3,2.7,1.3,1.5,0,0,0,0
289,64ba07c0,30,2548,28,29,20,1,2,1,38,44,-6,35.0,41.5,-6.4,0,0,0,0
290,64c14d49,26,1642,18,19,9,7,7,1,16,23,-7,17.0,27.5,-10.5,0,0,0,0
291,64f69877,34,2436,27,29,10,5,0,1,51,27,24,46.7,29.4,17.3,0,0,0,0
292,654f49ca,23,322,3,1,1,22,10,0,2,9,-7,5.3,8.7,-3.3,0,0,0,0
293,65bbfba3,11,692,7,7,7,4,1,1,12,13,-1,13.5,8.9,4.6,0,0,0,0
294,6605d143,31,1541,17,16,6,15,2,1,28,19,9,27.0,20.8,6.2,0,0,0,0
295,667b65da,15,1197,13,15,12,0,18,0,13,27,-14,13.2,19.4,-6.1,0,0,0,0
296,6690ef25,1,16,0,0,0,1,2,0,0,0,0,0.1,0.2,-0.1,0,0,0,0
297,672f3db0,0,0,0,0,0,0,11,0,0,0,0,0.0,0.0,0.0,0,0,0,0
298,6751b938,1,1,0,0,0,1,1,3,0,0,0,0.0,0.0,0.0,0,0,0,0
299,6763f716,1,13,0,0,0,1,4,3,1,0,1,0.3,0.3,0.0,0,0,0,0
300,677ee102,17,618,6,6,2,11,19,1,14,15,-1,10.2,8.6,1.5,0,0,0,0
301,686a7a31,0,0,0,0,0,0,1,0,0,0,0,0.0,0.0,0.0,0,0,0,0
302,68a26d51,31,2637,29,31,21,0,0,1,41,33,8,33.5,36.2,-2.7,0,0,0,0
303,69384e5d,22,1851,20,22,12,0,0,2,47,23,24,42.8,21.9,20.9,0,0,0,0
304,69574f16,0,0,0,0,0,0,1,0,0,0,0,0.0,0.0,0.0,0,0,0,0
305,6993927b,30,2429,27,29,23,1,5,0,30,45,-15,32.9,35.4,-2.5,0,0,0,0
306,6a04bb7c,5,34,0,0,0,5,2,1,0,1,-1,0.4,0.6,-0.3,0,0,0,0
307,6a2b9aee,9,135,1,1,0,8,8,0,2,3,-1,1.0,2.9,-1.9,0,0,0,0
308,6a827d8e,17,1140,12,13,6,4,4,1,20,12,8,19.3,11.4,7.9,0,0,0,0
309,6b2c894b,28,2418,26,28,24,0,1,1,28,26,2,25.4,29.5,-4.1,0,0,0,0
310,6ba71da5,19,1619,18,18,16,1,2,0,17,26,-9,16.3,23.3,-7.1,0,0,0,0
311,6bde367b,29,2414,26,28,20,1,0,1,39,40,-1,30.8,36.4,-5.6,0,0,0,0
312,6d075c67,2,17,0,0,0,2,7,1,0,1,-1,0.4,1.1,-0.7,0,0,0,0
313,6d0fe035,4,109,1,1,0,3,20,2,1,1,0,2.4,1.6,0.8,0,0,0,0
314,6dcca77f,0,0,0,0,0,0,4,0,0,0,0,0.0,0.0,0.0,0,0,0,0
315,6de23ab0,11,579,6,5,4,6,6,1,10,11,-1,9.9,10.1,-0.2,0,0,0,0
316,6e33125f,33,2790,31,32,28,1,2,1,50,36,14,39.5,32.7,6.8,0,0,0,0
317,6f5ec8bb,31,2593,28,30,25,1,1,1,48,36,12,37.8,30.8,6.9,0,0,0,0
318,6f806d99,36,2194,24,25,10,11,0,0,20,41,-21,23.9,33.7,-9.8,0,0,0,0
319,706a60e1,1,34,0,0,0,1,1,3,1,0,1,0.4,0.4,0.1,0,0,0,0
320,70c52749,31,1829,20,20,13,11,3,2,46,18,28,34.6,21.9,12.7,0,0,0,0
321,7120a04d,9,583,6,7,3,2,0,2,19,11,8,13.3,10.3,3.0,0,0,0,0
322,713fc6da,0,0,0,0,0,0,4,0,0,0,0,0.0,0.0,0.0,0,0,0,0
323,7155e3e1,28,1528,17,17,9,11,5,2,31,17,14,26.4,18.3,8.1,0,0,0,0
324,71e6a454,0,0,0,0,0,0,1,0,0,0,0,0.0,0.0,0.0,0,0,0,0
325,7254ebfb,0,0,0,0,0,0,2,0,0,0,0,0.0,0.0,0.0,0,0,0,0
326,72c812f3,26,1641,18,18,9,8,3,2,37,19,18,35.0,21.4,13.6,0,0,0,0
327,741275f5,0,0,0,0,0,0,7,0,0,0,0,0.0,0.0,0.0,0,0,0,0
328,741418c3,10,209,2,0,0,10,8,1,8,3,5,7.3,3.0,4.3,0,0,0,0
329,743fd71f,3,86,1,0,0,3,1,0,0,0,0,0.6,1.0,-0.4,0,0,0,0
330,745ca0a3,35,2684,29,29,20,6,0,2,46,41,5,42.7,37.8,4.9,0,0,0,0
331,74733221,1,90,1,1,1,0,23,0,0,2,-2,0.6,0.5,0.1,0,0,0,0
332,74dc806c,7,314,3,4,0,3,2,1,4,6,-2,4.5,6.7,-2.2,0,0,0,0
333,75186a6a,2,57,0,0,0,2,6,0,0,1,-1,0.1,0.9,-0.8,0,0,0,0
334,7587446d,8,352,3,2,1,6,3,1,4,5,-1,3.4,4.9,-1.5,0,0,0,0
335,75a63397,26,1048,11,10,0,16,5,0,14,24,-10,9.4,17.2,-7.7,0,0,0,0
336,767212e6,16,489,5,4,3,12,18,1,8,8,0,6.0,9.9,-3.9,0,0,0,0
337,76a4233b,10,664,7,8,3,2,1,1,3,14,-11,4.6,14.7,-10.0,0,0,0,0
338,779847d6,30,2447,27,29,25,1,1,1,39,31,8,32.7,36.2,-3.5,0,0,0,0
339,789ecf7d,0,0,0,0,0,0,1,0,0,0,0,0.0,0.0,0.0,0,0,0,0
340,7909ffa4,36,2935,32,33,22,3,1,1,42,48,-6,35.8,46.8,-11.0,0,0,0,0
341,792a9d41,7,436,4,6,2,1,5,0,3,11,-8,3.0,11.0,-8.0,0,0,0,0
342,796b1c41,23,927,10,9,0,14,3,0,10,25,-15,11.2,15.5,-4.3,0,0,0,0
343,79ab7593,28,497,5,3,0,25,5,1,9,12,-3,8.4,9.0,-0.7,0,0,0,0
344,79b2399c,30,1193,13,12,2,18,5,1,16,15,1,17.2,16.7,0.5,0,0,0,0
345,7a42d0df,35,2480,27,28,11,7,1,1,48,36,12,35.0,31.5,3.5,0,0,0,0
346,7a72e960,1,4,0,0,0,1,0,0,0,1,-1,0.0,0.3,-0.2,0,0,0,0
347,7ab92dd1,0,0,0,0,0,0,3,0,0,0,0,0.0,0.0,0.0,0,0,0,0
348,7b082ec2,18,1296,14,13,10,5,1,1,15,19,-4,14.9,19.5,-4.6,0,0,0,0
349,7b9a9e25,36,1874,20,20,3,16,0,0,26,41,-15,20.5,31.5,-11.0,0,0,0,0
350,7b9c2d84,4,143,1,1,0,3,0,1,2,4,-2,1.3,3.5,-2.2,0,0,0,0
351,7bbcff4d,0,0,0,0,0,0,2,0,0,0,0,0.0,0.0,0.0,0,0,0,0
352,7c3ed041,17,950,10,10,7,7,8,2,21,11,10,15.6,10.7,4.9,0,0,0,0
353,7cab69b5,15,1202,13,15,10,0,6,0,6,26,-20,10.0,20.3,-10.3,0,0,0,0
354,7cc00776,21,447,5,4,0,17,3,0,6,6,0,7.9,4.2,3.7,0,0,0,0
355,7cdda3bf,38,3070,34,36,18,2,0,2,74,38,36,55.1,36.4,18.8,0,0,0,0
356,7d08063d,15,506,5,3,0,12,11,1,10,5,5,11.5,4.9,6.6,0,0,0,0
357,7d827b4f,0,0,0,0,0,0,1,0,0,0,0,0.0,0.0,0.0,0,0,0,0
358,7d937aa1,4,38,0,0,0,4,7,1,1,1,0,0.5,1.1,-0.6,0,0,0,0
359,7d9397f8,36,1901,21,20,9,16,1,1,23,19,4,30.0,18.7,11.3,0,0,0,0
360,7d9b37bf,17,255,2,1,0,16,10,1,7,5,2,5.6,3.1,2.5,0,0,0,0
361,7d9f3d69,3,73,0,0,0,3,1,0,1,1,0,0.8,1.3,-0.5,0,0,0,0
362,7e82a78f,35,2630,29,32,12,3,1,0,31,44,-13,29.0,43.0,-14.1,0,0,0,0
363,7ef972c3,24,1293,14,14,9,10,13,2,22,14,8,19.6,18.1,1.6,0,0,0,0
364,7f622eef,4,23,0,0,0,4,19,1,0,1,-1,0.1,0.5,-0.4,0,0,0,0
365,7f783431,0,0,0,0,0,0,3,0,0,0,0,0.8,0.0,0.8,0,0,0,0
366,7fecbcdb,10,458,5,4,3,6,13,1,4,9,-5,4.6,10.5,-5.9,0,0,0,0
367,7ffaf233,9,153,1,0,0,9,2,0,0,2,-2,2.5,1.8,0.7,0,0,0,0
368,80556f08,3,209,2,3,0,0,0,0,3,3,0,1.3,3.5,-2.3,0,0,0,0
369,8104e41e,8,285,3,3,0,5,0,1,4,5,-1,4.3,3.5,0.8,0,0,0,0
370,810edef9,2,3,0,0,0,2,4,3,0,0,0,0.0,0.2,-0.2,0,0,0,0
371,8197a269,2,15,0,0,0,2,2,0,0,0,0,0.4,0.0,0.4,0,0,0,0
372,81ac108d,3,96,1,1,0,2,7,0,0,3,-3,0.3,1.8,-1.5,0,0,0,0
373,822d51d7,33,2190,24,23,19,10,2,1,44,27,17,37.5,30.0,7.5,0,0,0,0
374,82464ce3,31,2462,27,29,19,2,1,1,26,44,-18,28.9,36.2,-7.3,0,0,0,0
375,82518f62,20,1634,18,19,11,1,0,1,27,18,9,30.7,25.7,5.0,0,0,0,0
376,828657ff,32,1359,15,11,6,21,4,1,23,17,6,19.7,16.3,3.4,0,0,0,0
377,829aa60c,7,56,0,0,0,7,13,1,2,1,1,1.1,0.4,0.7,0,0,0,0
378,83299cc0,32,1633,18,16,10,16,1,0,19,34,-15,19.3,29.1,-9.7,0,0,0,0
379,8332db56,29,2316,25,26,22,3,1,0,24,40,-16,19.0,39.4,-20.4,0,0,0,0
380,83423e43,0,0,0,0,0,0,5,0,0,0,0,0.0,0.0,0.0,0,0,0,0
381,834b5c4c,37,3330,37,37,37,0,0,1,58,43,15,53.0,43.2,9.8,0,0,0,0
382,84d94b91,34,2248,25,26,12,8,1,0,26,39,-13,29.5,29.7,-0.1,0,0,0,0
383,85613cf0,23,1416,15,15,5,8,3,1,20,14,6,20.3,18.5,1.7,0,0,0,0
384,8577e60a,35,3073,34,34,30,1,0,0,36,68,-32,33.4,51.2,-17.7,0,0,0,0
385,85847c67,0,0,0,0,0,0,4,0,0,0,0,0.0,0.0,0.0,0,0,0,0
386,8608f269,0,0,0,0,0,0,11,0,0,0,0,0.0,0.0,0.0,0,0,0,0
387,86383d0e,15,932,10,11,1,4,0,1,14,12,2,11.8,16.1,-4.4,0,0,0,0
388,868eaba0,32,2746,30,32,26,0,0,1,31,48,-17,39.6,39.6,0.1,0,0,0,0
389,86a2ba20,34,2968,33,34,26,0,1,1,34,46,-12,33.9,42.3,-8.5,0,0,0,0
390,87935cf3,29,2575,28,29,26,0,0,1,39,42,-3,34.8,39.4,-4.6,0,0,0,0
391,87d31635,0,0,0,0,0,0,2,0,0,0,0,0.0,0.0,0.0,0,0,0,0
392,87e9c7cd,18,696,7,5,3,13,16,0,3,16,-13,5.2,16.0,-10.8,0,0,0,0
393,8827bf46,35,2544,28,29,16,6,1,1,46,33,13,43.5,26.6,16.9,0,0,0,0
394,8846a40f,24,1040,11,11,2,13,9,1,15,21,-6,15.4,16.6,-1.2,0,0,0,0
395,884a806d,0,0,0,0,0,0,1,0,0,0,0,0.0,0.0,0.0,0,0,0,0
396,88c4d190,32,1446,16,16,2,16,1,1,19,21,-2,18.0,24.1,-6.0,0,0,0,0
397,88f130ed,36,3115,34,35,33,1,1,1,49,35,14,51.8,39.5,12.2,0,0,0,0
398,890bc029,1,17,0,0,0,1,2,0,0,0,0,0.0,0.0,0.0,0,0,0,0
399,894e0084,0,0,0,0,0,0,2,0,0,0,0,0.0,0.0,0.0,0,0,0,0
400,898b6f0c,0,0,0,0,0,0,1,0,0,0,0,0.0,0.0,0.0,0,0,0,0
401,8a2248b4,37,3330,37,37,37,0,0,1,52,35,17,54.6,40.9,13.7,0,0,0,0
402,8a53d24b,14,814,9,11,1,3,1,1,10,15,-5,11.9,11.4,0.4,0,0,0,0
403,8b8b1cc6,0,0,0,0,0,0,1,0,0,0,0,0.0,0.0,0.0,0,0,0,0
404,8bbe2df5,15,417,4,2,2,13,16,1,7,6,1,8.1,5.2,2.9,0,0,0,0
405,8bc8829a,27,1868,20,21,13,6,4,1,27,32,-5,27.5,31.5,-3.9,0,0,0,0
406,8ca9415f,1,9,0,0,0,1,8,0,0,1,-1,0.0,1.0,-1.0,0,0,0,0
407,8d5016e6,0,0,0,0,0,0,1,0,0,0,0,0.0,0.0,0.0,0,0,0,0
408,8db95f95,0,0,0,0,0,0,1,0,0,0,0,0.0,0.0,0.0,0,0,0,0
409,8dbff17c,17,1171,13,14,8,3,2,1,8,21,-13,10.3,19.2,-8.9,0,0,0,0
410,8e697a8f,3,205,2,2,2,1,0,2,4,0,4,4.0,1.6,2.4,0,0,0,0
411,8eec784d,29,1616,18,17,9,12,1,1,23,29,-6,25.4,21.3,4.1,0,0,0,0
412,8eef18aa,12,661,7,8,4,4,14,1,11,11,0,6.7,11.7,-5.0,0,0,0,0
413,8f23dd2b,0,0,0,0,0,0,3,0,0,0,0,0.0,0.0,0.0,0,0,0,0
414,8f325097,34,2770,30,32,22,2,3,1,40,53,-13,34.9,43.9,-9.0,0,0,0,0
415,8f7e6783,24,1073,11,11,1,13,8,1,14,8,6,19.9,14.9,5.0,0,0,0,0
416,8fd9996f,27,2038,22,22,19,5,9,2,57,24,33,48.7,25.0,23.7,0,0,0,0
417,9004f318,3,269,3,3,2,0,15,0,0,5,-5,1.9,3.7,-1.8,0,0,0,0
418,90eb507d,29,2235,24,26,16,3,0,1,24,28,-4,24.0,32.2,-8.3,0,0,0,0
419,90f87966,38,3420,38,38,38,0,0,1,48,48,0,50.5,39.9,10.6,0,0,0,0
420,90fcf472,21,654,7,7,0,14,3,1,15,7,8,14.0,6.5,7.5,0,0,0,0
421,91f2da4c,16,409,4,3,0,13,15,0,2,6,-4,4.1,5.4,-1.3,0,0,0,0
422,9226aa22,8,352,3,2,1,6,10,1,5,6,-1,4.0,5.6,-1.6,0,0,0,0
423,923f4dda,37,1016,11,7,0,30,1,1,31,14,17,22.5,13.8,8.7,0,0,0,0
424,9260926b,10,812,9,10,7,0,1,0,3,13,-10,5.4,13.2,-7.8,0,0,0,0
425,928a4a61,8,364,4,4,0,4,0,0,4,8,-4,6.1,5.4,0.6,0,0,0,0
426,92b56413,25,1077,12,12,2,13,3,1,13,13,0,12.5,14.7,-2.2,0,0,0,0
427,93b8f9f4,9,205,2,1,0,8,7,1,0,3,-3,2.0,4.4,-2.4,0,0,0,0
428,942b4f90,37,2529,28,29,7,8,0,1,50,28,22,42.9,29.2,13.6,0,0,0,0
429,94b442c0,1,3,0,0,0,1,1,0,0,0,0,0.0,0.0,0.0,0,0,0,0
430,94f8d10c,26,2057,22,24,17,2,9,1,33,25,8,32.3,26.3,6.0,0,0,0,0
431,95192fe4,7,132,1,1,0,6,21,1,1,0,1,1.3,0.6,0.7,0,0,0,0
432,95bb6ddc,10,316,3,4,0,6,20,2,9,1,8,5.8,2.5,3.3,0,0,0,0
433,961e9e78,0,0,0,0,0,0,1,0,0,0,0,0.0,0.0,0.0,0,0,0,0
434,96726741,0,0,0,0,0,0,5,0,0,0,0,0.0,0.0,0.0,0,0,0,0
435,96f4ebc0,10,229,2,2,0,8,3,0,1,4,-3,4.7,4.0,0.7,0,0,0,0
436,96fcd380,1,8,0,0,0,1,3,3,0,0,0,0.1,0.0,0.1,0,0,0,0
437,972aeb2a,36,3240,36,36,36,0,1,1,59,38,21,55.1,37.5,17.6,0,0,0,0
438,9744ff80,2,22,0,0,0,2,0,3,1,0,1,1.0,0.5,0.5,0,0,0,0
439,97bfa797,7,84,0,0,0,7,7,1,1,1,0,0.5,1.2,-0.7,0,0,0,0
440,982f1d11,0,0,0,0,0,0,9,0,0,0,0,0.0,0.0,0.0,0,0,0,0
441,9836e892,22,544,6,4,0,18,6,1,9,13,-4,6.8,11.7,-4.9,0,0,0,0
442,98f4acf7,0,0,0,0,0,0,3,0,0,0,0,0.0,0.0,0.0,0,0,0,0
443,9980269a,21,850,9,9,0,12,7,1,19,17,2,17.6,15.0,2.6,0,0,0,0
444,998da975,0,0,0,0,0,0,3,0,0,0,0,0.0,0.0,0.0,0,0,0,0
445,999ceb5f,27,1726,19,17,14,10,6,0,14,31,-17,15.7,32.2,-16.6,0,0,0,0
446,9af3613f,1,12,0,0,0,1,1,3,0,0,0,0.1,0.0,0.1,0,0,0,0
447,9b5237b1,5,14,0,0,0,5,16,2,2,0,2,0.9,1.2,-0.3,0,0,0,0
448,9b6f7fd5,35,2699,30,32,18,3,1,1,54,39,15,54.9,43.2,11.7,0,0,0,0
449,9ba7b4fa,27,1890,21,21,17,6,4,1,21,32,-11,27.2,30.0,-2.8,0,0,0,0
450,9bdd8118,23,1208,13,13,8,10,7,0,14,35,-21,13.9,23.7,-9.8,0,0,0,0
451,9c221d14,37,3330,37,37,37,0,0,1,42,43,-1,36.9,45.0,-8.1,0,0,0,0
452,9c2b1f11,2,80,0,1,0,1,0,1,1,0,1,0.9,0.9,0.1,0,0,0,0
453,9c3bfb21,0,0,0,0,0,0,1,0,0,0,0,0.0,0.0,0.0,0,0,0,0
454,9cd28348,0,0,0,0,0,0,2,0,0,0,0,0.0,0.0,0.0,0,0,0,0
455,9d5dcc23,14,555,6,7,0,7,6,0,7,13,-6,5.9,10.1,-4.2,0,0,0,0
456,9daeac61,27,2219,24,27,15,0,6,1,30,37,-7,30.9,30.5,0.4,0,0,0,0
457,9ddf7fae,6,150,1,2,0,4,5,1,4,2,2,1.2,2.0,-0.8,0,0,0,0
458,9e03d22e,0,0,0,0,0,0,1,0,0,0,0,0.0,0.0,0.0,0,0,0,0
459,9e17ccff,12,1080,12,12,12,0,7,1,29,13,16,20.4,14.0,6.4,0,0,0,0
460,9e7483ff,0,0,0,0,0,0,1,0,0,0,0,0.0,0.0,0.0,0,0,0,0
461,9ebc91cd,0,0,0,0,0,0,2,0,0,0,0,0.0,0.0,0.0,0,0,0,0
462,9f0f4b49,18,792,8,9,2,9,18,0,6,20,-14,8.5,16.9,-8.4,0,0,0,0
463,9f1c2822,10,375,4,3,0,7,5,1,4,4,0,4.5,3.4,1.1,0,0,0,0
464,9f29c204,19,1072,11,12,2,7,13,1,15,19,-4,12.8,16.5,-3.6,0,0,0,0
465,9f4a940f,0,0,0,0,0,0,2,0,0,0,0,0.0,0.0,0.0,0,0,0,0
466,9f90c06b,2,167,1,2,1,0,16,0,3,4,-1,1.3,3.9,-2.6,0,0,0,0
467,a0415710,28,1203,13,10,6,18,8,1,22,13,9,21.7,14.0,7.7,0,0,0,0
468,a0791826,24,1526,17,18,7,6,4,0,16,34,-18,13.6,26.9,-13.4,0,0,0,0
469,a0ba37ba,0,0,0,0,0,0,1,0,0,0,0,0.0,0.0,0.0,0,0,0,0
470,a0d55a09,11,263,2,2,0,9,8,1,11,5,6,8.9,7.6,1.3,0,0,0,0
471,a0f9b535,28,2125,23,24,14,4,1,1,44,23,21,37.0,29.3,7.7,0,0,0,0
472,a1390d2f,0,0,0,0,0,0,3,0,0,0,0,0.0,0.0,0.0,0,0,0,0
473,a171a387,0,0,0,0,0,0,1,0,0,0,0,0.0,0.0,0.0,0,0,0,0
474,a17a94d6,29,2463,27,29,23,0,0,1,31,28,3,26.9,31.6,-4.7,0,0,0,0
475,a1948e79,0,0,0,0,0,0,1,0,0,0,0,0.0,0.0,0.0,0,0,0,0
476,a1dbfcb1,35,2008,22,23,2,12,2,0,23,44,-21,27.7,30.9,-3.3,0,0,0,0
477,a2d873dd,32,2508,27,29,9,3,0,0,38,66,-28,30.3,46.9,-16.6,0,0,0,0
478,a30cb0d4,4,58,0,0,0,4,9,0,1,1,0,0.7,0.5,0.1,0,0,0,0
479,a3c8b4d3,10,87,1,0,0,10,18,1,2,3,-1,2.2,2.4,-0.2,0,0,0,0
480,a3e1d20d,15,980,10,10,9,5,10,0,10,28,-18,11.9,14.5,-2.6,0,0,0,0
481,a434653a,0,0,0,0,0,0,6,0,0,0,0,0.0,0.0,0.0,0,0,0,0
482,a4527d33,1,90,1,1,1,0,33,3,2,0,2,2.6,0.3,2.3,0,0,0,0
483,a496d4a2,0,0,0,0,0,0,10,0,0,0,0,0.0,0.0,0.0,0,0,0,0
484,a4b1028a,33,2890,32,33,25,0,2,1,62,36,26,50.5,38.1,12.5,0,0,0,0
485,a5549ec1,34,2679,29,29,26,5,2,1,50,25,25,46.3,31.0,15.3,0,0,0,0
486,a5db0bec,36,2504,27,29,17,7,0,1,47,37,10,50.8,41.7,9.2,0,0,0,0
487,a62f8bf1,20,1015,11,11,1,9,1,1,22,9,13,15.8,11.0,4.8,0,0,0,0
488,a634b9d2,2,13,0,0,0,2,27,1,1,0,1,0.4,0.0,0.4,0,0,0,0
489,a671316d,4,50,0,0,0,4,7,1,0,0,0,0.3,0.5,-0.2,0,0,0,0
490,a6b6fa6e,30,2563,28,29,24,1,8,0,30,58,-28,27.1,45.4,-18.3,0,0,0,0
491,a81f33b5,0,0,0,0,0,0,8,0,0,0,0,0.0,0.0,0.0,0,0,0,0
492,a84f9a4b,8,352,3,5,1,3,27,0,3,7,-4,4.4,5.2,-0.8,0,0,0,0
493,a94571f6,0,0,0,0,0,0,1,0,0,0,0,0.0,0.0,0.0,0,0,0,0
494,a99138af,28,1445,16,18,4,10,10,1,21,15,6,23.4,14.8,8.6,0,0,0,0
495,a99da9ec,20,553,6,6,2,14,6,1,0,19,-19,3.8,13.1,-9.4,0,0,0,0
496,aab362e6,0,0,0,0,0,0,1,0,0,0,0,0.0,0.0,0.0,0,0,0,0
497,aad56ca3,38,2754,30,32,16,6,0,1,43,31,12,45.2,32.9,12.2,0,0,0,0
498,ab096c6f,30,2565,28,30,25,0,3,0,33,52,-19,27.0,40.8,-13.8,0,0,0,0
499,ab4cf67e,0,0,0,0,0,0,4,0,0,0,0,0.0,0.0,0.0,0,0,0,0
500,abd56820,2,5,0,0,0,2,19,3,0,0,0,0.0,0.1,-0.1,0,0,0,0
501,acd94300,0,0,0,0,0,0,2,0,0,0,0,0.0,0.0,0.0,0,0,0,0
502,ad513a6b,5,126,1,1,0,4,7,0,2,3,-1,1.3,2.6,-1.3,0,0,0,0
503,ad82197c,32,2721,30,30,26,2,4,1,52,34,18,48.4,33.7,14.7,0,0,0,0
504,ae5b93a0,1,6,0,0,0,1,1,0,0,0,0,0.0,0.0,0.0,0,0,0,0
505,ae69ed95,0,0,0,0,0,0,6,0,0,0,0,0.0,0.0,0.0,0,0,0,0
506,ae7d0ecd,21,1875,20,21,19,0,13,0,19,39,-20,16.3,31.4,-15.1,0,0,0,0
507,aef6e670,30,2576,28,29,25,1,3,2,64,31,33,59.2,31.6,27.6,0,0,0,0
508,aefa3050,4,77,0,0,0,4,4,1,0,3,-3,0.8,1.5,-0.6,0,0,0,0
509,af0c835b,30,1509,16,16,10,14,4,1,23,20,3,15.9,27.4,-11.5,0,0,0,0
510,af66b89c,0,0,0,0,0,0,7,0,0,0,0,0.0,0.0,0.0,0,0,0,0
511,afb0c500,38,3420,38,38,38,0,0,1,65,40,25,59.3,40.3,19.0,0,0,0,0
512,afe39ca8,4,61,0,0,0,4,11,1,0,2,-2,0.7,2.2,-1.5,0,0,0,0
513,b003239d,14,1050,11,11,9,3,23,1,16,17,-1,16.0,15.9,0.1,0,0,0,0
514,b026bbf6,20,616,6,5,5,15,16,1,23,6,17,13.7,6.0,7.7,0,0,0,0
515,b0547a87,27,1969,21,24,7,3,0,0,23,37,-14,17.0,33.7,-16.6,0,0,0,0
516,b0c71810,29,2330,25,28,13,1,0,1,29,42,-13,30.7,34.2,-3.5,0,0,0,0
517,b0f3cc14,0,0,0,0,0,0,3,0,0,0,0,0.0,0.0,0.0,0,0,0,0
518,b229aa13,9,605,6,8,3,1,0,0,6,10,-4,6.1,15.0,-8.9,0,0,0,0
519,b2336681,28,2329,25,26,24,2,6,1,32,27,5,36.0,22.7,13.3,0,0,0,0
520,b2bd0f6c,31,2428,27,28,10,3,0,1,31,31,0,34.0,26.3,7.7,0,0,0,0
521,b34c63a5,16,440,4,3,1,13,7,1,5,8,-3,7.2,6.6,0.6,0,0,0,0
522,b3f8bdef,22,523,5,5,1,17,6,1,13,6,7,10.8,5.5,5.3,0,0,0,0
523,b49729cb,0,0,0,0,0,0,36,1,1,1,0,0.0,0.0,0.0,0,0,0,0
524,b5bb8188,23,1832,20,23,9,0,2,0,31,47,-16,24.4,34.6,-10.2,0,0,0,0
525,b625b241,7,54,0,0,0,7,4,1,1,2,-1,1.0,1.2,-0.2,0,0,0,0
526,b666421b,37,3215,35,36,35,1,0,1,41,51,-10,43.0,45.8,-2.8,0,0,0,0
527,b73f17f8,20,438,4,2,1,18,10,1,11,7,4,10.5,5.4,5.1,0,0,0,0
528,b81610df,0,0,0,0,0,0,1,0,0,0,0,0.0,0.0,0.0,0,0,0,0
529,b85e57bb,2,98,1,0,0,2,2,1,3,1,2,2.9,1.6,1.4,0,0,0,0
530,b8d22478,11,328,3,3,0,8,3,0,5,6,-1,4.2,4.2,0.0,0,0,0,0
531,b94b8be1,35,1081,12,11,0,24,2,0,14,25,-11,13.7,21.5,-7.7,0,0,0,0
532,b98cea65,15,1350,15,15,15,0,22,0,12,22,-10,17.3,19.3,-2.0,0,0,0,0
533,bbdb2789,1,2,0,0,0,1,1,3,0,0,0,0.0,0.1,-0.1,0,0,0,0
534,bbdd999a,4,32,0,0,0,4,9,0,0,0,0,0.3,0.5,-0.2,0,0,0,0
535,bc0bfc64,2,9,0,0,0,2,1,1,0,3,-3,0.2,1.2,-1.0,0,0,0,0
536,bc1156a0,0,0,0,0,0,0,6,0,0,0,0,0.0,0.0,0.0,0,0,0,0
537,bc7b4580,27,1667,18,21,5,6,1,1,31,26,5,25.1,26.3,-1.2,0,0,0,0
538,bce37ac0,1,16,0,0,0,1,1,1,1,0,1,0.6,0.0,0.6,0,0,0,0
539,bdedd861,0,0,0,0,0,0,1,0,0,0,0,0.0,0.0,0.0,0,0,0,0
540,bdf1db39,0,0,0,0,0,0,6,0,0,0,0,0.0,0.0,0.0,0,0,0,0
541,be13e5a8,7,510,5,4,4,3,12,0,4,13,-9,5.2,9.5,-4.4,0,0,0,0
542,be47b750,4,124,1,1,0,3,0,1,4,1,3,2.1,0.7,1.4,0,0,0,0
543,be9fbd84,0,0,0,0,0,0,3,0,0,0,0,0.0,0.0,0.0,0,0,0,0
544,beae3a73,28,1893,21,22,7,6,1,0,22,30,-8,21.0,30.8,-9.8,0,0,0,0
545,beb391dd,1,63,0,1,0,0,0,0,0,2,-2,0.9,1.6,-0.7,0,0,0,0
546,bec3d251,15,525,5,5,0,10,2,0,4,10,-6,4.5,8.4,-4.0,0,0,0,0
547,bef0a7ac,2,54,0,0,0,2,0,2,3,0,3,1.0,0.2,0.8,0,0,0,0
548,bf4c41f9,34,2156,24,27,5,7,2,4,41,28,13,29.6,27.8,1.8,0,0,0,0
549,c066d1a5,31,2254,25,26,15,5,1,1,27,32,-5,28.3,29.4,-1.1,0,0,0,0
550,c0b3669f,36,2948,32,34,21,2,1,1,49,39,10,40.0,42.7,-2.6,0,0,0,0
551,c20bdcd7,18,1524,16,18,13,0,0,1,22,26,-4,22.6,17.8,4.8,0,0,0,0
552,c252c705,13,1170,13,13,13,0,23,1,18,29,-11,14.7,19.0,-4.3,0,0,0,0
553,c26a3918,28,2361,26,25,24,3,9,1,34,36,-2,33.3,31.8,1.5,0,0,0,0
554,c2e5f306,14,122,1,0,0,14,13,1,0,3,-3,1.1,2.0,-0.9,0,0,0,0
555,c2f5b9e6,0,0,0,0,0,0,2,0,0,0,0,0.0,0.0,0.0,0,0,0,0
556,c3725db2,31,2668,29,30,26,1,0,1,28,40,-12,27.9,39.7,-11.8,0,0,0,0
557,c37823fe,0,0,0,0,0,0,3,0,0,0,0,0.0,0.0,0.0,0,0,0,0
558,c4173f1a,0,0,0,0,0,0,17,0,0,0,0,0.0,0.0,0.0,0,0,0,0
559,c54b567f,0,0,0,0,0,0,1,0,0,0,0,0.0,0.0,0.0,0,0,0,0
560,c5908bc4,5,90,1,0,0,5,18,1,6,3,3,2.2,1.6,0.6,0,0,0,0
561,c631f952,29,2587,28,29,27,0,0,1,35,41,-6,29.9,42.0,-12.0,0,0,0,0
562,c678ddd7,1,12,0,0,0,1,10,3,0,1,-1,0.0,0.7,-0.7,0,0,0,0
563,c6abb354,0,0,0,0,0,0,2,0,0,0,0,0.0,0.0,0.0,0,0,0,0
564,c6d02b9b,0,0,0,0,0,0,1,0,0,0,0,0.0,0.0,0.0,0,0,0,0
565,c6e5d20f,29,1863,20,21,14,8,4,1,33,32,1,34.4,29.0,5.3,0,0,0,0
566,c76b7567,31,2389,26,27,17,4,0,1,45,33,12,40.8,31.3,9.5,0,0,0,0
567,c801616a,33,2193,24,25,16,8,4,1,31,34,-3,32.0,31.0,1.0,0,0,0,0
568,ca95200f,0,0,0,0,0,0,3,0,0,0,0,0.0,0.0,0.0,0,0,0,0
569,caa7aaea,24,1717,19,19,15,5,0,0,20,34,-14,23.6,28.3,-4.6,0,0,0,0
570,caef7840,25,1056,11,13,1,12,11,1,13,9,4,14.6,10.1,4.6,0,0,0,0
571,cc41f558,12,1007,11,11,11,1,0,0,12,26,-14,8.9,17.6,-8.7,0,0,0,0
572,cc588cbe,3,7,0,0,0,3,22,1,0,2,-2,0.2,1.4,-1.2,0,0,0,0
573,cc77354e,34,2778,30,31,26,3,2,1,53,30,23,46.6,30.6,16.0,0,0,0,0
574,cc83b74d,26,1492,16,19,4,7,5,1,18,14,4,20.6,18.0,2.7,0,0,0,0
575,cc972842,5,72,0,0,0,5,0,0,0,3,-3,0.7,1.6,-0.9,0,0,0,0
576,ccce7025,25,2250,25,25,25,0,1,1,33,33,0,30.8,28.3,2.5,0,0,0,0
577,ccee698e,0,0,0,0,0,0,1,0,0,0,0,0.0,0.0,0.0,0,0,0,0
578,cd0a4650,0,0,0,0,0,0,2,0,0,0,0,0.0,0.0,0.0,0,0,0,0
579,cdc4458b,8,128,1,0,0,8,15,1,3,1,2,3.1,0.8,2.2,0,0,0,0
580,ce492295,16,1227,13,14,13,2,2,0,20,37,-17,15.9,28.8,-12.9,0,0,0,0
581,ce4f40c7,34,2946,32,33,28,1,0,1,52,39,13,42.3,37.7,4.6,0,0,0,0
582,ce50fd99,38,2804,31,32,14,6,0,1,38,34,4,41.0,31.8,9.2,0,0,0,0
583,ce84946a,1,1,0,0,0,1,0,0,0,1,-1,0.0,0.0,0.0,0,0,0,0
584,cea59f02,21,1410,15,16,12,5,13,1,14,25,-11,19.0,22.9,-3.9,0,0,0,0
585,cecbce23,25,2250,25,25,25,0,1,1,53,25,28,41.7,28.4,13.3,0,0,0,0
586,ced1d98f,5,184,2,2,0,3,13,0,1,3,-2,1.5,3.1,-1.6,0,0,0,0
587,cf1ef7ec,7,134,1,1,0,6,15,1,1,2,-1,1.4,2.6,-1.2,0,0,0,0
588,cf7836a2,0,0,0,0,0,0,1,0,0,0,0,0.0,0.0,0.0,0,0,0,0
589,cfa49cc1,17,1347,15,17,7,0,0,0,12,20,-8,14.9,20.6,-5.7,0,0,0,0
590,d0014c41,0,0,0,0,0,0,10,0,0,0,0,0.0,0.0,0.0,0,0,0,0
591,d1828392,8,153,1,0,0,8,12,0,0,3,-3,0.9,4.5,-3.6,0,0,0,0
592,d1af27ed,0,0,0,0,0,0,19,0,0,0,0,0.0,0.0,0.0,0,0,0,0
593,d21e361a,2,14,0,0,0,2,6,0,0,0,0,0.1,0.0,0.1,0,0,0,0
594,d33c706e,35,2717,30,29,23,6,0,2,41,37,4,45.8,36.2,9.6,0,0,0,0
595,d37aab95,0,0,0,0,0,0,1,0,0,0,0,0.0,0.0,0.0,0,0,0,0
596,d4d35152,28,1463,16,16,8,12,10,1,22,23,-1,19.7,21.4,-1.7,0,0,0,0
597,d4fa7d01,0,0,0,0,0,0,2,0,0,0,0,0.0,0.0,0.0,0,0,0,0
598,d504b3e1,10,198,2,1,0,9,2,1,8,3,5,5.8,5.7,0.2,0,0,0,0
599,d5575935,13,455,5,5,0,8,8,0,2,5,-3,3.6,8.1,-4.5,0,0,0,0
600,d56b9520,30,1884,20,21,15,9,7,1,39,29,10,37.5,29.7,7.8,0,0,0,0
601,d5d22a58,30,1344,14,15,4,15,2,1,14,21,-7,17.8,19.1,-1.3,0,0,0,0
602,d5f2f82b,32,2861,31,32,31,0,1,2,67,28,39,63.1,33.0,30.1,0,0,0,0
603,d6f6ce93,6,436,4,4,4,2,29,1,15,6,9,11.7,7.7,4.0,0,0,0,0
604,d70ce98e,26,2153,23,24,22,2,0,2,54,23,31,51.3,25.8,25.5,0,0,0,0
605,d75f3980,15,878,9,10,4,5,17,0,8,15,-7,9.7,13.0,-3.3,0,0,0,0
606,d8c19a60,1,4,0,0,0,1,1,1,0,1,-1,0.0,0.8,-0.8,0,0,0,0
607,d8f48d5d,0,0,0,0,0,0,1,0,0,0,0,0.0,0.0,0.0,0,0,0,0
608,d9764034,26,1832,20,21,18,5,4,1,36,19,17,33.9,18.5,15.4,0,0,0,0
609,d9a66c60,0,0,0,0,0,0,4,0,0,0,0,0.0,0.0,0.0,0,0,0,0
610,da4d670f,6,132,1,1,0,5,12,2,1,0,1,1.2,1.1,0.0,0,0,0,0
611,dab1b8dc,0,0,0,0,0,0,21,0,0,0,0,0.0,0.0,0.0,0,0,0,0
612,db013c7d,5,86,1,0,0,5,5,0,0,2,-2,3.6,1.7,1.9,0,0,0,0
613,db23d9fc,16,855,9,10,5,6,16,1,13,19,-6,9.3,16.0,-6.7,0,0,0,0
614,db3164e1,31,2790,31,31,31,0,0,1,29,45,-16,30.0,42.2,-12.2,0,0,0,0
615,db7849ca,34,2899,32,34,21,0,0,1,40,45,-5,35.5,43.9,-8.4,0,0,0,0
616,db87a2c4,1,90,1,1,1,0,37,0,0,1,-1,1.0,1.5,-0.6,0,0,0,0
617,dbd1f786,0,0,0,0,0,0,7,0,0,0,0,0.0,0.0,0.0,0,0,0,0
618,dbde4959,19,753,8,9,2,10,19,1,7,9,-2,8.6,12.6,-4.0,0,0,0,0
619,de40e38c,33,2292,25,26,18,7,0,1,27,33,-6,27.1,33.9,-6.8,0,0,0,0
620,de488e56,16,718,8,7,5,9,7,1,11,10,1,10.1,8.4,1.7,0,0,0,0
621,deba6b05,26,1258,14,14,6,12,8,0,17,47,-30,17.0,30.2,-13.2,0,0,0,0
622,dff0c299,2,6,0,0,0,2,6,1,0,0,0,0.1,0.0,0.1,0,0,0,0
623,dff153a4,15,838,9,10,3,5,3,2,21,6,15,16.6,7.8,8.9,0,0,0,0
624,e0bc6fdc,29,2264,25,26,19,3,4,1,42,39,3,43.5,38.8,4.7,0,0,0,0
625,e0f3a1f6,28,2510,27,28,26,0,0,1,40,35,5,36.8,37.5,-0.7,0,0,0,0
626,e17c2cec,0,0,0,0,0,0,5,0,0,0,0,0.0,0.0,0.0,0,0,0,0
627,e21d1928,0,0,0,0,0,0,3,0,0,0,0,0.0,0.0,0.0,0,0,0,0
628,e2f9bb5f,30,1553,17,18,2,12,5,0,14,35,-21,16.3,26.8,-10.5,0,0,0,0
629,e3731da1,0,0,0,0,0,0,3,0,0,0,0,0.0,0.0,0.0,0,0,0,0
630,e3756e72,0,0,0,0,0,0,1,0,0,0,0,0.0,0.0,0.0,0,0,0,0
631,e3d0b0c4,13,1078,12,13,9,0,1,1,12,25,-13,13.1,17.9,-4.7,0,0,0,0
632,e3e05edf,11,659,7,7,4,4,11,0,6,14,-8,7.3,14.0,-6.7,0,0,0,0
633,e3e32fbb,28,1578,17,17,13,11,10,0,16,33,-17,17.7,25.8,-8.1,0,0,0,0
634,e4114f5d,14,307,3,2,1,12,4,2,6,2,4,3.7,2.1,1.7,0,0,0,0
635,e42d61c7,32,2479,27,28,19,4,0,2,70,25,45,57.5,26.8,30.8,0,0,0,0
636,e4448c8c,11,262,2,3,0,8,19,0,2,9,-7,3.9,7.0,-3.1,0,0,0,0
637,e472a6f6,34,2413,26,27,16,7,2,1,32,41,-9,31.4,36.3,-4.9,0,0,0,0
638,e4b72e34,17,1112,12,12,7,5,5,0,11,25,-14,12.2,22.8,-10.6,0,0,0,0
639,e4bb1f08,8,176,2,0,0,8,7,1,3,5,-2,2.8,3.2,-0.4,0,0,0,0
640,e50623a0,19,1235,13,16,7,3,0,0,13,28,-15,10.1,22.9,-12.8,0,0,0,0
641,e54a9890,0,0,0,0,0,0,1,0,0,0,0,0.0,0.0,0.0,0,0,0,0
642,e5c1e0ca,21,1734,19,19,15,2,5,1,17,26,-9,21.3,26.3,-5.0,0,0,0,0
643,e6951f76,0,0,0,0,0,0,21,0,0,0,0,0.0,0.0,0.0,0,0,0,0
644,e6c43eec,15,1331,14,15,14,0,0,0,18,38,-20,19.1,22.9,-3.8,0,0,0,0
645,e6eadfb8,21,980,10,11,5,10,5,1,8,18,-10,10.6,15.7,-5.1,0,0,0,0
646,e768de1f,17,1267,14,16,8,1,0,0,18,26,-8,11.0,21.2,-10.2,0,0,0,0
647,e7986081,30,2207,24,25,16,5,0,1,46,31,15,45.3,33.9,11.3,0,0,0,0
648,e7d59f4f,23,1165,12,12,1,11,7,1,23,14,9,21.9,13.1,8.8,0,0,0,0
649,e8c5dd4d,15,1304,14,15,14,0,16,0,18,33,-15,17.4,22.2,-4.8,0,0,0,0
650,e97150c0,9,604,6,6,6,3,5,0,4,8,-4,5.3,9.8,-4.6,0,0,0,0
651,e9743d8a,0,0,0,0,0,0,1,0,0,0,0,0.0,0.0,0.0,0,0,0,0
652,ea02beaf,33,1737,19,20,2,13,2,0,26,53,-27,21.1,40.0,-18.9,0,0,0,0
653,ea0aa7e0,29,1803,20,19,15,10,2,1,30,29,1,23.0,29.1,-6.1,0,0,0,0
654,ea0ff634,34,1970,21,22,6,12,0,1,26,35,-9,24.2,31.8,-7.6,0,0,0,0
655,eab85789,24,1012,11,10,0,14,9,1,20,17,3,14.6,19.4,-4.8,0,0,0,0
656,eab957a3,15,1350,15,15,15,0,0,0,18,38,-20,20.0,22.9,-2.9,0,0,0,0
657,eaf71a5e,7,388,4,4,3,3,0,0,4,6,-2,3.9,5.0,-1.1,0,0,0,0
658,eb58eef0,31,1653,18,18,6,13,3,2,51,20,31,34.8,19.8,15.0,0,0,0,0
659,ecada4fc,21,1856,20,21,19,0,11,2,43,18,25,38.7,21.3,17.4,0,0,0,0
660,ed39121c,30,2632,29,29,29,1,0,0,28,39,-11,29.4,38.4,-9.0,0,0,0,0
661,ed45c4a5,32,2194,24,25,15,7,3,1,43,23,20,36.6,25.1,11.5,0,0,0,0
662,ed8cecc9,0,0,0,0,0,0,1,0,0,0,0,0.0,0.0,0.0,0,0,0,0
663,edbe46dc,27,2313,25,27,25,0,7,1,38,33,5,32.4,30.3,2.1,0,0,0,0
664,edd81e2a,30,2545,28,28,27,2,0,0,28,55,-27,21.8,45.9,-24.1,0,0,0,0
665,ee158be5,1,90,1,1,1,0,1,3,4,2,2,2.8,0.9,1.9,0,0,0,0
666,ee45fd85,17,1120,12,12,6,5,0,2,23,12,11,18.7,13.6,5.0,0,0,0,0
667,ee644761,17,1381,15,16,13,1,8,1,16,29,-13,18.7,20.6,-1.9,0,0,0,0
668,ee95585f,4,307,3,4,2,0,1,1,4,6,-2,2.9,3.6,-0.7,0,0,0,0
669,eedea60b,0,0,0,0,0,0,31,0,0,0,0,0.0,0.0,0.0,0,0,0,0
670,eef2d8ce,29,2353,26,27,20,2,3,1,44,64,-20,33.7,44.8,-11.1,0,0,0,0
671,ef9c1c95,33,2752,30,33,21,0,0,1,35,41,-6,40.5,30.4,10.1,0,0,0,0
672,f00de885,34,2982,33,34,32,0,0,1,51,45,6,55.2,46.9,8.3,0,0,0,0
673,f066022d,33,2891,32,33,31,0,0,1,29,49,-20,35.1,40.1,-5.0,0,0,0,0
674,f20e4cc9,27,1658,18,18,12,9,6,2,42,19,23,35.7,20.5,15.3,0,0,0,0
675,f28474a4,18,1105,12,12,9,6,17,2,25,13,12,21.2,16.5,4.7,0,0,0,0
676,f3600c02,23,1619,18,19,13,4,4,1,21,18,3,24.1,16.1,7.9,0,0,0,0
677,f36d5624,20,699,7,7,1,13,17,2,7,4,3,8.5,8.4,0.1,0,0,0,0
678,f4bc42b1,18,953,10,11,1,7,7,4,17,16,1,10.2,15.9,-5.699999999999999,0,0,0,0
679,f520049f,14,1179,13,14,10,0,0,1,17,30,-13,14.8,22.5,-7.7,0,0,0,0
680,f54d2149,17,801,8,11,0,6,9,1,11,11,0,8.1,10.6,-2.5,0,0,0,0
681,f5b6fb78,1,61,0,1,0,0,1,0,0,0,0,0.6,1.7,-1.1,0,0,0,0
682,f5c8b425,15,509,5,5,0,10,3,1,8,13,-5,8.1,6.4,1.7,0,0,0,0
683,f5dfc256,17,1530,17,17,17,0,5,1,20,20,0,0.0,0.0,0.0,0,0,0,0
684,f5efb153,11,933,10,11,8,0,1,0,13,22,-9,9.0,18.7,-9.7,0,0,0,0
685,f6496133,25,958,10,9,1,16,9,0,9,21,-12,11.7,13.7,-2.0,0,0,0,0
686,f6b94e8d,13,989,11,11,9,2,9,0,13,27,-14,10.6,16.2,-5.6,0,0,0,0
687,f7691f63,33,2044,22,23,11,10,1,1,35,28,7,32.3,27.1,5.2,0,0,0,0
688,f7d3a773,10,900,10,10,10,0,16,1,13,14,-1,13.9,16.2,-2.3,0,0,0,0
689,f81ef10d,31,2335,25,26,22,5,0,1,40,35,5,44.7,35.3,9.4,0,0,0,0
690,f83c8d6c,17,226,2,1,0,16,8,0,6,2,4,6.4,5.4,1.0,0,0,0,0
691,f8405304,32,1837,20,21,0,11,0,1,27,25,2,26.2,23.8,2.4,0,0,0,0
692,f86ca403,30,2311,25,27,17,3,0,0,23,45,-22,18.8,41.9,-23.1,0,0,0,0
693,f8ce97ca,26,1414,15,17,5,9,2,0,18,35,-17,15.7,27.6,-11.9,0,0,0,0
694,f98b15f0,1,24,0,0,0,1,3,0,0,1,-1,0.3,1.0,-0.7,0,0,0,0
695,f9d5908e,29,1621,18,21,3,8,5,2,25,15,10,24.8,23.4,1.4,0,0,0,0
696,fa753b79,0,0,0,0,0,0,2,0,0,0,0,0.0,0.0,0.0,0,0,0,0
697,fb14aa28,30,1717,19,20,4,10,0,0,21,30,-9,19.7,26.5,-6.8,0,0,0,0
698,fbf83734,16,1440,16,16,16,0,22,1,17,25,-8,18.7,19.1,-0.4,0,0,0,0
699,fc46aab1,29,1832,20,21,5,8,0,1,52,19,33,38.3,18.9,19.3,0,0,0,0
700,fc4cf6a7,30,1782,19,19,10,11,7,1,26,16,10,29.3,23.4,5.9,0,0,0,0
701,fc62f087,12,877,9,10,8,2,10,2,23,9,14,15.5,9.4,6.1,0,0,0,0
702,fcc84a07,24,626,7,7,1,17,13,0,5,18,-13,7.4,13.8,-6.4,0,0,0,0
703,fd2bc67d,34,2870,31,33,29,1,0,1,44,30,14,47.9,34.3,13.5,0,0,0,0
704,fe6c1add,5,70,0,0,0,5,10,2,2,0,2,1.0,0.7,0.3,0,0,0,0
705,feb5d3ab,32,2099,23,22,19,10,4,1,31,27,4,25.9,33.2,-7.3,0,0,0,0
706,feb5d972,33,2129,23,22,15,11,0,0,26,49,-23,18.5,41.5,-23.0,0,0,0,0
707,ff0ab48c,23,1742,19,20,14,3,6,1,27,26,1,31.0,27.0,4.0,0,0,0,0
708,ff20acfe,4,44,0,0,0,4,10,2,0,2,-2,0.4,0.9,-0.5,0,0,0,0
709,ff44d058,1,6,0,0,0,1,10,3,0,0,0,0.0,0.1,0.0,0,0,0,0
710,ff800ed8,34,1770,19,19,8,15,1,1,30,18,12,30.5,20.4,10.1,0,0,0,0
711,ffec9769,12,573,6,6,1,6,2,1,7,9,-2,8.8,8.7,0.2,0,0,0,0
712,fffea3e5,14,469,5,4,0,10,2,1,10,4,6,8.9,6.6,2.2,0,0,0,0
