,id,MP,Min,90s,Starts,Compl,Subs,unSub,PPM,onG,onGA,+/-,onxG,onxGA,xG+/-,MinGK,MPGK,StartsGK,90sGK
0,0018166b,0,0,0,0,0,0,1,0,0,0,0,0.0,0.0,0.0,225,3,2,2
1,00638016,0,0,0,0,0,0,2,0,0,0,0,0.0,0.0,0.0,1620,18,18,18
2,00891164,26,2327,25,26,25,0,0,0,21,57,-36,29.1,41.7,-12.6,2250,25,25,25
3,00a8d210,26,1875,20,20,11,6,0,1,33,13,20,35.6,21.5,14.1,360,4,4,4
4,0167017b,0,0,0,0,0,0,7,0,0,0,0,0.0,0.0,0.0,90,1,1,1
5,01870104,18,477,5,5,1,13,6,1,11,5,6,11.7,6.2,5.5,180,2,2,2
6,01becd60,13,230,2,1,0,12,6,1,5,5,0,6.1,1.6,4.4,136,2,1,1
7,01fd01e8,14,775,8,8,7,6,8,3,7,12,-5,10.4,10.2,0.3,540,6,6,6
8,02bcaf8e,18,503,5,3,1,15,7,1,7,3,4,7.6,7.2,0.4,1890,21,21,21
9,02e63f80,0,0,0,0,0,0,15,0,0,0,0,0.0,0.0,0.0,1710,19,19,19
10,032f894e,14,424,4,3,0,11,1,2,14,5,9,11.4,5.7,5.7,90,1,1,1
11,03e91055,2,23,0,0,0,2,2,3,0,0,0,0.1,0.6,-0.5,2340,26,26,26
12,0400dd2f,7,259,2,2,0,5,3,2,6,2,4,5.8,2.9,2.9,1710,19,19,19
13,04ac78d2,7,609,6,6,6,1,8,1,8,9,-1,8.3,11.2,-2.9,2340,26,26,26
14,04bb2b06,25,903,10,8,3,17,1,1,13,11,2,11.5,14.3,-2.8,2340,26,26,26
15,0512a60a,17,1381,15,15,13,2,9,0,15,23,-8,14.0,21.6,-7.7,720,8,8,8
16,061266cd,5,158,1,1,1,4,21,1,0,3,-3,1.9,3.1,-1.2,1710,19,19,19
17,065dc209,23,1795,19,22,7,1,0,3,34,27,7,24.0,30.2,-6.2,408,5,4,4
18,06c48679,21,1750,19,21,15,0,0,1,33,19,14,36.0,20.4,15.6,2249,25,25,25
19,06df8256,11,839,9,9,8,2,2,1,20,15,5,14.5,15.2,-0.7,630,7,7,7
20,07ace8c3,3,60,0,0,0,3,0,1,1,1,0,0.8,1.4,-0.6,1988,23,23,22
21,0810b6df,7,630,7,7,7,0,12,0,10,14,-4,11.4,11.2,0.2,630,7,7,7
22,08511d65,23,1804,20,21,16,2,0,2,49,20,29,40.0,24.3,15.7,1916,22,22,21
23,08f5afaa,26,2340,26,26,26,0,0,2,66,25,41,56.2,30.9,25.3,1980,22,22,22
24,095e4199,18,898,10,11,0,7,8,1,11,5,6,15.3,12.6,2.7,2115,24,24,23
25,0a63446f,20,1041,11,11,8,9,6,0,6,18,-12,10.4,14.9,-4.5,1158,13,12,12
26,0af4dcf0,3,59,0,0,0,3,2,2,1,1,0,1.5,1.6,-0.1,1182,14,14,13
27,0b2c9aec,21,717,8,5,2,16,2,1,12,12,0,14.0,10.3,3.7,2340,26,26,26
28,0b4d8274,15,852,9,11,1,4,1,0,11,20,-9,15.8,12.4,3.5,1166,14,14,13
29,0b4f388a,26,1636,18,18,10,8,0,1,36,29,7,29.5,25.6,3.9,630,7,7,7
30,0be95d34,15,794,8,9,0,6,0,0,10,14,-4,13.3,14.3,-1.0,82,1,0,0
31,0bfca6a1,16,1265,14,15,8,1,0,1,15,20,-5,17.7,18.9,-1.2,630,7,7,7
32,0cbc8baa,22,1568,17,16,14,6,4,0,18,27,-9,21.3,25.6,-4.3,511,6,5,5
33,0d7b6576,22,1722,19,20,7,2,0,1,28,31,-3,20.7,27.5,-6.8,2340,26,26,26
34,0d836298,0,0,0,0,0,0,10,0,0,0,0,0.0,0.0,0.0,2160,24,24,24
35,0df854bb,0,0,0,0,0,0,6,0,0,0,0,0.0,0.0,0.0,2340,26,26,26
36,0e12089d,26,2340,26,26,26,0,0,1,41,46,-5,35.7,39.6,-3.9,270,3,3,3
37,0e46fa2f,20,621,6,6,1,14,4,3,12,8,4,10.8,7.6,3.2,0,0,0,0
38,0e7ccfc4,19,615,6,4,1,15,6,1,9,11,-2,5.7,10.8,-5.1,0,0,0,0
39,0e8d7b6c,0,0,0,0,0,0,4,0,0,0,0,0.0,0.0,0.0,0,0,0,0
40,0ed063d6,21,1187,13,14,6,7,4,0,16,32,-16,17.3,25.4,-8.0,0,0,0,0
41,0f8418aa,16,812,9,8,4,8,2,0,9,14,-5,8.6,15.1,-6.6,0,0,0,0
42,0f86995c,2,15,0,0,0,2,2,2,0,0,0,0.3,0.1,0.2,0,0,0,0
43,0ff630d0,17,1119,12,13,10,4,8,2,17,21,-4,17.6,17.1,0.5,0,0,0,0
44,101fc260,0,0,0,0,0,0,11,0,0,0,0,0.0,0.0,0.0,0,0,0,0
45,102c9665,11,712,7,6,5,5,15,1,17,18,-1,14.0,8.8,5.3,0,0,0,0
46,104b4ad3,6,226,2,2,0,4,0,0,1,6,-5,3.2,5.8,-2.6,0,0,0,0
47,10dd88f9,25,962,10,10,0,15,0,0,10,21,-11,11.9,16.8,-4.9,0,0,0,0
48,10f0fdd3,19,1589,17,19,14,0,0,0,23,33,-10,20.7,31.2,-10.5,0,0,0,0
49,114bbdee,1,90,1,1,1,0,4,3,2,1,1,1.2,1.4,-0.2,0,0,0,0
50,11f54bd5,4,162,1,2,0,2,0,2,2,1,1,1.7,2.4,-0.7,0,0,0,0
51,1361e5bc,3,270,3,3,3,0,1,1,2,3,-1,3.1,4.3,-1.2,0,0,0,0
52,1467af0d,19,1424,15,18,8,1,0,2,45,13,32,37.9,18.5,19.4,0,0,0,0
53,148e136f,21,1644,18,18,11,3,1,1,34,19,15,34.1,15.3,18.9,0,0,0,0
54,14e7e7ad,0,0,0,0,0,0,1,0,0,0,0,0.0,0.0,0.0,0,0,0,0
55,15944afd,13,716,8,8,4,5,9,2,15,13,2,13.1,11.2,1.9,0,0,0,0
56,16aa7d4c,19,1577,17,17,17,2,1,0,17,29,-12,20.9,24.1,-3.2,0,0,0,0
57,17e25e72,2,23,0,0,0,2,4,0,0,1,-1,0.2,0.4,-0.2,0,0,0,0
58,18563ea7,0,0,0,0,0,0,10,0,0,0,0,0.0,0.0,0.0,0,0,0,0
59,1880614f,25,1481,16,17,6,8,1,2,34,14,20,28.0,17.4,10.6,0,0,0,0
60,18ebca4b,6,254,2,3,1,3,0,0,3,9,-6,2.8,5.8,-3.0,0,0,0,0
61,19053e31,19,1072,11,13,3,6,2,4,18,8,10,19.0,12.9,6.0,0,0,0,0
62,1956b948,24,1478,16,16,7,8,0,1,12,21,-9,16.7,26.3,-9.7,0,0,0,0
63,1961b2aa,19,1122,12,12,7,7,0,1,26,16,10,21.1,11.4,9.7,0,0,0,0
64,19ba6c6d,11,631,7,8,2,3,1,1,9,8,1,9.1,11.3,-2.2,0,0,0,0
65,1a066e69,19,1362,15,15,12,4,3,1,16,23,-7,16.4,27.7,-11.2,0,0,0,0
66,1a248246,20,1308,14,16,2,4,1,1,18,31,-13,20.6,21.7,-1.1,0,0,0,0
67,1a2935f6,10,876,9,10,8,0,0,1,14,10,4,13.6,10.0,3.7,0,0,0,0
68,1a6b7ea4,20,1119,12,10,7,10,5,1,14,17,-3,15.9,14.8,1.1,0,0,0,0
69,1a85bcdb,21,1746,19,19,18,2,4,0,14,39,-25,21.0,27.6,-6.6,0,0,0,0
70,1b5b32d2,2,20,0,0,0,2,6,0,0,1,-1,0.0,0.5,-0.4,0,0,0,0
71,1b729a98,1,82,0,0,0,1,3,3,1,0,1,0.5,0.5,0.0,0,0,0,0
72,1bd5bdc4,1,8,0,0,0,1,0,3,0,0,0,0.0,0.1,-0.1,0,0,0,0
73,1bfb6fef,24,1962,21,22,18,2,0,1,35,27,8,38.9,25.9,13.0,0,0,0,0
74,1d2d5cc8,24,2115,23,24,23,0,1,1,41,25,16,38.2,29.7,8.5,0,0,0,0
75,1d383c10,1,9,0,0,0,1,1,1,0,0,0,0.2,0.4,-0.2,0,0,0,0
76,1d5c96f8,19,1563,17,18,11,1,0,1,29,30,-1,26.1,26.5,-0.4,0,0,0,0
77,1ddbc7ca,21,1588,17,17,14,4,2,1,21,18,3,23.5,22.2,1.4,0,0,0,0
78,1df4a109,16,874,9,8,5,8,9,2,17,12,5,14.3,13.4,0.9,0,0,0,0
79,1e52971c,22,1500,16,16,10,6,4,1,22,17,5,23.4,19.1,4.3,0,0,0,0
80,1e7aea56,23,1988,22,23,22,0,0,0,16,41,-25,25.6,31.0,-5.5,0,0,0,0
81,1e93fc5d,2,36,0,0,0,2,6,0,1,0,1,0.8,0.0,0.7,0,0,0,0
82,1ec7e1c5,7,338,3,3,2,4,11,1,6,6,0,7.4,4.1,3.3,0,0,0,0
83,1f6298f2,1,4,0,0,0,1,3,3,0,0,0,0.4,0.0,0.4,0,0,0,0
84,2054d037,20,1068,11,13,2,7,0,0,6,26,-20,12.0,17.5,-5.5,0,0,0,0
85,209528d3,0,0,0,0,0,0,1,0,0,0,0,0.0,0.0,0.0,0,0,0,0
86,20b9f052,22,1980,22,22,22,0,1,2,42,20,22,38.5,26.9,11.6,0,0,0,0
87,20e0dd86,25,1520,16,19,5,6,0,0,7,33,-26,16.3,22.2,-6.0,0,0,0,0
88,20e73fac,25,2026,22,25,9,0,0,1,40,25,15,35.4,28.3,7.1,0,0,0,0
89,2180c761,6,227,2,2,0,4,14,2,5,5,0,4.8,4.5,0.3,0,0,0,0
90,22396615,1,20,0,0,0,1,2,1,0,0,0,0.1,0.6,-0.6,0,0,0,0
91,22768e08,0,0,0,0,0,0,6,0,0,0,0,0.0,0.0,0.0,0,0,0,0
92,22bfb57e,6,436,4,5,3,1,0,0,3,4,-1,6.1,6.2,-0.2,0,0,0,0
93,2321ea6e,25,2250,25,25,25,0,1,1,38,35,3,30.5,40.2,-9.7,0,0,0,0
94,23c63b7f,23,1114,12,11,3,12,0,3,14,22,-8,14.4,16.099999999999998,-1.7,0,0,0,0
95,2405094a,0,0,0,0,0,0,1,0,0,0,0,0.0,0.0,0.0,0,0,0,0
96,2434f24a,19,1710,19,19,19,0,8,0,16,41,-25,18.6,31.0,-12.4,0,0,0,0
97,25749008,22,1443,16,17,5,5,0,1,18,22,-4,19.3,23.9,-4.5,0,0,0,0
98,2677a1de,18,1048,11,12,3,6,2,1,20,25,-5,15.0,20.1,-5.1,0,0,0,0
99,279ddf6a,24,1713,19,18,16,6,2,0,24,42,-18,20.4,39.7,-19.3,0,0,0,0
100,27c91f71,0,0,0,0,0,0,2,0,0,0,0,0.0,0.0,0.0,0,0,0,0
101,28a65a2c,0,0,0,0,0,0,7,0,0,0,0,0.0,0.0,0.0,0,0,0,0
102,28dabd43,18,1620,18,18,18,0,8,0,13,43,-30,19.1,29.5,-10.4,0,0,0,0
103,29939a1d,23,965,10,13,0,10,3,1,19,18,1,13.4,17.9,-4.5,0,0,0,0
104,29c02c9f,14,599,6,7,0,7,2,1,7,9,-2,8.4,10.2,-1.9,0,0,0,0
105,2a74ef47,0,0,0,0,0,0,1,0,0,0,0,0.0,0.0,0.0,0,0,0,0
106,2acd49b9,19,1316,14,15,7,4,2,1,14,20,-6,12.7,18.7,-6.1,0,0,0,0
107,2acf0cd7,22,1667,18,19,12,3,0,1,25,20,5,28.6,24.0,4.6,0,0,0,0
108,2b089203,0,0,0,0,0,0,2,0,0,0,0,0.0,0.0,0.0,0,0,0,0
109,2b1bed19,26,1692,18,18,14,8,0,0,16,34,-18,18.1,31.1,-13.0,0,0,0,0
110,2b471f99,14,838,9,11,2,3,0,1,15,9,6,13.8,9.4,4.4,0,0,0,0
111,2c0f8e9e,23,1722,19,20,5,3,2,2,35,17,18,34.0,23.1,10.9,0,0,0,0
112,2c70d915,2,98,1,1,1,1,3,1,1,6,-5,1.8,2.6,-0.8,0,0,0,0
113,2ccd89a3,7,475,5,5,3,2,0,1,4,8,-4,4.6,6.6,-2.0,0,0,0,0
114,2d22cea7,3,266,3,3,0,0,0,2,5,3,2,6.3,4.0,2.3,0,0,0,0
115,2d70dbe5,0,0,0,0,0,0,3,0,0,0,0,0.0,0.0,0.0,0,0,0,0
116,2db2fd7b,6,315,3,4,1,2,8,2,5,3,2,4.4,4.2,0.2,0,0,0,0
117,2f9e4435,18,1548,17,18,13,0,0,1,27,25,2,21.1,26.6,-5.4,0,0,0,0
118,2fa2a875,7,630,7,7,7,0,0,1,13,6,7,9.9,10.6,-0.7,0,0,0,0
119,300ec91c,2,13,0,0,0,2,10,0,0,0,0,0.3,0.5,-0.2,0,0,0,0
120,3010aefb,17,322,3,3,0,14,9,1,4,3,1,5.2,6.2,-1.0,0,0,0,0
121,30144daa,14,844,9,11,2,3,1,1,11,14,-3,9.4,15.9,-6.5,0,0,0,0
122,307581ff,0,0,0,0,0,0,2,0,0,0,0,0.0,0.0,0.0,0,0,0,0
123,30af8b93,23,1937,21,21,18,2,1,1,47,25,22,37.2,28.4,8.9,0,0,0,0
124,30db8574,0,0,0,0,0,0,4,0,0,0,0,0.0,0.0,0.0,0,0,0,0
125,31626657,18,1371,15,17,10,1,0,2,24,21,3,19.9,25.0,-5.0,0,0,0,0
126,31822f8c,25,1943,21,22,10,3,0,1,31,18,13,37.2,25.8,11.4,0,0,0,0
127,3189f61a,22,1815,20,21,16,1,0,0,17,48,-31,21.5,32.8,-11.3,0,0,0,0
128,321a71a7,21,1565,17,18,13,3,0,1,19,28,-9,19.8,30.6,-10.7,0,0,0,0
129,32c2d95f,26,2340,26,26,26,0,0,1,34,26,8,41.3,33.1,8.3,0,0,0,0
130,32f3d97e,4,78,0,1,0,3,9,0,3,1,2,0.7,0.4,0.3,0,0,0,0
131,3322e296,6,170,1,2,1,4,11,2,5,0,5,2.6,0.9,1.6,0,0,0,0
132,34a88e3e,15,721,8,8,1,7,8,2,17,8,9,15.8,7.4,8.4,0,0,0,0
133,35516eac,23,1115,12,11,3,12,2,0,21,30,-9,14.5,25.7,-11.1,0,0,0,0
134,357103bd,24,1597,17,17,6,7,0,1,33,26,7,25.4,24.0,1.4,0,0,0,0
135,3670aa71,1,9,0,0,0,1,2,0,0,1,-1,0.1,0.1,-0.1,0,0,0,0
136,3681cfff,15,1050,11,12,9,3,8,1,10,13,-3,10.7,20.7,-10.0,0,0,0,0
137,3708e9fa,25,1801,20,20,7,5,0,1,43,24,19,34.5,24.1,10.4,0,0,0,0
138,37143438,2,60,0,0,0,2,1,0,2,1,1,1.9,1.6,0.3,0,0,0,0
139,374fbf7d,22,1221,13,12,2,10,3,0,15,28,-13,17.6,20.1,-2.6,0,0,0,0
140,375622c5,23,1851,20,22,13,1,0,1,32,38,-6,25.4,32.2,-6.8,0,0,0,0
141,380a15e2,0,0,0,0,0,0,3,0,0,0,0,0.0,0.0,0.0,0,0,0,0
142,3814120d,5,408,4,4,4,1,16,0,5,11,-6,5.0,10.3,-5.3,0,0,0,0
143,38309b03,0,0,0,0,0,0,1,0,0,0,0,0.0,0.0,0.0,0,0,0,0
144,386de9b1,0,0,0,0,0,0,1,0,0,0,0,0.0,0.0,0.0,0,0,0,0
145,3870f7c3,0,0,0,0,0,0,7,0,0,0,0,0.0,0.0,0.0,0,0,0,0
146,3916b09c,7,630,7,7,7,0,10,0,8,12,-4,6.1,10.7,-4.6,0,0,0,0
147,3935e52e,22,1337,14,16,9,6,0,2,34,12,22,28.4,17.2,11.1,0,0,0,0
148,3975195f,21,1524,16,18,9,3,1,0,22,38,-16,17.3,32.4,-15.1,0,0,0,0
149,397ba086,25,1293,14,15,1,10,0,1,14,15,-1,16.2,18.9,-2.7,0,0,0,0
150,39b326ed,7,447,5,5,4,2,0,1,9,8,1,8.7,7.2,1.4,0,0,0,0
151,3a24769f,18,638,7,6,2,12,2,1,8,9,-1,9.0,9.3,-0.3,0,0,0,0
152,3b029691,24,1635,18,20,5,4,1,2,42,17,25,36.9,21.2,15.7,0,0,0,0
153,3b676989,4,63,0,0,0,4,1,1,0,0,0,0.1,1.5,-1.4,0,0,0,0
154,3bd65247,9,612,6,8,0,1,1,2,16,9,7,11.6,6.4,5.2,0,0,0,0
155,3befc2b6,25,2232,24,25,22,0,1,1,26,31,-5,27.9,31.8,-3.9,0,0,0,0
156,3c6bbbab,13,1007,11,11,9,2,1,1,10,9,1,11.8,11.3,0.4,0,0,0,0
157,3cdfc63e,20,1682,18,19,17,1,5,0,13,34,-21,20.0,26.8,-6.8,0,0,0,0
158,3d214e5f,25,2250,25,25,25,0,0,0,27,42,-15,27.3,39.4,-12.2,0,0,0,0
159,3dd738a1,14,690,7,8,4,6,1,2,12,10,2,12.9,10.0,2.8,0,0,0,0
160,3eaf8817,14,269,3,1,0,13,7,1,6,4,2,4.3,6.0,-1.7,0,0,0,0
161,3ecc8c5f,25,2249,25,25,24,0,0,1,24,34,-10,26.4,40.1,-13.7,0,0,0,0
162,3ef0fa48,11,345,3,3,0,8,7,2,9,6,3,6.7,6.9,-0.3,0,0,0,0
163,3f319bb9,25,2185,24,25,23,0,0,1,41,40,1,34.5,34.9,-0.3,0,0,0,0
164,3f3a2cba,0,0,0,0,0,0,2,0,0,0,0,0.0,0.0,0.0,0,0,0,0
165,40221fa7,18,1196,13,14,10,4,3,2,16,21,-5,18.8,18.9,0.0,0,0,0,0
166,40774c6b,16,509,5,5,0,11,1,2,9,4,5,9.7,6.5,3.1,0,0,0,0
167,40ef7347,20,1331,14,19,1,1,1,1,28,26,2,24.1,22.3,1.8,0,0,0,0
168,419b3fd0,0,0,0,0,0,0,3,0,0,0,0,0.0,0.0,0.0,0,0,0,0
169,41da04f7,0,0,0,0,0,0,1,0,0,0,0,0.0,0.0,0.0,0,0,0,0
170,41eebdf5,17,1271,14,16,9,1,1,2,27,13,14,25.3,15.8,9.6,0,0,0,0
171,42276181,24,1727,19,20,8,4,0,0,23,33,-10,21.8,34.5,-12.8,0,0,0,0
172,42fd9c7f,22,1738,19,20,14,2,0,2,50,18,32,42.8,24.5,18.3,0,0,0,0
173,4315f30d,12,626,7,7,5,5,11,2,10,13,-3,10.3,9.2,1.1,0,0,0,0
174,433dc9a2,19,1069,11,11,7,8,6,2,25,11,14,22.1,16.6,5.4,0,0,0,0
175,43e7a164,23,1976,22,23,20,0,1,0,26,37,-11,24.9,36.9,-11.9,0,0,0,0
176,4534a352,6,463,5,5,4,1,4,1,5,5,0,7.6,7.9,-0.3,0,0,0,0
177,45cce300,1,24,0,0,0,1,1,3,2,1,1,0.9,0.6,0.3,0,0,0,0
178,462475ed,13,771,8,9,4,4,1,0,12,18,-6,10.8,13.6,-2.8,0,0,0,0
179,46359159,11,511,5,5,3,6,0,2,8,6,2,11.2,6.7,4.5,0,0,0,0
180,46750e9c,6,66,0,0,0,6,7,1,1,2,-1,1.7,1.6,0.2,0,0,0,0
181,468fdbad,9,191,2,1,0,8,15,1,0,4,-4,3.3,2.2,1.1,0,0,0,0
182,46faabfa,5,360,4,5,2,0,0,0,2,7,-5,3.5,7.0,-3.5,0,0,0,0
183,477e50ce,1,90,1,1,1,0,22,1,2,2,0,1.7,0.7,1.1,0,0,0,0
184,47c609d5,3,91,1,1,0,2,2,0,0,4,-4,0.8,0.8,0.1,0,0,0,0
185,489e80e3,19,1473,16,17,12,2,1,2,38,23,15,28.2,21.5,6.7,0,0,0,0
186,48b28bfd,20,902,10,11,0,9,3,0,9,13,-4,12.5,14.5,-2.0,0,0,0,0
187,48d5bd33,9,535,5,5,1,4,0,2,11,7,4,11.3,7.0,4.3,0,0,0,0
188,49070d66,17,1099,12,11,10,6,4,0,18,22,-4,14.0,23.7,-9.8,0,0,0,0
189,49136c42,13,1038,11,12,9,1,4,0,11,18,-7,15.3,16.0,-0.7,0,0,0,0
190,4917d8f5,0,0,0,0,0,0,1,0,0,0,0,0.0,0.0,0.0,0,0,0,0
191,4a0c6555,0,0,0,0,0,0,4,0,0,0,0,0.0,0.0,0.0,0,0,0,0
192,4a56052c,26,1783,19,19,12,7,0,2,37,16,21,34.0,23.2,10.8,0,0,0,0
193,4a5e83ad,8,276,3,3,0,5,16,1,1,6,-5,3.2,4.1,-0.9,0,0,0,0
194,4a987ffa,2,25,0,0,0,2,10,1,0,0,0,0.3,0.3,-0.1,0,0,0,0
195,4b792f35,2,37,0,0,0,2,1,1,1,2,-1,0.3,2.8,-2.5,0,0,0,0
196,4b96c347,5,273,3,4,0,1,0,1,6,3,3,4.7,2.1,2.6,0,0,0,0
197,4be0b467,8,437,4,5,2,3,0,1,4,12,-8,5.7,7.0,-1.3,0,0,0,0
198,4ca4f601,22,1466,16,20,0,2,3,1,30,28,2,24.1,24.9,-0.8,0,0,0,0
199,4db5915d,13,707,7,7,3,6,4,1,9,10,-1,8.3,11.2,-3.0,0,0,0,0
200,4e0afc5d,12,361,4,3,0,9,5,1,6,9,-3,6.1,8.7,-2.6,0,0,0,0
201,4e47507a,8,390,4,5,0,3,2,1,1,4,-3,3.8,4.7,-0.9,0,0,0,0
202,4e7db402,25,2249,25,25,24,0,0,1,26,33,-7,27.2,33.0,-5.8,0,0,0,0
203,4fb18ca4,2,76,0,0,0,2,8,1,2,1,1,1.1,2.4,-1.3,0,0,0,0
204,4fe0044b,0,0,0,0,0,0,1,0,0,0,0,0.0,0.0,0.0,0,0,0,0
205,5065d67d,2,126,1,1,1,1,14,0,2,3,-1,1.8,1.5,0.3,0,0,0,0
206,5069b796,16,1151,12,13,11,3,5,0,17,26,-9,14.0,19.1,-5.1,0,0,0,0
207,508a9011,1,2,0,0,0,1,5,3,1,0,1,0.6,0.1,0.6,0,0,0,0
208,50ac8941,2,47,0,0,0,2,1,0,2,0,2,1.9,0.4,1.5,0,0,0,0
209,5148dcc5,16,1319,14,16,7,0,0,2,29,17,12,25.0,16.0,9.1,0,0,0,0
210,5167c97e,24,1199,13,13,9,11,0,1,12,6,6,22.7,14.3,8.4,0,0,0,0
211,51c30111,23,1475,16,17,6,6,1,0,22,34,-12,16.8,32.8,-16.1,0,0,0,0
212,51c83a90,0,0,0,0,0,0,24,0,0,0,0,0.0,0.0,0.0,0,0,0,0
213,5219ab4a,22,1620,18,20,9,2,0,2,36,13,23,30.0,21.9,8.1,0,0,0,0
214,52cd0e88,3,66,0,0,0,3,1,0,1,2,-1,1.0,1.0,-0.1,0,0,0,0
215,5313ed43,24,2102,23,23,19,1,0,1,33,18,15,40.0,25.6,14.4,0,0,0,0
216,531a4aa8,18,1452,16,18,11,0,0,0,10,35,-25,17.6,26.3,-8.7,0,0,0,0
217,53af52f3,24,2160,24,24,24,0,2,1,33,20,13,34.0,26.5,7.5,0,0,0,0
218,546bb36e,19,914,10,10,2,9,5,1,12,16,-4,8.3,18.1,-9.8,0,0,0,0
219,547a72ad,5,145,1,2,0,3,6,1,1,2,-1,2.9,2.2,0.7,0,0,0,0
220,55168bb4,0,0,0,0,0,0,4,0,0,0,0,0.0,0.0,0.0,0,0,0,0
221,55d360a3,0,0,0,0,0,0,5,0,0,0,0,0.0,0.0,0.0,0,0,0,0
222,562a4799,6,520,5,6,5,0,0,1,10,6,4,9.0,8.8,0.3,0,0,0,0
223,563fcd6b,23,1050,11,12,1,11,0,0,8,25,-17,10.8,18.0,-7.1,0,0,0,0
224,5680bf3f,14,643,7,7,2,7,2,1,7,8,-1,5.6,11.0,-5.5,0,0,0,0
225,56a66faa,0,0,0,0,0,0,15,0,0,0,0,0.0,0.0,0.0,0,0,0,0
226,56ae428b,25,2137,23,23,23,2,1,0,23,44,-21,25.4,33.8,-8.4,0,0,0,0
227,574aa9ec,1,7,0,0,0,1,10,3,2,0,2,0.4,0.0,0.4,0,0,0,0
228,576817b7,7,502,5,6,2,1,0,1,6,7,-1,6.0,5.9,0.1,0,0,0,0
229,57a46f3f,0,0,0,0,0,0,1,0,0,0,0,0.0,0.0,0.0,0,0,0,0
230,57e3f0c7,15,1225,13,14,7,1,1,1,15,12,3,18.6,16.5,2.2,0,0,0,0
231,587823f4,0,0,0,0,0,0,1,0,0,0,0,0.0,0.0,0.0,0,0,0,0
232,588a48f2,0,0,0,0,0,0,4,0,0,0,0,0.0,0.0,0.0,0,0,0,0
233,58ae47b2,19,710,7,8,1,11,5,1,22,11,11,13.9,9.6,4.2,0,0,0,0
234,595e6f3e,26,1338,14,13,3,13,0,1,20,19,1,16.6,20.2,-3.7,0,0,0,0
235,59948ef7,24,1308,14,16,1,8,0,1,23,7,16,29.5,14.0,15.5,0,0,0,0
236,5a6b06cd,3,24,0,0,0,3,1,0,0,0,0,1.2,0.0,1.1,0,0,0,0
237,5b146df3,24,2013,22,23,21,1,2,0,26,37,-11,26.4,36.0,-9.6,0,0,0,0
238,5b1bf5e3,2,22,0,0,0,2,4,2,1,0,1,0.5,0.4,0.0,0,0,0,0
239,5b3cfa12,3,47,0,0,0,3,11,1,0,0,0,0.5,1.2,-0.7,0,0,0,0
240,5b479568,7,130,1,1,0,6,10,2,4,5,-1,3.6,3.0,0.6,0,0,0,0
241,5b4bc323,10,867,9,10,9,0,6,0,9,20,-11,9.7,15.1,-5.4,0,0,0,0
242,5b92d896,17,782,8,8,0,9,9,2,19,14,5,15.2,10.1,5.1,0,0,0,0
243,5b9512c5,24,2087,23,23,23,1,1,1,38,29,9,35.7,25.3,10.4,0,0,0,0
244,5bf26efc,1,55,0,0,0,1,6,0,0,1,-1,0.1,0.3,-0.2,0,0,0,0
245,5c42e7ce,2,180,2,2,2,0,7,0,2,6,-4,1.4,5.0,-3.6,0,0,0,0
246,5cb215fc,15,1243,13,15,12,0,2,0,10,30,-20,13.4,20.9,-7.5,0,0,0,0
247,5ceba7fc,25,1715,19,19,9,6,0,2,29,21,8,31.0,23.5,7.300000000000001,0,0,0,0
248,5d0e0a1f,26,1877,20,22,13,4,0,1,35,25,10,33.0,28.2,4.7,0,0,0,0
249,5d8d7454,7,505,5,6,3,1,0,1,4,10,-6,4.7,8.5,-3.8,0,0,0,0
250,5d9577aa,6,321,3,3,3,3,6,0,3,12,-9,1.7,5.6,-3.9,0,0,0,0
251,5e080f73,10,233,2,1,0,9,4,0,1,8,-7,2.3,5.4,-3.1,0,0,0,0
252,5e22e2a4,14,1127,12,13,11,1,0,1,18,14,4,19.7,17.2,2.4,0,0,0,0
253,5e5249c8,24,1262,14,14,3,10,1,0,11,24,-13,14.4,21.6,-7.2,0,0,0,0
254,5e6355f8,3,65,0,1,0,2,11,0,1,4,-3,0.3,2.2,-1.9,0,0,0,0
255,5ea8ef20,24,1616,18,19,10,5,0,2,28,17,11,30.9,23.5,7.4,0,0,0,0
256,5f0241b2,0,0,0,0,0,0,14,0,0,0,0,0.0,0.0,0.0,0,0,0,0
257,5f3eaaf5,22,1685,18,20,8,2,0,0,18,24,-6,19.5,24.1,-4.6,0,0,0,0
258,5fdcb075,12,1066,11,12,10,0,4,2,19,5,14,20.9,13.6,7.3,0,0,0,0
259,6043997c,13,1062,11,13,11,0,0,0,16,24,-8,13.5,22.9,-9.4,0,0,0,0
260,60d90c55,26,2340,26,26,26,0,0,1,40,21,19,46.2,29.0,17.3,0,0,0,0
261,6191093d,25,1937,21,21,14,4,1,1,24,22,2,27.0,24.5,2.5,0,0,0,0
262,61b77d0a,8,194,2,2,1,6,3,1,1,4,-3,1.6,4.8,-3.2,0,0,0,0
263,61f80c89,0,0,0,0,0,0,4,0,0,0,0,0.0,0.0,0.0,0,0,0,0
264,62124972,0,0,0,0,0,0,24,0,0,0,0,0.0,0.0,0.0,0,0,0,0
265,627b570a,4,64,0,0,0,4,1,0,0,2,-2,0.3,1.6,-1.4,0,0,0,0
266,62e02107,9,93,1,0,0,9,13,1,5,2,3,2.6,3.3,-0.7,0,0,0,0
267,636247ca,18,324,3,1,0,17,3,1,5,8,-3,4.3,6.0,-1.7,0,0,0,0
268,6388e356,23,1616,18,18,13,5,3,1,33,30,3,23.3,31.1,-7.7,0,0,0,0
269,645a3363,26,2036,22,25,8,1,0,1,41,30,11,39.0,25.7,13.2,0,0,0,0
270,64748421,0,0,0,0,0,0,12,0,0,0,0,0.0,0.0,0.0,0,0,0,0
271,64ba07c0,14,653,7,7,2,7,2,0,7,16,-9,8.6,13.0,-4.5,0,0,0,0
272,64c14d49,21,984,10,12,3,9,1,1,11,9,2,17.4,12.2,5.3,0,0,0,0
273,64f69877,9,355,3,4,0,5,4,1,7,4,3,6.6,3.5,3.1,0,0,0,0
274,652d4c37,20,1236,13,16,4,4,0,1,28,19,9,22.1,15.0,7.1,0,0,0,0
275,654f49ca,8,198,2,1,0,7,6,1,3,3,0,3.0,3.7,-0.8,0,0,0,0
276,65c55288,6,305,3,3,2,3,1,2,8,1,7,6.1,3.6,2.4,0,0,0,0
277,65fcf987,8,229,2,2,0,6,5,0,1,5,-4,3.0,5.1,-2.0,0,0,0,0
278,6605d143,26,1896,21,21,16,5,0,0,25,35,-10,24.2,37.7,-13.5,0,0,0,0
279,6690ef25,0,0,0,0,0,0,2,0,0,0,0,0.0,0.0,0.0,0,0,0,0
280,6751b938,0,0,0,0,0,0,12,0,0,0,0,0.0,0.0,0.0,0,0,0,0
281,6763f716,8,585,6,6,4,2,13,1,15,11,4,10.9,7.9,3.0,0,0,0,0
282,67f649be,7,630,7,7,7,0,0,1,7,8,-1,9.4,6.6,2.8,0,0,0,0
283,686a7a31,0,0,0,0,0,0,2,0,0,0,0,0.0,0.0,0.0,0,0,0,0
284,68a26d51,22,1782,19,21,10,1,2,0,17,25,-8,22.1,27.6,-5.5,0,0,0,0
285,69384e5d,20,1545,17,18,9,2,0,2,42,14,28,36.5,20.8,15.8,0,0,0,0
286,698f11e3,19,1030,11,10,7,9,6,1,16,18,-2,12.9,18.5,-5.6,0,0,0,0
287,6993927b,17,1214,13,13,12,4,9,1,12,21,-9,13.9,25.1,-11.2,0,0,0,0
288,6a827d8e,13,637,7,7,2,6,2,1,9,5,4,11.5,7.0,4.5,0,0,0,0
289,6a9e4913,1,90,1,1,1,0,23,1,0,0,0,1.5,1.0,0.4,0,0,0,0
290,6b4436ba,2,42,0,0,0,2,1,0,0,2,-2,0.6,0.7,-0.1,0,0,0,0
291,6b5edd5d,1,3,0,0,0,1,1,3,0,0,0,0.1,0.0,0.1,0,0,0,0
292,6b9960cf,14,391,4,3,1,11,9,2,10,8,2,8.2,7.7,0.5,0,0,0,0
293,6bde367b,21,1801,20,21,14,0,0,1,27,38,-11,23.8,35.0,-11.2,0,0,0,0
294,6d0fe035,17,855,9,9,2,8,6,0,9,14,-5,10.3,14.3,-4.1,0,0,0,0
295,6d7ede84,10,108,1,0,0,10,11,0,5,2,3,3.7,2.7,1.0,0,0,0,0
296,6de23ab0,16,1299,14,15,11,1,5,1,21,18,3,21.1,18.8,2.3,0,0,0,0
297,6e33125f,26,2340,26,26,26,0,0,1,40,21,19,46.2,29.0,17.3,0,0,0,0
298,6e7f1353,6,412,4,6,0,0,0,1,6,8,-2,4.3,5.8,-1.5,0,0,0,0
299,6ea05ca7,6,60,0,0,0,6,9,1,1,0,1,1.9,1.2,0.8,0,0,0,0
300,6f5ec8bb,23,1970,21,23,19,0,1,2,34,18,16,38.7,24.2,14.5,0,0,0,0
301,6f806d99,26,2252,25,26,18,0,0,1,38,36,2,30.1,40.2,-10.2,0,0,0,0
302,705a1642,1,12,0,0,0,1,5,1,0,0,0,0.1,0.0,0.1,0,0,0,0
303,706a60e1,5,156,1,2,0,3,0,2,4,0,4,3.0,2.2,0.8,0,0,0,0
304,7091324a,1,3,0,0,0,1,7,3,0,0,0,0.0,0.0,0.0,0,0,0,0
305,70c52749,18,611,6,5,1,13,4,1,15,7,8,9.9,7.3,2.6,0,0,0,0
306,70d4c949,1,6,0,0,0,1,8,0,1,1,0,0.5,0.6,-0.1,0,0,0,0
307,7120a04d,17,1107,12,14,2,3,2,1,18,14,4,18.1,15.4,2.6,0,0,0,0
308,7155e3e1,14,492,5,4,2,10,3,2,13,5,8,11.3,5.9,5.4,0,0,0,0
309,71d10572,17,698,7,7,0,10,1,0,4,11,-7,8.3,11.2,-2.9,0,0,0,0
310,71e6a454,0,0,0,0,0,0,4,0,0,0,0,0.0,0.0,0.0,0,0,0,0
311,72d4922b,5,146,1,1,0,4,8,1,0,5,-5,1.3,3.7,-2.3,0,0,0,0
312,7304f3b1,14,163,1,0,0,14,10,1,1,4,-3,1.8,2.4,-0.6,0,0,0,0
313,740f00ac,23,1835,20,22,13,1,0,0,17,30,-13,26.7,25.1,1.6,0,0,0,0
314,741418c3,15,512,5,5,0,10,3,2,9,8,1,9.6,5.5,4.0,0,0,0,0
315,745ca0a3,15,611,6,6,1,9,5,2,12,9,3,12.1,8.0,4.1,0,0,0,0
316,74733221,0,0,0,0,0,0,1,3,2,1,1,0.0,0.0,0.0,0,0,0,0
317,7495aba7,8,279,3,3,1,5,4,0,3,2,1,4.3,2.5,1.8,0,0,0,0
318,74d4cec6,4,68,0,1,0,3,1,1,0,2,-2,1.3,1.2,0.1,0,0,0,0
319,75438a9a,8,633,7,7,6,1,14,1,7,11,-4,9.2,7.4,1.8,0,0,0,0
320,7587446d,5,107,1,0,0,5,10,1,3,5,-2,2.1,2.7,-0.7,0,0,0,0
321,75f1ed80,20,1689,18,19,17,1,0,1,26,20,6,30.6,25.4,5.3,0,0,0,0
322,770d7eb8,8,607,6,7,4,1,0,0,7,6,1,6.5,11.2,-4.7,0,0,0,0
323,779847d6,17,1437,16,17,14,0,1,0,18,24,-6,18.8,19.5,-0.8,0,0,0,0
324,7909ffa4,23,1533,17,16,8,7,2,1,29,28,1,21.8,28.1,-6.3,0,0,0,0
325,796b1c41,24,1592,17,18,5,6,1,1,17,20,-3,18.6,25.2,-6.6,0,0,0,0
326,7978cbf0,18,1106,12,12,7,6,6,0,10,26,-16,13.9,21.4,-7.5,0,0,0,0
327,79a793b7,2,47,0,0,0,2,2,0,1,1,0,0.8,0.2,0.6,0,0,0,0
328,79b2399c,19,958,10,10,5,9,3,0,6,19,-13,9.8,16.1,-6.4,0,0,0,0
329,7a42d0df,26,2117,23,24,13,2,0,1,39,18,21,43.0,22.9,20.0,0,0,0,0
330,7af655fe,0,0,0,0,0,0,2,0,0,0,0,0.0,0.0,0.0,0,0,0,0
331,7b082ec2,11,637,7,7,3,4,7,1,9,8,1,10.7,10.1,0.6,0,0,0,0
332,7b9a9e25,24,1422,15,18,2,6,1,1,29,26,3,18.9,21.7,-2.8,0,0,0,0
333,7be7c08b,2,23,0,0,0,2,0,0,0,1,-1,0.2,0.4,-0.2,0,0,0,0
334,7c2965bb,22,1560,17,20,7,2,0,0,23,34,-11,16.6,35.3,-18.8,0,0,0,0
335,7c3ed041,26,2035,22,23,19,3,0,2,43,23,20,39.3,27.8,11.5,0,0,0,0
336,7cdda3bf,25,1871,20,22,10,3,0,2,29,19,10,28.4,24.4,3.9,0,0,0,0
337,7ce98c36,0,0,0,0,0,0,1,0,0,0,0,0.0,0.0,0.0,0,0,0,0
338,7d08063d,0,0,0,0,0,0,2,0,0,0,0,0.0,0.0,0.0,0,0,0,0
339,7d3dfdfd,6,363,4,4,3,2,10,0,5,14,-9,5.9,7.9,-2.0,0,0,0,0
340,7d704e92,19,1472,16,16,14,3,7,0,24,37,-13,20.5,32.9,-12.3,0,0,0,0
341,7d827b4f,0,0,0,0,0,0,1,0,0,0,0,0.0,0.0,0.0,0,0,0,0
342,7d937aa1,3,18,0,0,0,3,3,0,0,0,0,0.4,0.3,0.1,0,0,0,0
343,7d9397f8,26,1837,20,21,10,5,0,1,25,15,10,28.0,22.6,5.4,0,0,0,0
344,7dfbba27,20,1259,14,16,0,4,4,0,15,26,-11,14.7,19.8,-5.1,0,0,0,0
345,7e3e825e,7,51,0,0,0,7,8,1,2,2,0,0.8,1.6,-0.7,0,0,0,0
346,7e82a78f,7,466,5,6,1,1,0,1,5,8,-3,5.0,6.2,-1.2,0,0,0,0
347,7ef972c3,2,91,1,1,1,1,0,0,0,1,-1,1.4,0.9,0.5,0,0,0,0
348,7f41ee30,6,511,5,5,5,1,21,2,10,7,3,8.9,4.5,4.3,0,0,0,0
349,7f783431,18,950,10,10,6,8,4,0,12,23,-11,11.3,16.5,-5.2,0,0,0,0
350,7fecbcdb,9,555,6,4,4,5,14,0,7,18,-11,8.0,9.9,-1.9,0,0,0,0
351,8104e41e,22,1588,17,17,7,5,2,1,36,24,12,31.9,22.0,9.9,0,0,0,0
352,810edef9,0,0,0,0,0,0,3,0,0,0,0,0.0,0.0,0.0,0,0,0,0
353,822d51d7,25,2109,23,24,22,1,0,2,52,29,23,40.9,29.2,11.6,0,0,0,0
354,82464ce3,24,2156,24,24,22,0,0,2,38,18,20,43.0,26.0,17.0,0,0,0,0
355,8299e363,7,333,3,4,2,3,7,0,3,10,-7,3.9,6.1,-2.2,0,0,0,0
356,83299cc0,21,1223,13,14,6,7,0,2,14,31,-17,16.3,22.7,-6.3,0,0,0,0
357,8332db56,12,709,7,8,1,4,1,0,13,12,1,10.4,13.5,-3.1,0,0,0,0
358,834b5c4c,26,2340,26,26,26,0,0,0,30,44,-14,29.0,44.7,-15.7,0,0,0,0
359,836dc4a8,3,58,0,0,0,3,1,0,0,2,-2,0.5,1.5,-1.1,0,0,0,0
360,83f03b07,16,1023,11,13,5,3,1,0,11,19,-8,13.6,17.8,-4.2,0,0,0,0
361,8499c713,2,13,0,0,0,2,6,1,0,1,-1,0.5,1.3,-0.8,0,0,0,0
362,85613cf0,2,129,1,2,0,0,1,2,3,1,2,1.2,1.8,-0.6,0,0,0,0
363,8577e60a,20,1381,15,17,4,3,2,0,14,25,-11,17.3,24.4,-7.1,0,0,0,0
364,85847c67,0,0,0,0,0,0,5,0,0,0,0,0.0,0.0,0.0,0,0,0,0
365,8608f269,2,136,1,1,1,1,5,1,2,3,-1,1.6,2.2,-0.6,0,0,0,0
366,8652a85c,26,1529,17,17,3,9,0,1,25,13,12,30.6,18.4,12.2,0,0,0,0
367,868eaba0,19,1584,17,18,12,1,0,1,21,25,-4,18.9,30.4,-11.5,0,0,0,0
368,86a2ba20,21,1791,19,21,15,0,5,0,29,42,-13,23.8,35.9,-12.1,0,0,0,0
369,86a49468,4,124,1,1,0,3,4,0,2,4,-2,1.3,1.9,-0.6,0,0,0,0
370,87935cf3,11,536,6,5,1,6,10,1,11,15,-4,6.5,9.5,-2.9,0,0,0,0
371,87d31635,4,253,2,3,0,1,3,0,1,5,-4,1.9,5.0,-3.1,0,0,0,0
372,87e9c7cd,9,386,4,4,1,5,3,1,8,8,0,5.9,8.0,-2.1,0,0,0,0
373,8827bf46,10,417,4,6,0,4,3,2,9,5,4,6.2,4.3,1.9,0,0,0,0
374,8846a40f,18,1079,12,14,2,4,0,0,14,25,-11,12.8,18.9,-6.1,0,0,0,0
375,88c4d190,21,1270,14,14,4,7,0,1,15,22,-7,15.4,19.5,-4.1,0,0,0,0
376,88f130ed,24,2029,22,24,21,0,0,1,33,16,17,33.1,24.7,8.4,0,0,0,0
377,890bc029,2,25,0,0,0,2,2,0,0,2,-2,0.3,0.6,-0.3,0,0,0,0
378,8a53d24b,16,426,4,5,0,11,7,1,11,7,4,8.2,7.9,0.4,0,0,0,0
379,8aeab818,0,0,0,0,0,0,1,0,0,0,0,0.0,0.0,0.0,0,0,0,0
380,8bc8829a,8,556,6,7,5,1,3,0,5,16,-11,5.8,11.3,-5.5,0,0,0,0
381,8ca9415f,3,96,1,1,0,2,2,0,1,1,0,0.5,1.4,-0.9,0,0,0,0
382,8d62d31a,14,1237,13,14,12,0,9,1,25,16,9,22.3,16.6,5.8,0,0,0,0
383,8dbff17c,10,746,8,8,5,2,6,0,9,14,-5,8.2,17.9,-9.6,0,0,0,0
384,8eec784d,18,1092,12,11,7,7,1,1,24,12,12,21.6,10.2,11.4,0,0,0,0
385,8f325097,17,1277,14,14,13,3,1,0,21,29,-8,17.4,25.7,-8.4,0,0,0,0
386,8f7e6783,4,212,2,3,0,1,0,0,1,3,-2,3.1,2.3,0.8,0,0,0,0
387,8fd9996f,21,1365,15,15,10,6,3,2,35,13,22,30.9,17.0,13.9,0,0,0,0
388,9004f318,0,0,0,0,0,0,1,0,0,0,0,0.0,0.0,0.0,0,0,0,0
389,906baf89,1,7,0,0,0,1,9,3,1,0,1,0.7,0.0,0.7,0,0,0,0
390,909222de,21,1282,14,14,1,7,0,0,12,22,-10,14.8,15.8,-1.1,0,0,0,0
391,90a9cc01,1,62,0,1,0,0,8,0,0,1,-1,0.1,2.2,-2.1,0,0,0,0
392,90eb507d,12,983,10,11,10,1,0,2,18,6,12,17.9,11.9,6.0,0,0,0,0
393,90f87966,22,1782,19,21,19,1,1,1,30,23,7,35.5,23.3,12.1,0,0,0,0
394,90fcf472,17,597,6,6,0,11,1,2,10,5,5,11.5,9.3,2.1,0,0,0,0
395,910e3cad,1,11,0,0,0,1,6,0,0,0,0,0.0,0.4,-0.4,0,0,0,0
396,9226aa22,20,910,10,11,0,9,6,1,16,11,5,19.9,13.0,6.9,0,0,0,0
397,923f4dda,1,23,0,0,0,1,0,0,0,0,0,0.4,0.9,-0.5,0,0,0,0
398,9260926b,7,424,4,4,4,3,4,0,5,9,-4,5.7,9.8,-4.1,0,0,0,0
399,928a4a61,20,958,10,8,2,12,0,1,10,9,1,13.3,14.1,-0.8,0,0,0,0
400,92b56413,8,99,1,0,0,8,8,1,2,2,0,2.1,2.1,0.0,0,0,0,0
401,92d90c8f,8,89,1,0,0,8,9,1,3,0,3,2.8,1.7,1.2,0,0,0,0
402,92ffb8f9,4,54,0,0,0,4,0,1,1,0,1,1.2,0.8,0.4,0,0,0,0
403,93c942fb,5,355,3,5,3,0,0,1,12,9,3,5.6,6.7,-1.1,0,0,0,0
404,942b4f90,22,1333,14,18,6,4,4,1,36,20,16,26.3,20.1,6.2,0,0,0,0
405,94f8d10c,1,8,0,0,0,1,3,3,0,0,0,0.0,0.1,0.0,0,0,0,0
406,95192fe4,9,173,1,1,0,8,8,0,2,5,-3,2.3,3.1,-0.8,0,0,0,0
407,96726741,0,0,0,0,0,0,1,0,0,0,0,0.0,0.0,0.0,0,0,0,0
408,967f34d3,4,360,4,4,4,0,22,1,7,5,2,6.2,4.7,1.6,0,0,0,0
409,96f4ebc0,1,28,0,0,0,1,1,1,0,0,0,0.7,0.4,0.3,0,0,0,0
410,96fcd380,0,0,0,0,0,0,6,0,0,0,0,0.0,0.0,0.0,0,0,0,0
411,9744ff80,14,370,4,3,0,11,3,2,12,2,10,11.2,3.6,7.5,0,0,0,0
412,99d29d38,0,0,0,0,0,0,1,0,0,0,0,0.0,0.0,0.0,0,0,0,0
413,99d660b2,25,2172,24,25,18,0,0,1,35,44,-9,31.5,36.9,-5.4,0,0,0,0
414,9b545925,26,2332,25,26,25,0,0,1,41,45,-4,35.7,39.4,-3.7,0,0,0,0
415,9b6f7fd5,2,159,1,2,0,0,0,3,6,2,4,3.5,2.4,1.0,0,0,0,0
416,9bc9a519,5,443,4,5,4,0,0,1,5,5,0,7.2,8.7,-1.5,0,0,0,0
417,9bdd8118,17,1517,16,17,16,0,2,0,13,34,-21,20.0,23.5,-3.4,0,0,0,0
418,9c221d14,3,270,3,3,3,0,0,0,3,6,-3,3.4,4.4,-1.1,0,0,0,0
419,9c2b1f11,6,46,0,0,0,6,3,2,1,0,1,0.5,0.2,0.3,0,0,0,0
420,9d420dad,8,720,8,8,8,0,7,0,8,15,-7,10.1,12.4,-2.3,0,0,0,0
421,9d498560,6,207,2,2,0,4,13,0,1,7,-6,3.4,5.5,-2.1,0,0,0,0
422,9daeac61,19,1534,17,19,13,0,0,0,14,37,-23,19.8,25.2,-5.3,0,0,0,0
423,9dbb75ca,24,1987,22,23,17,1,0,1,35,24,11,35.1,25.1,10.0,0,0,0,0
424,9dd35c94,0,0,0,0,0,0,2,0,0,0,0,0.0,0.0,0.0,0,0,0,0
425,9e03d22e,0,0,0,0,0,0,2,0,0,0,0,0.0,0.0,0.0,0,0,0,0
426,9e17ccff,3,225,2,2,2,1,23,1,4,4,0,3.1,3.4,-0.3,0,0,0,0
427,9e7483ff,20,933,10,9,0,11,2,1,19,12,7,15.4,13.0,2.3,0,0,0,0
428,9f0f4b49,5,223,2,1,1,4,9,0,2,3,-1,1.5,4.4,-2.9,0,0,0,0
429,9f4a940f,7,68,0,0,0,7,9,0,1,0,1,0.7,1.0,-0.3,0,0,0,0
430,9f936061,23,1981,22,23,20,0,0,1,22,29,-7,23.2,33.9,-10.7,0,0,0,0
431,a0415710,22,618,6,5,3,17,3,1,15,16,-1,13.4,12.1,1.3,0,0,0,0
432,a08985b8,26,2340,26,26,26,0,0,1,41,46,-5,35.7,39.6,-3.9,0,0,0,0
433,a0d55a09,17,687,7,7,3,10,5,1,14,6,8,10.9,7.8,3.1,0,0,0,0
434,a0f9b535,23,1380,15,16,7,7,0,1,32,17,15,26.7,15.5,11.2,0,0,0,0
435,a1232f4e,9,422,4,4,1,5,4,2,8,5,3,8.9,6.2,2.7,0,0,0,0
436,a1390d2f,12,277,3,3,0,9,10,2,4,2,2,5.2,2.7,2.5,0,0,0,0
437,a17a94d6,20,1668,18,19,14,1,0,1,25,15,10,31.7,22.3,9.4,0,0,0,0
438,a1dbfcb1,9,258,2,2,0,7,8,1,5,3,2,4.7,5.6,-0.9,0,0,0,0
439,a30cb0d4,0,0,0,0,0,0,1,0,0,0,0,0.0,0.0,0.0,0,0,0,0
440,a3d524cb,0,0,0,0,0,0,26,0,0,0,0,0.0,0.0,0.0,0,0,0,0
441,a3e1d20d,1,23,0,0,0,1,3,0,0,0,0,0.0,0.5,-0.5,0,0,0,0
442,a426a912,3,91,1,1,0,2,6,2,3,2,1,0.7,1.7,-1.0,0,0,0,0
443,a4527d33,0,0,0,0,0,0,11,0,0,0,0,0.0,0.0,0.0,0,0,0,0
444,a45a5d95,12,483,5,6,1,6,5,0,2,8,-6,4.3,6.5,-2.3,0,0,0,0
445,a4a44eb0,26,2340,26,26,26,0,0,1,38,36,2,31.7,41.5,-9.9,0,0,0,0
446,a4b1028a,19,1633,18,18,17,1,0,1,33,19,14,30.0,21.7,8.3,0,0,0,0
447,a4b798a9,26,2323,25,26,24,0,0,0,22,47,-25,27.3,37.1,-9.8,0,0,0,0
448,a5db0bec,10,428,4,6,0,4,6,1,6,6,0,5.2,6.2,-1.1,0,0,0,0
449,a62f8bf1,14,326,3,2,0,12,4,1,7,2,5,8.0,3.7,4.3,0,0,0,0
450,a65c844b,22,1756,19,18,13,4,0,1,32,22,10,32.9,24.7,8.2,0,0,0,0
451,a6f93497,0,0,0,0,0,0,1,0,0,0,0,0.0,0.0,0.0,0,0,0,0
452,a94571f6,2,69,0,0,0,2,3,0,0,4,-4,0.5,2.1,-1.5,0,0,0,0
453,a94d93be,17,1372,15,15,14,2,6,0,10,27,-17,16.5,19.1,-2.7,0,0,0,0
454,a99138af,6,291,3,3,2,3,6,0,4,5,-1,6.0,6.2,-0.2,0,0,0,0
455,a9d4c241,20,1756,19,20,17,0,2,0,13,39,-26,21.6,26.9,-5.3,0,0,0,0
456,aa96518c,0,0,0,0,0,0,1,0,0,0,0,0.0,0.0,0.0,0,0,0,0
457,aad0c56f,0,0,0,0,0,0,11,0,0,0,0,0.0,0.0,0.0,0,0,0,0
458,aad56ca3,24,1813,20,22,9,2,1,2,34,23,11,31.6,23.2,8.299999999999999,0,0,0,0
459,ac73ec79,19,1137,12,12,9,7,2,2,33,11,22,25.2,12.7,12.5,0,0,0,0
460,ad82197c,26,2250,25,25,24,1,0,1,52,34,18,43.1,33.8,9.2,0,0,0,0
461,ae11ba3d,2,180,2,2,2,0,0,2,4,1,3,4.0,1.4,2.6,0,0,0,0
462,aef6e670,11,730,8,9,7,2,0,2,30,9,21,21.9,9.7,12.2,0,0,0,0
463,aefa3050,1,29,0,0,0,1,15,0,0,1,-1,0.1,0.5,-0.4,0,0,0,0
464,af0c835b,23,1486,16,17,10,6,0,1,18,21,-3,19.2,20.8,-1.6,0,0,0,0
465,af3ddb2e,26,1305,14,15,2,11,0,1,14,23,-9,15.6,26.5,-10.9,0,0,0,0
466,af66b89c,0,0,0,0,0,0,2,0,0,0,0,0.0,0.0,0.0,0,0,0,0
467,af69e7f0,5,166,1,2,0,3,8,2,3,1,2,3.2,1.5,1.7,0,0,0,0
468,afb0c500,26,2340,26,26,26,0,0,1,55,36,19,45.2,35.0,10.2,0,0,0,0
469,afbb55d2,0,0,0,0,0,0,2,0,0,0,0,0.0,0.0,0.0,0,0,0,0
470,afe39ca8,19,1035,11,11,5,8,1,1,16,16,0,13.0,19.7,-6.7,0,0,0,0
471,b003239d,10,685,7,8,7,2,12,5,14,9,5,11.3,9.1,2.2,0,0,0,0
472,b026bbf6,6,194,2,2,1,4,9,2,4,3,1,3.4,1.4,2.0,0,0,0,0
473,b088d5d3,18,1196,13,13,8,5,1,0,18,27,-9,14.5,26.9,-12.4,0,0,0,0
474,b0c71810,13,834,9,9,2,4,0,0,12,23,-11,13.5,15.6,-2.1,0,0,0,0
475,b20cc590,8,541,6,6,4,2,3,0,4,12,-8,6.2,10.5,-4.3,0,0,0,0
476,b2336681,25,2017,22,24,18,1,0,1,41,24,17,41.6,22.4,19.2,0,0,0,0
477,b2791a55,16,1013,11,11,8,5,7,0,9,26,-17,14.0,16.3,-2.3,0,0,0,0
478,b2bd0f6c,23,1886,21,21,16,2,0,1,40,34,6,36.1,24.2,11.9,0,0,0,0
479,b3244eeb,20,1616,18,18,14,2,1,1,17,32,-15,24.5,23.9,0.6,0,0,0,0
480,b34c63a5,24,1091,12,12,4,12,3,1,18,9,9,20.1,12.2,7.9,0,0,0,0
481,b3d76d84,21,1890,21,21,21,0,6,1,36,23,13,37.6,20.7,17.0,0,0,0,0
482,b3f8bdef,23,1629,18,19,1,4,1,1,28,17,11,31.4,19.0,12.4,0,0,0,0
483,b4ef3fb5,1,8,0,0,0,1,11,3,0,0,0,0.0,0.1,-0.1,0,0,0,0
484,b5bb8188,12,360,4,5,0,7,9,2,3,5,-2,6.3,6.3,0.0,0,0,0,0
485,b625b241,6,248,2,3,0,3,11,2,4,0,4,5.0,2.7,2.3,0,0,0,0
486,b70afb45,25,1489,16,19,1,6,0,1,24,30,-6,22.3,25.3,-3.0,0,0,0,0
487,b73f17f8,25,1029,11,12,2,13,0,1,10,15,-5,12.6,15.3,-2.6,0,0,0,0
488,b85e57bb,0,0,0,0,0,0,3,0,0,0,0,0.0,0.0,0.0,0,0,0,0
489,b8c1de25,14,723,8,10,0,4,0,1,8,12,-4,6.9,14.3,-7.3,0,0,0,0
490,b94b8be1,7,102,1,0,0,7,10,1,1,2,-1,1.8,1.0,0.8,0,0,0,0
491,b99bec05,22,1822,20,21,16,1,0,3,34,27,7,29.5,25.4,4.0,0,0,0,0
492,ba046af6,0,0,0,0,0,0,1,0,0,0,0,0.0,0.0,0.0,0,0,0,0
493,badcdcae,11,146,1,0,0,11,8,1,2,2,0,2.2,2.6,-0.5,0,0,0,0
494,bc7b4580,6,224,2,3,0,3,1,1,3,3,0,3.2,2.5,0.7,0,0,0,0
495,bc7cc472,24,1231,13,12,4,12,2,0,10,28,-18,16.2,20.6,-4.3,0,0,0,0
496,be98f358,7,247,2,3,0,4,18,2,6,2,4,5.8,3.2,2.6,0,0,0,0
497,beae3a73,23,1133,12,12,3,11,2,0,17,25,-8,14.4,21.4,-6.9,0,0,0,0
498,bf4c41f9,19,1245,13,16,2,3,1,1,23,18,5,21.6,19.9,1.7,0,0,0,0
499,bfb2056e,1,45,0,0,0,1,23,0,0,2,-2,0.4,1.4,-1.0,0,0,0,0
500,c03b7266,1,90,1,1,1,0,11,3,2,1,1,1.3,1.0,0.3,0,0,0,0
501,c066d1a5,13,586,6,5,2,8,10,2,12,6,6,10.2,5.9,4.3,0,0,0,0
502,c0c7ff58,17,1195,13,14,7,3,0,2,28,13,15,26.0,16.7,9.3,0,0,0,0
503,c25a7a2a,0,0,0,0,0,0,6,0,0,0,0,0.0,0.0,0.0,0,0,0,0
504,c2a6033c,26,1831,20,21,10,5,0,1,29,38,-9,27.1,31.4,-4.3,0,0,0,0
505,c3725db2,24,2057,22,24,20,0,0,0,34,53,-19,26.4,44.2,-17.8,0,0,0,0
506,c385bf49,10,619,6,6,6,4,5,1,12,9,3,8.8,9.5,-0.7,0,0,0,0
507,c4065f40,7,586,6,6,6,1,6,0,6,14,-8,7.0,11.3,-4.3,0,0,0,0
508,c4173f1a,13,1158,12,12,12,1,7,1,14,17,-3,12.7,22.3,-9.6,0,0,0,0
509,c43a8336,10,304,3,3,2,7,5,0,1,7,-6,2.6,6.0,-3.4,0,0,0,0
510,c5908bc4,6,80,0,0,0,6,2,0,1,1,0,0.7,1.7,-1.0,0,0,0,0
511,c5adc293,4,268,3,3,1,1,0,0,2,4,-2,2.5,3.8,-1.3,0,0,0,0
512,c5e6c017,4,128,1,1,0,3,16,0,2,2,0,1.0,2.3,-1.3,0,0,0,0
513,c631f952,14,1166,13,14,12,0,0,1,21,26,-5,15.8,19.9,-4.1,0,0,0,0
514,c678ddd7,2,98,1,1,1,1,15,3,2,0,2,2.0,1.0,1.0,0,0,0,0
515,c6e5d20f,22,1596,17,18,12,4,4,1,21,18,3,24.5,21.8,2.8,0,0,0,0
516,c7511849,0,0,0,0,0,0,2,0,0,0,0,0.0,0.0,0.0,0,0,0,0
517,c76b7567,23,1384,15,15,8,8,0,1,14,25,-11,19.2,26.3,-7.1000000000000005,0,0,0,0
518,c801616a,18,895,9,9,4,9,3,0,6,24,-18,10.8,15.6,-4.8,0,0,0,0
519,c8c02ac7,8,136,1,1,0,7,2,1,3,0,3,1.6,1.1,0.5,0,0,0,0
520,c90f380c,7,99,1,0,0,7,9,1,2,0,2,2.4,2.3,0.1,0,0,0,0
521,c9151d66,23,1589,17,18,8,5,2,0,15,39,-24,18.9,24.9,-6.0,0,0,0,0
522,c92c24f0,16,1385,15,16,13,0,0,1,16,17,-1,15.8,21.0,-5.2,0,0,0,0
523,c977ef13,0,0,0,0,0,0,5,0,0,0,0,0.0,0.0,0.0,0,0,0,0
524,c9f2f83a,5,366,4,4,1,1,7,2,5,1,4,6.6,3.4,3.3,0,0,0,0
525,c9f49454,4,148,1,2,0,2,8,1,2,4,-2,1.9,1.8,0.2,0,0,0,0
526,ca6f4846,2,64,0,0,0,2,2,0,0,2,-2,0.5,1.3,-0.9,0,0,0,0
527,ca95200f,0,0,0,0,0,0,4,0,0,0,0,0.0,0.0,0.0,0,0,0,0
528,caa7aaea,26,1931,21,21,18,5,0,1,20,26,-6,21.9,32.0,-10.2,0,0,0,0
529,cad3fd4d,5,103,1,1,0,4,0,1,1,2,-1,2.0,3.9,-1.8,0,0,0,0
530,caef7840,21,1264,14,18,3,3,3,1,19,9,10,24.1,16.6,7.5,0,0,0,0
531,cb14d810,0,0,0,0,0,0,2,0,0,0,0,0.0,0.0,0.0,0,0,0,0
532,cb5f44ec,0,0,0,0,0,0,1,0,0,0,0,0.0,0.0,0.0,0,0,0,0
533,cd9b37a3,1,10,0,0,0,1,3,0,1,0,1,0.7,0.1,0.6,0,0,0,0
534,ce50fd99,26,2195,24,25,15,1,0,1,46,34,12,43.0,26.8,16.2,0,0,0,0
535,cea59f02,20,1753,19,20,18,0,0,1,23,25,-2,22.5,30.7,-8.2,0,0,0,0
536,cedc53d2,0,0,0,0,0,0,2,0,0,0,0,0.0,0.0,0.0,0,0,0,0
537,cf182add,18,1449,16,17,13,1,1,1,24,21,3,25.9,19.1,6.8,0,0,0,0
538,cf1ef7ec,8,354,3,4,2,4,12,3,5,8,-3,3.3,7.800000000000001,-4.5,0,0,0,0
539,cfa49cc1,14,997,11,11,6,3,1,0,17,19,-2,10.1,23.5,-13.4,0,0,0,0
540,d14229f3,24,1694,18,22,5,2,2,0,13,40,-27,20.6,30.1,-9.5,0,0,0,0
541,d1b7117c,0,0,0,0,0,0,1,0,0,0,0,0.0,0.0,0.0,0,0,0,0
542,d21e361a,11,451,5,5,1,6,2,0,3,9,-6,4.5,7.0,-2.4,0,0,0,0
543,d33c706e,19,967,10,11,4,8,0,2,13,12,1,17.8,12.1,5.6,0,0,0,0
544,d3ae48eb,0,0,0,0,0,0,26,0,0,0,0,0.0,0.0,0.0,0,0,0,0
545,d4d35152,22,1226,13,13,5,9,3,0,15,22,-7,15.0,20.4,-5.4,0,0,0,0
546,d504b3e1,16,430,4,2,0,14,5,1,6,10,-4,7.4,8.1,-0.7,0,0,0,0
547,d5326924,7,355,3,3,1,4,0,1,8,7,1,4.7,3.9,0.8,0,0,0,0
548,d56b9520,17,1442,16,17,12,0,1,1,24,19,5,27.8,18.2,9.6,0,0,0,0
549,d5d22a58,10,344,3,3,2,7,4,1,7,12,-5,4.8,5.7,-0.9,0,0,0,0
550,d5f2f82b,24,1990,22,22,19,2,0,2,53,20,33,47.8,25.2,22.6,0,0,0,0
551,d609ec7d,0,0,0,0,0,0,4,0,0,0,0,0.0,0.0,0.0,0,0,0,0
552,d60cf08d,5,362,4,3,3,2,2,1,4,6,-2,3.9,6.4,-2.5,0,0,0,0
553,d6f6ce93,0,0,0,0,0,0,5,0,0,0,0,0.0,0.0,0.0,0,0,0,0
554,d70ce98e,21,1847,20,21,16,0,0,2,57,17,40,46.6,22.0,24.6,0,0,0,0
555,d7547531,2,23,0,0,0,2,2,2,1,0,1,0.5,0.4,0.2,0,0,0,0
556,d75f3980,6,300,3,3,2,3,6,0,2,7,-5,2.2,6.2,-4.1,0,0,0,0
557,d8c19a60,3,131,1,1,0,2,10,0,0,2,-2,1.9,3.1,-1.2,0,0,0,0
558,d9764034,18,1485,16,17,15,1,3,2,36,18,18,30.5,21.4,9.2,0,0,0,0
559,dab1b8dc,0,0,0,0,0,0,11,0,0,0,0,0.0,0.0,0.0,0,0,0,0
560,db3164e1,19,1710,19,19,19,0,5,0,28,43,-15,24.6,36.2,-11.6,0,0,0,0
561,db7849ca,23,1812,20,21,12,2,0,1,21,26,-5,22.1,30.1,-8.0,0,0,0,0
562,db87a2c4,2,180,2,2,2,0,9,0,1,2,-1,2.6,2.3,0.2,0,0,0,0
563,dbd3a428,23,1868,20,22,11,1,0,1,28,17,11,32.7,24.0,8.7,0,0,0,0
564,dc29b608,14,1182,13,14,13,0,0,1,24,19,5,19.0,19.2,-0.3,0,0,0,0
565,dd211559,22,1980,22,22,22,0,0,1,34,32,2,27.0,38.5,-11.5,0,0,0,0
566,de488e56,9,323,3,4,1,5,0,1,2,4,-2,2.8,5.5,-2.7,0,0,0,0
567,df8d6029,25,2242,24,25,24,0,1,1,43,29,14,39.3,32.1,7.2,0,0,0,0
568,dfc5d4fa,1,74,0,0,0,1,5,1,1,1,0,1.8,2.0,-0.2,0,0,0,0
569,dff0c299,9,91,1,0,0,9,10,0,2,0,2,1.1,1.3,-0.2,0,0,0,0
570,dff153a4,3,52,0,0,0,3,1,3,4,1,3,2.2,0.3,1.8,0,0,0,0
571,e05082d1,19,646,7,6,0,13,3,0,5,18,-13,7.7,11.7,-4.0,0,0,0,0
572,e0f3a1f6,22,1668,18,20,17,2,0,1,19,25,-6,19.7,23.4,-3.6,0,0,0,0
573,e110ea4b,1,90,1,1,1,0,0,1,1,1,0,0.9,1.2,-0.3,0,0,0,0
574,e17c2cec,0,0,0,0,0,0,2,0,0,0,0,0.0,0.0,0.0,0,0,0,0
575,e1d8ee76,0,0,0,0,0,0,1,0,0,0,0,0.0,0.0,0.0,0,0,0,0
576,e21d1928,0,0,0,0,0,0,1,0,0,0,0,0.0,0.0,0.0,0,0,0,0
577,e2348f3d,0,0,0,0,0,0,2,0,0,0,0,0.0,0.0,0.0,0,0,0,0
578,e3844ecb,10,535,5,5,2,5,2,0,3,10,-7,4.1,6.2,-2.2,0,0,0,0
579,e3e32fbb,3,122,1,1,0,2,9,1,0,1,-1,1.2,2.0,-0.7,0,0,0,0
580,e4114f5d,3,25,0,0,0,3,1,3,0,2,-2,0.3,1.2,-0.9,0,0,0,0
581,e42d61c7,21,1508,16,16,14,5,1,2,43,12,31,39.1,16.8,22.4,0,0,0,0
582,e4448c8c,3,20,0,0,0,3,7,1,2,1,1,1.7,0.7,0.9,0,0,0,0
583,e472a6f6,23,1886,21,23,15,0,0,0,14,49,-35,21.9,33.6,-11.7,0,0,0,0
584,e546b2e3,23,1336,14,16,2,7,2,1,28,23,5,19.6,23.8,-4.1,0,0,0,0
585,e54a9890,24,1482,16,18,4,6,0,1,26,30,-4,21.0,28.2,-7.1,0,0,0,0
586,e5c1e0ca,26,2111,23,24,20,2,0,0,33,54,-21,26.8,43.7,-16.9,0,0,0,0
587,e6951f76,0,0,0,0,0,0,14,0,0,0,0,0.0,0.0,0.0,0,0,0,0
588,e6eadfb8,7,520,5,7,3,0,4,1,8,8,0,8.7,6.9,1.9,0,0,0,0
589,e76cb9cc,25,2105,23,24,21,1,0,2,45,21,24,38.4,27.8,10.5,0,0,0,0
590,e76f6fbe,0,0,0,0,0,0,8,0,0,0,0,0.0,0.0,0.0,0,0,0,0
591,e7986081,20,815,9,8,3,12,4,1,11,11,0,12.9,10.4,2.5,0,0,0,0
592,e7d59f4f,10,515,5,6,1,4,0,1,6,5,1,9.8,8.0,1.8,0,0,0,0
593,ea0ff634,24,632,7,5,0,19,1,1,13,11,2,10.0,11.3,-1.3,0,0,0,0
594,eb0db257,9,212,2,2,1,7,3,0,1,4,-3,2.6,3.9,-1.2,0,0,0,0
595,eba1e557,6,439,4,5,3,1,0,1,6,4,2,6.3,4.6,1.6,0,0,0,0
596,ecada4fc,0,0,0,0,0,0,17,0,0,0,0,0.0,0.0,0.0,0,0,0,0
597,ed39121c,14,1008,11,11,7,3,1,1,17,26,-9,14.2,21.3,-7.1,0,0,0,0
598,ed45c4a5,25,2042,22,23,18,2,0,2,38,23,15,36.6,28.5,8.1,0,0,0,0
599,ed8cecc9,0,0,0,0,0,0,7,0,0,0,0,0.0,0.0,0.0,0,0,0,0
600,ed90babd,14,801,8,9,2,5,0,1,14,13,1,15.6,9.0,6.5,0,0,0,0
601,edbe46dc,0,0,0,0,0,0,26,0,0,0,0,0.0,0.0,0.0,0,0,0,0
602,ee45fd85,20,1296,14,14,6,6,0,2,38,18,20,25.7,18.9,6.8,0,0,0,0
603,eeba07f8,7,293,3,2,0,5,8,2,8,2,6,5.7,4.4,1.3,0,0,0,0
604,eedea60b,19,1710,19,19,19,0,4,1,24,12,12,29.9,21.9,8.1,0,0,0,0
605,ef619b0b,20,1126,12,13,4,7,0,1,19,4,15,18.8,11.9,6.8,0,0,0,0
606,ef8ae23b,16,1162,12,13,8,3,2,1,13,18,-5,18.0,16.3,1.7,0,0,0,0
607,ef9c1c95,25,2206,24,25,22,0,0,1,45,29,16,43.3,26.0,17.3,0,0,0,0
608,f00de885,22,1916,21,22,21,0,0,1,32,24,8,32.0,27.0,5.0,0,0,0,0
609,f066022d,18,1540,17,18,16,0,0,1,29,24,5,22.1,25.6,-3.5,0,0,0,0
610,f0661424,25,2226,24,25,22,0,0,1,38,27,11,36.6,27.6,9.0,0,0,0,0
611,f19f32b1,3,270,3,3,3,0,21,0,3,7,-4,4.6,3.3,1.3,0,0,0,0
612,f1a29ddc,0,0,0,0,0,0,2,0,0,0,0,0.0,0.0,0.0,0,0,0,0
613,f20e4cc9,17,1091,12,13,5,4,1,2,38,10,28,30.3,11.2,19.1,0,0,0,0
614,f28474a4,4,131,1,1,1,3,17,2,2,1,1,1.2,3.1,-1.9,0,0,0,0
615,f323d995,20,1795,19,20,19,0,1,1,32,32,0,25.7,32.7,-7.0,0,0,0,0
616,f3600c02,8,552,6,6,4,2,0,2,11,6,5,9.2,6.8,2.3,0,0,0,0
617,f41a69e6,26,2340,26,26,26,0,0,1,26,34,-8,27.6,41.3,-13.7,0,0,0,0
618,f4bc42b1,19,559,6,5,0,14,7,0,7,15,-8,8.3,11.1,-2.8,0,0,0,0
619,f5044e54,21,1777,19,21,15,0,0,1,23,29,-6,23.0,29.5,-6.6,0,0,0,0
620,f527a32c,26,1386,15,16,3,10,0,1,14,23,-9,17.2,25.9,-8.7,0,0,0,0
621,f5c8b425,4,200,2,3,0,1,1,1,5,7,-2,3.1,5.5,-2.3,0,0,0,0
622,f5dfc256,6,540,6,6,6,0,12,1,13,13,0,0.0,0.0,0.0,0,0,0,0
623,f6496133,5,184,2,1,0,4,7,1,2,0,2,2.6,1.6,0.9,0,0,0,0
624,f6857b4f,2,14,0,0,0,2,8,0,0,0,0,0.3,0.6,-0.3,0,0,0,0
625,f7691f63,21,1321,14,16,7,5,1,0,13,22,-9,13.9,25.8,-11.9,0,0,0,0
626,f81ef10d,25,1913,21,22,13,3,1,1,31,23,8,29.2,24.3,4.9,0,0,0,0
627,f833a830,12,480,5,7,0,5,13,2,10,8,2,8.8,7.2,1.5,0,0,0,0
628,f8ce97ca,3,144,1,2,0,1,4,2,4,6,-2,3.4,4.7,-1.3,0,0,0,0
629,f9d5908e,16,1031,11,12,6,4,2,2,14,3,11,17.0,12.5,4.5,0,0,0,0
630,fa753b79,0,0,0,0,0,0,2,0,0,0,0,0.0,0.0,0.0,0,0,0,0
631,faf00ab8,17,514,5,5,2,12,7,1,11,12,-1,7.4,11.8,-4.4,0,0,0,0
632,fb0ee44e,23,1769,19,21,10,2,1,0,18,27,-9,26.4,22.5,3.9,0,0,0,0
633,fb14aa28,23,1831,20,22,12,1,0,0,29,47,-18,23.7,39.2,-15.5,0,0,0,0
634,fb3236a7,22,1371,15,15,13,7,2,0,10,26,-16,16.1,23.5,-7.4,0,0,0,0
635,fb4c5b6e,1,59,0,1,0,0,2,3,1,0,1,0.1,0.8,-0.7,0,0,0,0
636,fb55f63a,4,63,0,0,0,4,13,1,1,1,0,0.9,1.5,-0.6,0,0,0,0
637,fc46aab1,21,975,10,11,1,10,0,1,18,10,8,17.8,13.9,4.0,0,0,0,0
638,fc4cf6a7,25,1908,21,21,14,4,1,1,27,18,9,28.1,24.1,4.0,0,0,0,0
639,fc62f087,0,0,0,0,0,0,4,0,0,0,0,0.0,0.0,0.0,0,0,0,0
640,fcc84a07,18,817,9,10,2,8,6,1,13,12,1,11.8,13.1,-1.2,0,0,0,0
641,fd2bc67d,25,2250,25,25,25,0,0,1,33,21,12,34.9,28.0,6.9,0,0,0,0
642,fd78b105,7,630,7,7,7,0,13,0,8,14,-6,4.9,14.6,-9.7,0,0,0,0
643,fdbde523,22,1253,13,14,5,8,0,0,12,33,-21,16.0,22.7,-6.7,0,0,0,0
644,feb5d3ab,15,795,8,9,3,6,0,0,8,16,-8,10.0,12.5,-2.4,0,0,0,0
645,fed17f5a,17,763,8,9,2,8,4,2,21,10,11,18.0,10.5,7.6,0,0,0,0
646,ff4d0258,2,36,0,0,0,2,12,0,0,1,-1,0.2,0.8,-0.6,0,0,0,0
647,ff4df82e,23,677,7,4,0,19,3,1,11,15,-4,9.6,11.5,-1.9,0,0,0,0
648,ff800ed8,0,0,0,0,0,0,1,0,0,0,0,0.0,0.0,0.0,0,0,0,0
649,ffec9769,16,986,11,11,4,5,0,0,11,15,-4,10.6,15.8,-5.2,0,0,0,0
650,fffea3e5,19,601,6,5,1,14,1,1,4,7,-3,7.9,12.0,-4.1,0,0,0,0
