,id,MP,Min,90s,Starts,Compl,Subs,unSub,PPM,onG,onGA,+/-,onxG,onxGA,xG+/-,MinGK,MPGK,StartsGK,90sGK
0,000b3da6,3,74,0,1,0,2,6,1,0,2,-2,1.0,1.5,-0.4,90,2,1,1
1,003a5c72,33,1733,19,16,15,17,2,1,16,23,-7,21.2,24.6,-3.4,1170,13,13,13
2,00b28772,36,3209,35,36,34,0,0,1,47,33,14,44.2,41.4,2.7,990,11,11,11
3,011d8c56,11,990,11,11,11,0,22,1,9,11,-2,13.7,10.2,3.6,2880,32,32,32
4,014b57f5,1,14,0,0,0,1,3,0,0,0,0,1.2,0.0,1.2,2250,25,25,25
5,01eb744d,36,1919,21,20,5,16,1,1,32,22,10,27.8,25.9,1.9,2862,32,32,31
6,02319ad7,34,2432,27,27,16,7,2,1,38,24,14,32.3,31.0,1.3,90,1,1,1
7,02a5618e,0,0,0,0,0,0,1,0,0,0,0,0.0,0.0,0.0,270,3,3,3
8,02c15616,7,540,6,6,5,1,10,2,6,5,1,7.8,7.3,0.5,2430,27,27,27
9,02ef8778,33,2813,31,32,24,1,0,0,39,55,-16,40.5,47.8,-7.3,3056,34,34,33
10,036bba5f,34,2976,33,34,31,0,1,1,29,43,-14,34.7,49.6,-14.9,90,1,1,1
11,039ae103,0,0,0,0,0,0,1,0,0,0,0,0.0,0.0,0.0,1890,21,21,21
12,04965583,11,528,5,5,2,6,12,2,12,6,6,12.0,8.2,3.8,2160,24,24,24
13,04a65a8f,3,53,0,0,0,3,1,0,1,2,-1,0.4,1.0,-0.6,360,4,4,4
14,04ac8285,3,270,3,3,3,0,27,1,4,4,0,4.0,4.6,-0.7,1440,16,16,16
15,04e17fd5,31,2106,23,22,13,9,2,1,24,28,-4,23.6,25.0,-1.4,540,6,6,6
16,05a4465d,34,2330,25,25,21,9,3,1,26,36,-10,26.8,34.1,-7.3,1530,17,17,17
17,065c8786,0,0,0,0,0,0,1,0,0,0,0,0.0,0.0,0.0,2790,31,31,31
18,06983922,0,0,0,0,0,0,2,0,0,0,0,0.0,0.0,0.0,558,7,6,6
19,06efa9dc,2,180,2,2,2,0,11,0,3,4,-1,1.8,2.6,-0.7,1080,12,12,12
20,070a3904,34,2709,30,32,21,2,1,1,39,39,0,40.1,42.5,-2.5,3420,38,38,38
21,07750704,3,45,0,0,0,3,1,0,0,1,-1,0.3,0.7,-0.3,2970,33,33,33
22,08511d65,28,2474,27,28,26,0,0,1,46,33,13,48.1,34.4,13.7,364,5,4,4
23,0959c2a2,16,656,7,6,2,10,9,2,13,6,7,13.0,5.3,7.7,3150,35,35,35
24,09a9e921,33,1270,14,12,2,21,2,1,17,17,0,21.7,20.3,1.4,900,10,10,10
25,0a0cc13c,16,638,7,6,2,10,8,1,7,10,-3,8.8,9.2,-0.4,3060,34,34,34
26,0a447501,15,811,9,8,4,7,4,1,14,12,2,10.6,12.2,-1.6,3330,37,37,37
27,0ac94a23,27,1706,19,19,9,8,1,1,21,19,2,33.8,22.3,11.4,1890,21,21,21
28,0ae4e09a,31,1887,21,23,9,8,6,0,32,41,-9,30.0,46.2,-16.2,3150,35,35,35
29,0b33f6ad,0,0,0,0,0,0,4,0,0,0,0,0.0,0.0,0.0,1260,15,14,14
30,0b90bb97,30,1852,20,23,9,7,2,1,30,21,9,34.5,21.9,12.5,450,5,5,5
31,0c2ac3cb,5,223,2,3,0,2,3,2,4,4,0,3.9,2.6,1.3,2430,27,27,27
32,0c3f7197,10,369,4,4,0,6,8,0,4,8,-4,2.4,7.3,-4.9,1800,20,20,20
33,0ef89a37,34,2018,22,22,8,12,1,2,47,19,28,45.8,25.7,20.1,630,7,7,7
34,0f0aa5b4,28,2433,27,27,25,1,3,1,26,27,-1,29.1,26.8,2.3,270,3,3,3
35,0f134faf,6,235,2,3,0,3,9,0,2,1,1,2.5,4.0,-1.6,3330,37,37,37
36,0f7dbaf6,0,0,0,0,0,0,1,0,0,0,0,0.0,0.0,0.0,359,4,4,4
37,1001ae82,20,1256,14,14,4,6,7,2,12,18,-6,18.8,21.3,-2.5,3150,35,35,35
38,10f1cd17,0,0,0,0,0,0,1,0,0,0,0,0.0,0.0,0.0,2970,33,33,33
39,112521d1,12,763,8,8,8,4,6,1,13,9,4,11.2,9.9,1.4,90,1,1,1
40,113fb4ea,0,0,0,0,0,0,2,0,0,0,0,0.0,0.0,0.0,540,6,6,6
41,1163de29,15,556,6,6,2,9,3,0,8,18,-10,8.3,11.6,-3.3,270,3,3,3
42,117cd0a8,0,0,0,0,0,0,2,0,0,0,0,0.0,0.0,0.0,90,1,1,1
43,1232e1dc,7,446,5,4,3,3,13,0,4,6,-2,5.0,5.9,-0.9,0,0,0,0
44,129af0db,15,1083,12,13,5,2,1,1,16,13,3,14.4,13.0,1.4,0,0,0,0
45,129dd8e7,12,1080,12,12,12,0,20,0,11,19,-8,17.0,16.3,0.8,0,0,0,0
46,12c50af5,2,19,0,0,0,2,7,3,1,0,1,1.0,0.3,0.7,0,0,0,0
47,13b0c150,5,230,2,4,1,1,4,1,4,5,-1,4.5,3.5,1.0,0,0,0,0
48,13e0eb29,10,305,3,2,0,8,7,1,6,4,2,4.9,4.8,0.1,0,0,0,0
49,148d4105,10,453,5,4,2,6,9,1,6,8,-2,4.2,6.4,-2.2,0,0,0,0
50,14a82e0e,0,0,0,0,0,0,1,0,0,0,0,0.0,0.0,0.0,0,0,0,0
51,1512328c,26,1533,17,20,3,6,4,0,11,23,-12,16.3,26.2,-9.9,0,0,0,0
52,1519a888,1,67,0,0,0,1,6,0,1,2,-1,0.7,1.1,-0.4,0,0,0,0
53,1633fc8a,33,2767,30,31,29,2,1,0,31,44,-13,36.9,41.5,-4.6,0,0,0,0
54,167c1bb0,13,524,5,6,4,7,12,2,8,8,0,5.7,7.7,-1.9,0,0,0,0
55,16e9d0ea,36,3136,34,36,32,0,0,0,36,60,-24,44.8,53.4,-8.7,0,0,0,0
56,174651c8,2,163,1,2,1,0,0,0,1,4,-3,0.9,3.9,-3.0,0,0,0,0
57,174f09a6,7,316,3,4,3,3,16,1,3,1,2,3.9,4.3,-0.4,0,0,0,0
58,17a1299d,1,90,1,1,1,0,3,0,0,1,-1,0.9,1.0,-0.1,0,0,0,0
59,17d9e354,17,1530,17,17,17,0,21,0,18,35,-17,23.1,29.9,-6.7,0,0,0,0
60,1840e36d,27,2430,27,27,27,0,5,1,43,36,7,46.2,38.0,8.2,0,0,0,0
61,18dc8533,6,344,3,4,1,2,20,0,1,5,-4,3.1,4.9,-1.8,0,0,0,0
62,19709006,31,2504,27,29,16,2,1,1,29,25,4,30.5,25.1,5.5,0,0,0,0
63,19b776e9,24,1158,12,12,4,12,5,1,13,16,-3,14.2,17.7,-3.4,0,0,0,0
64,1a1609ab,3,37,0,0,0,3,12,1,2,1,1,1.0,0.7,0.3,0,0,0,0
65,1a317a1b,15,1231,13,14,10,1,7,1,10,19,-9,11.5,16.799999999999997,-5.300000000000001,0,0,0,0
66,1b17ed86,28,2013,22,24,13,4,7,1,26,30,-4,27.4,33.7,-6.3,0,0,0,0
67,1bda5842,34,2821,31,33,20,1,0,0,31,47,-16,35.6,39.1,-3.5,0,0,0,0
68,1d1691ad,14,1178,13,14,12,0,6,1,24,15,9,25.7,17.5,8.2,0,0,0,0
69,1d5f96d9,12,295,3,2,0,10,5,1,3,5,-2,4.9,4.2,0.7,0,0,0,0
70,1daec722,31,2354,26,26,19,5,3,1,33,30,3,38.3,29.1,9.2,0,0,0,0
71,1e1bea09,3,60,0,0,0,3,8,0,0,0,0,0.8,1.7,-0.9,0,0,0,0
72,1f079188,31,2674,29,30,29,1,1,1,40,41,-1,47.5,36.7,10.8,0,0,0,0
73,1f54ed90,26,2110,23,25,21,1,5,1,27,34,-7,31.9,33.2,-1.3,0,0,0,0
74,1fb1c435,33,2528,28,29,20,4,1,1,41,23,18,47.7,30.4,17.3,0,0,0,0
75,1fc9a88f,0,0,0,0,0,0,1,0,0,0,0,0.0,0.0,0.0,0,0,0,0
76,1fe0492d,33,2772,30,33,28,0,1,1,26,41,-15,30.5,41.9,-11.4,0,0,0,0
77,1fe67e86,11,523,5,6,4,5,18,1,5,7,-2,5.7,8.7,-3.0,0,0,0,0
78,200e89e1,9,399,4,5,0,4,3,1,8,5,3,6.4,3.9,2.6,0,0,0,0
79,20b9f052,33,2970,33,33,33,0,5,1,40,47,-7,39.1,43.5,-4.4,0,0,0,0
80,220c11f1,32,2729,30,30,26,2,0,0,29,40,-11,36.1,37.1,-1.0,0,0,0,0
81,228b0d9d,11,951,10,11,8,0,9,1,14,10,4,15.0,13.6,1.4,0,0,0,0
82,2306bfde,24,1368,15,16,3,8,7,1,17,19,-2,18.4,19.6,-1.2,0,0,0,0
83,23fffc06,4,65,0,0,0,4,4,2,1,0,1,1.0,0.8,0.2,0,0,0,0
84,240d3a0b,29,2476,27,29,23,0,2,1,29,27,2,29.4,29.3,0.1,0,0,0,0
85,244f57b9,36,2971,33,34,18,2,0,1,35,37,-2,37.3,45.4,-8.1,0,0,0,0
86,2475cf9b,0,0,0,0,0,0,5,0,0,0,0,0.0,0.0,0.0,0,0,0,0
87,248c409d,3,270,3,3,3,0,11,0,0,6,-6,3.7,5.0,-1.3,0,0,0,0
88,24f59bb2,24,1937,21,22,20,2,1,1,22,30,-8,27.1,28.1,-1.0,0,0,0,0
89,253a06b9,34,1997,22,20,9,14,0,0,26,36,-10,29.5,35.5,-6.0,0,0,0,0
90,25c72b36,12,517,5,7,1,5,6,1,5,3,2,5.0,6.8,-1.8,0,0,0,0
91,2683eda7,15,359,4,2,1,13,11,1,5,9,-4,8.0,6.6,1.4,0,0,0,0
92,26f2473f,7,559,6,6,6,1,27,0,4,10,-6,4.6,10.2,-5.5,0,0,0,0
93,274ab13c,2,176,2,2,1,0,0,0,3,4,-1,3.3,3.5,-0.2,0,0,0,0
94,27a013f7,32,2682,29,30,29,2,2,1,35,47,-12,34.5,44.0,-9.5,0,0,0,0
95,27d0a506,32,2211,24,25,16,7,5,1,25,33,-8,28.0,36.0,-8.0,0,0,0,0
96,27dc1378,0,0,0,0,0,0,3,0,0,0,0,0.0,0.0,0.0,0,0,0,0
97,293211e1,20,943,10,10,4,10,3,1,6,14,-8,11.4,13.2,-1.8,0,0,0,0
98,2946f9a1,20,1698,18,19,16,1,12,1,31,24,7,35.1,22.3,12.7,0,0,0,0
99,2973d8ff,15,527,5,4,1,11,2,1,6,4,2,7.2,4.6,2.6,0,0,0,0
100,29b61deb,34,2792,31,32,25,2,3,0,27,42,-15,33.1,42.0,-8.9,0,0,0,0
101,29e48848,6,481,5,6,3,0,2,0,2,6,-4,4.1,5.5,-1.4,0,0,0,0
102,2a0c8ba4,36,2875,31,32,25,4,0,1,37,38,-1,42.2,36.7,5.5,0,0,0,0
103,2a8c9f98,1,29,0,0,0,1,1,3,1,0,1,0.9,0.9,0.0,0,0,0,0
104,2b15a82a,9,629,7,8,4,1,14,1,12,8,4,11.1,7.6,3.5,0,0,0,0
105,2bee98fd,29,1486,16,17,6,12,2,1,18,23,-5,21.1,24.7,-3.6,0,0,0,0
106,2e23c66b,16,699,7,7,2,9,2,1,11,15,-4,10.2,17.0,-6.8,0,0,0,0
107,2e8fc160,5,233,2,3,0,2,6,1,2,4,-2,2.2,5.0,-2.9,0,0,0,0
108,2ef16f06,15,359,4,2,0,13,6,1,6,10,-4,5.1,6.0,-0.8,0,0,0,0
109,3024e383,35,3028,33,34,27,1,1,1,40,43,-3,49.7,41.3,8.4,0,0,0,0
110,3061e1ec,5,365,4,4,4,1,25,0,2,5,-3,3.1,6.0,-2.8,0,0,0,0
111,30672832,1,90,1,1,1,0,2,0,0,2,-2,0.6,1.4,-0.8,0,0,0,0
112,307fcd26,6,540,6,6,6,0,32,1,9,7,2,5.9,8.7,-2.7,0,0,0,0
113,31223bcf,21,1149,12,12,4,9,4,0,13,24,-11,18.1,20.7,-2.6,0,0,0,0
114,31f5b89b,0,0,0,0,0,0,1,0,0,0,0,0.0,0.0,0.0,0,0,0,0
115,32974271,20,1544,17,17,15,3,6,1,15,26,-11,21.700000000000003,29.0,-7.199999999999999,0,0,0,0
116,32c0491f,23,1868,20,21,19,2,3,1,30,22,8,34.7,25.0,9.7,0,0,0,0
117,335039a2,5,341,3,5,1,0,16,0,2,4,-2,2.0,4.2,-2.2,0,0,0,0
118,3353737a,14,1119,12,13,10,1,10,2,26,9,17,22.7,12.9,9.8,0,0,0,0
119,335fa267,29,2088,23,23,19,6,2,2,58,26,32,50.2,29.4,20.9,0,0,0,0
120,33a86671,0,0,0,0,0,0,1,0,0,0,0,0.0,0.0,0.0,0,0,0,0
121,355c883a,27,2032,22,23,18,4,4,1,24,30,-6,24.4,31.6,-7.2,0,0,0,0
122,3594a357,0,0,0,0,0,0,1,0,0,0,0,0.0,0.0,0.0,0,0,0,0
123,35f6db55,20,1233,13,14,5,6,1,1,16,23,-7,16.8,19.6,-2.7,0,0,0,0
124,36d5469c,25,1009,11,10,3,15,9,0,14,25,-11,17.2,17.9,-0.7,0,0,0,0
125,375a669e,5,193,2,2,0,3,3,0,2,4,-2,2.0,3.2,-1.2,0,0,0,0
126,377ef3a6,0,0,0,0,0,0,1,0,0,0,0,0.0,0.0,0.0,0,0,0,0
127,379652be,32,1997,22,22,6,10,6,1,34,20,14,33.2,29.6,3.5,0,0,0,0
128,37e103f8,11,417,4,5,1,6,10,1,6,5,1,7.6,7.4,0.3,0,0,0,0
129,37f1cf47,25,1642,18,17,15,8,4,1,19,19,0,20.7,20.6,0.2,0,0,0,0
130,37f96552,27,966,10,9,3,18,9,0,10,15,-5,12.5,12.7,-0.2,0,0,0,0
131,38699c72,20,730,8,7,0,13,11,0,8,9,-1,12.3,13.4,-1.1,0,0,0,0
132,3902e91b,22,1345,14,14,7,8,0,0,13,25,-12,20.7,24.0,-3.3,0,0,0,0
133,3aa4a3be,33,1957,21,22,10,11,4,1,24,27,-3,27.5,24.4,3.1,0,0,0,0
134,3b9f859b,0,0,0,0,0,0,1,0,0,0,0,0.0,0.0,0.0,0,0,0,0
135,3c05c659,15,450,5,4,2,11,16,2,7,1,6,6.3,5.9,0.4,0,0,0,0
136,3c7bc9bd,31,2474,27,27,25,4,0,1,27,31,-4,30.7,29.2,1.6,0,0,0,0
137,3c88ebb5,0,0,0,0,0,0,5,0,0,0,0,0.0,0.0,0.0,0,0,0,0
138,3cb6f224,16,557,6,5,0,11,8,1,7,8,-1,8.6,8.0,0.6,0,0,0,0
139,3d7e48ce,4,146,1,2,0,2,4,1,1,0,1,1.1,1.2,-0.1,0,0,0,0
140,3e1858af,1,10,0,0,0,1,0,0,0,1,-1,0.0,0.3,-0.3,0,0,0,0
141,3e4f735d,28,2181,24,25,21,3,3,1,31,21,10,27.9,25.6,2.3,0,0,0,0
142,3e5a168c,1,90,1,1,1,0,0,3,3,0,3,0.9,0.9,0.1,0,0,0,0
143,3e729bb0,0,0,0,0,0,0,4,0,0,0,0,0.0,0.0,0.0,0,0,0,0
144,3e96f3e7,9,404,4,4,2,5,12,2,6,5,1,6.4,7.0,-0.5,0,0,0,0
145,3ecc11d8,30,2613,29,30,28,0,3,1,32,30,2,32.6,31.9,0.6,0,0,0,0
146,3ee0dd59,1,7,0,0,0,1,2,3,0,1,-1,0.5,0.0,0.5,0,0,0,0
147,3eed9821,14,1189,13,13,12,1,8,2,30,16,14,24.5,13.5,11.1,0,0,0,0
148,3ef0fa48,8,229,2,1,0,7,7,2,6,2,4,2.8,4.6,-1.8,0,0,0,0
149,3effaa34,27,2159,24,25,18,2,1,1,34,26,8,45.0,29.2,15.8,0,0,0,0
150,3f10bd22,32,2712,30,31,28,1,0,1,50,42,8,50.9,37.0,14.0,0,0,0,0
151,3f79a1c8,32,1789,19,18,12,14,1,1,23,29,-6,30.6,25.1,5.5,0,0,0,0
152,3fc45c73,33,2902,32,33,32,0,1,1,33,40,-7,34.9,39.4,-4.4,0,0,0,0
153,407feb71,9,376,4,5,0,4,3,1,8,4,4,10.4,4.7,5.7,0,0,0,0
154,40b9b91a,0,0,0,0,0,0,3,0,0,0,0,0.0,0.0,0.0,0,0,0,0
155,418f8f61,35,2553,28,27,20,8,2,1,26,35,-9,32.4,44.0,-11.6,0,0,0,0
156,41b3069f,36,3130,34,35,34,1,0,1,30,46,-16,37.8,52.9,-15.1,0,0,0,0
157,41c12f75,14,1007,11,12,6,2,1,1,12,10,2,12.2,14.1,-1.8,0,0,0,0
158,42276181,33,1612,17,16,7,17,1,1,20,18,2,27.8,21.9,5.9,0,0,0,0
159,4242011c,31,2727,30,31,29,0,4,0,31,43,-12,33.9,43.3,-9.5,0,0,0,0
160,42dcf26d,33,2964,32,33,31,0,0,1,44,47,-3,47.0,47.9,-0.9,0,0,0,0
161,43f71e77,38,2648,29,28,16,10,0,1,40,27,13,37.9,31.4,6.5,0,0,0,0
162,4442fbcd,16,670,7,9,1,7,7,1,13,9,4,8.7,12.0,-3.3,0,0,0,0
163,44e07fac,1,63,0,1,0,0,0,1,0,0,0,0.0,0.2,-0.2,0,0,0,0
164,45af8a54,30,1779,19,19,9,11,2,1,31,26,5,33.1,25.7,7.5,0,0,0,0
165,45e17712,25,1799,20,23,11,2,4,1,22,19,3,20.4,21.7,-1.3,0,0,0,0
166,45e304c8,16,555,6,5,1,11,7,1,6,14,-8,6.0,11.5,-5.5,0,0,0,0
167,4601e194,36,2991,33,32,32,4,0,2,86,30,56,70.0,38.6,31.4,0,0,0,0
168,46166b49,9,140,1,0,0,9,4,0,0,6,-6,1.8,3.3,-1.5,0,0,0,0
169,467bae22,34,2280,25,26,13,8,1,1,42,28,14,45.3,30.5,14.9,0,0,0,0
170,46e07328,6,113,1,0,0,6,5,1,4,0,4,0.8,1.6,-0.8,0,0,0,0
171,4737cebe,20,1254,13,13,8,7,0,1,21,11,10,21.9,17.3,4.6,0,0,0,0
172,474ecac8,21,1449,16,17,12,4,1,1,26,30,-4,22.6,29.4,-6.8,0,0,0,0
173,487d9b09,14,934,10,12,7,2,7,1,9,16,-7,10.6,14.2,-3.6,0,0,0,0
174,48b3dd60,27,1430,15,19,0,8,3,2,32,15,17,29.9,18.8,11.0,0,0,0,0
175,48e89655,20,743,8,6,2,14,3,1,8,12,-4,9.4,10.0,-0.7,0,0,0,0
176,4958bfb2,24,2107,23,23,23,1,1,1,38,23,15,36.8,24.8,11.9,0,0,0,0
177,49ea92be,23,1321,14,15,4,8,4,1,21,17,4,16.9,18.2,-1.3,0,0,0,0
178,4a478107,37,3195,35,35,32,2,0,1,53,62,-9,49.9,69.9,-20.0,0,0,0,0
179,4a537185,14,779,8,9,2,5,2,1,9,17,-8,10.2,14.2,-4.0,0,0,0,0
180,4a895384,31,2677,29,30,28,1,3,1,35,52,-17,42.3,48.0,-5.7,0,0,0,0
181,4accb7e0,24,1580,17,17,10,7,9,1,18,22,-4,20.3,24.3,-4.0,0,0,0,0
182,4acd733a,17,888,9,10,5,7,4,0,8,18,-10,12.1,13.4,-1.4,0,0,0,0
183,4b5e7e90,10,776,8,10,7,0,8,1,9,10,-1,12.9,12.7,0.3,0,0,0,0
184,4b803b3c,7,536,6,6,5,1,0,1,11,8,3,13.7,6.3,7.4,0,0,0,0
185,4c2e9442,35,2960,32,33,28,2,0,1,47,51,-4,40.2,50.3,-10.2,0,0,0,0
186,4c5b14d2,30,1696,18,17,7,13,2,1,22,21,1,25.5,24.2,1.3,0,0,0,0
187,4cee5954,10,897,10,10,9,0,0,1,17,15,2,17.2,15.7,1.5,0,0,0,0
188,4d224fe8,29,2312,25,27,21,2,3,1,43,32,11,48.1,31.0,17.1,0,0,0,0
189,4db76f57,19,1406,15,15,13,4,11,1,15,24,-9,16.2,22.2,-6.0,0,0,0,0
190,4dbd0916,31,1817,20,22,5,9,1,1,29,11,18,23.6,19.4,4.1,0,0,0,0
191,4f28a6ff,23,1933,21,22,19,1,12,2,57,19,38,45.4,27.4,18.0,0,0,0,0
192,4ffb647d,9,701,7,6,6,3,2,1,15,18,-3,14.9,15.4,-0.5,0,0,0,0
193,51c30111,10,532,5,6,1,4,6,1,11,16,-5,9.8,14.6,-4.8,0,0,0,0
194,51e3954c,19,1671,18,19,16,0,11,2,27,25,2,21.4,24.3,-2.8999999999999995,0,0,0,0
195,525f9bf4,12,222,2,1,1,11,9,1,7,7,0,5.4,6.8,-1.4,0,0,0,0
196,529f49ab,32,2070,23,22,16,10,4,2,33,21,12,30.5,28.7,1.9,0,0,0,0
197,53ddba36,0,0,0,0,0,0,1,0,0,0,0,0.0,0.0,0.0,0,0,0,0
198,54073b28,18,1285,14,15,10,3,5,1,14,16,-2,15.8,14.3,1.5,0,0,0,0
199,545e2f01,15,1173,13,13,12,2,14,1,14,19,-5,15.7,24.4,-8.7,0,0,0,0
200,549c6ba7,6,172,1,1,1,5,4,0,2,7,-5,3.5,6.1,-2.6,0,0,0,0
201,55126f3b,30,2586,28,29,26,1,0,2,42,22,20,37.6,31.9,5.6,0,0,0,0
202,5512b1a9,4,359,4,4,3,0,32,3,10,2,8,7.9,3.8,4.0,0,0,0,0
203,555f3a0b,32,2806,31,31,30,1,0,1,42,36,6,38.8,43.1,-4.3,0,0,0,0
204,56545648,0,0,0,0,0,0,1,0,0,0,0,0.0,0.0,0.0,0,0,0,0
205,56cafd0a,0,0,0,0,0,0,1,0,0,0,0,0.0,0.0,0.0,0,0,0,0
206,581c5276,14,1260,14,14,14,0,21,1,20,22,-2,24.6,17.1,7.5,0,0,0,0
207,5890cef1,10,645,7,8,4,2,0,1,10,10,0,9.4,9.5,-0.1,0,0,0,0
208,58afe001,33,2676,29,32,20,1,2,1,32,25,7,36.0,32.4,3.7,0,0,0,0
209,58bc7d18,0,0,0,0,0,0,2,0,0,0,0,0.0,0.0,0.0,0,0,0,0
210,59504479,0,0,0,0,0,0,1,0,0,0,0,0.0,0.0,0.0,0,0,0,0
211,59b7d823,4,211,2,2,2,2,1,2,2,4,-2,2.8,3.3,-0.5,0,0,0,0
212,59d53e8a,22,1778,19,22,10,0,4,1,18,21,-3,20.6,20.4,0.2,0,0,0,0
213,59d93937,19,601,6,6,0,13,7,1,7,9,-2,7.7,11.5,-3.8,0,0,0,0
214,5a626448,36,3055,33,35,28,1,2,0,37,58,-21,44.2,56.0,-11.7,0,0,0,0
215,5ab0ea87,35,2715,30,30,20,5,0,2,77,26,51,62.0,33.1,28.9,0,0,0,0
216,5ae499d0,25,2032,22,23,21,2,6,0,25,37,-12,25.5,31.4,-5.9,0,0,0,0
217,5b1bf5e3,12,717,8,9,3,3,3,0,8,19,-11,10.0,13.6,-3.7,0,0,0,0
218,5c4dc0ff,13,447,5,3,2,10,5,1,8,10,-2,10.5,8.4,2.1,0,0,0,0
219,5c7845f6,33,2549,28,29,23,4,2,1,28,37,-9,31.1,36.8,-5.7,0,0,0,0
220,5ca20b7a,26,2139,23,25,21,1,3,1,29,29,0,31.6,31.0,0.6,0,0,0,0
221,5ce0b5ba,23,1821,20,20,16,3,1,1,23,21,2,25.5,24.0,1.4,0,0,0,0
222,5ceba7fc,34,2144,23,24,11,10,3,1,35,28,7,38.2,30.3,7.8,0,0,0,0
223,5d311e8d,25,1933,21,21,21,4,7,1,30,29,1,29.6,27.3,2.3,0,0,0,0
224,5dcf3e90,7,630,7,7,7,0,31,1,9,13,-4,8.1,12.0,-4.0,0,0,0,0
225,5e9d0e32,0,0,0,0,0,0,3,0,0,0,0,0.0,0.0,0.0,0,0,0,0
226,5efb80d5,18,1277,14,14,12,4,10,1,19,29,-10,16.4,25.2,-8.8,0,0,0,0
227,5f186f5c,4,120,1,1,1,3,10,1,0,3,-3,1.3,1.6,-0.2,0,0,0,0
228,5f3eaaf5,19,785,8,8,3,11,13,0,15,12,3,13.4,16.3,-2.9,0,0,0,0
229,5fa714d5,1,90,1,1,1,0,0,3,3,0,3,1.7,1.2,0.5,0,0,0,0
230,60035815,0,0,0,0,0,0,1,0,0,0,0,0.0,0.0,0.0,0,0,0,0
231,6025fab1,34,2608,29,31,18,3,1,1,45,36,9,45.5,36.2,9.4,0,0,0,0
232,603116a7,23,1853,20,21,18,2,8,1,30,33,-3,38.2,29.2,9.0,0,0,0,0
233,60359288,1,46,0,0,0,1,5,3,3,2,1,1.1,0.5,0.6,0,0,0,0
234,608f2092,1,20,0,0,0,1,0,0,0,1,-1,0.5,0.2,0.2,0,0,0,0
235,61220da2,36,3210,35,36,33,0,0,1,56,61,-5,52.4,71.3,-18.9,0,0,0,0
236,61bb7498,3,270,3,3,3,0,33,0,4,6,-2,4.4,4.3,0.1,0,0,0,0
237,61bd33d0,20,1205,13,15,3,5,8,2,14,13,1,17.5,17.0,0.5,0,0,0,0
238,625c144a,27,2430,27,27,27,0,11,1,36,35,1,36.0,38.4,-2.4,0,0,0,0
239,636eae97,26,1762,19,21,5,5,3,1,13,23,-10,18.3,27.3,-8.9,0,0,0,0
240,63f04c6c,34,2095,23,22,17,12,4,1,32,41,-9,35.4,37.5,-2.1,0,0,0,0
241,6434f10d,34,2735,30,32,23,2,3,2,42,20,22,38.8,32.5,6.3,0,0,0,0
242,6435143e,5,82,0,1,0,4,4,0,0,2,-2,1.6,1.4,0.2,0,0,0,0
243,64e8ed6d,29,1621,18,16,10,13,7,1,28,34,-6,24.7,37.7,-13.0,0,0,0,0
244,659d1792,0,0,0,0,0,0,1,0,0,0,0,0.0,0.0,0.0,0,0,0,0
245,65d62814,1,90,1,1,1,0,35,2,5,4,1,1.9,2.7,-0.8,0,0,0,0
246,6763373d,2,12,0,0,0,2,8,1,0,0,0,0.4,0.0,0.4,0,0,0,0
247,67cdbc0e,33,1929,21,22,11,11,4,2,49,22,27,42.5,27.6,14.9,0,0,0,0
248,6853490f,15,614,6,6,3,9,13,1,15,10,5,11.8,7.8,4.0,0,0,0,0
249,6922f806,34,2869,31,33,23,1,0,1,34,37,-3,36.6,41.2,-4.6,0,0,0,0
250,697295b1,10,585,6,7,4,3,15,1,8,13,-5,7.4,7.1,0.3,0,0,0,0
251,69cbc8b6,32,2794,31,31,30,1,3,1,42,33,9,39.5,38.3,1.2,0,0,0,0
252,6a99e0b1,38,3025,33,36,19,2,0,1,38,39,-1,39.0,38.7,0.3,0,0,0,0
253,6b5ea2f4,6,50,0,0,0,6,6,1,1,3,-2,1.1,2.0,-0.9,0,0,0,0
254,6c811eb7,17,637,7,6,1,11,10,2,16,8,8,14.3,11.0,3.3,0,0,0,0
255,6cbf8d0d,1,22,0,0,0,1,2,3,1,0,1,0.5,0.7,-0.2,0,0,0,0
256,6ce1f46f,28,2221,24,26,18,2,2,1,41,35,6,44.3,33.4,10.9,0,0,0,0
257,6d8f8441,27,1817,20,19,14,8,2,1,32,34,-2,28.0,40.8,-12.7,0,0,0,0
258,6dce77a5,3,98,1,1,0,2,4,1,1,4,-3,1.5,1.1,0.4,0,0,0,0
259,6f51e382,35,3150,35,35,35,0,1,2,86,32,54,71.8,40.7,31.1,0,0,0,0
260,6f5f82c0,7,455,5,6,4,1,6,1,3,6,-3,5.1,5.6,-0.4,0,0,0,0
261,6f7d826d,23,1490,16,16,12,7,3,0,19,22,-3,21.0,24.4,-3.5,0,0,0,0
262,6fd1ba62,22,1379,15,15,6,7,11,1,16,18,-2,17.4,19.7,-2.3,0,0,0,0
263,70438d35,9,749,8,8,7,1,15,1,11,13,-2,8.6,14.3,-5.7,0,0,0,0
264,70d74ece,36,2953,32,35,24,1,0,1,56,39,17,57.6,40.0,17.6,0,0,0,0
265,7106f0a0,14,1026,11,11,8,3,1,0,10,24,-14,13.3,21.1,-7.8,0,0,0,0
266,7111d552,18,869,9,9,5,9,5,1,15,13,2,16.2,13.2,3.0,0,0,0,0
267,71b47ab9,34,2150,23,25,11,9,0,0,27,45,-18,37.3,38.0,-0.8,0,0,0,0
268,72a99e38,29,1573,17,13,12,16,3,1,31,22,9,27.0,22.8,4.2,0,0,0,0
269,72b07a9c,35,3100,34,35,33,0,0,1,31,45,-14,37.3,53.2,-15.8,0,0,0,0
270,72b92c4e,7,419,4,4,2,3,5,1,5,3,2,4.6,8.6,-4.0,0,0,0,0
271,7329018e,28,2352,26,27,22,1,3,1,33,36,-3,39.6,31.2,8.4,0,0,0,0
272,73683fa9,38,3420,38,38,38,0,0,1,48,50,-2,48.9,53.8,-4.9,0,0,0,0
273,740f39d4,0,0,0,0,0,0,1,0,0,0,0,0.0,0.0,0.0,0,0,0,0
274,7460ca0d,36,3061,34,35,32,1,0,1,48,31,17,55.9,39.0,16.9,0,0,0,0
275,74e0a984,24,1686,18,20,13,4,9,0,20,42,-22,24.4,32.9,-8.4,0,0,0,0
276,7518f912,0,0,0,0,0,0,3,0,0,0,0,0.0,0.0,0.0,0,0,0,0
277,75645f0e,37,3075,34,35,25,2,0,1,45,42,3,45.1,48.5,-3.5,0,0,0,0
278,75751c99,34,3055,33,34,33,0,2,1,35,38,-3,37.5,35.2,2.2,0,0,0,0
279,7958dc65,18,999,11,12,3,6,10,1,15,17,-2,14.1,16.3,-2.2,0,0,0,0
280,7b309e55,5,285,3,3,2,2,2,1,2,5,-3,4.4,3.1,1.2,0,0,0,0
281,7b456af7,33,2970,33,33,33,0,0,1,52,44,8,57.9,40.6,17.4,0,0,0,0
282,7b5ab7f2,11,167,1,0,0,11,7,1,6,3,3,3.3,3.1,0.2,0,0,0,0
283,7c388b20,33,2693,29,30,23,3,1,0,29,46,-17,35.1,45.7,-10.6,0,0,0,0
284,7c4243d4,31,1746,19,20,11,11,4,1,34,27,7,34.0,23.4,10.5,0,0,0,0
285,7c689c48,1,3,0,0,0,1,3,3,0,0,0,0.3,0.2,0.1,0,0,0,0
286,7cefa219,15,1098,12,12,10,3,9,0,10,24,-14,17.1,20.7,-3.6,0,0,0,0
287,7dcf86f6,27,2251,25,26,14,1,1,1,44,39,5,34.7,36.5,-1.8,0,0,0,0
288,7eb97a8e,3,37,0,0,0,3,5,0,2,0,2,0.2,0.3,-0.1,0,0,0,0
289,7f203b54,19,1254,13,13,9,6,9,1,25,23,2,21.6,29.4,-7.7,0,0,0,0
290,7f4c7c9f,30,2492,27,30,26,0,0,0,26,42,-16,34.2,40.3,-6.0,0,0,0,0
291,7f8fb807,9,216,2,1,1,8,4,0,3,3,0,3.0,3.4,-0.4,0,0,0,0
292,808d48f3,21,1495,16,18,12,3,11,1,19,22,-3,22.1,25.3,-3.2,0,0,0,0
293,808df563,3,225,2,2,2,1,0,0,0,2,-2,1.7,3.1,-1.4,0,0,0,0
294,81069528,21,1749,19,20,17,1,10,1,26,20,6,24.2,25.4,-1.1,0,0,0,0
295,81f0781e,35,2315,25,25,16,10,1,1,24,32,-8,34.5,37.2,-2.7,0,0,0,0
296,82927de4,35,2479,27,28,19,7,1,1,33,38,-5,38.0,39.0,-0.9,0,0,0,0
297,82e9b89d,19,1539,17,17,13,2,0,1,23,25,-2,20.6,26.5,-5.9,0,0,0,0
298,833fb62e,24,1055,11,10,4,14,5,1,7,17,-10,15.0,16.0,-1.0,0,0,0,0
299,84399660,30,1523,16,16,6,14,5,1,20,23,-3,21.1,22.2,-1.1,0,0,0,0
300,8455ad90,3,24,0,0,0,3,7,2,1,0,1,0.4,0.1,0.2,0,0,0,0
301,84fb6aff,7,627,7,7,6,0,5,1,11,10,1,8.2,11.4,-3.2,0,0,0,0
302,850c0a0d,25,1950,21,22,19,3,2,1,26,31,-5,30.8,25.9,4.9,0,0,0,0
303,857cb4f3,8,464,5,4,3,4,4,1,7,11,-4,6.3,10.1,-3.8,0,0,0,0
304,85dace26,1,85,0,0,0,1,0,0,0,2,-2,0.3,1.9,-1.5,0,0,0,0
305,8696bc90,23,1194,13,13,6,10,10,3,28,22,6,25.0,16.7,8.3,0,0,0,0
306,873619c6,1,45,0,0,0,1,2,1,2,0,2,1.0,0.9,0.0,0,0,0,0
307,875898c7,10,893,9,9,8,1,1,0,11,21,-10,12.6,23.6,-11.0,0,0,0,0
308,87882adc,2,71,0,1,0,1,4,1,0,1,-1,0.1,1.7,-1.6,0,0,0,0
309,88050721,7,328,3,3,1,4,9,1,4,8,-4,5.7,7.8,-2.1,0,0,0,0
310,8875b8c9,13,1170,13,13,13,0,25,1,23,22,1,13.3,19.5,-6.2,0,0,0,0
311,88d91621,19,1069,11,12,9,7,17,1,7,14,-7,11.0,16.2,-5.2,0,0,0,0
312,88f130ed,2,157,1,2,1,0,1,0,0,1,-1,1.5,1.1,0.3,0,0,0,0
313,89151b16,21,1702,18,19,16,2,9,1,20,23,-3,25.4,24.3,1.1,0,0,0,0
314,896b5df2,1,45,0,0,0,1,2,3,1,1,0,0.2,0.7,-0.5,0,0,0,0
315,8970907e,35,2280,25,23,17,12,1,0,28,41,-13,39.0,37.3,1.8,0,0,0,0
316,89cbc961,31,2627,29,29,27,2,5,1,41,36,5,43.6,41.2,2.5,0,0,0,0
317,89f951b5,34,2643,29,29,24,5,0,2,76,25,51,59.9,36.3,23.7,0,0,0,0
318,8b0b02c9,18,687,7,6,3,12,5,1,9,13,-4,9.4,13.4,-4.0,0,0,0,0
319,8b625720,0,0,0,0,0,0,1,0,0,0,0,0.0,0.0,0.0,0,0,0,0
320,8b8a56ce,26,2008,22,25,16,1,4,1,31,30,1,35.5,29.8,5.7,0,0,0,0
321,8c3c640c,37,3153,35,36,28,1,0,1,42,41,1,45.8,43.8,2.0,0,0,0,0
322,8c44e37b,27,1439,16,18,3,9,4,1,16,25,-9,18.3,24.0,-5.7,0,0,0,0
323,8c9e7571,0,0,0,0,0,0,2,0,0,0,0,0.0,0.0,0.0,0,0,0,0
324,8cfc2f69,37,1819,20,20,3,17,1,1,21,16,5,23.7,23.3,0.4,0,0,0,0
325,8d2ad5c0,13,482,5,5,0,8,3,0,5,9,-4,5.2,8.3,-3.1,0,0,0,0
326,8d957256,1,90,1,1,1,0,37,3,2,1,1,1.4,0.9,0.5,0,0,0,0
327,8db394aa,31,2533,28,28,26,3,6,1,29,35,-6,31.8,36.5,-4.7,0,0,0,0
328,8e010ff4,32,1994,22,19,10,13,3,1,31,23,8,29.0,26.5,2.4,0,0,0,0
329,8e088e04,4,270,3,3,2,1,26,1,4,5,-1,5.2,6.7,-1.5,0,0,0,0
330,8e48dc61,1,90,1,1,1,0,2,1,1,1,0,2.9,1.3,1.6,0,0,0,0
331,8ef81d2d,22,1692,18,19,14,3,3,0,25,31,-6,29.7,31.4,-1.8,0,0,0,0
332,8f898ba8,32,1992,22,23,11,9,2,1,20,18,2,25.4,22.0,3.5,0,0,0,0
333,8f8c6934,37,3330,37,37,37,0,0,1,46,34,12,44.8,42.7,2.1,0,0,0,0
334,8fae77ea,35,3150,35,35,35,0,3,1,28,45,-17,36.7,54.3,-17.6,0,0,0,0
335,8fcea8a1,0,0,0,0,0,0,3,0,0,0,0,0.0,0.0,0.0,0,0,0,0
336,9038c2a1,30,2330,25,26,19,4,6,1,37,39,-2,32.5,47.9,-15.4,0,0,0,0
337,90bbd822,35,1766,19,17,7,18,2,0,21,35,-14,23.4,31.1,-7.6,0,0,0,0
338,9109185e,31,2790,31,31,31,0,1,1,32,32,0,35.4,33.7,1.7,0,0,0,0
339,9127f9ce,19,841,9,10,5,9,12,1,4,17,-13,7.0,12.6,-5.5,0,0,0,0
340,9260926b,17,762,8,7,4,10,10,1,9,14,-5,13.7,13.0,0.7,0,0,0,0
341,92b4a127,24,1897,21,21,19,3,7,1,34,33,1,26.3,30.4,-4.2,0,0,0,0
342,92d38e6c,34,2962,32,34,31,0,0,1,32,38,-6,36.6,35.9,0.6,0,0,0,0
343,933e8c8a,27,2098,23,25,14,2,7,1,15,23,-8,21.2,32.8,-11.6,0,0,0,0
344,942b4f90,35,2812,31,31,21,4,2,1,56,33,23,57.7,34.7,22.9,0,0,0,0
345,95230c26,0,0,0,0,0,0,6,0,0,0,0,0.0,0.0,0.0,0,0,0,0
346,958bba56,23,1588,17,17,10,6,6,1,19,26,-7,23.4,29.6,-6.2,0,0,0,0
347,960fb42d,17,1412,15,17,11,0,10,0,13,28,-15,17.9,27.0,-9.1,0,0,0,0
348,963829d0,24,1547,17,18,11,6,4,0,14,18,-4,22.1,23.6,-1.5,0,0,0,0
349,967f34d3,25,2250,25,25,25,0,12,1,30,40,-10,33.3,41.4,-8.1,0,0,0,0
350,968afa35,0,0,0,0,0,0,8,0,0,0,0,0.0,0.0,0.0,0,0,0,0
351,9744ff80,33,2724,30,30,23,3,0,1,55,36,19,56.9,34.0,22.9,0,0,0,0
352,97572117,23,1708,19,20,13,3,8,1,19,19,0,21.6,18.6,3.0,0,0,0,0
353,97852360,35,3150,35,35,35,0,1,1,34,46,-12,38.0,49.9,-11.9,0,0,0,0
354,978cd030,32,2785,30,32,27,0,1,0,35,50,-15,40.0,50.1,-10.1,0,0,0,0
355,983ccabe,0,0,0,0,0,0,8,0,0,0,0,0.0,0.0,0.0,0,0,0,0
356,98554bfd,6,372,4,5,3,1,3,1,4,8,-4,6.7,7.7,-0.9,0,0,0,0
357,9970da54,3,270,3,3,3,0,33,2,5,4,1,3.1,3.3,-0.1,0,0,0,0
358,999908af,29,1669,18,18,12,11,6,1,17,21,-4,17.5,26.9,-9.4,0,0,0,0
359,99bebd12,22,631,7,6,1,16,11,1,9,13,-4,6.0,8.6,-2.5,0,0,0,0
360,9a64e67e,4,284,3,3,3,1,4,0,1,5,-4,4.5,2.9,1.6,0,0,0,0
361,9ab48bde,24,1520,16,16,13,8,8,1,16,24,-8,19.1,18.5,0.6,0,0,0,0
362,9ad74b4d,0,0,0,0,0,0,4,0,0,0,0,0.0,0.0,0.0,0,0,0,0
363,9b337c7c,20,1155,12,14,7,6,9,1,17,18,-1,17.6,18.7,-1.0,0,0,0,0
364,9ba48d64,23,1459,16,17,11,6,11,1,16,21,-5,17.6,20.4,-2.8,0,0,0,0
365,9d2a3d5f,32,2029,22,23,9,9,2,3,27,21,6,23.3,26.9,-3.7,0,0,0,0
366,9e098912,1,90,1,1,1,0,8,3,2,0,2,1.5,0.5,1.0,0,0,0,0
367,9e1035f8,24,850,9,8,1,16,12,1,12,8,4,14.0,11.9,2.1,0,0,0,0
368,9f0ea33f,32,2880,32,32,32,0,4,1,40,45,-5,48.0,46.4,1.6,0,0,0,0
369,9f323c71,30,2421,26,28,20,2,5,1,31,32,-1,32.3,32.4,-0.1,0,0,0,0
370,9f8e9423,32,2754,30,31,28,1,1,1,44,34,10,48.3,37.8,10.5,0,0,0,0
371,a01c3d54,16,1440,16,16,16,0,21,1,25,24,1,21.8,28.2,-6.4,0,0,0,0
372,a0255c67,10,610,6,7,1,3,12,1,16,11,5,10.3,8.4,1.9,0,0,0,0
373,a03c82b2,18,1429,15,15,13,3,8,1,16,16,0,16.2,14.7,1.5,0,0,0,0
374,a0b4bb3e,27,1192,13,11,2,16,4,1,25,18,7,27.7,16.8,10.9,0,0,0,0
375,a10361d2,31,1663,18,20,6,11,6,1,15,24,-9,20.8,24.6,-3.9,0,0,0,0
376,a190d597,16,1112,12,14,8,2,0,1,16,8,8,13.0,12.9,0.1,0,0,0,0
377,a230ebcc,2,14,0,0,0,2,3,0,0,0,0,0.0,0.2,-0.1,0,0,0,0
378,a25250f8,32,2391,26,26,20,6,3,1,28,40,-12,31.2,35.8,-4.6,0,0,0,0
379,a2609621,16,1362,15,16,12,0,5,1,20,18,2,20.3,20.5,-0.1,0,0,0,0
380,a4971d84,34,2976,33,34,29,0,0,1,45,31,14,40.7,36.0,4.6,0,0,0,0
381,a4b00319,16,1440,16,16,16,0,0,1,25,23,2,21.7,25.7,-4.0,0,0,0,0
382,a58bb1e1,29,1786,19,21,6,8,2,1,34,23,11,36.1,24.6,11.5,0,0,0,0
383,a60823a4,8,465,5,4,2,4,19,1,9,13,-4,8.0,9.5,-1.5,0,0,0,0
384,a6154613,33,2827,31,31,27,2,0,2,81,29,52,67.6,37.3,30.3,0,0,0,0
385,a62b4888,0,0,0,0,0,0,1,0,0,0,0,0.0,0.0,0.0,0,0,0,0
386,a685f013,6,521,5,5,5,1,5,1,7,11,-4,7.1,8.3,-1.2,0,0,0,0
387,a6951bf8,26,1761,19,20,9,6,2,1,29,15,14,29.2,20.3,8.9,0,0,0,0
388,a6de370d,32,2655,29,30,25,2,1,1,34,43,-9,34.3,38.8,-4.5,0,0,0,0
389,a7187e71,0,0,0,0,0,0,1,0,0,0,0,0.0,0.0,0.0,0,0,0,0
390,a7f00c8c,7,507,5,6,4,1,2,0,6,17,-11,5.9,9.7,-3.9,0,0,0,0
391,a8f21b9f,1,18,0,0,0,1,0,1,0,0,0,0.2,0.5,-0.4,0,0,0,0
392,a8fbae1d,28,2245,24,24,23,4,8,1,31,33,-2,35.5,30.9,4.6,0,0,0,0
393,a9873ff3,0,0,0,0,0,0,6,0,0,0,0,0.0,0.0,0.0,0,0,0,0
394,a9dc785c,34,3060,34,34,34,0,3,1,46,34,12,55.8,39.7,16.1,0,0,0,0
395,aa0ac32d,11,660,7,7,6,4,14,1,4,13,-9,7.4,10.6,-3.2,0,0,0,0
396,aa386464,8,236,2,1,1,7,3,0,4,7,-3,5.5,3.8,1.8,0,0,0,0
397,aad4f74f,0,0,0,0,0,0,2,0,0,0,0,0.0,0.0,0.0,0,0,0,0
398,aae17c81,0,0,0,0,0,0,4,0,0,0,0,0.0,0.0,0.0,0,0,0,0
399,ab7bf91d,0,0,0,0,0,0,1,0,0,0,0,0.0,0.0,0.0,0,0,0,0
400,ac295d9e,24,2160,24,24,24,0,5,1,29,30,-1,30.2,28.7,1.5,0,0,0,0
401,ac3fb1be,24,2136,23,24,23,0,3,1,31,23,8,39.9,24.2,15.7,0,0,0,0
402,ac454a4f,16,1199,13,13,12,3,11,0,8,19,-11,12.7,17.7,-4.9,0,0,0,0
403,ac89d15c,0,0,0,0,0,0,1,0,0,0,0,0.0,0.0,0.0,0,0,0,0
404,ad178594,16,1310,14,15,13,1,11,1,13,17,-4,16.8,19.8,-3.0,0,0,0,0
405,ad1ffcfd,19,1665,18,19,17,0,0,1,27,27,0,26.4,26.3,0.1,0,0,0,0
406,ad4d0985,24,1265,14,13,9,11,10,1,18,22,-4,16.0,20.2,-4.2,0,0,0,0
407,ad6295d4,8,506,5,5,4,3,5,1,5,7,-2,6.9,8.4,-1.4,0,0,0,0
408,adfc9123,35,3150,35,35,35,0,1,2,86,30,56,71.5,41.0,30.6,0,0,0,0
409,ae48c5cb,0,0,0,0,0,0,1,0,0,0,0,0.0,0.0,0.0,0,0,0,0
410,aec0fb6f,13,631,7,9,1,4,6,0,3,12,-9,5.7,9.2,-3.5,0,0,0,0
411,b037bd4f,27,2031,22,25,10,2,3,1,28,28,0,27.5,27.8,-0.4,0,0,0,0
412,b048580f,0,0,0,0,0,0,3,0,0,0,0,0.0,0.0,0.0,0,0,0,0
413,b05e2dbd,35,3137,34,35,34,0,0,1,47,30,17,55.4,36.4,18.9,0,0,0,0
414,b0616e3d,21,1545,17,18,11,3,2,1,19,16,3,24.0,17.0,6.9,0,0,0,0
415,b0c71810,35,2085,23,25,2,10,1,1,35,36,-1,28.3,37.3,-9.0,0,0,0,0
416,b0fce72c,26,2070,23,23,15,3,8,1,26,22,4,23.6,23.0,0.6,0,0,0,0
417,b14d0c5d,24,1742,19,20,16,4,10,1,22,31,-9,21.9,29.1,-7.2,0,0,0,0
418,b182a240,33,1583,17,15,11,18,2,1,28,28,0,32.2,20.9,11.3,0,0,0,0
419,b18a3023,9,536,6,6,4,3,5,1,8,8,0,6.2,7.3,-1.1,0,0,0,0
420,b19db005,29,1661,18,20,2,9,0,2,49,13,36,38.2,20.1,18.0,0,0,0,0
421,b1b99435,0,0,0,0,0,0,1,0,0,0,0,0.0,0.0,0.0,0,0,0,0
422,b233e8e4,3,203,2,2,2,1,15,1,1,2,-1,2.2,1.6,0.6,0,0,0,0
423,b2d0ec1b,4,76,0,1,0,3,12,1,2,2,0,1.4,2.6,-1.2,0,0,0,0
424,b39a793e,9,211,2,1,1,8,3,1,5,2,3,3.6,2.3,1.3,0,0,0,0
425,b3dc6eca,22,1975,21,22,21,0,11,1,28,31,-3,32.9,31.1,1.8,0,0,0,0
426,b418dbd4,33,2369,26,27,14,6,0,1,28,24,4,30.2,26.8,3.4,0,0,0,0
427,b5bdf144,21,1890,21,21,21,0,14,1,32,40,-8,29.5,46.1,-16.6,0,0,0,0
428,b6b2b820,10,357,4,4,0,6,6,1,5,5,0,5.1,3.0,2.0,0,0,0,0
429,b6e50615,35,3120,34,35,34,0,0,1,38,40,-2,38.0,41.0,-2.9,0,0,0,0
430,b742cc0d,33,2928,32,33,31,0,4,1,38,43,-5,42.4,41.3,1.1,0,0,0,0
431,b7c99b9b,36,3240,36,36,36,0,0,1,37,44,-7,39.4,49.2,-9.7,0,0,0,0
432,b7ca5c51,30,2623,29,30,28,0,3,1,38,28,10,45.1,33.6,11.5,0,0,0,0
433,b7f2edff,6,290,3,2,2,4,9,1,5,6,-1,4.3,7.9,-3.6,0,0,0,0
434,b86a64b2,13,839,9,9,8,4,12,0,5,16,-11,10.5,18.1,-7.5,0,0,0,0
435,b86fe156,22,1732,19,21,13,1,3,0,24,35,-11,23.8,28.0,-4.3,0,0,0,0
436,b8a642fc,26,1706,19,19,8,7,2,1,28,26,2,24.4,28.1,-3.7,0,0,0,0
437,b8c1de25,10,540,6,5,4,5,0,1,6,5,1,9.6,6.7,2.9,0,0,0,0
438,b92b456a,17,604,6,6,1,11,8,1,9,9,0,11.2,7.2,3.9,0,0,0,0
439,ba3ca78f,0,0,0,0,0,0,38,0,0,0,0,0.0,0.0,0.0,0,0,0,0
440,ba5004e1,36,3240,36,36,36,0,0,1,43,34,9,42.4,40.5,1.9,0,0,0,0
441,ba5a9545,6,340,3,4,1,2,7,1,2,6,-4,3.4000000000000004,5.3,-1.9,0,0,0,0
442,ba71d071,25,1868,20,20,18,5,10,1,21,32,-11,23.7,28.1,-4.5,0,0,0,0
443,bad38a94,27,2354,26,27,23,0,4,1,30,38,-8,34.8,39.4,-4.6,0,0,0,0
444,baf5665c,1,49,0,1,0,0,2,0,0,1,-1,0.5,0.7,-0.2,0,0,0,0
445,bb4b1242,35,2582,28,30,14,5,2,1,39,38,1,43.3,35.1,8.2,0,0,0,0
446,bba30585,21,1752,19,20,17,1,3,1,28,17,11,25.6,22.4,3.3,0,0,0,0
447,bbfaeda4,4,157,1,1,1,3,2,1,2,7,-5,3.2,6.8,-3.7,0,0,0,0
448,bc39454c,1,20,0,0,0,1,9,1,1,1,0,0.7,1.0,-0.3,0,0,0,0
449,bc6f5f06,32,2765,30,31,29,1,6,1,40,43,-3,49.4,39.1,10.3,0,0,0,0
450,bca21ef3,20,1800,20,20,20,0,10,1,26,30,-4,27.0,34.2,-7.2,0,0,0,0
451,bdef8cdb,1,1,0,0,0,1,4,3,0,0,0,0.0,0.0,0.0,0,0,0,0
452,be170419,12,1064,11,11,11,1,21,1,12,15,-3,14.5,14.6,0.0,0,0,0,0
453,be3a0121,22,1619,18,18,13,4,5,1,15,21,-6,19.4,25.4,-6.0,0,0,0,0
454,bf12926c,12,353,3,3,0,9,4,0,7,6,1,6.8,4.6,2.2,0,0,0,0
455,bf97c188,23,1738,19,19,15,4,4,1,37,23,14,37.7,22.7,15.0,0,0,0,0
456,bfb15d99,1,90,1,1,1,0,3,1,2,2,0,2.7,1.9,0.8,0,0,0,0
457,c00097d2,33,2854,31,32,31,1,2,1,49,58,-9,45.1,67.0,-22.0,0,0,0,0
458,c05dfb74,34,2383,26,27,16,7,3,1,30,35,-5,32.7,31.4,1.2,0,0,0,0
459,c0617e2b,23,1248,13,13,5,10,10,1,24,13,11,22.7,18.5,4.1,0,0,0,0
460,c0b1a6da,6,540,6,6,6,0,8,0,6,16,-10,6.8,9.7,-3.0,0,0,0,0
461,c14bc029,33,2925,32,32,32,1,1,2,46,26,20,38.6,35.2,3.4,0,0,0,0
462,c2111b45,5,311,3,4,3,1,9,1,7,4,3,6.0,4.1,1.9,0,0,0,0
463,c2cfbfc9,0,0,0,0,0,0,1,0,0,0,0,0.0,0.0,0.0,0,0,0,0
464,c3ee18ef,14,1117,12,13,10,1,2,2,16,8,8,13.2,12.9,0.3,0,0,0,0
465,c49afee6,17,541,6,5,1,12,12,0,6,9,-3,7.1,10.8,-3.7,0,0,0,0
466,c4b8bcf4,34,1739,19,17,7,17,2,1,31,23,8,31.5,23.2,8.2,0,0,0,0
467,c4dce677,2,16,0,0,0,2,3,1,0,2,-2,0.3,1.1,-0.8,0,0,0,0
468,c67cd65c,19,1535,17,17,16,2,9,3,25,21,4,22.1,29.3,-7.2,0,0,0,0
469,c7429db3,7,76,0,0,0,7,8,0,2,0,2,0.7,1.0,-0.3,0,0,0,0
470,c818c4d9,1,90,1,1,1,0,7,3,3,2,1,4.1,1.7,2.5,0,0,0,0
471,c8764028,1,45,0,1,0,0,2,3,0,0,0,0.2,0.0,0.2,0,0,0,0
472,c904f3d5,11,850,9,9,9,2,3,0,4,16,-12,8.6,11.9,-3.3,0,0,0,0
473,c90977db,33,2733,30,31,24,2,1,1,37,40,-3,47.1,37.2,9.9,0,0,0,0
474,c93231dc,19,1081,12,12,5,7,12,1,7,13,-6,12.9,21.7,-8.8,0,0,0,0
475,c9cb972b,4,360,4,4,4,0,31,2,5,1,4,4.9,3.2,1.7,0,0,0,0
476,c9e39d91,31,2349,26,27,19,4,3,0,34,44,-10,28.5,42.2,-13.7,0,0,0,0
477,cac2537b,36,2836,31,31,23,5,0,1,51,51,0,47.4,61.4,-14.0,0,0,0,0
478,cacadf4f,28,2389,26,27,24,1,6,0,33,48,-15,33.1,41.2,-8.1,0,0,0,0
479,cb574619,35,3092,34,35,33,0,0,1,48,53,-5,42.9,53.1,-10.2,0,0,0,0
480,cba84991,0,0,0,0,0,0,5,0,0,0,0,0.0,0.0,0.0,0,0,0,0
481,cc1c5035,0,0,0,0,0,0,9,0,0,0,0,0.0,0.0,0.0,0,0,0,0
482,ccaa5728,8,492,5,5,1,3,2,1,6,4,2,6.8,7.5,-0.7,0,0,0,0
483,cce181df,19,1245,13,14,10,5,4,1,12,13,-1,17.8,14.0,3.8,0,0,0,0
484,cda0b317,5,450,5,5,5,0,33,1,4,5,-1,8.0,5.9,2.0,0,0,0,0
485,cde52ef5,0,0,0,0,0,0,1,0,0,0,0,0.0,0.0,0.0,0,0,0,0
486,cfd8d664,22,1609,17,18,15,4,10,1,22,14,8,22.3,20.4,1.9,0,0,0,0
487,d04b94db,26,1600,17,20,13,6,11,2,38,17,21,31.4,20.2,11.2,0,0,0,0
488,d080ed5e,29,2055,22,24,14,5,1,1,27,29,-2,31.7,30.8,0.9,0,0,0,0
489,d0d79694,9,587,6,7,5,2,4,1,11,8,3,10.4,9.5,0.9,0,0,0,0
490,d1491e00,15,513,5,5,0,10,5,1,4,10,-6,8.1,10.4,-2.3,0,0,0,0
491,d2110326,22,1580,17,16,16,6,9,1,28,18,10,30.3,25.7,4.6,0,0,0,0
492,d2ac648c,7,389,4,5,2,2,10,1,5,6,-1,4.4,5.9,-1.5,0,0,0,0
493,d2be40f2,21,1677,18,20,13,1,5,1,25,18,7,31.8,23.7,8.1,0,0,0,0
494,d2fa73e7,3,20,0,0,0,3,5,1,1,1,0,0.2,0.3,-0.1,0,0,0,0
495,d3298c99,22,657,7,4,2,18,4,0,8,14,-6,9.6,11.4,-1.8,0,0,0,0
496,d4931a5a,17,642,7,7,0,10,14,2,11,4,7,9.1,5.2,3.9,0,0,0,0
497,d4c9725f,24,1976,22,22,19,2,3,1,26,30,-4,27.0,27.8,-0.8,0,0,0,0
498,d4ef9ac5,21,1763,19,21,17,0,3,1,34,25,9,28.2,37.5,-9.4,0,0,0,0
499,d4f46475,6,320,3,4,2,2,6,1,3,6,-3,2.5,5.6,-3.1,0,0,0,0
500,d66b9872,9,425,4,5,1,4,3,1,5,5,0,4.3,5.4,-1.0,0,0,0,0
501,d70a2141,31,2763,30,31,30,0,3,0,34,60,-26,38.2,48.0,-9.8,0,0,0,0
502,d70a3661,2,69,0,0,0,2,4,0,0,2,-2,0.9,0.8,0.1,0,0,0,0
503,d70ce98e,34,2713,30,29,28,5,0,2,75,25,50,60.4,34.6,25.8,0,0,0,0
504,d717630e,10,773,8,9,5,1,11,1,7,12,-5,9.5,8.7,0.8,0,0,0,0
505,d7553721,32,2397,26,27,19,5,1,1,35,39,-4,35.7,34.7,1.0,0,0,0,0
506,d7752b89,0,0,0,0,0,0,1,0,0,0,0,0.0,0.0,0.0,0,0,0,0
507,d79afcfc,14,670,7,8,0,6,2,1,11,8,3,9.5,9.6,0.0,0,0,0,0
508,d83bbc54,32,2354,26,26,18,6,5,1,41,27,14,46.6,32.9,13.7,0,0,0,0
509,d83f09ff,8,544,6,5,3,3,4,1,11,9,2,10.1,8.1,2.0,0,0,0,0
510,d8712bf9,29,1364,15,14,7,15,8,0,16,31,-15,19.4,27.2,-7.800000000000001,0,0,0,0
511,d87e2cae,31,2367,26,28,18,3,2,1,34,27,7,35.7,31.5,4.3,0,0,0,0
512,d91b8b16,0,0,0,0,0,0,1,0,0,0,0,0.0,0.0,0.0,0,0,0,0
513,d9764034,23,2008,22,22,21,1,5,1,27,26,1,25.3,31.5,-6.2,0,0,0,0
514,d9bda115,21,1222,13,13,6,8,3,1,20,15,5,19.6,16.7,2.9,0,0,0,0
515,d9faee7e,0,0,0,0,0,0,3,0,0,0,0,0.0,0.0,0.0,0,0,0,0
516,da27e268,35,3112,34,35,31,0,1,1,46,44,2,44.8,48.3,-3.4,0,0,0,0
517,db750822,20,753,8,5,1,15,10,2,15,6,9,12.5,10.5,2.0,0,0,0,0
518,db8f0eba,36,2282,25,27,9,9,1,0,25,41,-16,31.9,41.8,-9.9,0,0,0,0
519,dbe519cf,30,1863,20,18,16,12,6,1,19,36,-17,24.5,36.8,-12.3,0,0,0,0
520,ddd5348b,1,6,0,0,0,1,0,0,0,0,0,0.0,0.0,0.0,0,0,0,0
521,de7d40d6,21,1754,19,21,17,0,2,0,27,34,-7,21.3,32.9,-11.6,0,0,0,0
522,debc6b55,18,597,6,4,2,14,13,0,6,9,-3,9.3,7.7,1.6,0,0,0,0
523,dee86451,30,2385,26,26,20,4,0,1,32,37,-5,31.3,38.3,-7.0,0,0,0,0
524,def69cd0,4,242,2,3,1,1,4,1,1,1,0,1.4,1.8,-0.4,0,0,0,0
525,df69b544,37,3198,35,37,31,0,0,1,52,29,23,44.5,38.8,5.7,0,0,0,0
526,df8b52a5,6,317,3,4,2,2,6,1,5,8,-3,3.6,6.4,-2.8,0,0,0,0
527,e1820276,0,0,0,0,0,0,1,0,0,0,0,0.0,0.0,0.0,0,0,0,0
528,e1cbb531,31,2489,27,27,21,4,2,1,37,41,-4,33.0,43.9,-11.0,0,0,0,0
529,e1cea3f7,19,795,8,10,0,9,4,1,8,12,-4,9.4,13.6,-4.2,0,0,0,0
530,e1deea75,24,2130,23,24,22,0,2,2,49,23,26,45.9,26.1,19.8,0,0,0,0
531,e208bcc8,9,318,3,3,1,6,4,1,5,10,-5,4.5,9.3,-4.7,0,0,0,0
532,e29d1111,35,3150,35,35,35,0,0,1,32,45,-13,37.4,53.5,-16.1,0,0,0,0
533,e2e9c250,35,2647,29,30,21,5,3,1,42,42,0,43.8,38.9,4.9,0,0,0,0
534,e3993b65,11,170,1,0,0,11,7,0,2,5,-3,1.6,2.6,-1.0,0,0,0,0
535,e3fabb0a,16,1061,11,12,4,4,1,1,19,9,10,15.9,13.9,1.9,0,0,0,0
536,e49ce451,30,2198,24,26,15,4,4,1,35,45,-10,34.7,41.4,-6.8,0,0,0,0
537,e4b8c5b6,3,211,2,2,1,1,0,0,2,6,-4,2.5,4.6,-2.1,0,0,0,0
538,e4ed2628,27,2030,22,24,15,3,2,1,33,18,15,23.5,24.7,-1.2,0,0,0,0
539,e54bd0a2,28,2340,26,27,23,1,1,1,26,34,-8,29.9,37.8,-7.9,0,0,0,0
540,e6bc67d7,25,1465,16,18,5,7,1,1,26,10,16,22.9,13.8,9.2,0,0,0,0
541,e778654a,16,1154,12,14,8,2,1,1,14,18,-4,14.2,20.2,-6.0,0,0,0,0
542,e7ab4179,21,1632,18,20,12,1,6,1,23,35,-12,23.7,36.7,-13.0,0,0,0,0
543,e7f4603c,33,2629,29,30,19,3,0,1,31,38,-7,32.6,39.5,-6.9,0,0,0,0
544,e82d2807,11,161,1,0,0,11,2,1,2,2,0,2.0,3.6,-1.6,0,0,0,0
545,e897d8ba,30,1298,14,15,3,15,4,1,14,22,-8,20.7,16.6,4.2,0,0,0,0
546,e98f3a6a,1,90,1,1,1,0,2,0,1,4,-3,2.1,2.8,-0.7,0,0,0,0
547,e9fbcc21,1,1,0,0,0,1,8,3,0,0,0,0.0,0.0,0.0,0,0,0,0
548,ea6a7ab4,8,191,2,2,1,6,8,0,2,4,-2,2.8,4.0,-1.2,0,0,0,0
549,eac95b4e,0,0,0,0,0,0,1,0,0,0,0,0.0,0.0,0.0,0,0,0,0
550,ead61f73,0,0,0,0,0,0,4,0,0,0,0,0.0,0.0,0.0,0,0,0,0
551,eb2fe5b6,6,123,1,1,0,5,9,1,4,5,-1,1.7,2.2,-0.6,0,0,0,0
552,ecada4fc,10,900,10,10,10,0,24,2,17,8,9,16.4,7.5,8.9,0,0,0,0
553,ecd8c01e,27,1800,20,23,4,4,2,1,29,29,0,28.3,36.9,-8.6,0,0,0,0
554,ed239245,16,1258,14,14,11,2,5,0,18,27,-9,19.7,27.5,-7.7,0,0,0,0
555,ed5c5fa3,30,1517,16,16,9,14,6,1,24,31,-7,19.2,29.2,-9.9,0,0,0,0
556,ee8508c0,37,3330,37,37,37,0,0,2,53,27,26,45.4,39.2,6.2,0,0,0,0
557,ee923664,4,220,2,2,2,2,15,0,1,6,-5,1.6,5.7,-4.1,0,0,0,0
558,ef322658,31,2335,25,27,19,4,0,1,31,40,-9,33.9,33.5,0.5,0,0,0,0
559,f03f284b,21,1819,20,21,20,0,0,1,24,29,-5,26.4,30.6,-4.2,0,0,0,0
560,f090a37a,2,156,1,2,1,0,2,0,0,2,-2,1.5,2.1,-0.6,0,0,0,0
561,f0da930c,21,1772,19,19,17,2,4,2,29,12,17,27.2,21.1,6.0,0,0,0,0
562,f11fe861,23,1701,18,18,17,5,7,1,25,15,10,25.5,21.0,4.5,0,0,0,0
563,f1887f53,4,112,1,1,1,3,9,0,2,5,-3,1.9,3.1,-1.2,0,0,0,0
564,f1bed920,7,484,5,5,5,2,10,1,5,6,-1,6.1,7.2,-1.1,0,0,0,0
565,f20fce1b,0,0,0,0,0,0,1,0,0,0,0,0.0,0.0,0.0,0,0,0,0
566,f2308b33,30,2700,30,30,30,0,1,1,33,34,-1,32.8,32.6,0.2,0,0,0,0
567,f240be08,0,0,0,0,0,0,4,0,0,0,0,0.0,0.0,0.0,0,0,0,0
568,f2a68b97,13,1023,11,12,10,1,5,0,9,16,-7,12.5,15.9,-3.4,0,0,0,0
569,f3112790,25,2023,22,24,18,1,3,1,21,22,-1,22.6,21.4,1.2,0,0,0,0
570,f3b1d9a2,15,1002,11,13,2,2,0,1,13,10,3,15.1,10.7,4.4,0,0,0,0
571,f4b7f2ec,2,38,0,0,0,2,1,0,0,0,0,0.1,1.8,-1.7,0,0,0,0
572,f4ec4fd0,3,239,2,3,2,0,7,1,1,2,-1,3.0,2.3,0.7,0,0,0,0
573,f6798fc3,32,2861,31,32,31,0,1,1,33,43,-10,38.8,42.5,-3.7,0,0,0,0
574,f69d934e,8,647,7,7,6,1,16,0,6,14,-8,6.2,11.9,-5.7,0,0,0,0
575,f6ac68c1,18,1398,15,17,14,1,4,2,22,12,10,18.3,15.2,3.1,0,0,0,0
576,f6d651a5,0,0,0,0,0,0,9,0,0,0,0,0.0,0.0,0.0,0,0,0,0
577,f7c491f1,0,0,0,0,0,0,2,0,0,0,0,0.0,0.0,0.0,0,0,0,0
578,f7dc2ae5,27,2254,25,24,22,3,3,1,28,35,-7,32.9,34.8,-1.9,0,0,0,0
579,f8eca1b6,33,2148,23,24,11,9,1,1,26,30,-4,27.1,34.5,-7.4,0,0,0,0
580,fa937f7a,32,2667,29,32,18,0,0,1,51,33,18,53.3,34.1,19.2,0,0,0,0
581,faed84db,0,0,0,0,0,0,2,0,0,0,0,0.0,0.0,0.0,0,0,0,0
582,fb5d47b3,31,2599,28,30,26,1,3,1,34,36,-2,38.8,40.1,-1.3,0,0,0,0
583,fbd6378b,35,3059,34,34,32,1,1,1,40,46,-6,40.1,45.2,-5.1,0,0,0,0
584,fc4f85b1,30,2509,27,28,27,2,1,2,41,24,17,35.9,32.0,3.9,0,0,0,0
585,fc647b34,26,1764,19,22,8,4,5,1,19,33,-14,23.0,26.1,-3.0,0,0,0,0
586,fc70e345,21,1890,21,21,21,0,15,0,23,35,-12,25.6,30.1,-4.6,0,0,0,0
587,fc8b614b,29,1617,18,16,8,13,8,0,18,34,-16,27.1,28.4,-1.3,0,0,0,0
588,fd47b4f2,5,430,4,5,4,0,6,0,4,11,-7,4.4,7.0,-2.5,0,0,0,0
589,fd51b456,31,1510,16,15,9,16,3,1,30,18,12,30.3,18.2,12.2,0,0,0,0
590,fd771f95,19,1402,15,16,8,3,0,1,18,19,-1,16.4,16.2,0.2,0,0,0,0
591,fd9c4805,25,844,9,8,1,17,7,0,13,14,-1,10.2,13.4,-3.2,0,0,0,0
592,fdd60087,25,1772,19,20,16,5,6,2,30,10,20,25.7,19.6,6.1,0,0,0,0
593,fed17f5a,31,2460,27,27,18,4,6,1,35,26,9,44.4,30.2,14.2,0,0,0,0
594,ffacd3d5,0,0,0,0,0,0,1,0,0,0,0,0.0,0.0,0.0,0,0,0,0
595,ffad706e,23,1948,21,21,18,2,7,1,25,33,-8,26.3,32.8,-6.5,0,0,0,0
