id,MP,Min,90s,Starts,Compl,Subs,unSub,PPM,onG,onGA,+/-,onxG,onxGA,xG+/-,MinGK,MPGK,StartsGK,90sGK
004d185e,32,1632,18,18,3,14,5,1,21,22,-1,18.4,27.6,-9.1,0,0,0,0
0076ab7f,21,1046,11,9,5,12,13,1,8,9,-1,10.3,12.6,-2.3,0,0,0,0
00b28772,35,2936,32,34,26,1,1,0,25,37,-12,23.4,31.9,-8.5,0,0,0,0
0107757e,0,0,0,0,0,0,14,0,0,0,0,0.0,0.0,0.0,0,0,0,0
014b57f5,0,0,0,0,0,0,5,0,0,0,0,0.0,0.0,0.0,0,0,0,0
01bbb0ad,0,0,0,0,0,0,4,0,0,0,0,0.0,0.0,0.0,0,0,0,0
01d45441,0,0,0,0,0,0,1,0,0,0,0,0.0,0.0,0.0,0,0,0,0
01da7812,15,856,9,9,2,6,1,0,12,19,-7,11.5,19.0,-7.5,0,0,0,0
01eb744d,36,1856,20,21,5,15,0,1,39,21,18,31.3,16.2,15.1,0,0,0,0
02319ad7,22,672,7,4,0,18,3,0,5,9,-4,5.8,9.6,-3.9,0,0,0,0
02c15616,29,2447,27,29,20,0,0,1,40,26,14,34.0,24.9,9.1,0,0,0,0
02d2c436,16,1366,15,15,15,1,0,1,15,13,2,20.0,13.9,6.1,0,0,0,0
02ef8778,34,2914,32,33,19,1,0,1,37,44,-7,32.8,42.8,-10.0,0,0,0,0
03049c8c,25,1481,16,18,6,7,3,1,14,20,-6,13.7,19.5,-5.7,0,0,0,0
030ef8d6,3,20,0,0,0,3,5,1,2,0,2,1.5,0.3,1.2,0,0,0,0
036bba5f,14,1105,12,12,10,2,0,1,10,12,-2,14.6,12.7,1.9,0,0,0,0
037dbd30,26,1971,21,22,13,4,9,1,31,40,-9,33.6,28.9,4.7,0,0,0,0
039ae103,0,0,0,0,0,0,36,0,0,0,0,0.0,0.0,0.0,0,0,0,0
03efb75e,0,0,0,0,0,0,1,0,0,0,0,0.0,0.0,0.0,0,0,0,0
04965583,31,1901,21,21,9,10,1,1,21,34,-13,19.9,31.9,-12.0,0,0,0,0
04ac8285,17,1457,16,17,16,0,12,1,22,29,-7,19.3,23.8,-4.5,1457,17,17,16
04e17fd5,23,1277,14,15,3,8,2,1,13,5,8,16.7,12.8,3.9,0,0,0,0
05439de2,30,2642,29,30,27,0,0,2,60,26,34,53.3,31.4,21.9,0,0,0,0
056269d7,19,894,9,9,3,10,16,1,13,10,3,14.0,8.1,5.8,0,0,0,0
068f4dec,8,207,2,1,0,7,13,1,2,2,0,3.7,2.7,0.9,0,0,0,0
070a3904,36,3125,34,36,25,0,0,1,39,49,-10,32.8,47.0,-14.2,0,0,0,0
0959c2a2,31,1833,20,19,11,12,2,2,44,19,25,38.0,24.0,14.0,0,0,0,0
09a9e921,17,513,5,4,1,13,16,0,7,10,-3,6.6,8.0,-1.4,0,0,0,0
0a69de7b,0,0,0,0,0,0,11,0,0,0,0,0.0,0.0,0.0,0,0,0,0
0a8fd9cb,5,68,0,1,0,4,15,2,1,0,1,0.5,0.1,0.4,0,0,0,0
0abc51f2,32,2683,29,31,26,1,3,1,26,32,-6,22.6,31.8,-9.2,0,0,0,0
0ac94a23,17,563,6,5,0,12,12,1,12,9,3,10.5,10.2,0.3,0,0,0,0
0ae4e09a,29,2115,23,25,12,4,0,1,27,42,-15,27.6,33.2,-5.5,0,0,0,0
0b2c8585,31,1627,18,17,8,14,5,1,16,17,-1,13.9,26.0,-12.1,0,0,0,0
0b90bb97,33,2367,26,30,14,3,0,1,28,26,2,26.3,30.8,-4.5,0,0,0,0
0ba976e4,10,336,3,3,0,7,0,1,8,4,4,4.3,3.3,1.0,0,0,0,0
0bc4e720,20,468,5,2,0,18,17,0,9,16,-7,6.5,12.2,-5.6,0,0,0,0
0c2ac3cb,17,1050,11,13,0,4,0,1,10,10,0,15.6,9.9,5.7,0,0,0,0
0c717ae6,1,75,0,1,0,0,4,1,0,1,-1,0.4,0.8,-0.5,0,0,0,0
0cadc46d,16,1438,16,16,15,0,0,1,18,28,-10,18.2,21.3,-3.1,0,0,0,0
0cb29e91,15,918,10,10,5,5,0,0,12,23,-11,9.7,18.8,-9.1,0,0,0,0
0d9b2d31,12,885,9,10,4,2,0,2,28,9,19,23.4,9.1,14.3,0,0,0,0
0e4fef6e,33,2725,30,32,22,1,2,1,27,36,-9,28.0,30.9,-2.9,0,0,0,0
0e50f929,10,266,3,3,0,7,24,0,1,6,-5,2.2,4.2,-2.0,0,0,0,0
0e5ddc7c,28,1063,11,11,1,17,5,0,18,28,-10,19.6,20.6,-1.0,0,0,0,0
0ef89a37,12,503,5,5,0,7,4,1,7,7,0,10.6,6.7,3.9,0,0,0,0
0f7dbaf6,0,0,0,0,0,0,27,0,0,0,0,0.0,0.0,0.0,0,0,0,0
10072610,17,1456,16,17,16,0,11,1,30,19,11,24.1,19.4,4.7,1456,17,17,16
103d9525,0,0,0,0,0,0,3,0,0,0,0,0.0,0.0,0.0,0,0,0,0
106c142c,15,813,9,8,3,7,20,1,7,12,-5,7.1,10.4,-3.2,0,0,0,0
11184fa7,0,0,0,0,0,0,7,0,0,0,0,0.0,0.0,0.0,0,0,0,0
112521d1,31,2720,30,31,27,0,0,1,34,40,-6,29.0,38.6,-9.6,0,0,0,0
117cd0a8,0,0,0,0,0,0,2,0,0,0,0,0.0,0.0,0.0,0,0,0,0
11b9265b,24,1223,13,13,3,11,3,1,19,9,10,22.3,14.5,7.7,0,0,0,0
11fd2b75,32,2493,27,30,15,2,2,1,28,39,-11,23.4,40.8,-17.4,0,0,0,0
12c50af5,38,2819,31,33,13,5,0,1,39,38,1,34.6,40.6,-6.0,0,0,0,0
132ac341,15,1159,12,12,11,3,6,1,16,22,-6,15.2,20.9,-5.8,0,0,0,0
13619663,0,0,0,0,0,0,10,0,0,0,0,0.0,0.0,0.0,0,0,0,0
13b618ce,0,0,0,0,0,0,1,0,0,0,0,0.0,0.0,0.0,0,0,0,0
14e05913,0,0,0,0,0,0,7,0,0,0,0,0.0,0.0,0.0,0,0,0,0
15937e17,8,408,4,5,2,3,8,1,5,6,-1,4.8,5.5,-0.7,0,0,0,0
162efffd,36,2151,23,24,9,12,1,1,43,24,19,37.0,20.0,17.0,0,0,0,0
16aa3654,28,1605,17,17,3,11,1,1,20,33,-13,19.9,22.8,-2.9,0,0,0,0
16e9d0ea,30,2404,26,28,22,2,2,1,49,30,19,41.0,31.9,9.2,0,0,0,0
174651c8,7,341,3,3,1,4,8,0,0,7,-7,1.5,7.3,-5.8,0,0,0,0
174f09a6,0,0,0,0,0,0,3,0,0,0,0,0.0,0.0,0.0,0,0,0,0
17a1299d,1,90,1,1,1,0,33,1,1,1,0,0.9,0.5,0.4,90,1,1,1
1827a42d,9,276,3,3,2,6,25,1,1,4,-3,3.9,3.6,0.3,0,0,0,0
1840e36d,36,3240,36,36,36,0,1,2,79,29,50,69.0,38.9,30.1,3240,36,36,36
18abe173,32,2637,29,30,24,2,3,1,35,31,4,34.1,33.1,1.0,0,0,0,0
18f0a9f0,1,1,0,0,0,1,1,3,0,0,0,0.0,0.0,0.0,0,0,0,0
191a897a,0,0,0,0,0,0,2,0,0,0,0,0.0,0.0,0.0,0,0,0,0
19709006,29,1360,15,13,2,16,8,3,17,11,6,16.1,12.1,4.0,0,0,0,0
19b776e9,34,1875,20,19,9,15,3,4,18,31,-13,24.6,28.9,-4.3,0,0,0,0
19c36442,34,2773,30,33,21,1,0,1,37,45,-8,30.0,46.5,-16.5,0,0,0,0
19cae58d,34,2316,25,28,11,6,2,1,44,27,17,41.0,19.8,21.2,0,0,0,0
1bacc518,32,2476,27,30,17,2,1,2,49,30,19,43.1,24.2,18.9,0,0,0,0
1bc432b7,5,131,1,1,0,4,20,0,1,5,-4,1.2,2.5,-1.3,0,0,0,0
1bda5842,37,1590,17,17,1,20,1,1,17,16,1,22.9,19.0,3.9,0,0,0,0
1c2c55fc,19,1397,15,16,11,3,11,1,17,15,2,10.5,17.9,-7.4,0,0,0,0
1c5d79e2,3,54,0,0,0,3,0,1,0,2,-2,0.4,1.8,-1.4,0,0,0,0
1c772b46,0,0,0,0,0,0,1,0,0,0,0,0.0,0.0,0.0,0,0,0,0
1c96ad85,4,186,2,2,0,2,6,1,7,4,3,3.4,2.6,0.8,0,0,0,0
1ccd3dae,3,27,0,0,0,3,1,2,1,0,1,0.9,0.5,0.4,0,0,0,0
1d1691ad,0,0,0,0,0,0,2,0,0,0,0,0.0,0.0,0.0,0,0,0,0
1daec722,1,23,0,0,0,1,0,0,0,0,0,0.7,0.0,0.7,0,0,0,0
1e524738,0,0,0,0,0,0,1,0,0,0,0,0.0,0.0,0.0,0,0,0,0
1ea5f91c,14,587,6,6,3,8,10,0,9,12,-3,6.5,9.0,-2.5,0,0,0,0
1f079188,7,132,1,1,0,6,18,1,1,0,1,4.5,1.1,3.4,0,0,0,0
1f1c8a15,7,201,2,2,0,5,4,0,1,4,-3,1.9,3.3,-1.4,0,0,0,0
1f462f95,8,560,6,6,4,2,12,1,8,5,3,5.2,7.2,-1.9,0,0,0,0
1f875ef8,0,0,0,0,0,0,3,0,0,0,0,0.0,0.0,0.0,0,0,0,0
1fc474ae,9,365,4,3,1,6,8,0,2,9,-7,3.9,5.7,-1.9,0,0,0,0
1fe0492d,34,2621,29,31,19,3,0,0,25,44,-19,30.1,40.0,-9.9,0,0,0,0
1fe67e86,26,2027,22,23,19,3,11,1,25,23,2,27.9,25.6,2.2,0,0,0,0
200e89e1,11,547,6,6,0,5,1,1,5,8,-3,5.9,6.8,-0.8,0,0,0,0
20b73779,0,0,0,0,0,0,1,0,0,0,0,0.0,0.0,0.0,0,0,0,0
211589b8,0,0,0,0,0,0,2,0,0,0,0,0.0,0.0,0.0,0,0,0,0
21512407,15,976,10,12,7,3,1,1,13,13,0,12.8,7.9,4.9,0,0,0,0
22371dee,0,0,0,0,0,0,1,0,0,0,0,0.0,0.0,0.0,0,0,0,0
228b0d9d,20,1342,14,15,9,5,11,1,19,18,1,21.9,17.4,4.5,0,0,0,0
2327c29e,0,0,0,0,0,0,1,0,0,0,0,0.0,0.0,0.0,0,0,0,0
237a3851,12,519,5,5,0,7,4,1,7,5,2,7.0,7.4,-0.3,0,0,0,0
23b6ab66,0,0,0,0,0,0,1,0,0,0,0,0.0,0.0,0.0,0,0,0,0
23fffc06,0,0,0,0,0,0,3,0,0,0,0,0.0,0.0,0.0,0,0,0,0
240d3a0b,32,2177,24,27,6,5,2,1,25,22,3,28.5,24.5,4.0,0,0,0,0
244bc2c8,25,1269,14,13,3,12,4,1,22,9,13,25.4,15.5,9.9,0,0,0,0
2462ec90,0,0,0,0,0,0,4,0,0,0,0,0.0,0.0,0.0,0,0,0,0
24ade474,0,0,0,0,0,0,1,0,0,0,0,0.0,0.0,0.0,0,0,0,0
253a06b9,36,1870,20,22,2,14,0,1,20,22,-2,18.4,27.0,-8.6,0,0,0,0
255f7a08,0,0,0,0,0,0,1,0,0,0,0,0.0,0.0,0.0,0,0,0,0
2683eda7,30,2245,24,26,10,4,0,0,26,38,-12,22.2,33.9,-11.7,0,0,0,0
274ab13c,36,3240,36,36,36,0,0,1,39,46,-7,41.6,45.6,-4.0,0,0,0,0
27581509,0,0,0,0,0,0,2,0,0,0,0,0.0,0.0,0.0,0,0,0,0
2784f898,34,3031,33,34,32,0,2,2,63,30,33,60.7,38.8,21.9,0,0,0,0
27a013f7,34,2617,29,29,24,5,3,1,32,30,2,30.3,32.0,-1.7,0,0,0,0
27dc1378,29,2012,22,23,14,6,5,1,29,39,-10,36.2,30.9,5.3,0,0,0,0
2887b127,0,0,0,0,0,0,1,0,0,0,0,0.0,0.0,0.0,0,0,0,0
2946f9a1,28,1555,17,17,14,11,8,2,42,19,23,35.6,25.2,10.4,0,0,0,0
29b61deb,27,1366,15,17,0,10,3,0,9,26,-17,12.2,21.4,-9.2,0,0,0,0
2a0c8ba4,36,2514,27,31,11,5,1,1,38,21,17,31.4,25.8,5.6,0,0,0,0
2a9f6b4d,6,301,3,4,1,2,2,2,6,3,3,6.1,3.0,3.2,0,0,0,0
2ad0e5e5,14,317,3,3,1,11,17,1,3,6,-3,2.5,5.4,-2.9,0,0,0,0
2ae026d4,0,0,0,0,0,0,2,0,0,0,0,0.0,0.0,0.0,0,0,0,0
2ae30661,7,186,2,1,0,6,13,1,0,4,-4,1.8,5.5,-3.7,0,0,0,0
2bc7f211,0,0,0,0,0,0,16,0,0,0,0,0.0,0.0,0.0,0,0,0,0
2bea832e,1,9,0,0,0,1,2,1,0,0,0,0.3,0.2,0.1,0,0,0,0
2bed3eab,26,2039,22,23,16,3,7,2,46,20,26,42.1,21.7,20.4,0,0,0,0
2bef2bca,30,2272,25,25,22,5,1,2,48,29,19,42.2,23.8,18.4,0,0,0,0
2bf3c2c8,0,0,0,0,0,0,1,0,0,0,0,0.0,0.0,0.0,0,0,0,0
2c56a792,27,1114,12,12,2,15,4,2,21,10,11,21.5,12.8,8.6,0,0,0,0
2cfb6e88,0,0,0,0,0,0,1,0,0,0,0,0.0,0.0,0.0,0,0,0,0
2dce876a,1,24,0,0,0,1,14,1,0,0,0,0.0,0.1,0.0,0,0,0,0
2e3f3462,0,0,0,0,0,0,3,0,0,0,0,0.0,0.0,0.0,0,0,0,0
2fa2a875,0,0,0,0,0,0,35,3,4,3,1,0.0,0.0,0.0,0,0,0,0
2fbe6af0,5,178,2,2,0,3,20,2,4,1,3,2.4,0.8,1.6,0,0,0,0
30061f53,1,90,1,1,1,0,13,0,2,3,-1,2.6,0.9,1.6,90,1,1,1
3024e383,23,1083,12,12,4,11,12,1,14,20,-6,13.6,22.0,-8.4,0,0,0,0
3061e1ec,2,180,2,2,2,0,32,0,1,2,-1,2.6,5.0,-2.4,180,2,2,2
30670b0e,0,0,0,0,0,0,17,0,0,0,0,0.0,0.0,0.0,0,0,0,0
31f5b89b,8,516,5,6,2,2,19,1,7,3,4,5.8,4.6,1.3,0,0,0,0
3239a8ed,0,0,0,0,0,0,4,0,0,0,0,0.0,0.0,0.0,0,0,0,0
32974271,32,1710,19,20,3,12,3,1,21,25,-4,21.5,18.6,3.0,0,0,0,0
32c0491f,6,322,3,3,0,3,4,2,7,9,-2,4.7,9.2,-4.5,0,0,0,0
3318286e,35,3136,34,35,34,0,2,1,43,55,-12,36.6,56.2,-19.6,3136,35,35,34
3341009a,0,0,0,0,0,0,2,0,0,0,0,0.0,0.0,0.0,0,0,0,0
335039a2,32,1644,18,17,8,15,5,1,22,24,-2,16.6,29.3,-12.6,0,0,0,0
335fa267,9,400,4,4,0,5,1,1,7,7,0,6.2,4.9,1.2,0,0,0,0
3376a776,18,1098,12,11,9,7,4,2,19,8,11,12.8,10.3,2.4,0,0,0,0
33a61a52,19,1514,16,18,13,1,5,0,16,37,-21,18.1,23.1,-5.0,0,0,0,0
33d2c795,0,0,0,0,0,0,18,0,0,0,0,0.0,0.0,0.0,0,0,0,0
34269bdf,29,1412,15,13,6,16,2,1,11,19,-8,17.4,14.9,2.4,0,0,0,0
34caa4b3,17,1029,11,13,3,4,20,2,15,12,3,19.1,9.5,9.6,0,0,0,0
34e393f2,32,2529,28,29,23,3,3,1,49,26,23,41.0,28.9,12.2,0,0,0,0
3521abfe,8,344,3,3,2,5,24,2,6,2,4,5.9,5.0,0.9,0,0,0,0
355c883a,24,1616,18,17,11,7,13,0,13,31,-18,16.7,26.7,-10.1,0,0,0,0
3594a357,7,219,2,1,0,6,17,1,3,4,-1,3.4,3.3,0.1,0,0,0,0
35a6e5c7,7,108,1,0,0,7,4,1,0,3,-3,2.2,1.4,0.8,0,0,0,0
35d4f151,4,150,1,1,1,3,4,1,2,3,-1,1.0,3.5,-2.5,0,0,0,0
360d70f8,6,177,2,1,0,5,7,1,1,8,-7,1.6,3.8,-2.2,0,0,0,0
3624ce4c,22,1500,16,18,10,4,11,1,22,32,-10,17.3,28.5,-11.2,0,0,0,0
365113c0,11,512,5,5,2,6,9,0,9,17,-8,9.4,10.6,-1.2,0,0,0,0
3672b352,26,879,9,9,1,17,12,1,13,16,-3,9.8,16.6,-6.8,0,0,0,0
374d5158,18,1066,11,15,6,3,12,1,16,11,5,10.6,11.7,-1.1,0,0,0,0
374ee424,35,3150,35,35,35,0,3,1,34,32,2,47.2,33.1,14.1,3150,35,35,35
375ed9d7,10,257,2,2,0,8,6,0,2,5,-3,2.0,5.0,-3.0,0,0,0,0
379652be,21,990,11,14,0,7,17,0,16,20,-4,12.6,15.3,-2.8,0,0,0,0
37e103f8,31,1846,20,22,4,9,3,1,27,28,-1,20.700000000000003,21.9,-1.2000000000000002,0,0,0,0
37f1cf47,1,4,0,0,0,1,29,3,0,0,0,0.1,0.0,0.1,0,0,0,0
37f827ec,30,2552,28,29,25,1,4,1,29,40,-11,28.2,46.6,-18.5,0,0,0,0
38126309,4,117,1,1,0,3,14,0,2,5,-3,1.3,2.7,-1.5,0,0,0,0
3828f130,0,0,0,0,0,0,1,0,0,0,0,0.0,0.0,0.0,0,0,0,0
38699c72,31,1672,18,21,4,10,2,1,21,25,-4,20.3,21.2,-0.9,0,0,0,0
38b0cf42,5,132,1,1,0,4,16,0,0,2,-2,2.0,1.1,0.9,0,0,0,0
38ce1150,25,1760,19,20,8,5,0,0,23,43,-20,22.4,27.1,-4.7,0,0,0,0
3902e91b,29,1692,18,20,6,9,1,0,25,39,-14,24.8,27.1,-2.3,0,0,0,0
3a58d075,10,181,2,1,0,9,14,0,5,5,0,2.9,5.3,-2.4,0,0,0,0
3a9c4b7b,35,2902,32,33,27,2,1,1,32,40,-8,33.0,35.9,-2.9,0,0,0,0
3aa4a3be,22,567,6,4,0,18,16,2,5,10,-5,6.199999999999999,7.0,-0.8,0,0,0,0
3aa74860,1,2,0,0,0,1,4,3,0,1,-1,0.0,0.1,-0.1,0,0,0,0
3b3cbebb,1,4,0,0,0,1,8,0,0,0,0,0.0,0.0,0.0,0,0,0,0
3c16d927,0,0,0,0,0,0,1,0,0,0,0,0.0,0.0,0.0,0,0,0,0
3c251970,0,0,0,0,0,0,1,0,0,0,0,0.0,0.0,0.0,0,0,0,0
3ca6106c,26,714,7,4,0,22,7,1,5,13,-8,11.1,13.1,-1.9,0,0,0,0
3cefcaef,22,1734,19,20,14,2,2,2,41,12,29,38.3,20.0,18.3,0,0,0,0
3d688b46,12,343,3,2,0,10,14,1,6,6,0,6.6,5.2,1.3,0,0,0,0
3d7e48ce,20,1065,11,11,2,9,7,1,14,9,5,11.8,12.4,-0.6,0,0,0,0
3d99999d,0,0,0,0,0,0,1,0,0,0,0,0.0,0.0,0.0,0,0,0,0
3da1b6ed,0,0,0,0,0,0,1,0,0,0,0,0.0,0.0,0.0,0,0,0,0
3e42f707,35,3105,34,35,34,0,1,1,37,45,-8,34.5,41.5,-7.0,0,0,0,0
3e707ad4,0,0,0,0,0,0,4,0,0,0,0,0.0,0.0,0.0,0,0,0,0
3ecc11d8,22,1860,20,21,20,1,6,1,20,20,0,27.4,19.5,7.9,0,0,0,0
3ee0dd59,36,2591,28,26,25,10,0,1,30,30,0,41.4,31.8,9.7,0,0,0,0
3eed9821,1,90,1,1,1,0,22,1,2,2,0,0.9,0.3,0.6,0,0,0,0
3f034750,0,0,0,0,0,0,1,0,0,0,0,0.0,0.0,0.0,0,0,0,0
3f10bd22,25,1786,19,19,14,6,0,1,29,16,13,25.3,20.2,5.2,0,0,0,0
3f2d59fe,11,658,7,8,5,3,1,0,5,12,-7,8.7,10.0,-1.2,0,0,0,0
3f79a1c8,17,1300,14,15,6,2,0,0,14,26,-12,16.0,21.9,-5.9,0,0,0,0
3fc45c73,27,2341,26,26,23,1,0,1,28,18,10,31.2,25.0,6.2,0,0,0,0
405f267a,23,1395,15,17,6,6,9,1,13,20,-7,15.0,21.1,-6.1,0,0,0,0
40883e3a,16,625,6,6,4,10,17,0,7,12,-5,9.5,9.9,-0.4,0,0,0,0
4112ace5,34,2383,26,29,13,5,0,1,28,26,2,34.2,27.7,6.6,0,0,0,0
411fabd7,7,99,1,0,0,7,11,0,1,1,0,2.5,1.0,1.5,0,0,0,0
41b3069f,16,1090,12,13,8,3,15,0,11,17,-6,10.0,14.3,-4.3,0,0,0,0
41c12f75,32,2803,31,32,28,0,0,1,24,28,-4,22.3,27.8,-5.6,0,0,0,0
41f32541,24,1850,20,21,17,3,0,2,29,17,12,21.7,19.2,2.5,0,0,0,0
42a028c5,6,197,2,2,0,4,14,0,4,6,-2,1.9,3.7,-1.9,0,0,0,0
43f71e77,35,1966,21,19,10,16,2,0,30,35,-5,27.0,33.3,-6.3,0,0,0,0
44150beb,10,381,4,4,3,6,25,2,8,4,4,7.8,4.5,3.3,0,0,0,0
4428c0fc,0,0,0,0,0,0,1,0,0,0,0,0.0,0.0,0.0,0,0,0,0
4442fbcd,6,118,1,0,0,6,26,1,1,3,-2,2.5,2.1,0.5,0,0,0,0
452c3055,16,578,6,7,1,9,18,1,11,14,-3,8.2,13.1,-4.9,0,0,0,0
4535e4bb,3,270,3,3,3,0,32,2,6,5,1,4.3,5.6,-1.2,270,3,3,3
45736cec,0,0,0,0,0,0,3,0,0,0,0,0.0,0.0,0.0,0,0,0,0
45af8a54,31,1731,19,19,7,12,2,2,42,13,29,40.1,22.6,17.6,0,0,0,0
45e17712,31,2522,28,27,25,4,0,2,31,37,-6,26.3,31.8,-5.5,0,0,0,0
45f771db,1,9,0,0,0,1,5,0,0,0,0,0.0,0.6,-0.6,0,0,0,0
4601e194,30,2644,29,30,26,0,1,2,54,32,22,50.4,28.2,22.2,0,0,0,0
466824fb,25,758,8,8,1,17,12,1,11,15,-4,9.8,13.1,-3.4,0,0,0,0
46a8347f,21,914,10,10,4,11,10,1,18,12,6,15.5,9.0,6.5,0,0,0,0
4737cebe,33,1625,18,17,1,16,0,1,13,14,-1,22.6,16.9,5.7,0,0,0,0
474ecac8,13,848,9,10,6,3,7,1,13,23,-10,15.8,15.4,0.4,0,0,0,0
484ebdb0,8,162,1,1,0,7,8,0,4,5,-1,3.1,5.9,-2.8,0,0,0,0
487d9b09,16,1020,11,12,5,4,18,1,8,20,-12,6.3,18.4,-12.1,0,0,0,0
4887118d,11,434,4,5,0,6,10,1,4,6,-2,4.1,5.5,-1.4,0,0,0,0
48e89655,10,312,3,3,0,7,21,1,3,6,-3,2.1,7.2,-5.1,0,0,0,0
4958bfb2,24,1551,17,17,9,7,4,2,37,13,24,34.0,16.5,17.5,0,0,0,0
49d028db,21,1464,16,14,14,7,16,2,32,21,11,24.7,20.4,4.2,0,0,0,0
49dbab27,34,2288,25,27,7,7,1,1,25,26,-1,24.5,28.9,-4.4,0,0,0,0
4a478107,35,2719,30,31,20,4,0,0,41,54,-13,46.8,41.2,5.6,0,0,0,0
4a5f2032,1,58,0,1,0,0,17,0,1,4,-3,0.8,1.9,-1.1,0,0,0,0
4a633cfe,18,1408,15,15,14,3,18,0,10,18,-8,10.5,15.6,-5.1,0,0,0,0
4aa253fd,25,610,6,4,0,21,11,0,16,16,0,14.0,11.5,2.5,0,0,0,0
4ac7608e,28,1793,19,19,17,9,8,1,21,26,-5,17.2,35.6,-18.4,0,0,0,0
4accb7e0,35,2405,26,27,13,8,1,1,28,34,-6,24.9,31.7,-6.8,0,0,0,0
4bd414c1,28,2465,27,28,26,0,6,1,42,25,17,42.3,29.6,12.8,0,0,0,0
4c0a6a48,8,206,2,1,0,7,16,1,2,4,-2,4.2,2.8,1.4,0,0,0,0
4c2e9442,29,1956,21,21,9,8,0,1,27,28,-1,22.2,26.4,-4.2,0,0,0,0
4c2fa917,1,1,0,0,0,1,5,3,0,0,0,0.1,0.0,0.1,0,0,0,0
4c5b14d2,21,471,5,2,0,19,12,1,12,5,7,9.5,5.3,4.2,0,0,0,0
4cee5954,5,295,3,3,3,2,10,1,5,4,1,4.1,5.4,-1.3,0,0,0,0
4d034881,4,151,1,2,1,2,0,1,1,2,-1,3.4,1.7,1.7,0,0,0,0
4d1666ff,32,2736,30,31,28,1,0,1,45,25,20,35.3,32.0,3.3,0,0,0,0
4d224fe8,32,2569,28,31,22,1,2,2,52,23,29,50.0,33.3,16.7,0,0,0,0
4d753a3f,18,1282,14,15,12,3,11,0,15,20,-5,15.2,22.2,-7.1,0,0,0,0
4d8cd038,15,369,4,1,0,14,12,2,13,2,11,10.0,5.6,4.4,0,0,0,0
4dbd0916,24,1440,16,17,5,7,0,1,25,25,0,22.1,15.3,6.8,0,0,0,0
4dc1cd2c,0,0,0,0,0,0,6,0,0,0,0,0.0,0.0,0.0,0,0,0,0
4e219ad2,8,384,4,6,0,2,1,1,8,6,2,5.2,4.6,0.6,0,0,0,0
4e9548a4,0,0,0,0,0,0,2,0,0,0,0,0.0,0.0,0.0,0,0,0,0
4e9bcf57,0,0,0,0,0,0,18,0,0,0,0,0.0,0.0,0.0,0,0,0,0
4eae5bc4,1,6,0,0,0,1,36,3,1,0,1,0.2,0.1,0.0,6,1,0,0
4f28a6ff,21,826,9,7,5,14,14,1,13,12,1,11.8,8.9,2.8,0,0,0,0
505dce2b,1,1,0,0,0,1,9,3,1,0,1,0.4,0.0,0.4,0,0,0,0
506daeac,1,31,0,0,0,1,14,3,2,0,2,0.7,0.6,0.1,0,0,0,0
50cbc806,4,118,1,1,0,3,6,1,0,4,-4,1.3,4.3,-3.0,0,0,0,0
51a3c4c8,26,1504,16,15,13,11,8,2,32,25,7,25.8,17.8,8.0,0,0,0,0
532e1e4f,33,2855,31,33,30,0,1,1,54,33,21,54.5,37.2,17.3,0,0,0,0
53520a67,22,1303,14,17,1,5,11,0,9,19,-10,13.1,19.6,-6.4,0,0,0,0
540ec57b,31,1678,18,21,3,10,2,1,31,20,11,28.8,20.9,7.9,0,0,0,0
5496cc91,18,777,8,8,3,10,12,0,7,16,-9,11.8,13.0,-1.2,0,0,0,0
54a9bc73,0,0,0,0,0,0,4,0,0,0,0,0.0,0.0,0.0,0,0,0,0
55126f3b,31,2508,27,29,23,2,1,1,50,34,16,40.7,23.0,17.8,0,0,0,0
555f3a0b,26,1865,20,21,13,5,6,1,34,31,3,30.1,17.1,13.0,0,0,0,0
56545648,4,135,1,1,0,3,6,1,4,1,3,2.5,0.8,1.8,0,0,0,0
57be54ec,19,548,6,3,1,16,3,1,8,8,0,8.0,6.3,1.6,0,0,0,0
58a9a4d9,26,1008,11,11,1,15,3,1,19,16,3,11.4,13.6,-2.2,0,0,0,0
58afe001,31,2663,29,31,27,0,0,1,31,27,4,25.0,28.2,-3.2,0,0,0,0
58bc7d18,14,1260,14,14,14,0,20,0,12,17,-5,11.8,18.9,-7.2,1260,14,14,14
592f3158,35,2569,28,29,13,6,2,1,28,38,-10,30.3,35.0,-4.7,0,0,0,0
5932c94a,0,0,0,0,0,0,2,0,0,0,0,0.0,0.0,0.0,0,0,0,0
594f4607,0,0,0,0,0,0,1,0,0,0,0,0.0,0.0,0.0,0,0,0,0
5976f83e,21,1512,16,17,9,4,4,1,23,15,8,27.0,13.5,13.5,0,0,0,0
59b7d823,25,1925,21,22,18,3,8,1,19,23,-4,25.5,24.9,0.6,0,0,0,0
59c29820,0,0,0,0,0,0,5,0,0,0,0,0.0,0.0,0.0,0,0,0,0
5a626448,29,1286,14,13,4,16,8,1,20,14,6,22.9,17.3,5.6,0,0,0,0
5ab0ea87,36,3198,35,36,32,0,0,1,60,36,24,57.7,32.0,25.6,0,0,0,0
5acc4a10,30,2290,25,26,15,4,3,1,36,23,13,37.0,26.5,10.5,0,0,0,0
5ae499d0,35,2682,29,32,13,3,0,1,32,34,-2,34.8,34.7,0.1,0,0,0,0
5b28b2f6,31,1211,13,10,4,21,7,1,17,25,-8,14.8,22.7,-8.0,0,0,0,0
5c103e63,0,0,0,0,0,0,4,0,0,0,0,0.0,0.0,0.0,0,0,0,0
5c2b4f07,19,1010,11,10,8,9,2,1,22,12,10,23.1,16.1,6.9,0,0,0,0
5c4dc0ff,9,342,3,3,1,6,15,2,8,4,4,6.1,7.5,-1.4,0,0,0,0
5c7845f6,26,1648,18,19,12,7,7,1,17,25,-8,22.6,21.2,1.4,0,0,0,0
5c96b017,37,2375,26,30,1,7,1,1,25,36,-11,25.6,28.3,-2.7,0,0,0,0
5ca20b7a,24,1172,13,14,5,10,10,1,14,17,-3,15.0,15.9,-0.9,0,0,0,0
5ccc9672,5,188,2,2,0,3,13,1,0,4,-4,0.7,1.9,-1.2,0,0,0,0
5ce0b5ba,8,374,4,6,0,2,14,1,4,5,-1,6.0,2.6,3.4,0,0,0,0
5cec2487,6,518,5,6,5,0,8,1,9,8,1,7.1,7.8,-0.7,0,0,0,0
5d2b6df0,0,0,0,0,0,0,8,0,0,0,0,0.0,0.0,0.0,0,0,0,0
5db04597,35,2945,32,35,26,0,0,1,33,47,-14,30.5,41.7,-11.2,0,0,0,0
5dcf3e90,34,3060,34,34,34,0,0,1,38,31,7,45.4,33.1,12.3,3060,34,34,34
5e1028e5,33,1801,20,21,3,12,2,1,31,22,9,22.1,22.8,-0.7,0,0,0,0
5e95c000,2,180,2,2,2,0,12,1,3,2,1,3.2,3.4,-0.2,0,0,0,0
5f0241b2,14,1260,14,14,14,0,4,0,15,29,-14,16.7,19.2,-2.5,1260,14,14,14
5f5501ed,9,234,2,1,0,8,11,0,2,9,-7,1.4,3.6,-2.2,0,0,0,0
5fa714d5,2,41,0,0,0,2,3,3,0,0,0,0.5,0.2,0.3,0,0,0,0
6025fab1,28,2032,22,25,6,3,2,2,47,20,27,42.0,24.4,17.6,0,0,0,0
603116a7,12,525,5,5,2,7,12,2,10,0,10,9.2,4.2,5.1,0,0,0,0
605eb473,21,1890,21,21,21,0,13,1,25,31,-6,17.1,26.2,-9.1,1890,21,21,21
608f2092,33,2855,31,32,28,1,1,1,33,40,-7,28.4,49.1,-20.7,0,0,0,0
61220da2,20,1422,15,16,8,4,0,0,21,28,-7,20.6,21.6,-0.9,0,0,0,0
61b62b33,3,7,0,0,0,3,9,0,0,0,0,0.2,0.1,0.1,0,0,0,0
625c144a,32,2880,32,32,32,0,6,1,50,28,22,51.6,34.0,17.7,2880,32,32,32
6265208f,37,3122,34,35,30,2,0,0,30,58,-28,35.7,50.5,-14.9,0,0,0,0
63b0ca6b,34,2157,24,24,15,10,4,1,22,30,-8,25.7,28.8,-3.1,0,0,0,0
63f04c6c,28,1701,18,19,8,9,9,1,33,18,15,30.3,22.7,7.6,0,0,0,0
64035864,1,6,0,0,0,1,9,3,1,0,1,0.2,0.1,0.1,0,0,0,0
647d39d2,2,88,1,1,0,1,8,2,2,1,1,1.9,1.1,0.7,0,0,0,0
64e8ed6d,18,1044,11,11,2,7,0,1,13,10,3,11.0,9.5,1.5,0,0,0,0
6583a8a9,0,0,0,0,0,0,12,0,0,0,0,0.0,0.0,0.0,0,0,0,0
66116290,22,838,9,8,2,14,4,1,10,12,-2,12.1,13.4,-1.4,0,0,0,0
6644712a,0,0,0,0,0,0,3,0,0,0,0,0.0,0.0,0.0,0,0,0,0
6652cf96,22,1688,18,20,8,2,1,1,21,21,0,19.3,20.4,-1.1,0,0,0,0
66654daa,14,1073,11,12,10,2,2,0,10,21,-11,12.6,21.2,-8.6,0,0,0,0
6763373d,22,829,9,10,1,12,13,0,8,13,-5,9.6,13.8,-4.3,0,0,0,0
67669ce7,4,284,3,3,3,1,31,1,4,8,-4,2.4,5.0,-2.6,284,4,3,3
683a1d81,1,15,0,0,0,1,3,0,0,0,0,0.0,0.4,-0.4,0,0,0,0
693e93f1,0,0,0,0,0,0,3,0,0,0,0,0.0,0.0,0.0,0,0,0,0
697295b1,19,1551,17,19,13,0,5,1,18,26,-8,15.5,22.9,-7.4,0,0,0,0
69c5633e,3,79,0,1,0,2,8,1,2,1,1,0.6,1.0,-0.4,0,0,0,0
69cbc8b6,37,3330,37,37,37,0,0,1,39,49,-10,35.3,48.8,-13.5,0,0,0,0
6a99e0b1,38,2777,30,32,18,6,0,1,33,25,8,40.7,31.3,9.4,0,0,0,0
6c4776b1,38,3420,38,38,38,0,0,1,35,51,-16,39.5,48.3,-8.7,3420,38,38,38
6c7762c3,25,1924,21,22,12,3,5,1,29,19,10,31.3,22.2,9.1,0,0,0,0
6c811eb7,33,2320,25,30,6,3,1,1,23,20,3,18.0,23.5,-5.6,0,0,0,0
6ce1f46f,28,2103,23,25,15,3,2,2,37,18,19,40.2,25.3,14.9,0,0,0,0
6d8f8441,6,118,1,1,0,5,32,2,6,2,4,5.1,2.9,2.2,0,0,0,0
6e36226f,8,283,3,3,0,5,23,1,4,5,-1,2.7,4.6,-2.0,0,0,0,0
6e4df551,29,1784,19,19,6,10,1,1,29,11,18,19.4,18.4,1.0,0,0,0,0
6e5c5fc7,0,0,0,0,0,0,2,0,0,0,0,0.0,0.0,0.0,0,0,0,0
6eaed4eb,30,2699,30,30,29,0,2,0,28,54,-26,31.9,44.0,-12.2,0,0,0,0
6ed1a2a2,24,1077,12,10,3,14,13,0,9,15,-6,11.0,15.7,-4.7,0,0,0,0
6f392eb8,1,11,0,0,0,1,5,3,0,0,0,0.3,0.0,0.3,0,0,0,0
6f4c734d,11,386,4,4,0,7,4,1,6,3,3,7.9,3.3,4.5,0,0,0,0
6f51e382,35,3150,35,35,35,0,0,1,61,34,27,58.4,31.5,26.9,3150,35,35,35
6f5f82c0,32,2289,25,25,12,7,5,1,28,22,6,36.8,22.9,13.9,0,0,0,0
6f990683,0,0,0,0,0,0,1,0,0,0,0,0.0,0.0,0.0,0,0,0,0
70d74ece,32,2593,28,31,18,1,1,2,65,23,42,56.6,28.6,28.0,0,0,0,0
70f8e0bd,36,2832,31,33,20,3,1,1,29,43,-14,30.0,38.2,-8.2,0,0,0,0
7106f0a0,14,712,7,8,7,6,23,1,4,15,-11,7.3,15.4,-8.0,0,0,0,0
7111d552,35,2690,29,30,15,5,0,2,65,22,43,54.9,31.0,23.9,0,0,0,0
719384c1,24,1331,14,13,4,11,3,0,17,30,-13,14.4,26.4,-12.0,0,0,0,0
7226539b,34,3025,33,34,32,0,2,1,36,40,-4,37.7,42.7,-5.0,0,0,0,0
72a84002,28,1803,20,23,11,5,5,1,20,24,-4,21.8,24.9,-3.1,0,0,0,0
72a99e38,23,819,9,5,2,18,12,1,15,14,1,13.8,13.7,0.1,0,0,0,0
73683fa9,36,3177,35,36,34,0,0,1,39,49,-10,34.4,47.5,-13.1,3177,36,36,35
73776f8d,0,0,0,0,0,0,1,0,0,0,0,0.0,0.0,0.0,0,0,0,0
7378ea1b,0,0,0,0,0,0,1,0,0,0,0,0.0,0.0,0.0,0,0,0,0
7460ca0d,33,2704,30,32,23,1,1,1,54,32,22,53.6,34.4,19.2,0,0,0,0
755da865,4,137,1,1,1,3,7,0,2,6,-4,1.7,4.4,-2.7,0,0,0,0
75645f0e,33,1573,17,18,2,15,4,1,30,18,12,24.4,20.5,3.9,0,0,0,0
75696fef,0,0,0,0,0,0,1,0,0,0,0,0.0,0.0,0.0,0,0,0,0
759d8dd7,14,469,5,5,1,9,20,1,5,7,-2,3.2,6.8,-3.7,0,0,0,0
75bd85ea,28,1507,16,17,1,11,6,0,19,28,-9,20.5,19.8,0.7,0,0,0,0
766f48dd,31,1148,12,9,3,22,2,1,18,16,2,19.0,14.3,4.7,0,0,0,0
7703afb6,0,0,0,0,0,0,3,0,0,0,0,0.0,0.0,0.0,0,0,0,0
7868c973,1,12,0,0,0,1,0,0,0,0,0,0.0,0.0,0.0,0,0,0,0
788be7f9,0,0,0,0,0,0,8,0,0,0,0,0.0,0.0,0.0,0,0,0,0
792aa857,0,0,0,0,0,0,4,0,0,0,0,0.0,0.0,0.0,0,0,0,0
79f2a5f5,21,1700,18,21,12,0,6,1,22,20,2,22.1,22.2,-0.1,0,0,0,0
7a538238,32,2304,25,27,19,5,4,1,28,41,-13,24.3,41.7,-17.4,0,0,0,0
7b5ab7f2,13,753,8,9,2,4,2,1,5,7,-2,7.8,8.5,-0.8,0,0,0,0
7b9c2d84,26,1236,13,13,6,13,8,2,33,13,20,27.7,19.1,8.6,0,0,0,0
7c7b6553,0,0,0,0,0,0,1,0,0,0,0,0.0,0.0,0.0,0,0,0,0
7dcf86f6,37,3087,34,36,26,1,0,1,41,39,2,38.8,42.4,-3.6,0,0,0,0
7e1a736b,0,0,0,0,0,0,1,0,0,0,0,0.0,0.0,0.0,0,0,0,0
7e98cff1,3,260,2,3,1,0,8,3,12,3,9,6.5,3.6,2.8,0,0,0,0
7f203b54,1,45,0,1,0,0,10,0,0,4,-4,0.2,0.8,-0.6,0,0,0,0
7f4c7c9f,29,1977,22,22,15,7,4,1,28,43,-15,34.4,34.4,0.0,0,0,0,0
7f638fc5,0,0,0,0,0,0,2,0,0,0,0,0.0,0.0,0.0,0,0,0,0
808d48f3,25,1828,20,21,14,4,6,1,17,32,-15,20.5,26.9,-6.4,0,0,0,0
81442ecb,31,2260,25,26,17,5,1,1,32,13,19,29.6,19.2,10.4,0,0,0,0
81d5c497,23,884,9,9,2,14,12,0,10,20,-10,11.9,13.6,-1.7,0,0,0,0
81f0781e,17,1191,13,14,9,3,1,1,22,14,8,22.2,13.1,9.1,0,0,0,0
8249ff06,1,7,0,0,0,1,3,3,0,0,0,0.6,0.0,0.6,0,0,0,0
833fb62e,29,1462,16,19,0,10,1,1,14,15,-1,12.4,15.8,-3.4,0,0,0,0
84399660,33,2131,23,26,2,7,3,1,42,21,21,34.9,22.5,12.4,0,0,0,0
8455ad90,30,1411,15,15,2,15,3,0,16,27,-11,16.3,18.5,-2.2,0,0,0,0
84b7090a,0,0,0,0,0,0,5,0,0,0,0,0.0,0.0,0.0,0,0,0,0
84f55b4a,3,51,0,0,0,3,2,2,1,1,0,1.1,1.0,0.1,0,0,0,0
852ddfb8,0,0,0,0,0,0,15,0,0,0,0,0.0,0.0,0.0,0,0,0,0
857cb4f3,1,1,0,0,0,1,1,3,0,0,0,0.0,0.0,0.0,0,0,0,0
85bed4ee,21,881,9,10,0,11,12,1,16,14,2,15.2,15.0,0.2,0,0,0,0
85dace26,17,1020,11,13,3,4,2,0,9,16,-7,10.7,17.5,-6.8,0,0,0,0
8696bc90,16,474,5,4,0,12,16,1,14,8,6,6.3,5.3,1.0,0,0,0,0
86e0d803,0,0,0,0,0,0,1,0,0,0,0,0.0,0.0,0.0,0,0,0,0
873619c6,0,0,0,0,0,0,3,0,0,0,0,0.0,0.0,0.0,0,0,0,0
877a34f4,0,0,0,0,0,0,1,0,0,0,0,0.0,0.0,0.0,0,0,0,0
87b498b0,2,108,1,1,1,1,30,0,1,3,-2,1.4,1.1,0.3,108,2,1,1
8804949c,0,0,0,0,0,0,7,0,0,0,0,0.0,0.0,0.0,0,0,0,0
88050721,27,1160,12,13,3,14,0,1,14,24,-10,15.4,17.6,-2.2,0,0,0,0
881cd6be,22,992,11,9,4,13,13,1,7,15,-8,6.9,11.5,-4.6,0,0,0,0
881ef58c,13,525,5,6,0,7,12,0,3,12,-9,5.0,8.3,-3.4,0,0,0,0
89f951b5,35,2182,24,26,12,9,1,1,30,19,11,26.9,22.4,4.5,0,0,0,0
8aafd64f,24,1263,14,13,4,11,0,1,28,22,6,20.0,13.1,7.0,0,0,0,0
8ac501f5,14,668,7,7,3,7,7,1,6,11,-5,7.1,12.4,-5.3,0,0,0,0
8b298f56,5,60,0,0,0,5,5,1,2,0,2,1.5,0.9,0.6,0,0,0,0
8b625720,5,239,2,2,1,3,17,0,0,5,-5,1.0,5.1,-4.0,0,0,0,0
8b788c01,9,490,5,7,0,2,0,1,7,2,5,4.8,4.1,0.8,0,0,0,0
8c3c640c,22,1671,18,19,11,3,0,1,18,22,-4,24.8,20.5,4.3,0,0,0,0
8c725b43,23,1988,22,22,18,1,7,1,32,20,12,27.4,25.1,2.4,0,0,0,0
8cfc2f69,29,1544,17,19,1,10,4,0,18,26,-8,18.5,23.3,-4.8,0,0,0,0
8d47bb39,26,2108,23,24,15,2,2,1,19,36,-17,19.6,37.8,-18.2,0,0,0,0
8db394aa,18,1347,15,16,11,2,5,0,10,23,-13,12.2,22.4,-10.2,0,0,0,0
8e088e04,11,590,6,7,3,4,4,1,5,9,-4,6.0,6.5,-0.5,0,0,0,0
8e48dc61,17,867,9,11,3,6,21,1,10,10,0,11.5,8.5,3.0,0,0,0,0
8e613398,0,0,0,0,0,0,11,0,0,0,0,0.0,0.0,0.0,0,0,0,0
8e92be30,32,2140,23,26,5,6,1,1,21,21,0,31.0,23.5,7.5,0,0,0,0
8ea1ee1d,0,0,0,0,0,0,4,0,0,0,0,0.0,0.0,0.0,0,0,0,0
8f29e08b,2,180,2,2,2,0,31,0,1,3,-2,1.1,2.3,-1.2,180,2,2,2
8f3565b3,28,1738,19,20,9,8,2,1,18,24,-6,19.4,23.9,-4.5,0,0,0,0
8f5e92a6,33,1523,16,17,2,16,1,2,38,13,25,31.9,22.5,9.4,0,0,0,0
8f696594,28,1851,20,20,15,8,1,1,31,21,10,31.5,19.3,12.2,0,0,0,0
8f898ba8,29,1168,13,11,5,18,6,1,12,20,-8,12.8,18.7,-5.9,0,0,0,0
8f8c6934,38,3414,37,38,37,0,0,1,32,41,-9,29.1,38.5,-9.4,3414,38,38,37
90162357,9,395,4,5,2,4,26,1,6,6,0,4.4,3.7,0.8,0,0,0,0
9038c2a1,19,753,8,11,1,8,14,2,10,13,-3,9.7,12.6,-2.8,0,0,0,0
90bbd822,36,2998,33,34,24,2,0,1,36,44,-8,39.8,42.1,-2.2,0,0,0,0
91f7631f,22,1378,15,17,2,5,0,1,12,18,-6,14.0,16.5,-2.6,0,0,0,0
924ff27e,2,180,2,2,2,0,13,0,0,5,-5,2.5,3.1,-0.6,180,2,2,2
93090f69,21,1687,18,19,16,2,4,0,21,31,-10,19.1,30.3,-11.1,0,0,0,0
937c6ae6,0,0,0,0,0,0,2,0,0,0,0,0.0,0.0,0.0,0,0,0,0
93b054dc,1,9,0,0,0,1,0,0,0,0,0,0.0,0.1,0.0,0,0,0,0
94021206,0,0,0,0,0,0,1,0,0,0,0,0.0,0.0,0.0,0,0,0,0
94e01ec6,3,188,2,2,1,1,15,1,2,5,-3,1.2,5.2,-4.0,0,0,0,0
9602ef3b,0,0,0,0,0,0,2,0,0,0,0,0.0,0.0,0.0,0,0,0,0
963829d0,35,2178,24,27,6,8,1,1,51,22,29,45.6,26.4,19.2,0,0,0,0
967f34d3,0,0,0,0,0,0,36,0,0,0,0,0.0,0.0,0.0,0,0,0,0
968a1c2f,31,1166,13,8,3,23,2,1,15,13,2,14.9,14.1,0.7,0,0,0,0
974322dc,20,719,8,7,2,13,18,0,7,14,-7,6.4,9.0,-2.5,0,0,0,0
97572117,5,244,2,3,1,2,14,1,3,3,0,1.5,3.7,-2.3,0,0,0,0
97852360,34,3053,33,34,33,0,1,0,29,60,-31,33.6,51.7,-18.1,3053,34,34,33
97d08e60,17,412,4,1,1,16,19,1,5,8,-3,6.0,6.4,-0.4,0,0,0,0
981c1863,6,21,0,0,0,6,22,0,2,3,-1,1.2,2.1,-0.9,0,0,0,0
98529579,1,1,0,0,0,1,3,1,0,0,0,0.0,0.1,-0.1,0,0,0,0
9933d2a6,0,0,0,0,0,0,1,0,0,0,0,0.0,0.0,0.0,0,0,0,0
9939e168,36,2915,32,33,21,3,1,1,30,41,-11,29.7,38.6,-8.9,0,0,0,0
9970da54,4,277,3,3,3,1,33,1,1,4,-3,2.0,4.5,-2.5,277,4,3,3
99bebd12,10,279,3,2,0,8,14,0,3,7,-4,3.9,4.6,-0.7,0,0,0,0
99ea2ddd,23,1425,15,16,9,7,5,0,12,23,-11,12.8,21.4,-8.6,0,0,0,0
9a0408b6,31,1097,12,11,1,20,4,1,12,15,-3,14.7,16.1,-1.4,0,0,0,0
9a28eba4,11,382,4,4,1,7,6,2,12,7,5,8.3,4.0,4.3,0,0,0,0
9a64e67e,37,3330,37,37,37,0,0,1,37,37,0,48.5,38.0,10.6,0,0,0,0
9ad74b4d,0,0,0,0,0,0,2,0,0,0,0,0.0,0.0,0.0,0,0,0,0
9c36ed83,9,165,1,0,0,9,2,1,3,3,0,3.9,2.7,1.1,0,0,0,0
9c435456,2,25,0,0,0,2,1,3,2,0,2,0.7,0.1,0.6,0,0,0,0
9c4b9442,0,0,0,0,0,0,4,0,0,0,0,0.0,0.0,0.0,0,0,0,0
9cdc85e5,0,0,0,0,0,0,1,0,0,0,0,0.0,0.0,0.0,0,0,0,0
9d66fbe3,18,664,7,7,0,11,7,0,11,15,-4,10.7,8.4,2.3,0,0,0,0
9e098912,28,1386,15,17,4,11,9,0,8,27,-19,14.2,25.2,-11.0,0,0,0,0
9e1035f8,18,1412,15,17,10,1,0,2,31,11,20,25.9,14.9,11.0,0,0,0,0
9ed40a69,9,398,4,4,0,5,11,0,4,9,-5,2.3,6.8,-4.6,0,0,0,0
9f0ea33f,6,540,6,6,6,0,30,1,13,9,4,12.6,10.8,1.8,540,6,6,6
9f323c71,22,1679,18,19,9,3,12,1,27,13,14,28.5,15.3,13.2,0,0,0,0
9fc0f253,11,833,9,9,9,2,21,0,3,15,-12,6.4,15.9,-9.5,0,0,0,0
9fec8860,19,793,8,9,3,10,16,1,16,13,3,9.9,11.6,-1.7,0,0,0,0
a01c3d54,13,1166,13,13,12,0,22,0,12,29,-17,14.6,17.9,-3.3,1166,13,13,13
a0255c67,27,1144,12,11,2,16,3,1,23,23,0,17.3,19.8,-2.6,0,0,0,0
a08b974a,30,2125,23,23,14,7,1,1,30,20,10,23.8,23.6,0.2,0,0,0,0
a0b4bb3e,14,331,3,3,0,11,14,2,11,2,9,8.2,3.6,4.7,0,0,0,0
a254bbe0,29,1616,18,19,1,10,6,0,10,31,-21,16.6,24.5,-8.0,0,0,0,0
a2b1bca6,0,0,0,0,0,0,3,0,0,0,0,0.0,0.0,0.0,0,0,0,0
a2c1a8d3,4,360,4,4,4,0,10,1,5,5,0,4.2,5.3,-1.1,360,4,4,4
a300ac7e,33,2326,25,27,8,6,2,2,29,31,-2,29.0,35.8,-6.8,0,0,0,0
a30a31ee,0,0,0,0,0,0,1,0,0,0,0,0.0,0.0,0.0,0,0,0,0
a35134ae,10,404,4,3,3,7,13,1,2,9,-7,3.6,5.5,-1.9,0,0,0,0
a39bb753,18,717,8,7,1,11,11,1,11,10,1,12.9,8.4,4.4,0,0,0,0
a3e4bf46,28,2189,24,24,22,4,8,1,24,39,-15,25.4,30.7,-5.3,0,0,0,0
a4971d84,35,3115,34,35,33,0,0,1,30,37,-7,26.9,32.3,-5.4,0,0,0,0
a4995f48,36,3240,36,36,36,0,1,1,36,48,-12,35.5,44.0,-8.4,3240,36,36,36
a4b00319,37,3298,36,37,35,0,0,1,43,43,0,41.5,44.7,-3.2,0,0,0,0
a55d8df5,19,856,9,9,1,10,17,1,7,11,-4,10.2,10.5,-0.3,0,0,0,0
a56da3ba,23,1934,21,22,19,1,9,1,19,27,-8,17.9,21.0,-3.1,0,0,0,0
a58bb1e1,5,280,3,4,0,1,8,2,5,3,2,3.9,3.3,0.6,0,0,0,0
a6103274,34,1462,16,16,0,18,1,1,18,20,-2,19.4,19.7,-0.3,0,0,0,0
a6154613,35,1835,20,20,5,15,2,1,35,26,9,31.2,17.6,13.5,0,0,0,0
a6536561,1,1,0,0,0,1,13,1,0,0,0,0.0,0.0,0.0,0,0,0,0
a6951bf8,20,830,9,8,1,12,1,1,9,10,-1,10.1,11.7,-1.5,0,0,0,0
a6de370d,34,2791,31,33,19,1,0,1,48,31,17,38.1,33.0,5.1,0,0,0,0
a7416105,1,31,0,0,0,1,0,1,0,0,0,0.0,0.4,-0.4,0,0,0,0
a7a9d95a,18,787,8,10,0,8,8,1,16,11,5,13.9,10.9,3.1,0,0,0,0
a83d8b0c,3,39,0,0,0,3,10,0,0,2,-2,0.1,1.9,-1.8,0,0,0,0
a8542814,21,859,9,8,4,13,9,1,17,9,8,14.4,8.2,6.2,0,0,0,0
a952a529,13,284,3,2,1,11,9,1,6,4,2,4.5,3.4,1.1,0,0,0,0
a96103b2,0,0,0,0,0,0,3,0,0,0,0,0.0,0.0,0.0,0,0,0,0
a98f3cbf,1,2,0,0,0,1,16,0,0,0,0,0.4,0.3,0.1,0,0,0,0
a9ab3b32,0,0,0,0,0,0,6,0,0,0,0,0.0,0.0,0.0,0,0,0,0
a9dc785c,3,270,3,3,3,0,33,2,7,4,3,5.0,2.9,2.1,270,3,3,3
a9ee9b0f,0,0,0,0,0,0,16,0,0,0,0,0.0,0.0,0.0,0,0,0,0
aa0ac32d,23,1773,19,20,15,3,10,1,25,36,-11,25.9,25.9,0.0,0,0,0,0
aa677a35,32,2051,22,22,14,10,4,1,21,32,-11,24.1,32.7,-8.6,0,0,0,0
aad53e64,21,865,9,9,0,12,7,0,6,11,-5,9.8,8.8,1.0,0,0,0,0
ab7bf91d,24,1986,22,22,21,2,4,1,28,23,5,30.3,24.4,5.9,0,0,0,0
abb3bb95,21,654,7,6,2,15,14,1,12,3,9,12.7,3.9,8.8,0,0,0,0
abe66106,20,1015,11,10,2,10,1,1,19,5,14,16.6,9.5,7.1,0,0,0,0
ac295d9e,6,540,6,6,6,0,31,2,12,5,7,8.5,4.9,3.6,540,6,6,6
ac454a4f,31,1890,21,20,10,11,2,1,26,34,-8,16.0,35.1,-19.1,0,0,0,0
ac7e7b1c,21,672,7,6,0,15,14,0,4,10,-6,6.4,11.0,-4.6,0,0,0,0
ac8b2421,26,1931,21,22,17,4,5,0,22,28,-6,17.1,32.8,-15.7,0,0,0,0
acc1aefa,0,0,0,0,0,0,3,0,0,0,0,0.0,0.0,0.0,0,0,0,0
acde0e37,0,0,0,0,0,0,1,0,0,0,0,0.0,0.0,0.0,0,0,0,0
ace50e9f,1,11,0,0,0,1,0,3,0,0,0,0.0,0.6,-0.6,0,0,0,0
acf5410c,2,13,0,0,0,2,13,1,0,0,0,0.6,0.2,0.4,0,0,0,0
ad1ffcfd,20,1034,11,12,8,8,18,2,24,10,14,26.5,16.0,10.5,0,0,0,0
ad6df2d5,0,0,0,0,0,0,1,0,0,0,0,0.0,0.0,0.0,0,0,0,0
ad81ba78,1,17,0,0,0,1,3,3,1,0,1,1.1,0.0,1.0,0,0,0,0
adfc9123,27,2092,23,25,19,2,1,1,44,19,25,45.3,20.0,25.2,0,0,0,0
ae48c5cb,6,166,1,2,0,4,15,0,2,4,-2,1.6,2.9,-1.3,0,0,0,0
ae86d473,29,973,10,8,2,21,3,1,19,16,3,13.6,12.9,0.8,0,0,0,0
aed746df,32,1614,17,17,3,15,0,0,19,35,-16,19.1,28.0,-8.9,0,0,0,0
afdc14d7,34,1337,14,11,1,23,0,1,19,15,4,19.6,15.3,4.3,0,0,0,0
b05e2dbd,24,1871,20,22,16,2,0,1,31,32,-1,25.4,27.5,-2.1,0,0,0,0
b0616e3d,27,1434,15,15,9,12,3,1,23,22,1,18.6,22.5,-3.9,0,0,0,0
b0fce72c,32,1358,15,17,4,15,5,1,16,16,0,21.6,15.9,5.7,0,0,0,0
b14d0c5d,0,0,0,0,0,0,1,0,0,0,0,0.0,0.0,0.0,0,0,0,0
b14f755d,20,809,9,10,2,10,13,1,7,16,-9,9.9,17.7,-7.7,0,0,0,0
b19db005,21,1409,15,15,7,6,2,2,33,14,19,29.6,13.6,16.0,0,0,0,0
b1e5bbec,0,0,0,0,0,0,1,0,0,0,0,0.0,0.0,0.0,0,0,0,0
b233e8e4,19,1117,12,12,8,7,12,1,12,22,-10,13.6,17.8,-4.2,0,0,0,0
b2d03887,7,108,1,0,0,7,2,1,1,2,-1,1.0,1.9,-0.9,0,0,0,0
b2d0ec1b,32,1384,15,15,1,17,4,1,12,20,-8,16.4,21.9,-5.5,0,0,0,0
b3b62f94,3,136,1,1,1,2,13,0,0,3,-3,0.7,2.7,-2.0,0,0,0,0
b3dc6eca,18,1424,15,17,15,1,13,1,28,17,11,24.0,17.9,6.1,0,0,0,0
b418dbd4,35,1802,20,24,1,11,1,1,19,17,2,24.2,20.7,3.5,0,0,0,0
b4a014b1,34,2957,32,34,30,0,0,1,48,27,21,37.8,31.4,6.4,0,0,0,0
b4c23f36,2,12,0,0,0,2,2,0,0,0,0,1.0,0.0,1.0,0,0,0,0
b51b1b9c,29,1259,14,13,1,16,5,1,13,18,-5,11.3,17.2,-5.9,0,0,0,0
b5bdf144,2,135,1,1,1,1,22,1,0,1,-1,0.9,2.5,-1.6,135,2,1,1
b5dd3469,19,1214,13,17,5,2,13,1,17,27,-10,19.9,19.0,0.9,0,0,0,0
b5f63410,17,541,6,4,1,13,14,0,6,10,-4,7.5,9.9,-2.3,0,0,0,0
b6160ad0,38,3420,38,38,38,0,0,1,43,43,0,43.1,45.7,-2.6,3420,38,38,38
b6e50615,14,1015,11,11,8,3,3,1,16,10,6,16.4,8.6,7.8,0,0,0,0
b742cc0d,23,1993,22,23,22,0,8,1,34,24,10,30.9,24.6,6.3,0,0,0,0
b75ac54b,19,1464,16,17,14,2,12,1,14,18,-4,15.4,18.9,-3.5,0,0,0,0
b7c99b9b,34,3042,33,34,32,0,2,0,31,56,-25,35.3,47.8,-12.6,0,0,0,0
b7ca5c51,19,1592,17,19,15,0,2,1,22,17,5,15.7,17.1,-1.4,0,0,0,0
b7d7f3bf,7,54,0,0,0,7,12,1,1,1,0,2.0,1.1,0.9,0,0,0,0
b7de5bad,1,4,0,0,0,1,0,1,0,0,0,0.1,0.0,0.1,0,0,0,0
b857bd29,17,1530,17,17,17,0,0,1,20,30,-10,19.3,21.5,-2.1,0,0,0,0
b8a642fc,27,1333,14,12,3,15,0,1,26,14,12,25.2,21.2,4.0,0,0,0,0
b8bd60fe,2,124,1,2,0,0,3,3,1,0,1,1.8,0.3,1.4,0,0,0,0
b8c1de25,25,1550,17,20,9,5,1,1,19,25,-6,14.1,29.1,-15.1,0,0,0,0
b906757a,0,0,0,0,0,0,4,0,0,0,0,0.0,0.0,0.0,0,0,0,0
b9d0446f,16,1044,11,11,9,5,17,1,11,18,-7,10.2,13.2,-3.0,0,0,0,0
ba5004e1,35,2711,30,31,19,4,1,1,26,28,-2,22.8,30.4,-7.6,0,0,0,0
bad38a94,9,203,2,1,1,8,23,0,1,4,-3,2.6,4.8,-2.2,0,0,0,0
bb08bce9,29,2403,26,28,20,1,3,1,32,34,-2,26.7,32.1,-5.4,0,0,0,0
bbc19252,26,1143,12,11,3,15,6,1,22,32,-10,18.5,22.9,-4.3,0,0,0,0
bbf5c11b,34,1808,20,18,9,16,0,1,35,23,12,23.4,21.1,2.3,0,0,0,0
bc49fd34,3,82,0,0,0,3,2,0,0,3,-3,0.9,2.4,-1.5,0,0,0,0
bc61cc65,10,338,3,4,0,6,28,1,2,7,-5,3.9,7.4,-3.6,0,0,0,0
bc6f5f06,31,2720,30,31,27,0,6,1,34,47,-13,31.9,43.9,-12.0,0,0,0,0
bcd2dac9,0,0,0,0,0,0,1,0,0,0,0,0.0,0.0,0.0,0,0,0,0
bcfc4473,32,2312,25,26,16,6,0,0,27,43,-16,28.9,37.7,-8.8,0,0,0,0
bdb624a3,27,1422,15,16,0,11,0,1,23,17,6,22.5,14.3,8.2,0,0,0,0
bdc74a8f,10,298,3,2,1,8,8,0,2,6,-4,2.1,5.3,-3.2,0,0,0,0
be170419,9,622,6,7,6,2,24,0,8,11,-3,9.6,8.1,1.5,0,0,0,0
be32269e,17,1437,16,16,13,1,8,0,13,27,-14,14.0,21.9,-7.9,0,0,0,0
be3a0121,3,243,2,3,1,0,23,0,1,2,-1,1.5,2.2,-0.7,0,0,0,0
bece776f,34,2794,31,33,15,1,1,1,51,32,19,42.8,34.1,8.8,0,0,0,0
bed68338,10,580,6,6,1,4,3,1,8,8,0,10.5,5.3,5.2,0,0,0,0
bef0a7ac,14,590,6,6,0,8,3,0,9,8,1,5.7,8.1,-2.4,0,0,0,0
bf01474e,0,0,0,0,0,0,1,0,0,0,0,0.0,0.0,0.0,0,0,0,0
bf12926c,7,140,1,1,0,6,20,2,1,2,-1,1.9,2.8,-0.9,0,0,0,0
bf17fb4a,0,0,0,0,0,0,1,0,0,0,0,0.0,0.0,0.0,0,0,0,0
bfb15d99,0,0,0,0,0,0,1,0,0,0,0,0.0,0.0,0.0,0,0,0,0
bfd381b3,26,1934,21,23,11,3,5,0,18,36,-18,18.8,27.5,-8.7,0,0,0,0
c00097d2,27,2010,22,21,17,6,9,1,39,41,-2,39.6,33.6,6.0,0,0,0,0
c0178833,0,0,0,0,0,0,1,0,0,0,0,0.0,0.0,0.0,0,0,0,0
c05dfb74,35,2785,30,34,15,1,2,1,35,27,8,40.5,27.1,13.4,0,0,0,0
c0617e2b,11,276,3,2,1,9,6,2,8,2,6,8.0,4.7,3.3,0,0,0,0
c0b1a6da,0,0,0,0,0,0,12,0,0,0,0,0.0,0.0,0.0,0,0,0,0
c14bc029,3,201,2,2,2,1,0,2,4,2,2,2.9,2.7,0.2,0,0,0,0
c1c3e5e6,0,0,0,0,0,0,2,0,0,0,0,0.0,0.0,0.0,0,0,0,0
c20bdcd7,17,1298,14,15,11,2,0,2,27,12,15,20.5,14.0,6.5,0,0,0,0
c2111b45,5,341,3,4,3,1,26,2,11,2,9,7.7,7.0,0.6,0,0,0,0
c25f14a7,0,0,0,0,0,0,3,0,0,0,0,0.0,0.0,0.0,0,0,0,0
c261b5dd,1,90,1,1,1,0,5,0,0,2,-2,0.5,1.2,-0.7,0,0,0,0
c31ea173,1,45,0,0,0,1,0,0,0,2,-2,0.1,0.4,-0.4,0,0,0,0
c487901c,0,0,0,0,0,0,2,0,0,0,0,0.0,0.0,0.0,0,0,0,0
c4b888df,25,1544,17,17,9,8,4,0,16,22,-6,17.0,25.2,-8.1,0,0,0,0
c4dce677,0,0,0,0,0,0,7,0,0,0,0,0.0,0.0,0.0,0,0,0,0
c4f5eb61,0,0,0,0,0,0,2,0,0,0,0,0.0,0.0,0.0,0,0,0,0
c67cd65c,32,2420,26,27,23,5,2,0,35,55,-20,39.1,37.2,1.9,4,1,1,26
c7069d87,17,928,10,13,0,4,0,0,9,15,-6,7.7,12.6,-4.9,0,0,0,0
c7429db3,4,93,1,1,0,3,10,0,3,4,-1,1.7,1.9,-0.3,0,0,0,0
c77a8043,33,2261,25,25,8,8,5,1,27,34,-7,24.6,36.1,-11.5,0,0,0,0
c78b352d,19,1414,15,18,9,1,1,1,20,11,9,15.1,14.8,0.3,0,0,0,0
c818c4d9,8,645,7,8,7,0,29,0,4,13,-9,8.6,11.7,-3.1,645,8,8,7
c997b942,6,199,2,3,0,3,12,1,2,3,-1,2.4,1.3,1.1,0,0,0,0
c9cb972b,4,343,3,3,3,1,28,1,8,4,4,4.3,4.7,-0.4,343,4,3,3
c9e39d91,37,3021,33,36,20,1,0,1,38,33,5,36.9,37.2,-0.3,0,0,0,0
c9e99e49,14,1098,12,13,6,1,3,2,26,10,16,20.1,10.7,9.3,0,0,0,0
cac2537b,30,1701,18,17,6,13,2,0,27,44,-17,26.6,28.5,-1.9,0,0,0,0
cb574619,21,1826,20,21,17,0,1,1,23,25,-2,22.9,23.3,-0.4,0,0,0,0
cbdf7d5c,15,380,4,3,1,12,3,1,5,4,1,3.1,5.6,-2.5,0,0,0,0
cbec0059,6,115,1,1,0,5,7,0,1,1,0,0.4,1.1,-0.7,0,0,0,0
cc1c5035,0,0,0,0,0,0,18,0,0,0,0,0.0,0.0,0.0,0,0,0,0
cc6de655,0,0,0,0,0,0,3,0,0,0,0,0.0,0.1,-0.1,0,0,0,0
ccb491d0,0,0,0,0,0,0,8,0,0,0,0,0.0,0.0,0.0,0,0,0,0
ccbbe661,13,667,7,5,3,8,0,1,11,7,4,8.8,12.1,-3.3,0,0,0,0
cce181df,28,1882,20,21,13,7,1,1,33,24,9,26.0,20.1,5.9,0,0,0,0
cda0b317,0,0,0,0,0,0,21,0,0,0,0,0.0,0.0,0.0,0,0,0,0
ce8039aa,31,1116,12,7,0,24,4,1,15,14,1,12.9,16.8,-3.8,0,0,0,0
cee88597,35,3147,35,35,34,0,0,1,35,48,-13,39.6,46.8,-7.2,0,0,0,0
cf59e05f,1,11,0,0,0,1,0,3,1,0,1,0.5,0.3,0.2,0,0,0,0
d080ed5e,34,2890,32,33,26,1,0,1,40,24,16,44.2,31.8,12.4,0,0,0,0
d1b060e2,23,641,7,6,0,17,14,1,9,16,-7,7.8,8.2,-0.4,0,0,0,0
d2110326,29,1948,21,21,17,8,4,1,23,35,-12,19.9,31.6,-11.7,0,0,0,0
d2aea9ac,0,0,0,0,0,0,4,0,0,0,0,0.0,0.0,0.0,0,0,0,0
d2ed99b4,0,0,0,0,0,0,11,0,0,0,0,0.0,0.0,0.0,0,0,0,0
d2f94ed9,0,0,0,0,0,0,7,0,0,0,0,0.0,0.0,0.0,0,0,0,0
d38fdf53,28,1575,17,17,7,11,9,1,30,17,13,32.8,19.7,13.0,0,0,0,0
d49f3e6b,24,1713,19,22,9,2,0,1,20,25,-5,16.1,30.0,-13.9,0,0,0,0
d4b73232,18,1620,18,18,18,0,17,1,18,20,-2,15.4,19.3,-3.8,1620,18,18,18
d5dd5f1f,17,1082,12,13,0,4,0,2,26,10,16,21.5,11.2,10.3,0,0,0,0
d637fc22,26,1179,13,12,7,14,10,1,11,25,-14,11.9,22.6,-10.7,0,0,0,0
d6e3d7fb,1,90,1,1,1,0,2,1,1,1,0,1.7,0.9,0.9,90,1,1,1
d709cd5c,2,25,0,0,0,2,2,2,0,0,0,0.2,0.1,0.2,0,0,0,0
d733aa38,28,809,9,6,0,22,10,0,10,14,-4,10.0,12.1,-2.1,0,0,0,0
d7553721,16,994,11,11,4,5,0,1,19,10,9,17.1,13.9,3.2,0,0,0,0
d83bbc54,20,1627,18,19,9,1,9,1,25,29,-4,21.0,21.6,-0.6,0,0,0,0
d83f09ff,2,70,0,1,0,1,27,1,0,2,-2,0.3,0.7,-0.4,0,0,0,0
d854c9d0,0,0,0,0,0,0,6,0,0,0,0,0.0,0.0,0.0,0,0,0,0
d8712bf9,29,867,9,6,0,23,9,0,10,16,-6,13.2,14.1,-0.9,0,0,0,0
d87e2cae,32,1604,17,19,3,13,2,1,30,18,12,27.2,18.5,8.7,0,0,0,0
d88b5ba7,0,0,0,0,0,0,2,0,0,0,0,0.0,0.0,0.0,0,0,0,0
d88d2aed,0,0,0,0,0,0,2,0,0,0,0,0.0,0.0,0.0,0,0,0,0
d989154a,0,0,0,0,0,0,1,0,0,0,0,0.0,0.0,0.0,0,0,0,0
d9ba39fc,21,1644,18,19,14,2,3,1,13,13,0,24.2,16.1,8.1,0,0,0,0
da4e70e5,1,65,0,0,0,1,2,1,1,0,1,0.4,0.1,0.4,0,0,0,0
dafa5038,1,4,0,0,0,1,21,3,0,0,0,0.0,0.2,-0.2,0,0,0,0
db001fa9,37,3329,37,37,36,0,0,1,35,51,-16,38.8,48.1,-9.2,0,0,0,0
db750822,7,221,2,1,0,6,15,0,1,3,-2,2.5,2.3,0.2,0,0,0,0
db8f0eba,32,1986,22,24,6,8,6,1,21,23,-2,21.1,28.2,-7.1,0,0,0,0
dc008610,5,176,2,1,0,4,14,0,1,7,-6,1.2,4.4,-3.2,0,0,0,0
dc1c2fce,34,2168,24,24,11,10,2,1,28,17,11,33.3,20.2,13.1,0,0,0,0
dc1ce4f5,6,212,2,3,1,3,16,0,1,5,-4,1.3,4.5,-3.3,0,0,0,0
dc62b55d,29,1063,11,8,0,21,1,1,28,14,14,22.9,12.6,10.2,0,0,0,0
ddd5348b,4,173,1,3,0,1,0,1,4,1,3,2.8,2.8,0.1,0,0,0,0
de39485a,34,2583,28,28,14,6,0,1,52,34,18,42.2,24.7,17.5,0,0,0,0
de627c8a,1,4,0,0,0,1,1,3,0,0,0,0.0,0.6,-0.6,0,0,0,0
de903ae2,1,23,0,0,0,1,2,1,0,0,0,0.1,0.8,-0.8,0,0,0,0
dea912dc,1,90,1,1,1,0,2,3,3,1,2,2.4,1.0,1.5,0,0,0,0
debc6b55,1,45,0,0,0,1,1,0,2,2,0,0.8,1.8,-1.0,0,0,0,0
dee86451,33,1805,20,20,8,13,2,1,37,25,12,32.8,29.1,3.7,0,0,0,0
df44f120,0,0,0,0,0,0,1,0,0,0,0,0.0,0.0,0.0,0,0,0,0
df69b544,29,1958,21,24,7,5,1,4,31,20,11,28.5,17.400000000000002,11.1,0,0,0,0
df8b52a5,3,91,1,1,0,2,0,2,3,3,0,1.8,1.0,0.8,0,0,0,0
e085f0fa,0,0,0,0,0,0,2,0,0,0,0,0.0,0.0,0.0,0,0,0,0
e1846dde,24,2160,24,24,24,0,12,1,36,46,-10,38.6,36.4,2.2,2160,24,24,24
e1e75690,5,88,1,1,0,4,8,1,2,2,0,1.6,1.5,0.1,0,0,0,0
e2716bd0,25,1720,19,22,5,3,1,1,24,11,13,27.6,18.2,9.4,0,0,0,0
e3fabb0a,23,474,5,4,0,19,14,1,2,7,-5,4.9,7.7,-2.8,0,0,0,0
e4346678,24,2160,24,24,24,0,14,1,28,35,-7,21.9,40.2,-18.3,2160,24,24,24
e495b4d5,0,0,0,0,0,0,5,0,0,0,0,0.0,0.0,0.0,0,0,0,0
e49ce451,19,605,6,6,4,13,14,3,4,4,0,7.3,6.1,1.2000000000000002,0,0,0,0
e54bd0a2,29,1444,16,16,3,13,4,0,12,32,-20,14.2,23.2,-9.0,0,0,0,0
e5ec95f8,25,647,7,5,0,20,11,0,4,15,-11,6.0,14.1,-8.100000000000001,0,0,0,0
e66bd684,0,0,0,0,0,0,1,0,0,0,0,0.0,0.0,0.0,0,0,0,0
e6777e6b,32,2667,29,31,24,1,4,1,31,32,-1,23.6,29.3,-5.8,0,0,0,0
e6bc67d7,36,2606,29,30,14,6,1,1,40,42,-2,30.3,35.2,-4.9,0,0,0,0
e7630876,1,1,0,0,0,1,1,1,0,0,0,0.0,0.0,0.0,0,0,0,0
e778654a,23,1645,18,19,10,4,1,1,17,24,-7,14.9,24.3,-9.4,0,0,0,0
e7ab4179,10,403,4,5,0,5,12,0,3,6,-3,3.2,5.4,-2.2,0,0,0,0
e7d2a50b,0,0,0,0,0,0,3,0,0,0,0,0.0,0.0,0.0,0,0,0,0
e897d8ba,33,1862,20,18,8,15,1,1,20,30,-10,21.8,23.2,-1.5,0,0,0,0
e92cd3f7,33,1763,19,20,8,13,0,1,23,18,5,29.5,18.8,10.7,0,0,0,0
e94d79e3,10,663,7,9,2,1,3,1,6,13,-7,7.2,10.5,-3.2,0,0,0,0
e9ada8cf,9,462,5,4,3,5,21,0,3,12,-9,4.1,8.3,-4.2,0,0,0,0
ea6a7ab4,9,115,1,0,0,9,15,1,0,4,-4,1.5,4.7,-3.2,0,0,0,0
ea83bfa6,22,1964,21,21,21,1,14,1,32,21,11,29.4,24.0,5.4,1964,22,21,21
ea9b2ef9,32,2299,25,25,21,7,2,0,30,47,-17,27.2,43.6,-16.5,0,0,0,0
ead61f73,13,783,8,9,6,4,17,1,10,6,4,10.3,7.5,2.8,0,0,0,0
eaefa2d0,2,29,0,0,0,2,5,2,0,1,-1,0.1,1.0,-0.9,0,0,0,0
eb3dd471,37,3111,34,36,18,1,0,0,29,57,-28,35.4,49.0,-13.6,0,0,0,0
eb82b6f1,33,2261,25,29,7,4,1,1,21,31,-10,19.9,37.5,-17.6,0,0,0,0
ebb24144,0,0,0,0,0,0,1,0,0,0,0,0.0,0.0,0.0,0,0,0,0
ec1a731e,25,1830,20,20,17,5,12,1,22,27,-5,19.7,25.3,-5.6,0,0,0,0
ecc77652,13,656,7,7,2,6,5,0,5,15,-10,10.1,9.3,0.8,0,0,0,0
ecd8c01e,15,743,8,8,5,7,4,0,11,12,-1,7.5,11.3,-3.9,0,0,0,0
ed3f5f4c,6,183,2,1,0,5,12,1,3,5,-2,1.6,3.4,-1.8,0,0,0,0
ed5c5fa3,37,2597,28,31,14,6,0,1,34,28,6,31.5,34.3,-2.8,0,0,0,0
ed6ea4d9,25,1376,15,16,3,9,5,0,18,22,-4,16.4,22.9,-6.5,0,0,0,0
ed9f7cfe,29,1181,13,13,3,16,7,1,17,13,4,15.2,10.8,4.4,0,0,0,0
ee8508c0,38,3420,38,38,38,0,0,1,65,43,22,54.4,33.4,21.1,3420,38,38,38
ee923664,17,1334,14,16,10,1,18,1,16,15,1,14.3,18.0,-3.8,0,0,0,0
eeba07f8,37,2844,31,34,19,3,0,1,33,51,-18,32.2,50.6,-18.3,0,0,0,0
ef322658,28,1393,15,17,5,11,7,1,21,15,6,20.7,18.9,1.8,0,0,0,0
ef6a4afe,0,0,0,0,0,0,9,0,0,0,0,0.0,0.0,0.0,0,0,0,0
efecd633,12,830,9,10,2,2,0,1,9,10,-1,6.9,8.9,-2.0,0,0,0,0
f03f284b,18,743,8,8,1,10,8,1,4,7,-3,6.8,12.1,-5.2,0,0,0,0
f08490a6,23,1472,16,17,6,6,0,1,25,19,6,25.1,20.8,4.3,0,0,0,0
f090a37a,15,487,5,2,2,13,23,1,7,4,3,7.0,5.3,1.7,0,0,0,0
f0ac14b1,0,0,0,0,0,0,4,0,0,0,0,0.0,0.0,0.0,0,0,0,0
f0da930c,24,2042,22,24,19,0,5,2,39,22,17,33.8,18.7,15.1,0,0,0,0
f0f4671c,0,0,0,0,0,0,1,0,0,0,0,0.0,0.0,0.0,0,0,0,0
f0fe87dc,0,0,0,0,0,0,1,0,0,0,0,0.0,0.0,0.0,0,0,0,0
f13d02a6,22,1118,12,13,5,9,11,1,14,23,-9,13.0,19.8,-6.8,0,0,0,0
f188f017,0,0,0,0,0,0,3,0,0,0,0,0.0,0.0,0.0,0,0,0,0
f1bed920,13,435,4,5,1,8,24,1,3,13,-10,4.5,7.8,-3.4,0,0,0,0
f2099034,0,0,0,0,0,0,1,0,0,0,0,0.0,0.0,0.0,0,0,0,0
f2308b33,9,226,2,1,0,8,13,0,0,8,-8,2.1,5.4,-3.3,0,0,0,0
f2a68b97,25,1844,20,21,14,4,5,1,15,27,-12,21.0,25.1,-4.1,0,0,0,0
f2ad9da9,0,0,0,0,0,0,1,0,0,0,0,0.0,0.0,0.0,0,0,0,0
f2c6ac01,36,3181,35,36,34,0,1,1,36,59,-23,36.8,45.3,-8.5,0,0,0,0
f3451c66,1,9,0,0,0,1,4,1,0,0,0,0.1,0.0,0.1,0,0,0,0
f38284bb,1,90,1,1,1,0,1,3,3,1,2,1.9,0.5,1.4,90,1,1,1
f3b1d9a2,19,884,9,9,1,10,4,0,10,13,-3,11.3,11.9,-0.7,0,0,0,0
f4c69aa6,14,818,9,9,4,5,0,1,6,11,-5,8.5,11.9,-3.4,0,0,0,0
f601ba27,0,0,0,0,0,0,5,0,0,0,0,0.0,0.0,0.0,0,0,0,0
f6798fc3,31,2790,31,31,31,0,2,1,40,24,16,33.0,31.5,1.5,2790,31,31,31
f6ac68c1,28,2440,27,28,27,0,2,2,48,24,24,38.8,23.4,15.4,0,0,0,0
f6f469c5,0,0,0,0,0,0,1,0,0,0,0,0.0,0.0,0.0,0,0,0,0
f774dce2,0,0,0,0,0,0,2,0,0,0,0,0.0,0.0,0.0,0,0,0,0
f7c12fbf,31,2361,26,28,19,3,2,1,38,40,-2,25.2,33.6,-8.4,0,0,0,0
f7c491f1,0,0,0,0,0,0,1,0,0,0,0,0.0,0.0,0.0,0,0,0,0
f7dc2ae5,30,2105,23,22,19,8,6,1,27,21,6,31.5,22.6,8.9,0,0,0,0
f874dd44,23,1979,22,22,21,1,5,1,40,23,17,34.6,23.9,10.7,0,0,0,0
f8cfae1f,0,0,0,0,0,0,8,0,0,0,0,0.0,0.0,0.0,0,0,0,0
f8eca1b6,37,2798,31,33,14,4,0,1,28,35,-7,24.6,30.1,-5.5,0,0,0,0
f9358b61,1,7,0,0,0,1,1,3,0,0,0,1.0,0.3,0.7,0,0,0,0
f9acf8bf,7,258,2,2,2,5,10,0,3,10,-7,4.5,5.0,-0.5,0,0,0,0
fa265f6d,6,192,2,2,0,4,10,1,2,1,1,3.0,2.3,0.7,0,0,0,0
faed84db,28,1206,13,13,4,15,9,1,15,20,-5,13.6,18.2,-4.6,0,0,0,0
fb5d47b3,12,623,6,7,4,5,26,1,14,8,6,11.7,9.4,2.3,0,0,0,0
fb938d24,18,1157,12,12,3,6,0,1,14,10,4,13.9,12.8,1.1,0,0,0,0
fbbb9269,10,788,8,9,8,1,7,1,10,8,2,9.1,10.7,-1.6,0,0,0,0
fbd6378b,17,1375,15,14,14,3,19,1,28,15,13,29.3,20.2,9.0,0,0,0,0
fc076f78,1,1,0,0,0,1,0,1,0,0,0,0.0,0.4,-0.4,0,0,0,0
fc3d2006,1,3,0,0,0,1,10,3,0,0,0,0.0,0.0,0.0,0,0,0,0
fc647b34,32,2007,22,24,2,8,1,1,23,21,2,23.4,24.5,-1.1,0,0,0,0
fc70e345,31,2772,30,30,30,1,6,1,35,37,-2,34.2,36.8,-2.5,2772,31,30,30
fc8b614b,5,72,0,0,0,5,11,0,1,1,0,2.0,1.6,0.5,0,0,0,0
fd01216a,0,0,0,0,0,0,1,0,0,0,0,0.0,0.0,0.0,0,0,0,0
fd51b456,29,1833,20,20,11,9,8,2,39,18,21,37.7,25.9,11.8,0,0,0,0
fd771f95,4,235,2,3,1,1,15,2,6,4,2,4.0,2.4,1.6,0,0,0,0
fdbe95bc,0,0,0,0,0,0,2,0,0,0,0,0.0,0.0,0.0,0,0,0,0
fdd60087,12,440,4,4,2,8,8,1,12,9,3,7.7,9.2,-1.5,0,0,0,0
fe05804b,14,947,10,10,8,4,20,0,9,23,-14,8.0,17.3,-9.3,0,0,0,0
fe641c1a,26,1549,17,15,9,11,1,1,23,12,11,16.1,20.1,-4.1,0,0,0,0
fea23125,0,0,0,0,0,0,38,0,0,0,0,0.0,0.0,0.0,0,0,0,0
fed17f5a,32,2474,27,28,15,4,0,1,38,33,5,28.6,32.2,-3.6,0,0,0,0
ff4f78e1,1,5,0,0,0,1,6,1,0,0,0,0.0,0.0,0.0,0,0,0,0
ffacd3d5,33,2257,25,25,14,8,3,1,24,29,-5,23.6,25.7,-2.1,0,0,0,0
