id,Tkl,TklW,Def 3rd,Mid 3rd,Att 3rd,Tkl.1,Att,Lost,Blocks,Sh,Pass,Int,Tkl+Int,Clr,Err
5bc43860,31,11,10,16,5,10,29,19,30,2,28,1,32,5,1
f2bf1b0f,15,12,6,7,2,7,9,2,9,3,6,4,19,18,0
2b09d998,84,42,41,34,9,46,68,22,44,8,36,30,114,27,0
c81d773d,13,5,10,2,1,6,9,3,10,8,2,13,26,65,1
288e1e13,13,9,9,4,0,7,9,2,8,7,1,10,23,33,0
a6c58494,0,0,0,0,0,0,0,0,1,0,1,0,0,0,0
9b398aea,30,19,24,5,1,8,12,4,2,0,2,7,37,26,0
a8c0acb7,11,8,5,4,2,9,16,7,6,5,1,7,18,22,0
89ac64a6,24,17,10,11,3,18,23,5,19,6,13,11,35,21,0
eaeca114,20,8,11,7,2,8,11,3,13,6,7,15,35,26,0
b827d5b3,4,1,0,2,2,1,7,6,6,2,4,1,5,5,0
77e84962,41,23,18,21,2,13,19,6,14,3,11,18,59,12,2
4abac767,2,2,0,2,0,1,2,1,3,2,1,1,3,1,0
cd1acf9d,31,22,19,9,3,21,36,15,17,5,12,23,54,22,2
7a2e46a8,0,0,0,0,0,0,0,0,2,0,2,0,0,13,0
cea4ee8f,0,0,0,0,0,0,0,0,0,0,0,0,0,0,0
862a1c15,37,25,12,16,9,15,25,10,23,2,21,7,44,11,0
15ab5a2b,12,6,1,6,5,3,12,9,11,0,11,0,12,2,0
1a4ef233,17,6,11,5,1,10,12,2,19,12,7,8,25,58,0
e34fc66d,24,11,17,7,0,11,21,10,18,10,8,20,44,136,0
de31038e,5,3,4,0,1,2,4,2,5,1,4,2,7,0,0
e4238fb1,24,13,12,7,5,6,19,13,17,1,16,5,29,11,0
ac05f970,12,6,1,7,4,3,6,3,11,4,7,3,15,4,0
99127249,14,3,7,5,2,5,15,10,8,0,8,4,18,3,0
05e8ca6d,0,0,0,0,0,0,0,0,0,0,0,0,0,0,0
2f965a72,0,0,0,0,0,0,0,0,0,0,0,0,0,0,0
328f7d51,29,19,13,12,4,11,19,8,13,1,12,8,37,10,0
68c720b5,11,7,3,5,3,0,7,7,14,3,11,3,14,5,0
97333cf5,16,10,6,8,2,5,20,15,11,0,11,3,19,6,0
28d596a0,2,2,2,0,0,2,3,1,0,0,0,0,2,9,0
d5dd5f1f,1,0,1,0,0,0,1,1,1,0,1,2,3,4,2
9fec8860,1,1,1,0,0,0,0,0,0,0,0,0,1,1,0
5c2b4f07,41,25,28,10,3,14,18,4,19,6,13,19,60,48,0
e5478b87,10,8,0,7,3,5,7,2,7,2,5,1,11,10,0
5dbefa9d,3,1,0,2,1,1,2,1,2,0,2,0,3,4,0
da052c14,51,33,19,16,16,14,31,17,22,2,20,11,62,24,0
420d7c7d,36,18,26,5,5,22,37,15,20,7,13,13,49,23,0
53cad200,29,17,17,8,4,16,20,4,20,4,16,15,44,42,0
06df8256,9,5,6,3,0,5,7,2,1,1,0,5,14,23,0
3a233281,11,5,4,6,1,3,13,10,10,0,10,4,15,7,0
32e8417f,8,6,5,2,1,7,20,13,5,0,5,4,12,4,0
93feac6e,7,4,0,5,2,3,13,10,5,1,4,0,7,7,0
2886c9b5,8,5,4,3,1,6,13,7,4,1,3,5,13,7,0
3ea50f67,18,11,8,8,2,10,28,18,24,0,24,6,24,7,0
c91441dc,1,0,1,0,0,1,1,0,0,0,0,1,2,19,1
30db8574,0,0,0,0,0,0,0,0,0,0,0,1,1,1,0
4115ce4e,13,10,9,4,0,4,4,0,14,11,3,16,29,26,0
4115ce4e,3,3,0,3,0,1,1,0,3,1,2,2,5,5,0
50dc94ce,0,0,0,0,0,0,1,1,2,1,1,1,1,1,0
7b4de647,0,0,0,0,0,0,0,0,0,0,0,0,0,1,0
a39d11bc,24,10,19,5,0,9,12,3,19,6,13,34,58,75,0
5a04fd92,17,8,8,4,5,7,18,11,12,1,11,6,23,9,0
3b8674e6,45,28,15,21,9,15,25,10,28,15,13,20,65,22,0
505486d6,19,12,9,9,1,11,19,8,9,1,8,1,20,14,0
87966294,0,0,0,0,0,0,0,0,0,0,0,0,0,0,0
de40e38c,2,1,2,0,0,1,1,0,0,0,0,1,3,0,0
d328a254,40,21,15,17,8,10,23,13,32,7,25,20,60,36,1
6c203af0,12,10,3,5,4,2,7,5,12,5,7,9,21,7,0
a4ac4b8f,13,6,8,3,2,8,13,5,11,4,7,12,25,38,0
ccce7025,25,15,20,5,0,13,18,5,28,14,14,19,44,75,1
79c84d1c,29,11,10,10,9,12,34,22,31,6,25,21,50,14,0
c07b7c5c,2,0,1,1,0,1,1,0,2,1,1,4,6,2,0
97220da2,4,1,0,3,1,1,1,0,10,1,9,1,5,1,0
a2081c6b,0,0,0,0,0,0,0,0,0,0,0,0,0,2,0
7b5ab7f2,3,1,3,0,0,0,3,3,3,0,3,1,4,1,0
66b76d44,39,15,16,15,8,13,39,26,11,0,11,14,53,9,0
bfc3b3a0,27,14,22,3,2,15,25,10,12,1,11,9,36,27,0
468a7a91,0,0,0,0,0,0,1,1,0,0,0,0,0,0,0
b2d31e83,26,18,15,7,4,14,31,17,26,10,16,19,45,89,1
85322440,0,0,0,0,0,0,0,0,0,0,0,0,0,1,0
16264a81,59,29,20,30,9,23,34,11,20,3,17,31,90,19,2
a8748947,13,4,2,6,5,6,6,0,8,1,7,2,15,2,0
94f8d10c,11,7,7,3,1,5,6,1,10,8,2,13,24,42,1
59e6e5bf,3,1,1,0,2,1,4,3,2,0,2,1,4,5,0
6f711f67,2,1,1,1,0,0,1,1,2,0,2,1,3,0,0
bd6351cd,29,21,16,9,4,17,24,7,7,1,6,19,48,9,1
4506aec5,0,0,0,0,0,0,0,0,0,0,0,0,0,0,0
1137759d,0,0,0,0,0,0,2,2,3,1,2,0,0,1,0
b4a014b1,1,0,0,1,0,0,1,1,2,2,0,1,2,2,0
966e28d0,8,8,3,3,2,3,6,3,6,0,6,5,13,0,0
4d224fe8,56,26,27,23,6,29,47,18,28,6,22,22,78,38,0
2389cdc2,37,22,27,6,4,17,25,8,16,3,13,23,60,33,0
197640fd,54,32,34,16,4,25,46,21,33,9,24,21,75,66,0
e28868f3,27,10,18,8,1,14,27,13,20,3,17,13,40,23,1
9cfbad36,1,0,0,1,0,0,0,0,1,0,1,0,1,0,0
422862ea,1,1,1,0,0,1,1,0,0,0,0,0,1,2,0
5515376c,16,10,11,2,3,10,16,6,8,3,5,14,30,35,1
dc6f5bdd,2,2,2,0,0,1,3,2,4,4,0,6,8,3,1
d2424d1b,12,8,8,3,1,10,16,6,4,0,4,10,22,12,0
26ce2263,20,15,5,15,0,9,25,16,14,2,12,18,38,12,0
b2f9c73e,8,4,5,3,0,2,3,1,4,0,4,4,12,1,0
73341ace,0,0,0,0,0,0,0,0,2,0,2,0,0,0,0
0442183b,24,13,12,8,4,13,19,6,18,3,15,18,42,34,0
2928dca2,14,9,8,6,0,7,15,8,20,16,4,14,28,85,3
963a9201,17,12,13,4,0,5,8,3,2,0,2,3,20,8,0
0420d84f,25,19,15,9,1,12,18,6,12,6,6,17,42,42,1
a8c19eb8,21,11,16,5,0,12,20,8,23,18,5,20,41,71,0
700783e7,1,1,0,1,0,0,1,1,2,1,1,6,7,14,0
2afc7272,36,22,9,22,5,17,32,15,24,9,15,17,53,23,0
3e5e4e63,8,4,4,4,0,5,7,2,16,11,5,12,20,51,0
dc64b8b3,27,19,20,6,1,14,21,7,8,3,5,25,52,42,2
beb391dd,4,1,3,0,1,2,2,0,0,0,0,0,4,0,0
a190d597,2,0,2,0,0,1,2,1,5,1,4,2,4,7,0
fdf3cb77,36,21,23,8,5,22,30,8,19,5,14,25,61,35,0
0ef89a37,19,14,8,8,3,9,14,5,11,1,10,4,23,2,0
a5ca9127,0,0,0,0,0,0,0,0,0,0,0,0,0,0,0
4f974391,15,7,8,7,0,7,18,11,17,8,9,20,35,41,0
1daec722,49,21,31,10,8,24,42,18,23,6,17,11,60,39,0
dc62b55d,4,1,0,3,1,1,2,1,8,2,6,3,7,6,0
ca45605e,8,5,3,5,0,1,4,3,7,2,5,3,11,6,0
d9565625,35,27,28,7,0,23,32,9,20,7,13,24,59,32,1
215f3907,10,7,6,3,1,6,19,13,4,0,4,3,13,5,0
a816dbfb,7,4,4,3,0,2,7,5,2,1,1,1,8,5,0
f08490a6,0,0,0,0,0,0,0,0,0,0,0,0,0,0,0
60344e4f,14,7,5,5,4,5,12,7,15,5,10,3,17,5,0
44781702,17,9,7,9,1,8,16,8,15,6,9,15,32,54,0
9228b07c,10,7,4,5,1,4,6,2,8,1,7,4,14,6,1
3e9e06cb,10,6,8,2,0,4,6,2,9,6,3,6,16,26,0
3e9e06cb,4,2,3,1,0,1,3,2,7,5,2,2,6,18,1
e46012d4,20,9,3,9,8,11,29,18,19,2,17,4,24,8,0
11f54bd5,3,1,2,1,0,0,1,1,1,0,1,1,4,1,0
5a7301ae,11,4,8,2,1,7,13,6,11,3,8,6,17,6,0
5a7301ae,4,2,0,3,1,2,3,1,2,0,2,9,13,4,0
2c44a35d,7,5,3,2,2,2,5,3,5,0,5,0,7,2,0
9d8cf204,0,0,0,0,0,0,1,1,0,0,0,0,0,0,0
5c74c0f5,37,22,9,25,3,13,32,19,37,4,33,19,56,15,0
11ff3d56,23,13,12,10,1,8,11,3,9,1,8,6,29,10,0
31c69ef1,14,9,7,7,0,6,6,0,15,8,7,13,27,33,0
4a1a9578,10,8,2,7,1,3,7,4,6,0,6,2,12,0,0
ac861941,22,14,13,7,2,7,12,5,26,18,8,28,50,80,1
1b84dbe1,24,9,17,7,0,17,25,8,14,5,9,15,39,35,0
a712ca2b,20,14,14,5,1,10,18,8,19,14,5,26,46,44,0
254147d4,17,9,11,5,1,9,20,11,12,2,10,11,28,6,0
733f1a7d,3,2,1,2,0,1,1,0,1,0,1,0,3,0,0
d557d734,16,10,12,3,1,8,9,1,11,6,5,8,24,14,1
67ac5bb8,33,22,21,9,3,12,17,5,32,18,14,19,52,85,2
02b29014,12,7,4,7,1,4,10,6,7,1,6,7,19,4,0
ce4f40c7,59,37,34,23,2,23,43,20,29,11,18,41,100,30,0
69fdb896,8,6,1,6,1,2,5,3,9,0,9,3,11,2,0
e0d1510a,5,4,0,4,1,2,3,1,0,0,0,1,6,1,0
3a949a25,0,0,0,0,0,0,1,1,0,0,0,0,0,0,0
7314bba4,0,0,0,0,0,0,0,0,0,0,0,0,0,0,0
282f75f3,14,8,11,2,1,4,14,10,23,16,7,23,37,57,0
414184f7,0,0,0,0,0,0,1,1,0,0,0,1,1,1,0
fa9fa773,1,1,1,0,0,0,1,1,2,0,2,0,1,0,0
3bb7b8b4,1,0,1,0,0,1,2,1,0,0,0,1,2,9,2
0562b7f1,21,10,7,10,4,6,10,4,10,5,5,3,24,17,0
007414dd,15,8,5,9,1,3,7,4,6,0,6,6,21,6,0
2fba6108,3,0,0,2,1,1,2,1,4,0,4,2,5,4,0
c8387671,16,10,6,5,5,4,21,17,21,1,20,10,26,6,0
47a34c4f,1,1,1,0,0,1,1,0,0,0,0,0,1,0,0
68dc0dac,30,17,13,14,3,12,27,15,26,2,24,14,44,31,0
df8b52a5,43,28,28,12,3,20,32,12,15,3,12,12,55,57,0
980522ec,12,10,7,3,2,5,18,13,17,7,10,8,20,18,1
d38fdf53,30,18,17,7,6,19,29,10,16,5,11,22,52,22,0
f8fcd2a5,10,4,10,0,0,6,10,4,6,5,1,16,26,32,0
ae4fc6a4,26,15,10,11,5,7,17,10,17,0,17,7,33,5,0
9328b835,0,0,0,0,0,0,0,0,0,0,0,0,0,5,0
7f3b388c,36,18,12,20,4,13,35,22,22,6,16,19,55,25,0
9c221d14,36,20,17,18,1,19,26,7,25,17,8,25,61,60,1
51a3c4c8,4,2,2,2,0,2,5,3,3,3,0,11,15,20,0
8aafd64f,7,4,4,1,2,2,7,5,1,0,1,0,7,0,0
4596da74,2,0,0,1,1,1,4,3,4,1,3,1,3,0,0
507c7bdf,54,32,18,21,15,23,45,22,22,2,20,15,69,30,0
5ff4ab71,15,9,9,4,2,5,17,12,13,2,11,8,23,5,0
6ad43f9a,0,0,0,0,0,0,0,0,1,0,1,0,0,1,0
4c370d81,14,11,2,10,2,1,13,12,12,1,11,6,20,2,0
24f59bb2,17,9,7,8,2,8,18,10,11,4,7,8,25,10,0
ed1e53f3,13,8,8,4,1,7,10,3,15,1,14,3,16,5,0
e82900ef,2,1,0,1,1,0,0,0,1,0,1,0,2,0,0
132a82f1,4,2,1,2,1,1,3,2,1,1,0,9,13,5,0
132a82f1,5,3,1,3,1,1,2,1,4,1,3,7,12,7,0
82927de4,18,9,5,7,6,6,24,18,11,1,10,11,29,8,0
9f1938ab,2,1,0,2,0,1,6,5,3,0,3,0,2,1,0
c3e39f12,0,0,0,0,0,0,0,0,0,0,0,0,0,1,0
6722d4f0,0,0,0,0,0,0,0,0,0,0,0,0,0,1,0
d56543a0,2,2,0,0,2,2,5,3,3,1,2,0,2,3,0
b853e0ad,35,24,19,13,3,8,24,16,29,1,28,13,48,13,0
c067631c,3,2,2,0,1,1,4,3,6,1,5,0,3,22,0
98d2c2c4,34,17,19,13,2,14,29,15,27,6,21,25,59,30,0
1971591f,6,4,0,4,2,1,5,4,3,1,2,2,8,1,0
c2731c10,28,19,11,10,7,8,22,14,16,3,13,12,40,14,0
72c812f3,48,27,23,18,7,14,32,18,33,7,26,41,89,20,2
7aa8adfe,3,1,0,0,3,1,6,5,5,0,5,4,7,1,0
4e015693,6,5,1,4,1,1,4,3,2,0,2,4,10,1,0
7ba6d84e,0,0,0,0,0,0,0,0,0,0,0,0,0,9,1
01962d0d,6,2,1,3,2,3,5,2,5,0,5,0,6,4,0
f7b1d4e0,1,0,0,1,0,1,2,1,3,1,2,3,4,2,0
32f60ed8,3,1,3,0,0,2,3,1,2,0,2,1,4,3,0
32f60ed8,15,8,5,4,6,7,17,10,8,2,6,10,25,11,0
df10e27c,1,0,0,1,0,1,7,6,1,0,1,1,2,3,0
75fdd638,20,13,4,11,5,9,22,13,13,0,13,3,23,6,0
9f7c837d,5,3,5,0,0,4,8,4,5,2,3,2,7,2,0
8b57ad2c,5,1,2,3,0,3,5,2,0,0,0,0,5,2,0
f0caab96,4,2,4,0,0,2,2,0,6,5,1,2,6,24,0
7a11550b,27,20,14,11,2,11,19,8,15,11,4,21,48,46,2
01e5f06e,5,2,3,1,1,2,3,1,4,2,2,2,7,4,0
2bd83368,1,1,1,0,0,1,3,2,1,0,1,1,2,0,0
2bd83368,34,22,17,10,7,8,23,15,19,0,19,4,38,11,0
4468ec10,17,13,3,9,5,10,16,6,12,2,10,10,27,15,0
b0b4fd3e,17,11,7,8,2,9,15,6,14,1,13,5,22,6,0
f3354c07,11,7,7,4,0,5,14,9,7,1,6,1,12,1,0
8aec0537,36,19,14,17,5,15,31,16,19,5,14,10,46,9,0
ab13a5aa,0,0,0,0,0,0,0,0,0,0,0,0,0,8,1
e6bc67d7,8,6,4,3,1,5,8,3,4,0,4,1,9,2,0
d0706b27,35,17,28,7,0,19,28,9,37,20,17,26,61,88,2
82518f62,38,19,10,25,3,16,29,13,20,3,17,21,59,13,1
819b3158,23,13,4,9,10,10,21,11,11,3,8,15,38,10,0
56d838f7,2,2,1,1,0,0,0,0,2,0,2,0,2,0,0
1f44ac21,3,2,0,2,1,1,2,1,9,3,6,2,5,11,0
da011f18,11,3,10,1,0,8,12,4,4,0,4,10,21,5,1
8c3078cd,0,0,0,0,0,0,0,0,0,0,0,0,0,0,0
aa849a12,28,11,1,12,15,8,25,17,24,1,23,8,36,8,0
fed7cb61,27,12,3,14,10,7,19,12,20,0,20,6,33,28,0
4fd08daa,2,1,1,1,0,1,1,0,0,0,0,4,6,2,0
169fd162,10,6,4,4,2,5,13,8,12,0,12,1,11,3,0
e5a76dfe,0,0,0,0,0,0,0,0,0,0,0,0,0,12,1
935e6b8f,15,9,6,7,2,5,13,8,10,3,7,11,26,12,0
76eca7e2,1,0,1,0,0,1,1,0,0,0,0,0,1,1,0
8a3c1dc7,37,18,14,17,6,14,21,7,22,7,15,17,54,53,1
92e7e919,16,8,3,7,6,3,14,11,14,2,12,7,23,5,0
1780bb4a,20,14,12,8,0,8,16,8,10,4,6,11,31,12,0
bd8a5d95,5,2,1,3,1,3,4,1,5,0,5,0,5,2,1
d79a8c87,1,1,1,0,0,0,0,0,0,0,0,0,1,1,0
d0042ab9,8,4,7,1,0,3,6,3,5,2,3,6,14,22,0
a0666d3e,14,7,5,8,1,5,10,5,9,4,5,8,22,1,0
bd9553e6,0,0,0,0,0,0,0,0,0,0,0,1,1,0,0
8b04d6c1,38,20,20,13,5,21,39,18,40,15,25,36,74,45,1
c92e1a31,3,1,0,2,1,2,5,3,5,1,4,0,3,5,0
07802f7f,3,2,0,2,1,0,3,3,2,1,1,0,3,1,0
07802f7f,10,5,1,6,3,1,6,5,12,1,11,1,11,11,0
8e92be30,4,2,0,3,1,1,5,4,7,1,6,1,5,1,0
6ca5ec4b,50,27,29,19,2,25,40,15,25,1,24,14,64,22,0
c931d9f9,6,2,1,3,2,3,6,3,4,0,4,2,8,2,0
c931d9f9,4,3,1,2,1,3,6,3,2,1,1,1,5,4,0
1265a93a,19,11,5,13,1,8,11,3,9,1,8,10,29,17,0
8449d35e,44,21,19,17,8,18,35,17,18,7,11,17,61,21,0
172e52d8,3,2,2,1,0,2,3,1,8,6,2,8,11,25,0
0f134faf,47,22,19,20,8,18,60,42,33,1,32,23,70,16,1
b66315ae,19,16,9,5,5,7,16,9,15,2,13,8,27,10,1
b561db50,3,3,2,1,0,1,2,1,7,0,7,0,3,4,0
c17bfb65,51,36,25,19,7,19,38,19,37,5,32,28,79,30,0
9319781b,15,11,9,3,3,8,12,4,10,4,6,6,21,24,1
0cd31129,20,15,10,4,6,5,14,9,22,1,21,3,23,3,1
4fb9c88f,4,2,1,1,2,2,4,2,1,0,1,1,5,1,0
45db685d,8,4,2,5,1,1,9,8,1,1,0,4,12,1,0
45db685d,42,23,22,14,6,22,46,24,18,3,15,21,63,7,0
178ae8f8,12,7,7,4,1,6,15,9,2,0,2,2,14,2,0
570bb4b9,10,7,3,5,2,5,13,8,9,0,9,2,12,0,0
fb614c44,20,18,7,12,1,9,13,4,24,6,18,15,35,47,0
0db5d2c8,14,7,8,6,0,8,15,7,17,11,6,14,28,27,1
15f24fe7,0,0,0,0,0,0,0,0,0,0,0,1,1,0,0
cc77354e,47,22,20,19,8,22,46,24,34,11,23,15,62,22,1
21a66f6a,8,7,0,3,5,4,11,7,18,6,12,1,9,13,0
b9fbae28,5,3,1,4,0,2,4,2,1,0,1,3,8,0,0
c5b7c315,0,0,0,0,0,0,0,0,0,0,0,0,0,4,0
18b999f4,12,5,7,5,0,7,13,6,12,0,12,1,13,8,0
51dbeea9,30,19,15,11,4,16,33,17,13,5,8,23,53,48,1
f25c8e3a,5,4,2,3,0,1,4,3,1,0,1,2,7,3,0
f31def1e,12,7,9,3,0,7,10,3,12,9,3,13,25,48,0
d0f72bf1,27,15,21,5,1,12,20,8,47,27,20,16,43,111,0
282679b4,12,8,3,4,5,7,13,6,4,0,4,0,12,1,0
ea6bc03a,37,21,24,10,3,18,32,14,30,13,17,34,71,88,1
5ed9b537,12,7,9,3,0,4,8,4,2,1,1,9,21,21,1
0313a347,29,9,18,9,2,12,14,2,26,16,10,18,47,84,3
da974c7b,26,17,18,6,2,12,21,9,17,4,13,19,45,50,0
8d3c902d,20,15,10,8,2,5,8,3,13,1,12,5,25,20,0
79c0821a,19,13,8,9,2,8,14,6,5,1,4,12,31,9,0
77cf6852,0,0,0,0,0,0,0,0,0,0,0,0,0,0,0
df3cda47,26,9,17,3,6,11,28,17,11,0,11,3,29,4,0
41e7ef1c,3,2,1,1,1,3,3,0,1,1,0,2,5,4,0
99813635,9,4,6,2,1,0,7,7,6,0,6,2,11,1,0
f4e433d4,11,6,6,4,1,5,7,2,7,3,4,7,18,2,0
26f6dca8,0,0,0,0,0,0,2,2,1,0,1,0,0,0,0
119b9a8e,2,1,2,0,0,0,0,0,10,3,7,2,4,17,1
cf7fb13a,7,6,6,1,0,5,5,0,2,0,2,3,10,4,0
450ab6fc,1,0,1,0,0,1,1,0,3,2,1,0,1,10,0
ecad9aa5,29,15,12,15,2,8,18,10,22,5,17,17,46,7,0
0bdda685,0,0,0,0,0,0,0,0,0,0,0,0,0,0,0
2b471f99,6,5,5,1,0,2,3,1,6,1,5,3,9,8,0
4f28a6ff,18,9,9,7,2,9,16,7,17,6,11,12,30,29,2
2628fd2b,0,0,0,0,0,0,2,2,0,0,0,0,0,12,0
9b5ce51a,33,18,16,13,4,15,24,9,18,9,9,25,58,74,1
efb9215a,0,0,0,0,0,0,0,0,0,0,0,0,0,0,0
b57e066e,13,8,7,5,1,5,9,4,4,1,3,3,16,8,0
41f08ac8,1,0,0,1,0,0,0,0,5,1,4,0,1,2,0
f5deef4c,8,6,4,3,1,5,6,1,6,3,3,9,17,28,0
810e3c74,3,3,2,1,0,0,3,3,11,0,11,5,8,4,0
bba30585,13,10,8,5,0,4,8,4,6,2,4,15,28,24,2
8f62b6ee,1,1,1,0,0,1,2,1,0,0,0,1,2,11,4
ed9f7cfe,27,18,18,6,3,18,33,15,15,4,11,19,46,44,0
e97fd090,20,11,7,10,3,8,17,9,10,2,8,9,29,17,0
a2b105e0,31,19,11,14,6,15,40,25,29,7,22,13,44,18,0
b2856bc0,0,0,0,0,0,0,0,0,0,0,0,0,0,0,0
6f7d826d,44,24,21,15,8,15,32,17,26,5,21,28,72,13,1
c6e8cf1f,2,2,1,1,0,0,0,0,1,0,1,1,3,0,0
b5bf1770,15,10,9,6,0,8,13,5,10,8,2,13,28,28,2
83d074ff,48,28,14,29,5,24,48,24,15,1,14,21,69,5,1
ee38d9c5,28,13,12,11,5,12,32,20,9,0,9,9,37,5,0
bf34eebd,3,3,2,1,0,1,1,0,8,1,7,0,3,0,0
d8931174,5,4,4,0,1,3,4,1,15,10,5,7,12,24,0
892d5bb1,14,7,2,6,6,9,22,13,16,0,16,5,19,2,0
c6220452,0,0,0,0,0,0,0,0,1,1,0,0,0,0,0
e3a5814e,31,15,15,13,3,19,26,7,17,3,14,10,41,25,0
6b6c793c,28,18,22,5,1,8,16,8,9,2,7,16,44,35,0
a572e291,15,8,9,5,1,8,14,6,8,2,6,11,26,4,0
758dd7f0,1,0,1,0,0,1,1,0,0,0,0,0,1,0,0
3544641e,12,8,5,6,1,2,7,5,5,0,5,0,12,5,0
bb5fbd2b,33,19,12,9,12,4,19,15,25,3,22,18,51,21,0
4d960fc3,0,0,0,0,0,0,0,0,0,0,0,0,0,1,0
59878425,0,0,0,0,0,0,0,0,0,0,0,0,0,0,0
8b788c01,0,0,0,0,0,0,1,1,3,0,3,1,1,2,0
48a5a5d6,18,10,7,5,6,3,12,9,18,1,17,7,25,10,0
7956236f,0,0,0,0,0,0,2,2,0,0,0,1,1,10,1
bac46a10,41,20,26,13,2,26,34,8,39,21,18,26,67,80,0
feb5d972,6,5,4,1,1,3,7,4,0,0,0,5,11,4,0
50e6dc35,4,1,1,2,1,1,3,2,3,1,2,3,7,15,0
b217ef29,12,6,10,2,0,9,15,6,6,2,4,11,23,38,3
4bcf39f6,8,4,2,2,4,1,1,0,4,0,4,2,10,0,0
493924a7,3,2,2,1,0,1,3,2,2,0,2,3,6,3,0
6afaebf2,11,6,5,3,3,4,19,15,11,0,11,4,15,11,0
90f91999,44,28,21,19,4,22,38,16,30,4,26,15,59,9,0
4e5a4cbc,12,7,7,3,2,6,10,4,20,14,6,11,23,81,1
01c3aff5,7,3,2,4,1,0,7,7,10,0,10,5,12,9,0
fc15fb84,36,23,21,6,9,11,22,11,25,0,25,10,46,14,0
d93c2511,20,16,10,6,4,6,11,5,7,3,4,9,29,34,0
8df7a2fb,22,12,14,8,0,10,20,10,36,29,7,32,54,73,1
33887998,0,0,0,0,0,0,0,0,0,0,0,0,0,3,2
1598599e,7,4,4,3,0,5,9,4,9,2,7,9,16,2,0
fed96827,30,13,24,6,0,9,14,5,31,21,10,20,50,109,0
6b625ac2,1,0,1,0,0,1,3,2,0,0,0,1,2,18,1
10ec4169,0,0,0,0,0,0,1,1,0,0,0,0,0,0,0
2ce2508a,10,6,5,3,2,6,6,0,8,1,7,6,16,8,0
2f90f6b8,18,9,6,8,4,10,26,16,12,2,10,10,28,12,0
6d5701f2,9,4,4,5,0,7,7,0,2,1,1,2,11,9,0
8397a50c,8,2,4,4,0,4,9,5,24,13,11,33,41,92,1
5cbd1eb0,37,23,24,11,2,14,30,16,27,5,22,21,58,47,0
74618572,23,15,9,9,5,10,17,7,12,0,12,7,30,8,0
3925dbd6,12,6,6,4,2,4,8,4,15,4,11,3,15,16,1
01ce9e70,13,11,2,8,3,5,16,11,10,5,5,1,14,20,0
c4720845,0,0,0,0,0,0,0,0,1,0,1,0,0,0,0
16e9d0ea,7,4,5,1,1,6,12,6,8,2,6,2,9,8,1
9674002f,32,18,6,15,11,14,25,11,24,6,18,7,39,9,0
2b622f01,7,5,1,2,4,1,2,1,0,0,0,2,9,1,0
f5a00fa4,41,22,20,16,5,15,40,25,19,5,14,14,55,14,0
92868cb5,0,0,0,0,0,0,0,0,0,0,0,0,0,0,0
049a888d,6,6,1,2,3,2,5,3,3,1,2,0,6,1,0
de112b84,10,5,3,6,1,6,11,5,8,0,8,2,12,2,0
1d5cab82,10,5,1,6,3,3,4,1,3,1,2,1,11,1,0
30d4a2e5,39,19,27,11,1,19,37,18,37,14,23,32,71,70,0
ecada4fc,0,0,0,0,0,0,0,0,0,0,0,0,0,5,0
6b47c5db,32,23,17,13,2,9,26,17,19,9,10,17,49,23,1
c5bdb6e3,1,0,1,0,0,1,1,0,0,0,0,0,1,0,0
a9dc785c,2,0,2,0,0,2,2,0,0,0,0,0,2,3,2
7ba2eaa9,8,6,3,2,3,5,11,6,2,0,2,3,11,1,0
44bfb6c5,57,30,24,21,12,21,46,25,36,19,17,31,88,64,1
00242715,1,0,1,0,0,1,4,3,1,1,0,1,2,18,0
39769cff,42,22,23,14,5,27,39,12,20,9,11,21,63,36,0
a53649b7,12,9,5,2,5,2,6,4,7,1,6,1,13,7,0
e6af02e0,39,27,17,13,9,13,28,15,16,2,14,11,50,23,1
4d77b365,6,3,2,3,1,3,8,5,9,0,9,2,8,9,0
7f94982c,0,0,0,0,0,0,0,0,1,0,1,0,0,0,0
df0a4c90,26,13,12,14,0,8,24,16,18,6,12,23,49,26,2
089667a5,16,9,4,11,1,6,12,6,13,2,11,5,21,9,0
74b2cd7e,9,3,6,3,0,4,5,1,3,1,2,9,18,31,1
c4486bac,34,18,15,16,3,14,32,18,26,1,25,10,44,10,0
e7ee38c3,0,0,0,0,0,0,1,1,0,0,0,0,0,1,0
828657ff,54,36,19,30,5,20,29,9,17,4,13,21,75,28,0
6612cd8c,1,0,1,0,0,0,0,0,1,0,1,0,1,0,0
c06d1086,0,0,0,0,0,0,1,1,2,1,1,0,0,1,0
2944f86f,12,9,6,5,1,7,15,8,8,2,6,5,17,7,0
ee950928,1,1,1,0,0,0,0,0,0,0,0,0,1,0,0
2f9e4435,5,4,3,2,0,2,3,1,6,2,4,5,10,8,1
38c7feef,5,4,1,2,2,1,3,2,4,1,3,1,6,4,0
d00d45ab,0,0,0,0,0,0,0,0,0,0,0,0,0,0,0
a78ff07f,101,58,34,45,22,45,77,32,33,4,29,33,134,49,1
dc7f8a28,3,1,0,1,2,1,1,0,0,0,0,1,4,1,0
e0bc6fdc,9,5,4,5,0,4,8,4,7,0,7,7,16,15,0
9b6f7fd5,30,22,12,14,4,10,28,18,26,3,23,10,40,21,0
529f49ab,42,24,13,19,10,17,33,16,14,4,10,20,62,29,1
230f0471,39,17,25,11,3,23,33,10,19,3,16,11,50,34,0
a6b461e7,7,3,3,3,1,1,3,2,4,0,4,2,9,6,0
ac7e7b1c,0,0,0,0,0,0,0,0,0,0,0,0,0,0,0
6639e500,13,6,2,4,7,6,19,13,19,3,16,4,17,5,0
75a72a99,0,0,0,0,0,0,1,1,0,0,0,0,0,0,0
819aa8e7,11,8,5,4,2,8,19,11,6,0,6,2,13,3,0
6fe90922,29,14,16,6,7,15,28,13,18,2,16,16,45,28,1
6dfd8f05,37,24,14,17,6,18,31,13,15,4,11,17,54,25,0
53552942,0,0,0,0,0,0,0,0,0,0,0,0,0,0,0
4f565d77,3,3,1,2,0,1,4,3,3,1,2,2,5,5,0
515ebe8d,2,1,0,2,0,2,2,0,0,0,0,2,4,1,0
4806ec67,0,0,0,0,0,0,0,0,0,0,0,2,2,13,3
e541326e,15,9,8,2,5,2,5,3,15,13,2,16,31,131,1
7fcc71d8,22,14,11,7,4,5,19,14,13,0,13,4,26,6,0
4b40d9ca,1,0,1,0,0,1,3,2,0,0,0,0,1,19,1
27d0a506,1,0,0,1,0,0,1,1,2,0,2,3,4,2,0
86695068,10,7,5,4,1,6,9,3,10,2,8,4,14,4,0
b9403c99,0,0,0,0,0,0,1,1,1,1,0,0,0,0,0
1bf33a9a,11,6,3,6,2,3,5,2,4,0,4,2,13,4,0
466fb2c5,1,1,1,0,0,1,1,0,0,0,0,0,1,13,4
1544f145,43,26,18,19,6,18,34,16,36,6,30,15,58,20,0
a1d5bd30,18,8,6,8,4,8,18,10,24,3,21,5,23,6,0
98ea5115,0,0,0,0,0,0,2,2,1,0,1,0,0,6,1
28b40c9c,26,14,12,11,3,9,20,11,34,20,14,38,64,88,0
ab651565,0,0,0,0,0,0,0,0,0,0,0,0,0,0,0
803ae100,26,18,8,15,3,10,29,19,34,4,30,14,40,28,0
0f7533cd,34,20,12,10,12,13,25,12,21,3,18,16,50,26,0
1c7012b8,51,21,24,25,2,17,26,9,27,11,16,37,88,37,0
0a3d6d2b,7,5,6,1,0,4,6,2,9,1,8,8,15,28,0
fa031b34,17,12,10,4,3,9,20,11,11,1,10,4,21,7,0
7a1f2c08,2,1,2,0,0,0,1,1,1,0,1,0,2,4,0
71ef519e,0,0,0,0,0,0,0,0,0,0,0,1,1,0,0
2e4f5f03,19,12,6,9,4,7,17,10,16,4,12,14,33,31,1
289601e6,34,21,26,7,1,23,29,6,36,10,26,29,63,50,1
da27e268,41,27,14,25,2,11,34,23,21,7,14,19,60,15,0
17acc2ed,0,0,0,0,0,0,0,0,0,0,0,0,0,1,1
6434f10d,51,32,22,22,7,21,36,15,35,13,22,27,78,28,1
1fb1c435,10,4,1,5,4,4,10,6,10,2,8,3,13,16,1
57c94db2,16,10,14,2,0,10,24,14,11,5,6,7,23,31,0
a3d94a58,42,22,24,17,1,14,24,10,18,7,11,23,65,51,2
4b511457,1,0,0,1,0,0,0,0,1,0,1,1,2,1,0
dea698d9,2,2,1,0,1,1,2,1,0,0,0,1,3,9,0
1b804500,0,0,0,0,0,0,0,0,0,0,0,0,0,0,0
b318a643,0,0,0,0,0,0,0,0,1,1,0,0,0,0,0
10a10454,4,2,0,4,0,1,2,1,3,0,3,2,6,1,0
c64c01fc,4,4,2,2,0,2,3,1,0,0,0,2,6,2,0
903b6e8b,1,0,1,0,0,1,1,0,0,0,0,0,1,7,2
e280527c,9,6,2,7,0,2,4,2,5,1,4,4,13,8,0
2b16cb1a,5,3,2,3,0,2,6,4,2,0,2,4,9,1,0
bc7dc64d,32,20,12,9,11,5,17,12,25,0,25,13,45,17,0
e342ad68,12,9,2,3,7,6,13,7,12,0,12,4,16,3,0
972aeb2a,29,16,19,8,2,14,17,3,11,8,3,18,47,75,4
0b33f6ad,50,28,33,15,2,24,32,8,53,22,31,30,80,116,1
1b4f1169,1,1,0,0,1,0,2,2,1,0,1,5,6,2,0
1b4f1169,5,5,3,2,0,1,4,3,2,1,1,2,7,3,0
da7b447d,15,6,10,4,1,9,9,0,9,6,3,10,25,25,0
6a713852,1,0,1,0,0,0,0,0,0,0,0,3,4,8,2
dbf053da,6,4,4,1,1,3,8,5,8,0,8,4,10,3,0
6e7f1353,2,1,1,1,0,1,1,0,0,0,0,0,2,0,0
9744ff80,5,4,0,3,2,2,7,5,3,0,3,0,5,0,0
ac0d576d,5,3,4,1,0,2,4,2,0,0,0,1,6,0,0
8790f988,10,5,1,3,6,2,2,0,3,0,3,4,14,5,0
2964fd20,4,1,2,1,1,2,4,2,3,0,3,0,4,3,0
52afb588,1,0,1,0,0,0,0,0,1,0,1,0,1,1,0
c8aa95da,27,10,18,8,1,13,18,5,24,14,10,37,64,92,0
3312f911,46,33,21,20,5,18,34,16,29,6,23,21,67,27,0
d04b94db,48,31,30,15,3,24,38,14,24,10,14,18,66,50,1
efd2ec23,1,0,0,0,1,1,2,1,2,0,2,1,2,0,0
35141f4c,35,24,23,12,0,15,26,11,26,14,12,25,60,93,0
6aa3e78b,17,11,9,8,0,7,12,5,8,1,7,6,23,17,1
9c94165b,34,19,21,11,2,21,26,5,34,9,25,25,59,34,2
3727dd3c,1,0,1,0,0,0,1,1,1,0,1,0,1,0,0
3727dd3c,1,0,0,1,0,1,4,3,5,2,3,0,1,5,0
3eb22ec9,40,21,11,22,7,18,33,15,16,3,13,11,51,5,0
86e7deaf,33,21,18,15,0,17,22,5,30,22,8,29,62,91,2
26d3b5be,0,0,0,0,0,0,0,0,0,0,0,0,0,0,0
8e16dd48,14,9,3,9,2,7,12,5,4,0,4,6,20,1,0
6250083a,8,6,2,5,1,4,10,6,4,0,4,4,12,6,0
20b104bc,36,21,20,13,3,21,41,20,25,11,14,14,50,49,0
17695062,1,1,1,0,0,1,2,1,0,0,0,0,1,2,0
839c14e1,0,0,0,0,0,0,1,1,1,0,1,0,0,1,0
839c14e1,0,0,0,0,0,0,0,0,0,0,0,0,0,0,0
e77dc3b2,7,4,4,1,2,3,11,8,15,4,11,2,9,26,0
886f9aac,4,2,2,2,0,4,5,1,0,0,0,2,6,0,0
6613c819,59,30,32,22,5,20,40,20,33,14,19,34,93,41,1
ae59b359,38,25,18,18,2,16,25,9,7,2,5,16,54,16,0
0a6cb1b1,6,5,4,2,0,5,12,7,9,6,3,3,9,13,0
21166ff4,2,1,1,1,0,1,1,0,2,1,1,1,3,2,0
9bc9a519,0,0,0,0,0,0,0,0,0,0,0,0,0,0,0
558807c0,5,4,3,1,1,2,5,3,3,1,2,5,10,15,0
6992791d,0,0,0,0,0,0,0,0,2,1,1,0,0,0,0
b2626673,0,0,0,0,0,0,2,2,4,1,3,1,1,1,0
6adbc307,2,2,2,0,0,1,1,0,1,1,0,1,3,2,0
6adbc307,9,6,6,3,0,3,5,2,12,9,3,1,10,27,0
b400bde0,11,6,3,2,6,5,8,3,12,0,12,1,12,3,0
5eecec3d,12,9,6,4,2,2,3,1,9,5,4,5,17,23,0
f4d296e4,63,44,31,24,8,34,55,21,25,7,18,26,89,49,0
a62f8bf1,2,1,1,0,1,2,4,2,1,0,1,0,2,1,0
df04eb4b,18,13,8,9,1,7,14,7,10,1,9,5,23,8,0
b017b770,4,0,1,2,1,0,3,3,4,2,2,0,4,6,0
e9971f2d,3,2,3,0,0,1,3,2,1,0,1,2,5,6,0
e514ab62,11,8,6,3,2,8,15,7,4,1,3,7,18,12,0
15ea812b,26,14,20,6,0,11,21,10,63,49,14,32,58,130,2
5c0da4a4,26,17,15,10,1,7,17,10,15,1,14,5,31,21,0
7120a04d,5,3,2,1,2,1,8,7,5,0,5,1,6,0,0
77d7c96f,58,32,31,18,9,26,31,5,29,12,17,27,85,56,0
fc027d02,12,11,6,5,1,9,19,10,12,2,10,21,33,21,0
56f7a928,48,28,20,20,8,21,43,22,31,6,25,19,67,16,0
fce2302c,10,5,6,3,1,4,5,1,5,1,4,9,19,14,0
a105d46a,10,6,6,2,2,4,7,3,9,4,5,6,16,23,0
b3af9be1,23,15,10,8,5,12,17,5,5,0,5,13,36,15,1
e7ca0439,3,2,2,1,0,1,2,1,2,1,1,3,6,11,0
e09f279b,16,10,3,6,7,6,13,7,17,6,11,9,25,22,0
9a28eba4,11,5,5,3,3,2,4,2,6,1,5,2,13,7,0
999ceb5f,10,4,4,3,3,2,6,4,4,2,2,7,17,1,0
fe558029,0,0,0,0,0,0,0,0,1,0,1,0,0,6,0
21512407,48,34,27,20,1,31,56,25,28,12,16,29,77,46,0
38ceb24a,5,3,2,0,3,3,5,2,2,0,2,1,6,0,0
38ceb24a,11,6,8,1,2,2,8,6,17,0,17,6,17,1,0
f315ca93,9,5,7,2,0,7,10,3,6,1,5,5,14,9,0
dd549382,4,3,2,1,1,1,1,0,1,0,1,0,4,1,0
531a4aa8,0,0,0,0,0,0,0,0,1,0,1,0,0,3,0
e06683ca,12,5,9,3,0,3,6,3,17,10,7,19,31,79,1
9f8e9423,19,7,16,3,0,5,12,7,19,12,7,9,28,67,0
45963054,7,3,4,1,2,1,3,2,10,1,9,2,9,20,0
dad4b285,41,23,30,9,2,24,35,11,22,8,14,15,56,45,0
6412cc03,4,2,3,0,1,2,3,1,1,0,1,3,7,1,0
08eb3b58,2,1,2,0,0,1,2,1,1,0,1,0,2,1,0
b937e490,2,2,1,1,0,1,2,1,0,0,0,0,2,1,0
8b529245,2,0,0,2,0,0,2,2,4,0,4,0,2,6,0
1ecb65be,5,2,3,1,1,4,5,1,1,0,1,3,8,2,0
86dd77d1,8,6,3,5,0,1,11,10,7,2,5,8,16,5,0
984a5a64,33,18,18,12,3,12,21,9,24,6,18,12,45,27,0
9e525177,19,14,13,6,0,11,12,1,8,1,7,13,32,20,0
d3ce0e89,1,1,1,0,0,1,3,2,0,0,0,0,1,13,2
8a7ff278,26,17,18,3,5,14,16,2,21,12,9,15,41,46,1
3515d404,40,22,18,18,4,13,35,22,14,1,13,31,71,26,0
aed3a70f,12,7,1,9,2,5,14,9,15,0,15,8,20,20,0
c40b6180,12,8,6,5,1,5,9,4,18,10,8,15,27,38,2
c4e87b8b,6,3,4,0,2,1,3,2,6,2,4,5,11,6,0
ce5143da,9,5,0,4,5,4,6,2,10,1,9,3,12,11,0
35e413f1,45,26,17,22,6,30,42,12,31,7,24,12,57,52,0
4d90ce8c,0,0,0,0,0,0,1,1,0,0,0,0,0,0,0
dd323728,52,35,37,10,5,30,49,19,22,5,17,29,81,33,0
8b9ebd03,11,6,7,2,2,7,18,11,8,0,8,8,19,5,0
a3b03921,35,21,11,14,10,18,36,18,41,8,33,13,48,12,0
c596fcb0,7,1,0,6,1,0,1,1,1,0,1,1,8,4,0
c6dc9ecd,11,7,5,4,2,3,7,4,5,0,5,3,14,6,0
2500cef9,13,8,3,6,4,6,8,2,4,0,4,5,18,11,0
4b803b3c,11,8,5,6,0,8,13,5,9,6,3,9,20,18,1
4e9a0555,5,4,0,3,2,3,5,2,2,2,0,1,6,7,0
4e9a0555,0,0,0,0,0,0,0,0,2,1,1,1,1,2,0
a5212312,33,14,22,9,2,14,21,7,20,14,6,16,49,73,1
e61b8aee,20,14,8,10,2,10,21,11,22,9,13,10,30,33,1
c1fe2a48,27,14,11,13,3,12,17,5,22,8,14,7,34,34,0
be927d03,38,20,27,10,1,26,31,5,17,7,10,15,53,39,0
b2bc3b1f,27,16,11,11,5,7,15,8,18,1,17,13,40,8,0
384d58d9,5,4,2,1,2,1,4,3,3,0,3,3,8,8,0
e8271ad9,34,20,19,14,1,20,36,16,28,7,21,15,49,29,0
51cf8561,27,11,10,9,8,14,26,12,14,0,14,12,39,22,2
6622454d,19,11,11,6,2,4,9,5,6,0,6,4,23,5,1
ce4246f5,4,2,2,2,0,3,6,3,7,7,0,13,17,77,0
79300479,20,13,7,10,3,4,22,18,10,2,8,3,23,7,0
