id,Player,Nation,Pos,Squad,Age,Born,90s,Tkl,TklW,Def 3rd,Mid 3rd,Att 3rd,Tkl.1,Att,Tkl%,Lost,Blocks,Sh,Pass,Int,Tkl+Int,Clr,Err,Matches
a7e4760c,Ismael Aaneba,fr FRA,DF,Strasbourg,19,1999,2.3,12,6,7,5,0,5,10,50.0,5,5,0,5,8,20,9,0,Matches
32c2d95f,Yunis Abdelhamid,ma MAR,DF,Reims,30,1987,38.0,60,33,48,11,1,30,40,75.0,10,44,24,20,65,125,196,0,Matches
a4c3f7af,Mehdi Abeid,dz ALG,MF,Dijon,25,1992,22.5,51,33,27,16,8,15,45,33.3,30,33,7,26,29,80,23,1,Matches
469d3d84,Charles Abi,fr FRA,"DF,FW",Saint-Étienne,18,2000,0.4,4,4,2,1,1,2,2,100.0,0,1,0,1,0,4,1,0,Matches
16714a62,Khaled Adénon,bj BEN,DF,Amiens,33,1985,22.2,31,22,20,11,0,16,28,57.1,12,26,11,15,31,62,101,0,Matches
26777636,Yacine Adli,fr FRA,MF,Bordeaux,18,2000,2.4,7,2,2,3,2,3,9,33.3,6,3,0,3,2,9,0,0,Matches
288e1e13,Nayef Aguerd,ma MAR,DF,Dijon,22,1996,11.7,17,12,8,9,0,8,19,42.1,11,20,11,9,14,31,59,1,Matches
3dd738a1,Ruben Aguilar,fr FRA,DF,Montpellier,25,1993,28.1,88,51,40,33,15,39,69,56.5,30,23,3,20,37,125,50,1,Matches
48b28bfd,Jean-Eudes Aholou,ci CIV,MF,Monaco,24,1994,11.9,20,11,6,11,3,8,16,50.0,8,7,0,7,17,37,12,0,Matches
c46fa34c,Youssef Aït Bennasser,ma MAR,MF,Saint-Étienne,22,1996,10.4,25,13,9,12,4,13,28,46.4,15,15,2,13,19,44,6,2,Matches
c46fa34c,Youssef Aït Bennasser,ma MAR,MF,Monaco,22,1996,11.9,33,16,14,18,1,13,29,44.8,16,15,5,10,15,48,19,0,Matches
9b398aea,Rayan Aït Nouri,fr FRA,"DF,MF",Angers,17,2001,0.6,2,2,1,1,0,0,1,0.0,1,0,0,0,0,2,1,0,Matches
462475ed,Ludovic Ajorque,fr FRA,FW,Strasbourg,24,1994,17.0,17,13,1,10,6,4,9,44.4,5,5,0,5,5,22,9,0,Matches
5314e067,Sofiane Alakouch,ma MAR,DF,Nîmes,20,1998,21.1,81,44,44,31,6,36,63,57.1,27,15,4,11,46,127,57,0,Matches
0f4c0bad,Alexis Alegue,fr FRA,FW,Nantes,21,1996,0.1,1,0,0,1,0,0,0,,0,0,0,0,0,1,0,0,Matches
8fa8f8d2,Rúnar Alex Rúnarsson,is ISL,GK,Dijon,23,1995,25.0,2,0,2,0,0,2,6,33.3,4,0,0,0,1,3,7,2,Matches
bdedd861,Rachid Alioui,ma MAR,FW,Nîmes,26,1992,13.9,15,5,3,9,3,4,9,44.4,5,8,1,7,10,25,11,0,Matches
8870154f,Bobby Allain,fr FRA,GK,Dijon,26,1991,13.0,0,0,0,0,0,0,1,0.0,1,1,0,1,0,0,16,1,Matches
0a63446f,Mickaël Alphonse,gp GLP,DF,Dijon,29,1989,6.3,10,5,6,1,3,3,4,75.0,1,3,1,2,9,19,30,0,Matches
c9e99e49,Dani Alves,br BRA,"MF,DF",Paris S-G,35,1983,18.0,42,22,16,23,3,13,38,34.2,25,18,5,13,8,50,11,0,Matches
d7bf3d19,Romain Amalfitano,fr FRA,"MF,FW",Dijon,28,1989,28.0,52,33,20,28,4,25,67,37.3,42,45,13,32,47,99,35,0,Matches
22721b88,Jordan Amavi,fr FRA,DF,Marseille,24,1994,24.2,74,50,34,26,14,35,56,62.5,21,24,8,16,46,120,93,4,Matches
bcc81786,Kelvin Amian,fr FRA,DF,Toulouse,20,1998,32.0,68,45,54,12,2,20,30,66.7,10,36,13,23,36,104,113,1,Matches
aeed036d,Yanis Ammour,fr FRA,MF,Montpellier,19,1999,0.0,0,0,0,0,0,0,0,,0,0,0,0,0,0,0,0,Matches
ef9c1c95,Benjamin André,fr FRA,MF,Rennes,27,1990,27.7,101,60,39,50,12,33,85,38.8,52,40,6,34,54,155,58,0,Matches
872cd68c,Yoann Andreu,fr FRA,DF,Angers,29,1989,0.0,1,0,1,0,0,0,1,0.0,1,0,0,0,1,2,0,0,Matches
a5db0bec,Houssem Aouar,fr FRA,MF,Lyon,20,1998,34.0,63,38,28,25,10,17,61,27.9,44,33,6,27,32,95,25,3,Matches
fa18c72e,Luiz Araújo,br BRA,"FW,MF",Lille,22,1996,8.7,23,17,8,9,6,9,24,37.5,15,6,1,5,3,26,4,0,Matches
2f965a72,Alphonse Areola,fr FRA,GK,Paris S-G,25,1993,21.0,1,1,1,0,0,1,1,100.0,0,0,0,0,0,1,4,1,Matches
9dd5da03,Yoël Armougom,fr FRA,DF,Caen,20,1998,20.6,31,21,20,9,2,15,29,51.7,14,9,3,6,21,52,66,0,Matches
6a827d8e,Youcef Atal,dz ALG,"DF,FW",Nice,22,1996,25.1,68,44,34,25,9,34,67,50.7,33,38,8,30,56,124,42,0,Matches
d3ce9f1f,Ludovic Baal,gf GUF,DF,Rennes,32,1986,1.4,4,3,3,1,0,0,0,,0,1,0,1,2,6,1,0,Matches
06df8256,Benoît Badiashile,fr FRA,DF,Monaco,17,2001,19.6,25,18,18,7,0,17,25,68.0,8,12,5,7,21,46,79,2,Matches
5046b7d4,Stéphane Bahoken,cm CMR,FW,Angers,26,1992,27.4,15,7,0,10,5,3,21,14.3,18,35,3,32,8,23,5,0,Matches
f449640d,Fodé Ballo-Touré,sn SEN,DF,Lille,21,1997,17.7,47,35,26,19,2,21,32,65.6,11,25,7,18,27,74,42,2,Matches
f449640d,Fodé Ballo-Touré,sn SEN,DF,Monaco,21,1997,17.7,46,31,26,16,4,20,40,50.0,20,20,2,18,28,74,38,2,Matches
4e7bfc23,Florent Balmont,fr FRA,MF,Dijon,38,1980,12.0,29,16,16,10,3,9,36,25.0,27,13,2,11,6,35,8,0,Matches
8ff07990,Mario Balotelli,it ITA,FW,Nice,27,1990,8.4,1,0,0,1,0,1,4,25.0,3,9,1,8,1,2,8,0,Matches
8ff07990,Mario Balotelli,it ITA,FW,Marseille,27,1990,10.4,5,3,1,3,1,2,7,28.6,5,8,2,6,3,8,6,0,Matches
7fecbcdb,Abdoulaye Bamba,ci CIV,DF,Angers,28,1990,28.6,51,29,31,14,6,24,44,54.5,20,20,4,16,37,88,86,0,Matches
b2bd0f6c,Jonathan Bamba,fr FRA,"FW,MF",Lille,22,1996,33.4,29,19,7,17,5,13,39,33.3,26,24,1,23,41,70,18,0,Matches
a1d04509,Yacine Bammou,ma MAR,"FW,MF",Caen,26,1991,10.3,14,7,7,4,3,3,8,37.5,5,14,3,11,9,23,17,0,Matches
0557ff4f,Danilo Barbosa,br BRA,MF,Nice,22,1996,17.2,29,20,13,13,3,6,17,35.3,11,17,2,15,15,44,25,1,Matches
6a189491,Antonio Barreca,it ITA,DF,Monaco,23,1995,6.6,11,8,8,3,0,7,11,63.6,4,3,2,1,7,18,18,0,Matches
80556f08,Toma Bašić,hr CRO,MF,Bordeaux,21,1996,14.8,32,16,5,21,6,11,31,35.5,20,13,1,12,9,41,22,1,Matches
65391fa7,Thomas Basila,fr FRA,DF,Nantes,19,1999,1.0,2,1,1,1,0,0,0,,0,2,1,1,0,2,8,0,Matches
2515040a,Paul Baysse,fr FRA,DF,Bordeaux,30,1988,0.8,1,0,1,0,0,0,1,0.0,1,1,1,0,1,2,6,0,Matches
2515040a,Paul Baysse,fr FRA,DF,Caen,30,1988,19.9,25,14,20,5,0,13,18,72.2,5,25,20,5,31,56,113,1,Matches
8ca253a3,Claudio Beauvue,gp GLP,"FW,MF",Caen,30,1988,16.7,18,11,7,9,2,1,14,7.1,13,11,2,9,10,28,21,0,Matches
74dc806c,Hatem Ben Arfa,fr FRA,"FW,MF",Rennes,31,1987,22.6,15,7,4,8,3,7,16,43.8,9,9,0,9,4,19,0,0,Matches
b7e7937d,Diego Benaglio,ch SUI,GK,Monaco,34,1983,22.9,1,0,1,0,0,1,1,100.0,0,0,0,0,0,1,16,0,Matches
30395d3b,Nicolas Benezet,fr FRA,"MF,FW",Guingamp,27,1991,18.5,32,19,14,15,3,5,19,26.3,14,12,0,12,19,51,4,0,Matches
8a2248b4,Walter Benítez,ar ARG,GK,Nice,25,1993,35.0,1,0,1,0,0,1,2,50.0,1,0,0,0,2,3,6,2,Matches
fbf76716,Yassine Benrahou,fr FRA,"MF,FW",Bordeaux,19,1999,2.0,9,6,1,7,1,2,5,40.0,3,4,0,4,2,11,1,0,Matches
378825c7,Ramy Bensebaini,dz ALG,DF,Rennes,23,1995,23.9,69,48,42,19,8,40,58,69.0,18,24,10,14,41,110,98,0,Matches
6fbde63a,Yassine Benzia,dz ALG,MF,Lille,23,1994,1.8,1,1,0,1,0,1,1,100.0,0,0,0,0,1,2,1,0,Matches
9001138b,Robert Berić,si SVN,FW,Saint-Étienne,27,1991,13.1,12,5,1,9,2,1,11,9.1,10,8,2,6,4,16,3,0,Matches
28dabd43,Paul Bernardoni,fr FRA,GK,Nîmes,21,1997,38.0,1,1,1,0,0,1,2,50.0,1,0,0,0,1,2,20,1,Matches
433dc9a2,Juan Bernat,es ESP,"DF,MF",Paris S-G,25,1993,20.4,47,32,22,19,6,22,46,47.8,24,19,5,14,20,67,41,1,Matches
07a821e4,Antoine Bernede,fr FRA,MF,Paris S-G,19,1999,1.9,13,7,3,8,2,5,9,55.6,4,3,1,2,3,16,1,1,Matches
380a15e2,Dimitry Bertaud,fr FRA,GK,Montpellier,20,1998,1.0,0,0,0,0,0,0,0,,0,0,0,0,0,0,0,0,Matches
de40e38c,Giulian Biancone,fr FRA,DF,Monaco,18,2000,1.0,4,3,4,0,0,1,3,33.3,2,0,0,0,3,7,2,0,Matches
6191093d,Ludovic Blas,fr FRA,"MF,FW",Guingamp,20,1997,26.4,62,38,22,32,8,20,43,46.5,23,44,7,37,26,88,14,0,Matches
c69ef855,Alexis Blin,fr FRA,MF,Amiens,21,1996,22.1,77,45,33,36,8,35,89,39.3,54,39,14,25,33,110,48,1,Matches
7d937aa1,Antonin Bobichon,fr FRA,MF,Nîmes,22,1995,23.9,34,16,17,12,5,16,58,27.6,42,15,3,12,15,49,13,0,Matches
8c2c48a9,Yann Bodiger,fr FRA,MF,Toulouse,23,1995,0.1,0,0,0,0,0,0,1,0.0,1,0,0,0,0,0,0,0,Matches
f3642ba8,Mathieu Bodmer,fr FRA,"MF,FW",Amiens,35,1982,11.9,15,11,3,11,1,3,10,30.0,7,3,0,3,2,17,10,0,Matches
6c8ddd52,Sacha Boey,fr FRA,DF,Rennes,17,2000,0.2,0,0,0,0,0,0,0,,0,0,0,0,0,0,0,0,Matches
403f5d20,Olivier Boscagli,fr FRA,DF,Nice,20,1997,9.6,20,12,14,4,2,9,20,45.0,11,12,1,11,17,37,37,0,Matches
e90af77c,Gabriel Boschilia,br BRA,"FW,MF",Nantes,22,1996,14.7,33,23,11,9,13,8,33,24.2,25,14,2,12,8,41,7,0,Matches
46291841,John Bostock,tt TRI,MF,Toulouse,26,1992,10.9,24,14,14,10,0,9,30,30.0,21,12,2,10,17,41,11,0,Matches
0b0cbe5b,Denis Bouanga,ga GAB,"MF,FW",Nîmes,23,1994,29.3,52,32,21,22,9,13,61,21.3,48,24,3,21,20,72,16,0,Matches
249cdcff,Zacharie Boucher,fr FRA,GK,Angers,26,1992,2.0,0,0,0,0,0,0,0,,0,1,0,1,0,0,1,0,Matches
f3085377,Arnold Bouka Moutou,cg CGO,"DF,FW",Dijon,29,1988,0.7,3,1,2,1,0,0,4,0.0,4,1,0,1,3,6,1,0,Matches
20e73fac,Benjamin Bourigeaud,fr FRA,"MF,FW",Rennes,24,1994,26.9,55,35,23,21,11,20,67,29.9,47,44,5,39,32,87,34,1,Matches
e8a65bc8,Bilal Boutobba,fr FRA,"FW,MF",Montpellier,19,1998,0.4,0,0,0,0,0,0,2,0.0,2,0,0,0,0,0,0,0,Matches
6e2c94ad,Umut Bozok,tr TUR,FW,Nîmes,21,1996,13.7,9,6,0,3,6,2,4,50.0,2,3,0,3,5,14,1,0,Matches
0589c701,Pedro Brazão,pt POR,"MF,FW",Nice,15,2002,0.2,0,0,0,0,0,0,1,0.0,1,0,0,0,0,0,0,0,Matches
16324e1d,Anthony Briançon,fr FRA,DF,Nîmes,23,1994,32.5,46,27,36,10,0,27,50,54.0,23,51,38,13,70,116,184,1,Matches
f83c8d6c,Jimmy Briand,fr FRA,FW,Bordeaux,32,1985,27.7,14,8,2,10,2,4,24,16.7,20,14,6,8,4,18,29,0,Matches
e40d028b,Gianluigi Buffon,it ITA,GK,Paris S-G,40,1978,17.0,0,0,0,0,0,0,1,0.0,1,0,0,0,0,0,5,0,Matches
8746d5d0,Patrick Burner,mq MTQ,DF,Nice,22,1996,15.0,36,23,22,10,4,16,34,47.1,18,15,5,10,31,67,40,0,Matches
26975a92,Ludovic Butelle,fr FRA,GK,Angers,35,1983,36.0,1,0,1,0,0,1,1,100.0,0,0,0,0,1,2,31,1,Matches
148e136f,Rémy Cabella,fr FRA,"MF,FW",Saint-Étienne,28,1990,33.3,88,51,31,38,19,30,87,34.5,57,39,1,38,19,107,5,3,Matches
0118c54c,Anthony Caci,fr FRA,DF,Strasbourg,21,1997,25.5,56,30,38,14,4,24,46,52.2,22,20,10,10,47,103,63,0,Matches
2a657da0,Mathieu Cafaro,fr FRA,"FW,MF",Reims,21,1997,23.3,59,28,29,24,6,18,63,28.6,45,28,0,28,20,79,14,0,Matches
677ee102,Yannick Cahuzac,fr FRA,"MF,DF",Toulouse,33,1985,15.9,33,19,15,15,3,17,32,53.1,15,16,4,12,24,57,55,0,Matches
5ee6e943,Marc-Aurèle Caillard,fr FRA,GK,Guingamp,24,1994,21.0,0,0,0,0,0,0,2,0.0,2,0,0,0,2,2,8,3,Matches
94f8d10c,Duje Ćaleta-Car,hr CRO,DF,Marseille,21,1996,17.2,22,16,14,8,0,14,18,77.8,4,15,9,6,20,42,86,2,Matches
8577e60a,Mahdi Camara,fr FRA,FW,Saint-Étienne,20,1998,0.1,0,0,0,0,0,0,0,,0,0,0,0,0,0,2,0,Matches
c58270f8,Souleymane Camara,sn SEN,"FW,MF",Montpellier,35,1982,1.5,0,0,0,0,0,0,2,0.0,2,0,0,0,0,0,3,0,Matches
7b9c2d84,Eduardo Camavinga,fr FRA,MF,Rennes,15,2002,4.0,23,15,8,12,3,8,18,44.4,10,13,2,11,4,27,4,0,Matches
79b2399c,Pierrick Capelle,fr FRA,"DF,MF",Angers,31,1987,20.5,51,31,23,22,6,19,54,35.2,35,23,2,21,38,89,49,0,Matches
950ff24d,Yoan Cardinale,fr FRA,GK,Nice,24,1994,3.0,1,0,1,0,0,1,1,100.0,0,0,0,0,0,1,1,0,Matches
b4a014b1,Diego Carlos,br BRA,DF,Nantes,25,1993,35.0,58,34,43,14,1,26,33,78.8,7,44,31,13,50,108,186,1,Matches
2384dbed,Louis Carnot,fr FRA,MF,Guingamp,17,2001,0.1,0,0,0,0,0,0,0,,0,0,0,0,0,0,0,0,Matches
5b5724d2,Lionel Carole,fr FRA,"DF,FW",Strasbourg,27,1991,19.2,25,12,16,7,2,11,16,68.8,5,19,5,14,32,57,51,0,Matches
f54d2149,Moreto Cassamã,gw GNB,MF,Reims,20,1998,0.7,3,3,1,2,0,1,7,14.3,6,1,0,1,1,4,2,0,Matches
527f063d,Edinson Cavani,uy URU,FW,Paris S-G,31,1987,18.6,11,8,1,4,6,3,13,23.1,10,11,2,9,6,17,16,0,Matches
31a62dc7,Zeki Çelik,tr TUR,DF,Lille,21,1997,33.0,90,59,40,39,11,36,89,40.4,53,34,5,29,34,124,89,1,Matches
5b54bf3b,Nacer Chadli,be BEL,"MF,DF",Monaco,28,1989,7.7,11,5,4,4,3,3,8,37.5,5,7,1,6,3,14,7,0,Matches
edd1466a,Fouad Chafik,ma MAR,DF,Dijon,31,1986,20.5,44,31,29,12,3,23,36,63.9,13,17,3,14,25,69,71,0,Matches
7961f7aa,Kwon Chang-hoon,kr KOR,"FW,MF",Dijon,24,1994,10.4,7,4,3,2,2,0,12,0.0,12,16,0,16,8,15,8,0,Matches
279ddf6a,Xavier Chavalerin,fr FRA,MF,Reims,27,1991,36.0,106,61,56,39,11,28,72,38.9,44,44,12,32,72,178,39,1,Matches
4207e578,Pablo Chavarría,ar ARG,FW,Reims,30,1988,21.9,20,12,8,6,6,3,15,20.0,12,11,0,11,4,24,19,0,Matches
873ce3a2,Pape Cheikh Diop,sn SEN,MF,Lyon,20,1997,5.0,1,0,0,1,0,0,5,0.0,5,6,2,4,2,3,2,1,Matches
5113d9a7,Laurent Ciman,be BEL,DF,Dijon,32,1985,8.0,11,6,9,2,0,7,16,43.8,9,13,9,4,7,18,37,0,Matches
e8b5ad37,Till Cissokho,fr FRA,DF,Bordeaux,18,2000,0.9,1,0,1,0,0,0,0,,0,0,0,0,2,3,3,0,Matches
3010aefb,Marcus Coco,fr FRA,"FW,MF",Guingamp,22,1996,20.4,39,23,20,10,9,16,33,48.5,17,24,0,24,23,62,14,0,Matches
166a981d,Racine Coly,sn SEN,"DF,MF",Nice,22,1995,5.6,7,2,1,5,1,4,11,36.4,7,6,1,5,9,16,11,1,Matches
3f5b4635,Daniel Congré,fr FRA,DF,Montpellier,33,1985,36.6,75,45,46,26,3,38,65,58.5,27,35,15,20,67,142,106,1,Matches
cfd8dde3,Benjamin Corgnet,fr FRA,"MF,FW",Strasbourg,31,1987,7.5,21,12,7,9,5,4,11,36.4,7,1,0,1,6,27,9,0,Matches
c693347d,Andreas Cornelius,dk DEN,FW,Bordeaux,25,1993,8.8,4,1,1,3,0,1,4,25.0,3,4,1,3,1,5,21,0,Matches
beb391dd,Maxwel Cornet,ci CIV,FW,Lyon,21,1996,14.2,14,11,4,7,3,1,11,9.1,10,10,0,10,5,19,8,0,Matches
5d42d487,Quentin Cornette,fr FRA,"FW,MF",Amiens,24,1994,2.3,5,1,2,2,1,3,6,50.0,3,3,0,3,1,6,5,0,Matches
909222de,Nuno da Costa,cv CPV,FW,Strasbourg,27,1991,22.8,39,27,10,19,10,10,38,26.3,28,24,1,23,14,53,9,0,Matches
2434f24a,Benoît Costil,fr FRA,GK,Bordeaux,31,1987,37.0,2,0,2,0,0,2,2,100.0,0,0,0,0,0,2,14,3,Matches
9980269a,Kalifa Coulibaly,ml MLI,FW,Nantes,26,1991,19.5,15,7,1,10,4,4,11,36.4,7,8,1,7,4,19,22,0,Matches
67b7357e,Senou Coulibaly,ml MLI,DF,Dijon,23,1994,4.6,13,7,10,3,0,3,8,37.5,5,8,2,6,11,24,20,0,Matches
8f325097,Nicolas Cozza,fr FRA,DF,Montpellier,19,1999,10.9,19,15,14,5,0,4,10,40.0,6,13,10,3,23,42,37,1,Matches
06f33dc8,Enzo Crivelli,fr FRA,FW,Caen,23,1995,25.1,20,14,10,8,2,8,13,61.5,5,5,0,5,4,24,28,1,Matches
3e092724,Wylan Cyprien,fr FRA,MF,Nice,23,1995,26.2,40,20,16,21,3,15,43,34.9,28,20,5,15,11,51,15,0,Matches
1ec7e1c5,Damien Da Silva,fr FRA,DF,Rennes,30,1988,31.9,41,25,31,9,1,18,24,75.0,6,42,36,6,39,80,152,0,Matches
3067cbef,Kouadio-Yves Dabila,ci CIV,DF,Lille,21,1997,8.7,11,6,10,1,0,5,6,83.3,1,13,9,4,6,17,44,0,Matches
797f6070,Abdoulaye Dabo,fr FRA,FW,Nantes,17,2001,1.3,3,1,1,0,2,0,0,,0,0,0,0,0,3,0,0,Matches
29c02c9f,Colin Dagba,fr FRA,"DF,MF",Paris S-G,19,1998,10.2,24,12,10,12,2,13,19,68.4,6,10,0,10,9,33,10,1,Matches
fd2bc67d,Dante,br BRA,DF,Nice,34,1983,35.8,54,40,36,16,2,24,41,58.5,17,56,30,26,38,92,156,2,Matches
44f8c299,Lucas Deaux,fr FRA,MF,Guingamp,29,1988,13.2,41,28,21,18,2,20,41,48.8,21,10,0,10,11,52,7,0,Matches
92232aad,Mathieu Debuchy,fr FRA,DF,Saint-Étienne,33,1985,21.6,43,26,25,13,5,22,37,59.5,15,17,7,10,47,90,64,0,Matches
0be95d34,Romain Del Castillo,fr FRA,"MF,FW",Rennes,22,1996,14.9,36,20,15,13,8,13,37,35.1,24,19,0,19,20,56,7,1,Matches
d33c706e,Andy Delort,dz ALG,FW,Montpellier,26,1991,34.6,34,20,7,20,7,8,34,23.5,26,28,7,21,4,38,7,0,Matches
e7986081,Moussa Dembélé,fr FRA,FW,Lyon,22,1996,22.4,12,4,0,8,4,4,14,28.6,10,15,2,13,2,14,13,0,Matches
a6138e4a,Jessy Deminguet,fr FRA,MF,Caen,20,1998,14.1,37,25,18,17,2,15,40,37.5,25,19,3,16,18,55,28,1,Matches
47af88b8,Jason Denayer,be BEL,DF,Lyon,23,1995,30.6,33,21,22,11,0,16,24,66.7,8,36,32,4,26,59,122,1,Matches
e53ab10b,Clément Depres,fr FRA,FW,Nîmes,23,1994,4.9,2,2,1,1,0,1,4,25.0,3,3,0,3,0,2,6,0,Matches
19cda00b,Ángel Di María,ar ARG,"FW,MF",Paris S-G,30,1988,25.8,29,17,12,10,7,10,42,23.8,32,24,1,23,16,45,4,0,Matches
244bc2c8,Boulaye Dia,sn SEN,FW,Reims,21,1996,8.3,12,6,3,8,1,5,11,45.5,6,4,2,2,4,16,9,0,Matches
aeed5c06,Moussa Diaby,fr FRA,"MF,DF",Paris S-G,19,1999,12.7,14,8,7,2,5,2,11,18.2,9,7,1,6,12,26,6,0,Matches
1bfb6fef,Bafodé Diakité,fr FRA,DF,Toulouse,17,2001,7.0,15,7,5,9,1,10,14,71.4,4,15,3,12,11,26,29,0,Matches
26383ea5,Abdoulaye Diallo,sn SEN,GK,Rennes,26,1992,5.5,1,1,1,0,0,1,1,100.0,0,0,0,0,0,1,1,0,Matches
6c6ecdd4,Mustapha Diallo,sn SEN,MF,Nîmes,32,1986,5.1,16,11,6,9,1,5,13,38.5,8,7,1,6,10,26,14,1,Matches
79584585,Lassana Diarra,fr FRA,MF,Paris S-G,33,1985,1.8,2,1,0,2,0,0,1,0.0,1,0,0,0,2,4,3,0,Matches
247accfd,Bakaye Dibassy,ml MLI,DF,Amiens,28,1989,32.7,38,26,18,16,4,18,27,66.7,9,40,21,19,44,82,102,0,Matches
d2aa8ac0,Étienne Didot,fr FRA,MF,Guingamp,35,1983,23.4,41,29,12,27,2,17,44,38.6,27,37,10,27,37,78,35,0,Matches
92b56413,Tristan Dingomé,cm CMR,MF,Reims,27,1991,14.9,27,15,11,10,6,7,24,29.2,17,16,3,13,11,38,5,0,Matches
10650926,Ismaël Diomandé,ci CIV,"MF,DF",Caen,25,1992,14.4,28,15,15,12,1,11,20,55.0,9,17,7,10,10,38,37,0,Matches
4be0b467,Lois Diony,fr FRA,FW,Saint-Étienne,25,1992,17.7,17,12,3,9,5,4,10,40.0,6,14,0,14,1,18,9,0,Matches
19053e31,Sofiane Diop,fr FRA,"MF,FW",Monaco,18,2000,8.2,12,7,3,6,3,1,15,6.7,14,6,0,6,8,20,6,0,Matches
7f622eef,Assane Dioussé,sn SEN,MF,Saint-Étienne,20,1997,2.4,6,4,3,3,0,2,4,50.0,2,2,0,2,1,7,7,1,Matches
ad82197c,Axel Disasi,fr FRA,DF,Reims,20,1998,1.8,2,1,1,1,0,1,2,50.0,1,2,1,1,2,4,16,0,Matches
933d3b51,Koffi Djidji,ci CIV,DF,Nantes,25,1992,1.0,1,1,1,0,0,0,0,,0,1,1,0,1,2,3,0,Matches
43e7a164,Alexander Djiku,gh GHA,DF,Caen,23,1994,30.6,48,37,33,13,2,23,43,53.5,20,56,31,25,83,131,183,3,Matches
083525e5,Papy Djilobodji,sn SEN,DF,Guingamp,29,1988,1.9,1,1,1,0,0,0,0,,0,4,2,2,0,1,11,0,Matches
ccb1c3af,Keagan Dolly,za RSA,FW,Montpellier,25,1993,1.0,1,1,0,1,0,0,3,0.0,3,0,0,0,0,1,0,0,Matches
67ac5bb8,Gabriel Dos Santos,br BRA,DF,Lille,20,1997,11.8,18,11,13,4,1,4,7,57.1,3,14,6,8,19,37,60,2,Matches
6421dd73,Mathieu Dossevi,tg TOG,"FW,MF",Toulouse,30,1988,27.4,42,28,20,11,11,13,40,32.5,27,29,1,28,33,75,13,0,Matches
6481421d,Moussa Doumbia,ml MLI,"FW,MF",Reims,23,1994,17.8,28,13,13,13,2,11,39,28.2,28,7,2,5,7,35,13,0,Matches
9daeac61,Souleyman Doumbia,ci CIV,DF,Rennes,21,1996,6.7,11,7,9,2,0,6,10,60.0,4,6,1,5,4,15,20,0,Matches
1a992676,Julian Draxler,de GER,"MF,FW",Paris S-G,24,1993,22.7,41,22,11,19,11,16,43,37.2,27,20,1,19,15,56,2,1,Matches
ff0ab48c,Leo Dubois,fr FRA,DF,Lyon,23,1994,22.7,51,22,25,21,5,20,35,57.1,15,30,10,20,22,73,61,1,Matches
0e12089d,Maxime Dupé,fr FRA,GK,Nantes,25,1993,10.4,0,0,0,0,0,0,0,,0,0,0,0,0,0,3,1,Matches
f09a8b75,Jimmy Durmaz,se SWE,"MF,FW",Toulouse,29,1989,21.1,34,22,8,13,13,15,38,39.5,23,14,2,12,11,45,16,1,Matches
167d5018,Félix Eboa Eboa,cm CMR,DF,Guingamp,21,1997,27.0,47,33,26,20,1,16,22,72.7,6,37,24,13,39,86,136,2,Matches
4fdf1fd9,Björn Engels,be BEL,DF,Reims,23,1994,33.0,11,8,6,5,0,6,16,37.5,10,30,24,6,44,55,181,3,Matches
5f4ce4b6,Lucas Evangelista,br BRA,"FW,MF",Nantes,23,1995,8.0,30,17,11,12,7,14,25,56.0,11,10,0,10,9,39,6,0,Matches
ae82fa48,Valentin Eysseric,fr FRA,"MF,FW",Nantes,26,1992,2.3,1,1,0,1,0,0,2,0.0,2,2,0,2,0,1,0,0,Matches
bc7b4580,Fábio,br BRA,"DF,FW",Nantes,28,1990,14.2,53,34,25,27,1,26,53,49.1,27,18,4,14,18,71,27,0,Matches
33508c78,Cesc Fàbregas,es ESP,MF,Monaco,31,1987,10.7,14,10,5,5,4,8,28,28.6,20,12,3,9,9,23,5,1,Matches
745ca0a3,Romain Faivre,fr FRA,MF,Monaco,20,1998,1.0,1,0,0,1,0,0,1,0.0,1,0,0,0,1,2,1,1,Matches
79135368,Fayçal Fajr,ma MAR,MF,Caen,29,1988,36.0,65,32,22,33,10,25,66,37.9,41,27,6,21,29,94,19,2,Matches
66116290,Radamel Falcao,co COL,FW,Monaco,32,1986,28.4,34,15,6,16,12,8,27,29.6,19,11,6,5,3,37,23,2,Matches
bece776f,Nabil Fekir,fr FRA,MF,Lyon,25,1993,22.1,51,31,16,19,16,13,38,34.2,25,42,0,42,7,58,3,0,Matches
6644712a,Yassin Fekir,fr FRA,FW,Lyon,21,1997,0.1,0,0,0,0,0,0,1,0.0,1,0,0,0,0,0,0,0,Matches
05816e19,Juan Ferney Otero,co COL,"FW,MF",Amiens,23,1995,24.2,29,13,11,12,6,13,46,28.3,33,23,3,20,22,51,18,0,Matches
375622c5,Jordan Ferri,fr FRA,MF,Nîmes,26,1992,20.8,52,31,22,23,7,26,62,41.9,36,27,2,25,15,67,9,1,Matches
375622c5,Jordan Ferri,fr FRA,MF,Lyon,26,1992,1.3,5,3,3,1,1,1,4,25.0,3,4,2,2,1,6,3,0,Matches
9dafff2a,Guessouma Fofana,mr MTN,MF,Amiens,25,1992,2.1,6,4,3,3,0,1,3,33.3,2,2,1,1,3,9,0,0,Matches
9dafff2a,Guessouma Fofana,mr MTN,MF,Guingamp,25,1992,5.3,14,9,2,10,2,4,10,40.0,6,3,0,3,6,20,8,0,Matches
132a82f1,Wesley Fofana,fr FRA,DF,Saint-Étienne,17,2000,1.8,7,6,5,2,0,6,13,46.2,7,1,0,1,4,11,9,0,Matches
822d51d7,Youssouf Fofana,fr FRA,MF,Strasbourg,19,1999,10.1,28,20,5,20,3,9,27,33.3,18,7,0,7,11,39,8,0,Matches
90eb507d,Thomas Foket,be BEL,DF,Reims,23,1994,32.0,91,52,55,23,13,42,69,60.9,27,30,4,26,49,140,80,1,Matches
9f90c06b,Thomas Fontaine,mg MAD,"DF,MF",Reims,27,1991,4.7,6,3,5,0,1,2,5,40.0,3,6,2,4,7,13,28,1,Matches
90f87966,José Fonte,pt POR,DF,Lille,34,1983,34.6,27,15,15,9,3,17,24,70.8,7,33,26,7,37,64,153,1,Matches
6ff8ef56,Rui Fonte,pt POR,"FW,MF",Lille,28,1990,7.0,25,12,4,16,5,6,11,54.5,5,4,0,4,2,27,8,0,Matches
574aa9ec,Steven Fortes,cv CPV,DF,Toulouse,26,1992,1.5,3,1,1,2,0,0,0,,0,1,1,0,2,5,9,2,Matches
4b96c347,Angelo Fulgini,fr FRA,"MF,FW",Angers,21,1996,18.2,38,22,18,13,7,12,31,38.7,19,21,3,18,28,66,15,0,Matches
9f6325f9,Milan Gajić,rs SRB,DF,Bordeaux,22,1996,1.0,2,1,1,0,1,1,1,100.0,0,0,0,0,1,3,7,0,Matches
23c63b7f,Ignatius Ganago,cm CMR,FW,Nice,19,1999,11.5,3,1,0,2,1,0,7,0.0,7,2,0,2,1,4,7,0,Matches
23593121,Ganso,br BRA,"MF,FW",Amiens,28,1989,5.8,12,8,2,8,2,2,15,13.3,13,5,1,4,6,18,0,0,Matches
6ed1a2a2,Manu García,es ESP,MF,Toulouse,20,1998,20.5,37,26,14,17,6,15,49,30.6,34,16,1,15,15,52,5,0,Matches
4c700f46,Jérémy Gélin,fr FRA,"DF,MF",Rennes,21,1997,14.2,30,16,18,10,2,18,34,52.9,16,14,6,8,19,49,29,0,Matches
1040e783,Romain Genevois,ht HAI,DF,Caen,30,1987,4.0,10,6,9,1,0,6,11,54.5,5,3,0,3,8,18,13,0,Matches
ea0ff634,Valère Germain,fr FRA,FW,Marseille,28,1990,24.1,38,25,8,22,8,8,33,24.2,25,20,5,15,6,44,30,0,Matches
9836e892,Willem Geubbels,fr FRA,MF,Monaco,16,2001,0.1,0,0,0,0,0,0,0,,0,0,0,0,0,0,0,0,Matches
ce84946a,Lamine Ghezali,fr FRA,"FW,MF",Saint-Étienne,19,1999,0.5,1,1,0,1,0,1,2,50.0,1,0,0,0,0,1,2,0,Matches
f7b1d4e0,Saman Ghoddos,ir IRN,"FW,MF",Amiens,24,1993,20.3,33,17,14,15,4,13,32,40.6,19,15,2,13,7,40,13,0,Matches
3befc2b6,Andrei Girotto,br BRA,MF,Nantes,26,1992,16.4,57,40,18,36,3,20,44,45.5,24,22,6,16,29,86,43,1,Matches
c6056d58,Kamil Glik,pl POL,DF,Monaco,30,1988,33.0,32,23,26,5,1,16,32,50.0,16,25,17,8,61,93,200,1,Matches
a0434482,Eddy Gnahoré,fr FRA,MF,Amiens,24,1993,24.9,39,27,17,17,5,9,39,23.1,30,29,4,25,23,62,23,1,Matches
132bb875,Mauro Goicoechea,uy URU,GK,Toulouse,30,1988,7.9,0,0,0,0,0,0,0,,0,0,0,0,0,0,7,0,Matches
3708e9fa,Aleksandr Golovin,ru RUS,"MF,FW",Monaco,22,1996,25.4,36,17,3,20,13,10,44,22.7,34,34,3,31,22,58,12,0,Matches
c27dfb82,Anthony Gonçalves,fr FRA,"MF,FW",Strasbourg,32,1986,11.8,22,15,12,8,2,7,22,31.8,15,21,2,19,10,32,17,0,Matches
4d3e9033,Mathieu Gorgelin,fr FRA,GK,Lyon,27,1990,4.0,0,0,0,0,0,0,0,,0,0,0,0,0,0,3,0,Matches
7c6d6c96,Prince-Désir Gouano,fr FRA,DF,Amiens,24,1993,29.1,31,18,25,5,1,12,22,54.5,10,36,27,9,46,77,127,6,Matches
3acddfdd,Yoann Gourcuff,fr FRA,"MF,FW",Dijon,32,1986,1.5,0,0,0,0,0,0,2,0.0,2,1,1,0,0,0,1,0,Matches
c5a500ca,Max Gradel,ci CIV,"FW,MF",Toulouse,30,1987,36.0,58,35,34,19,5,24,70,34.3,46,53,9,44,18,76,41,0,Matches
06c48679,Jonathan Gradit,fr FRA,DF,Caen,25,1992,22.3,52,28,30,21,1,28,52,53.8,24,40,15,25,45,97,82,3,Matches
d2448564,Samuel Grandsir,fr FRA,"MF,FW",Strasbourg,21,1996,2.6,9,6,5,3,1,3,7,42.9,4,2,0,2,1,10,0,0,Matches
d2448564,Samuel Grandsir,fr FRA,"FW,MF",Monaco,21,1996,5.2,12,7,4,5,3,2,10,20.0,8,11,0,11,1,13,5,1,Matches
8b298f56,Clément Grenier,fr FRA,MF,Rennes,27,1991,29.6,44,27,7,33,4,21,61,34.4,40,28,4,24,29,73,34,1,Matches
53283127,Jérémy Grimm,fr FRA,MF,Strasbourg,31,1987,1.9,4,2,2,2,0,3,5,60.0,2,1,0,1,4,8,5,0,Matches
0ee664db,Metehan Güçlü,tr TUR,MF,Paris S-G,19,1999,0.2,0,0,0,0,0,0,0,,0,0,0,0,0,0,0,0,Matches
92b1763b,Makhtar Gueye,sn SEN,"FW,MF",Saint-Étienne,20,1997,0.6,2,1,2,0,0,2,2,100.0,0,2,0,2,0,2,0,0,Matches
5d8d7454,Frederic Guilbert,fr FRA,DF,Caen,23,1994,32.4,98,67,59,29,10,41,83,49.4,42,49,21,28,78,176,121,2,Matches
9453d2f4,Baptiste Guillaume,be BEL,FW,Nîmes,23,1995,13.1,12,6,1,8,3,2,9,22.2,7,6,0,6,2,14,6,0,Matches
923f4dda,Sehrou Guirassy,gn GUI,FW,Amiens,22,1996,12.3,7,5,1,5,1,0,4,0.0,4,7,0,7,4,11,14,0,Matches
bc270726,Régis Gurtner,fr FRA,GK,Amiens,31,1986,38.0,1,1,1,0,0,0,1,0.0,1,0,0,0,1,2,7,3,Matches
82671804,Luiz Gustavo,br BRA,"MF,DF",Marseille,31,1987,27.1,72,43,49,18,5,30,66,45.5,36,26,12,14,34,106,61,0,Matches
ec400194,Oussama Haddadi,tn TUN,DF,Dijon,26,1992,29.7,51,25,38,11,2,24,43,55.8,19,33,8,25,45,96,93,2,Matches
9f29c204,Oualid El Hajjam,ma MAR,"DF,MF",Amiens,27,1991,6.0,14,9,10,3,1,5,15,33.3,10,8,2,6,12,26,26,0,Matches
0b4d8274,Romain Hamouma,fr FRA,"FW,MF",Saint-Étienne,31,1987,17.6,30,19,6,18,6,12,32,37.5,20,12,1,11,9,39,7,0,Matches
d880dc16,Féthi Harek,dz ALG,DF,Nîmes,35,1982,2.0,4,4,2,2,0,3,4,75.0,1,1,0,1,1,5,6,0,Matches
0a89e877,Benjamin Henrichs,de GER,"DF,MF",Monaco,21,1997,20.3,58,39,32,22,4,16,38,42.1,22,18,0,18,35,93,45,0,Matches
3681cfff,Christophe Hérelle,mq MTQ,DF,Nice,25,1992,32.6,72,52,51,19,2,40,50,80.0,10,39,16,23,61,133,158,2,Matches
c4bbea9f,Vitorino Hilton,br BRA,DF,Montpellier,40,1977,35.9,33,13,28,5,0,12,30,40.0,18,31,15,16,66,99,198,2,Matches
97b87472,Tomáš Hubočan,sk SVK,DF,Marseille,32,1985,0.8,3,2,3,0,0,3,4,75.0,1,0,0,0,2,5,5,0,Matches
d14229f3,Adrien Hunou,fr FRA,"FW,MF",Rennes,24,1994,13.8,11,7,3,5,3,2,9,22.2,7,14,0,14,5,16,8,0,Matches
7ffaf233,Suk Hyun-jun,kr KOR,FW,Reims,27,1991,8.8,11,8,1,6,4,0,8,0.0,8,2,1,1,2,13,4,1,Matches
885b7aa7,Didier Ibrahim Ndong,ga GAB,MF,Guingamp,24,1994,8.3,16,11,3,13,0,5,13,38.5,8,15,3,12,15,31,6,1,Matches
3767b3b7,Edgar Ié,pt POR,DF,Lille,24,1994,2.7,5,4,3,2,0,3,5,60.0,2,2,1,1,7,12,17,0,Matches
3767b3b7,Edgar Ié,pt POR,DF,Nantes,24,1994,8.6,20,13,12,6,2,9,16,56.3,7,10,3,7,8,28,23,0,Matches
8ff4872e,Jordan Ikoko,cd COD,DF,Guingamp,24,1994,19.0,37,24,22,14,1,16,28,57.1,12,18,5,13,24,61,30,0,Matches
42eaa028,Jonathan Ikone,fr FRA,"MF,FW",Lille,20,1998,31.1,25,14,7,12,6,8,30,26.7,22,24,2,22,6,31,4,0,Matches
3e87d087,Emmanuel Imorou,bj BEN,DF,Caen,29,1988,12.4,18,13,10,7,1,11,17,64.7,6,14,4,10,28,46,49,1,Matches
a671316d,Wilson Isidor,fr FRA,FW,Monaco,17,2000,0.5,0,0,0,0,0,0,0,,0,1,1,0,0,0,1,0,Matches
46d50339,Christophe Jallet,fr FRA,DF,Nice,34,1983,9.8,29,21,12,13,4,16,27,59.3,11,21,5,16,14,43,32,0,Matches
22a62523,Nicolas Janvier,fr FRA,MF,Rennes,19,1998,0.0,0,0,0,0,0,0,0,,0,0,0,0,0,0,0,0,Matches
dd73120f,Assil Jaziri,tn TUN,FW,Nice,18,1999,0.4,2,2,0,2,0,1,2,50.0,1,1,0,1,1,3,0,0,Matches
7d9b37bf,Corentin Jean,fr FRA,"FW,MF",Toulouse,23,1995,7.0,9,6,3,6,0,2,8,25.0,6,8,0,8,2,11,5,0,Matches
2e52206e,Benjamin Jeannot,fr FRA,"FW,MF",Dijon,26,1992,16.0,17,12,5,7,5,6,19,31.6,13,15,3,12,12,29,14,0,Matches
7cab69b5,Jemerson,br BRA,"DF,MF",Monaco,25,1992,24.7,54,38,34,19,1,29,46,63.0,17,29,17,12,25,79,121,1,Matches
e4a26a91,Jakob Johansson,se SWE,MF,Rennes,28,1990,7.9,17,9,5,12,0,10,20,50.0,10,7,3,4,3,20,17,1,Matches
a56bd2ee,Karl-Johan Johnsson,se SWE,GK,Guingamp,28,1990,17.0,0,0,0,0,0,0,1,0.0,1,0,0,0,0,0,4,1,Matches
acde3581,Evens Joseph,fr FRA,"MF,FW",Caen,19,1999,3.8,5,2,1,2,2,1,3,33.3,2,3,0,3,2,7,1,0,Matches
0eb03d5b,Vukašin Jovanović,rs SRB,DF,Bordeaux,22,1996,15.3,26,21,21,5,0,13,19,68.4,6,23,12,11,36,62,105,0,Matches
f36c432f,Stevan Jovetić,me MNE,"MF,FW",Monaco,28,1989,4.4,2,1,1,1,0,1,3,33.3,2,1,0,1,1,3,3,0,Matches
39901146,Nathaël Julan,fr FRA,"FW,MF",Guingamp,22,1996,4.8,1,0,0,0,1,0,3,0.0,3,6,1,5,0,1,2,0,Matches
f323d995,Christopher Jullien,fr FRA,DF,Toulouse,25,1993,33.5,35,24,23,10,2,12,32,37.5,20,39,27,12,41,76,203,4,Matches
d29202c2,Sory Kaba,gn GUI,"FW,MF",Dijon,23,1995,2.6,1,1,1,0,0,1,3,33.3,2,2,0,2,0,1,1,0,Matches
b8d22478,Samuel Kalu,ng NGA,FW,Bordeaux,20,1997,14.2,27,18,15,7,5,4,11,36.4,7,11,3,8,8,35,4,1,Matches
81d3318f,François Kamano,gn GUI,"FW,MF",Bordeaux,22,1996,28.5,29,18,6,17,6,11,30,36.7,19,27,0,27,17,46,6,1,Matches
cc77354e,Boubacar Kamara,fr FRA,DF,Marseille,18,1999,26.8,67,39,38,24,5,32,49,65.3,17,24,13,11,45,112,95,2,Matches
19a12bed,Hassane Kamara,ci CIV,"DF,FW",Reims,24,1994,10.3,29,21,22,5,2,16,19,84.2,3,6,1,5,14,43,41,0,Matches
b4c816a9,Wilfried Kanga,ci CIV,FW,Angers,20,1998,5.5,0,0,0,0,0,0,1,0.0,1,3,0,3,0,0,4,0,Matches
8b66d9cc,Yann Karamoh,fr FRA,FW,Bordeaux,20,1998,13.6,7,3,1,4,2,1,13,7.7,12,9,0,9,6,13,3,0,Matches
a4527d33,Eiji Kawashima,jp JPN,GK,Strasbourg,35,1983,1.0,0,0,0,0,0,0,0,,0,0,0,0,0,0,0,0,Matches
51dbeea9,Thilo Kehrer,de GER,DF,Paris S-G,21,1996,21.1,64,43,27,31,6,31,55,56.4,24,32,17,15,31,95,69,1,Matches
8c955557,Jules Keita,gn GUI,"FW,MF",Dijon,20,1998,5.1,10,4,0,3,7,5,12,41.7,7,2,0,2,2,12,1,0,Matches
0515a4cb,Christophe Kerbrat,fr FRA,DF,Guingamp,31,1986,23.3,40,24,28,12,0,24,38,63.2,14,19,10,9,50,90,140,5,Matches
796b1c41,Saîf-Eddine Khaoui,tn TUN,"MF,FW",Caen,23,1995,15.0,20,14,5,11,4,8,27,29.6,19,9,1,8,20,40,4,0,Matches
2677a1de,Wahbi Khazri,tn TUN,"FW,MF",Saint-Étienne,27,1991,31.3,41,26,8,14,19,17,49,34.7,32,27,2,25,11,52,5,0,Matches
aef6e670,Presnel Kimpembe,fr FRA,DF,Paris S-G,22,1995,22.3,55,34,26,25,4,24,40,60.0,16,17,10,7,30,85,48,5,Matches
b1adaefa,Djégui Koita,fr FRA,DF,Guingamp,18,1999,1.9,8,6,8,0,0,3,4,75.0,1,5,3,2,0,8,9,0,Matches
c0b3669f,Randal Kolo Muani,fr FRA,FW,Nantes,19,1998,1.4,2,0,1,1,0,0,1,0.0,1,2,0,2,0,2,2,0,Matches
ab096c6f,Timothée Kolodziejczak,fr FRA,DF,Saint-Étienne,26,1991,35.4,34,22,21,10,3,20,45,44.4,25,25,11,14,53,87,118,2,Matches
6b2c894b,Ghislain Konan,ci CIV,DF,Reims,22,1995,20.0,45,28,31,10,4,24,40,60.0,16,18,4,14,40,85,55,1,Matches
fcbcbd94,Moussa Konaté,sn SEN,FW,Amiens,25,1993,20.8,10,8,3,3,4,2,12,16.7,10,14,3,11,5,15,15,0,Matches
86574238,Kouadio Koné,fr FRA,MF,Toulouse,17,2001,0.8,4,2,0,4,0,2,4,50.0,2,0,0,0,0,4,0,0,Matches
a46472d0,Lamine Koné,ci CIV,DF,Strasbourg,29,1989,23.9,21,16,9,9,3,6,9,66.7,3,18,13,5,33,54,66,3,Matches
e6eadfb8,Youssouf Koné,ml MLI,DF,Lille,23,1995,19.0,67,38,45,19,3,41,65,63.1,24,31,3,28,39,106,52,1,Matches
dc366c36,Tomáš Koubek,cz CZE,GK,Rennes,25,1992,32.5,0,0,0,0,0,0,1,0.0,1,0,0,0,0,0,26,4,Matches
4d1666ff,Jules Koundé,fr FRA,DF,Bordeaux,19,1998,37.0,48,31,37,11,0,27,41,65.9,14,44,23,21,50,98,193,7,Matches
77cf6852,Emil Krafth,se SWE,DF,Amiens,23,1994,33.0,55,35,34,14,7,32,65,49.2,33,27,12,15,23,78,94,4,Matches
9a506145,Rene Krhin,si SVN,MF,Nantes,28,1990,11.7,22,14,7,12,3,11,19,57.9,8,7,4,3,21,43,32,0,Matches
41e7ef1c,Layvin Kurzawa,fr FRA,"DF,MF",Paris S-G,25,1992,11.2,19,11,6,5,8,6,16,37.5,10,10,2,8,10,29,16,0,Matches
3d3b0206,Rafał Kurzawa,pl POL,FW,Amiens,25,1993,2.7,8,3,6,2,0,2,6,33.3,4,1,0,1,3,11,3,0,Matches
4bf69118,Enock Kwateng,fr FRA,DF,Nantes,21,1997,22.7,65,41,34,27,4,33,70,47.1,37,28,4,24,78,143,56,0,Matches
397ba086,Grejohn Kyei,fr FRA,FW,Reims,22,1995,0.0,0,0,0,0,0,0,1,0.0,1,0,0,0,0,0,0,0,Matches
7cdda3bf,Gaëtan Laborde,fr FRA,FW,Bordeaux,24,1994,1.0,4,3,0,1,3,2,4,50.0,2,0,0,0,0,4,0,0,Matches
7cdda3bf,Gaëtan Laborde,fr FRA,"FW,MF",Montpellier,24,1994,32.2,36,15,6,15,15,11,27,40.7,16,18,2,16,6,42,27,0,Matches
770d7eb8,Kenny Lala,fr FRA,"DF,FW",Strasbourg,26,1991,34.0,78,45,48,23,7,30,53,56.6,23,26,9,17,28,106,62,2,Matches
15e99107,Mohamed Lamine Diaby,fr FRA,FW,Nice,17,2001,1.8,1,1,0,1,0,1,1,100.0,0,2,0,2,2,3,0,0,Matches
08082af0,Loïck Landre,fr FRA,DF,Nîmes,26,1992,17.7,31,21,23,8,0,14,22,63.6,8,16,11,5,38,69,83,1,Matches
fe006f82,Johan Larsson,se SWE,DF,Guingamp,28,1990,1.0,1,1,0,1,0,1,2,50.0,1,0,0,0,1,2,1,1,Matches
542cc80f,Paul Lasne,fr FRA,"MF,DF",Montpellier,29,1989,19.9,53,33,32,16,5,24,43,55.8,19,22,2,20,22,75,23,1,Matches
ae6941ec,Alexandre Lauray,fr FRA,DF,Bordeaux,21,1997,2.9,11,6,9,2,0,6,8,75.0,2,2,0,2,4,15,10,0,Matches
2d22cea7,Armand Lauriente,fr FRA,MF,Rennes,19,1998,0.0,0,0,0,0,0,0,0,,0,0,0,0,0,0,0,0,Matches
6e5b5a45,Wesley Lautoa,nc NCL,"DF,MF",Dijon,30,1987,33.6,81,55,46,31,4,34,75,45.3,41,37,14,23,87,168,110,1,Matches
d512db65,Mickaël Le Bihan,fr FRA,FW,Nice,28,1990,2.3,1,1,0,1,0,1,2,50.0,1,1,0,1,1,2,1,0,Matches
8f4d116f,Damien Le Tallec,fr FRA,MF,Montpellier,28,1990,31.2,95,58,42,43,10,33,89,37.1,56,35,8,27,59,154,50,0,Matches
7cf431a5,James Lea Siliki,cm CMR,"MF,FW",Rennes,22,1996,13.6,26,17,13,10,3,12,35,34.3,23,14,1,13,10,36,7,1,Matches
20730eae,Rafael Leão,pt POR,FW,Lille,19,1999,14.3,5,2,0,4,1,2,15,13.3,13,13,4,9,4,9,12,0,Matches
2fa2a875,Benjamin Lecomte,fr FRA,GK,Montpellier,27,1991,37.0,1,0,1,0,0,1,3,33.3,2,0,0,0,5,6,24,3,Matches
f5044e54,Pierre Lees-Melou,fr FRA,MF,Nice,25,1993,26.6,74,46,31,36,7,25,62,40.3,37,44,8,36,36,110,37,0,Matches
c3e4ecbb,Jordan Lefort,fr FRA,DF,Amiens,24,1993,20.0,33,18,23,6,4,16,25,64.0,9,11,8,3,46,79,107,0,Matches
1b82f8df,Lukas Lerager,dk DEN,MF,Bordeaux,25,1993,14.4,38,21,14,23,1,18,43,41.9,25,22,10,12,32,70,26,1,Matches
6b9f2f3e,Igor Lewczuk,pl POL,DF,Bordeaux,33,1985,5.0,12,7,8,2,2,1,4,25.0,3,2,2,0,4,16,27,0,Matches
29ef0f49,Aaron Leya Iseka,be BEL,FW,Toulouse,20,1997,16.0,6,4,1,4,1,1,4,25.0,3,5,3,2,1,7,10,0,Matches
f7691f63,Dimitri Liénard,fr FRA,"MF,DF",Strasbourg,30,1988,14.3,33,18,20,9,4,21,45,46.7,24,11,2,9,18,51,22,0,Matches
0f52f925,Lucas Lima,br BRA,"DF,FW",Nantes,26,1991,27.7,49,28,26,15,8,20,53,37.7,33,39,3,36,29,78,62,1,Matches
ccee698e,Anthony Limbombe,be BEL,FW,Nantes,24,1994,13.7,12,10,4,6,2,7,16,43.8,9,5,0,5,8,20,10,0,Matches
d7553721,Giovani Lo Celso,ar ARG,MF,Paris S-G,22,1996,0.1,1,1,0,0,1,0,1,0.0,1,0,0,0,0,1,0,0,Matches
6bca20fe,Enzo Loiodice,fr FRA,MF,Dijon,17,2000,9.4,25,14,8,15,2,10,21,47.6,11,7,0,7,11,36,7,0,Matches
f00de885,Anthony Lopes,pt POR,GK,Lyon,27,1990,34.0,1,0,1,0,0,1,3,33.3,2,3,0,3,2,3,16,3,Matches
7c2965bb,Rony Lopes,pt POR,"FW,MF",Monaco,22,1995,20.5,33,22,10,17,6,9,22,40.9,13,17,1,16,8,41,10,0,Matches
c76577a0,Cristian López,es ESP,FW,Angers,29,1989,4.1,6,3,1,2,3,1,8,12.5,7,4,0,4,1,7,2,0,Matches
20094685,Maxime Lopez,fr FRA,MF,Marseille,20,1997,24.2,46,24,17,23,6,19,53,35.8,34,10,2,8,20,66,8,0,Matches
934a0957,Albert Lottin,fr FRA,"MF,FW",Bordeaux,16,2001,0.2,1,1,0,1,0,0,1,0.0,1,1,0,1,0,1,0,0,Matches
e1df6989,Imran Louza,ma MAR,MF,Nantes,19,1999,1.0,2,0,1,1,0,1,1,100.0,0,1,0,1,0,2,1,0,Matches
dc709ab5,Hervé Lybohy,ne NIG,DF,Nîmes,35,1983,16.4,22,13,13,9,0,11,16,68.8,5,17,11,6,14,36,70,0,Matches
d4133fa1,Yann M'Vila,fr FRA,MF,Saint-Étienne,28,1990,36.2,72,40,22,48,2,29,72,40.3,43,42,12,30,74,146,86,5,Matches
91e58f66,Thiago Maia,br BRA,MF,Lille,21,1997,11.3,32,19,17,13,2,13,33,39.4,20,14,5,9,23,55,23,0,Matches
fcb38f57,Mike Maignan,fr FRA,GK,Lille,23,1995,38.0,0,0,0,0,0,0,0,,0,1,0,1,0,0,12,1,Matches
bc0bfc64,Josh Maja,ng NGA,FW,Bordeaux,19,1998,2.2,2,1,1,1,0,0,1,0.0,1,1,0,1,0,2,0,0,Matches
46907171,Abdul Majeed Waris,gh GHA,"FW,MF",Nantes,26,1991,25.0,22,13,6,13,3,7,28,25.0,21,9,0,9,7,29,7,0,Matches
22bfb57e,Jean-Victor Makengo,fr FRA,"MF,FW",Nice,20,1998,11.4,10,8,3,6,1,1,5,20.0,4,5,1,4,9,19,5,0,Matches
171bf11d,Antonio Mance,hr CRO,FW,Nantes,22,1995,0.6,1,1,0,0,1,1,2,50.0,1,0,0,0,0,1,0,0,Matches
c26a3918,Vincent Manceau,fr FRA,DF,Angers,29,1989,31.0,98,65,64,23,11,33,62,53.2,29,41,10,31,44,142,87,0,Matches
1d2d5cc8,Steve Mandanda,fr FRA,GK,Marseille,33,1985,30.4,0,0,0,0,0,0,3,0.0,3,0,0,0,1,1,7,4,Matches
c20bdcd7,Reinildo Mandava,mz MOZ,DF,Lille,24,1994,1.1,3,2,1,2,0,2,3,66.7,1,1,0,1,1,4,0,0,Matches
c801616a,Thomas Mangani,fr FRA,MF,Angers,31,1987,17.8,42,27,13,26,3,19,62,30.6,43,13,2,11,23,65,24,0,Matches
392d98fc,Harrison Manzala,cd COD,"MF,FW",Angers,24,1994,0.8,2,2,1,0,1,0,0,,0,0,0,0,0,2,1,0,Matches
706a60e1,Myziane Maolida,fr FRA,FW,Nice,19,1999,10.6,12,8,5,5,2,2,4,50.0,2,5,0,5,1,13,5,0,Matches
e54a9890,Faitout Maouassa,fr FRA,DF,Nîmes,20,1998,23.7,55,30,35,15,5,23,39,59.0,16,24,5,19,23,78,81,1,Matches
9ae9eaea,Fernando Marçal,br BRA,DF,Lyon,29,1989,9.8,25,16,17,7,1,12,15,80.0,3,9,3,6,30,55,42,0,Matches
e3d0b0c4,Marcelo,br BRA,DF,Lyon,31,1987,32.0,48,33,29,17,2,19,24,79.2,5,30,22,8,62,110,152,2,Matches
5c4dc0ff,Mariano,do DOM,FW,Lyon,24,1993,1.6,0,0,0,0,0,0,0,,0,0,0,0,1,1,0,0,Matches
0d2158d5,Jordan Marié,fr FRA,MF,Dijon,26,1991,20.0,52,28,15,31,6,21,58,36.2,37,28,5,23,40,92,32,0,Matches
d5f2f82b,Marquinhos,br BRA,"DF,MF",Paris S-G,24,1994,29.9,65,41,34,28,3,31,52,59.6,21,30,13,17,44,109,84,1,Matches
468fdbad,Jonas Martin,fr FRA,MF,Strasbourg,28,1990,22.9,46,28,23,18,5,17,33,51.5,16,30,12,18,30,76,42,0,Matches
f4319ee8,Marvin Martin,fr FRA,MF,Reims,30,1988,6.9,2,1,0,2,0,0,6,0.0,6,2,1,1,2,4,1,0,Matches
1ad8cb67,Pablo Martinez,fr FRA,DF,Strasbourg,29,1989,31.3,51,34,34,17,0,30,49,61.2,19,37,23,14,52,103,132,1,Matches
3ef0fa48,Gelson Martins,pt POR,"FW,MF",Monaco,23,1995,15.4,20,12,8,7,5,13,32,40.6,19,9,1,8,8,28,7,0,Matches
eba1e557,Han-Noah Massengo,fr FRA,MF,Monaco,17,2001,0.7,2,2,2,0,0,2,5,40.0,3,0,0,0,2,4,1,0,Matches
0e6bc38c,Eric Maxim Choupo-Moting,cm CMR,FW,Paris S-G,29,1989,8.9,9,4,3,2,4,2,9,22.2,7,7,0,7,3,12,4,0,Matches
42fd9c7f,Kylian Mbappé,fr FRA,FW,Paris S-G,19,1998,26.0,8,4,2,1,5,1,6,16.7,5,2,0,2,5,13,2,0,Matches
8f534f8e,Loïc Mbe Soh,fr FRA,DF,Paris S-G,17,2001,2.0,0,0,0,0,0,0,3,0.0,3,2,2,0,3,3,5,0,Matches
6c9642ae,Nolan Mbemba,cg CGO,"MF,DF",Reims,23,1995,4.0,14,8,10,4,0,6,9,66.7,3,4,1,3,10,24,4,2,Matches
b931d9d1,Adama Mbengue,sn SEN,DF,Caen,24,1993,8.2,48,32,34,12,2,19,26,73.1,7,15,4,11,7,55,22,0,Matches
c39d9657,Stéphane Mbia,cm CMR,"DF,MF",Toulouse,32,1986,5.0,1,0,1,0,0,1,2,50.0,1,9,4,5,7,8,25,1,Matches
8325870c,Kara Mbodji,sn SEN,DF,Nantes,28,1989,5.6,12,10,10,1,1,6,8,75.0,2,4,1,3,6,18,25,0,Matches
4887118d,Jordi Mboula,es ESP,"FW,MF",Monaco,19,1999,3.1,3,0,0,1,2,3,6,50.0,3,1,0,1,1,4,5,0,Matches
d21e361a,Farid El Melali,dz ALG,"MF,FW",Angers,21,1997,3.6,8,4,3,4,1,3,12,25.0,9,2,0,2,5,13,1,0,Matches
8f696594,Memphis,nl NED,"FW,MF",Lyon,24,1994,30.4,12,9,0,7,5,5,21,23.8,16,16,2,14,9,21,1,0,Matches
6690ef25,Pedro Mendes,pt POR,DF,Montpellier,27,1990,29.6,71,42,56,13,2,31,47,66.0,16,42,22,20,48,119,73,1,Matches
c6e5d20f,Thiago Mendes,br BRA,MF,Lille,26,1992,34.2,85,47,42,41,2,39,71,54.9,32,44,11,33,68,153,49,0,Matches
e68f2cb4,Stiven Mendoza,co COL,"FW,MF",Amiens,26,1992,20.9,29,18,10,12,7,14,38,36.8,24,18,0,18,17,46,12,0,Matches
e067808c,Alexandre Mendy,gw GNB,FW,Guingamp,24,1994,8.5,5,3,0,4,1,3,8,37.5,5,3,0,3,1,6,6,0,Matches
33887998,Edouard Mendy,sn SEN,GK,Reims,26,1992,38.0,0,0,0,0,0,0,1,0.0,1,1,0,1,2,2,16,3,Matches
3cefcaef,Ferland Mendy,fr FRA,DF,Lyon,23,1995,28.1,44,28,25,14,5,14,17,82.4,3,22,5,17,34,78,53,2,Matches
49000148,Mehdi Merghem,fr FRA,"FW,MF",Guingamp,21,1997,8.0,25,18,15,7,3,11,21,52.4,10,14,1,13,9,34,6,0,Matches
0fb21da9,Romain Métanire,mg MAD,DF,Reims,28,1990,3.5,12,9,10,1,1,5,7,71.4,2,4,3,1,6,18,13,0,Matches
e162b013,Thomas Meunier,be BEL,DF,Paris S-G,26,1991,17.9,44,33,25,15,4,21,35,60.0,14,13,2,11,19,63,29,0,Matches
ce492295,Mexer,mz MOZ,DF,Rennes,29,1988,27.4,23,12,18,5,0,12,18,66.7,6,26,18,8,30,53,125,0,Matches
9fc0f253,Matt Miazga,us USA,DF,Nantes,23,1995,8.0,12,11,11,1,0,7,9,77.8,2,11,7,4,12,24,41,1,Matches
cb9ec45d,Clément Michelin,fr FRA,DF,Toulouse,21,1997,1.0,3,2,2,1,0,2,3,66.7,1,0,0,0,3,6,7,0,Matches
b66d1d8a,Florian Miguel,fr FRA,DF,Nîmes,21,1996,12.4,19,16,13,6,0,7,11,63.6,4,15,7,8,21,40,47,0,Matches
c6ac6579,Kostas Mitroglou,gr GRE,FW,Marseille,30,1988,6.4,0,0,0,0,0,0,3,0.0,3,0,0,0,0,0,5,0,Matches
e6777e6b,Stefan Mitrović,rs SRB,DF,Strasbourg,28,1990,33.6,23,16,20,3,0,12,24,50.0,12,41,31,10,46,69,146,2,Matches
e493cff8,Hakim El Mokeddem,br BRA,"FW,MF",Toulouse,19,1999,0.3,1,1,1,0,0,0,1,0.0,1,0,0,0,0,1,1,0,Matches
7e82a78f,Florent Mollet,fr FRA,MF,Montpellier,26,1991,28.5,36,20,8,20,8,13,51,25.5,38,32,1,31,23,59,7,0,Matches
84d94b91,Thomas Monconduit,fr FRA,MF,Amiens,27,1991,31.3,76,47,38,33,5,26,63,41.3,37,46,17,29,36,112,77,1,Matches
4a57580c,Kévin Monnet-Paquet,fr FRA,"DF,MF",Saint-Étienne,29,1988,16.5,46,25,23,16,7,20,36,55.6,16,22,4,18,14,60,28,0,Matches
f10983ae,Steven Moreira,fr FRA,"DF,MF",Toulouse,23,1994,9.6,19,8,13,5,1,10,17,58.8,7,14,0,14,10,29,19,1,Matches
e97150c0,Jérémy Morel,mg MAD,DF,Lyon,34,1984,11.8,16,10,11,5,0,9,13,69.2,4,18,14,4,18,34,45,1,Matches
3eaf8817,Lebo Mothiba,za RSA,FW,Strasbourg,22,1996,19.7,10,9,2,7,1,0,8,0.0,8,5,1,4,0,10,6,0,Matches
3eaf8817,Lebo Mothiba,za RSA,FW,Lille,22,1996,2.8,1,1,0,1,0,0,0,,0,0,0,0,0,1,8,0,Matches
6ca88b2a,François Moubandje,ch SUI,DF,Toulouse,28,1990,21.5,38,22,22,10,6,17,22,77.3,5,18,4,14,27,65,74,0,Matches
28a65a2c,Jessy Moulin,fr FRA,GK,Saint-Étienne,32,1986,1.0,1,0,1,0,0,1,1,100.0,0,0,0,0,0,1,2,0,Matches
63a10528,Herman Moussaki,fr FRA,"MF,FW",Caen,19,1999,2.3,3,3,2,1,0,1,4,25.0,3,2,1,1,0,3,3,0,Matches
af0c835b,Samuel Moutoussamy,cd COD,"MF,FW",Nantes,21,1996,18.3,35,20,16,11,8,12,34,35.3,22,17,2,15,9,44,17,0,Matches
176674ab,Ndombe Mubele,cd COD,FW,Toulouse,24,1994,5.2,9,4,5,2,2,4,9,44.4,5,4,0,4,2,11,2,0,Matches
e50623a0,Kévin N'Doram,fr FRA,"DF,MF",Monaco,22,1996,2.2,5,4,1,4,0,3,5,60.0,2,1,1,0,5,10,8,1,Matches
4749367a,Abdallah N'dour,sn SEN,DF,Strasbourg,24,1993,3.2,6,4,3,3,0,4,9,44.4,5,4,2,2,5,11,8,0,Matches
f1b2365a,Cheikh N'Doye,sn SEN,MF,Angers,32,1986,25.9,25,15,14,11,0,10,32,31.3,22,33,8,25,25,50,61,0,Matches
e110ea4b,Nathan N'Goumou,fr FRA,FW,Toulouse,18,2000,0.8,1,1,0,1,0,0,1,0.0,1,1,0,1,0,1,3,0,Matches
77f278a0,Clinton N'Jie,cm CMR,FW,Marseille,24,1993,4.0,7,4,2,3,2,3,3,100.0,0,2,0,2,2,9,0,0,Matches
76c131da,Georges-Kévin N'Koudou,cm CMR,FW,Monaco,23,1995,0.3,2,1,0,0,2,1,1,100.0,0,2,0,2,0,2,0,0,Matches
61590953,Stanley N'Soki,fr FRA,DF,Paris S-G,19,1999,7.8,20,14,8,10,2,6,13,46.2,7,10,1,9,18,38,20,1,Matches
03bd0bf4,Naldo,br BRA,DF,Monaco,35,1982,3.3,5,3,4,1,0,2,4,50.0,2,5,2,3,5,10,23,0,Matches
df819670,Aly Ndom,fr FRA,MF,Caen,22,1996,0.5,0,0,0,0,0,0,0,,0,0,0,0,1,1,1,0,Matches
df819670,Aly Ndom,fr FRA,MF,Reims,22,1996,4.0,11,9,5,5,1,3,7,42.9,4,6,2,4,3,14,9,1,Matches
5cdddffa,Tanguy Ndombele,fr FRA,MF,Lyon,21,1996,29.9,66,43,21,35,10,22,54,40.7,32,29,9,20,30,96,13,3,Matches
69384e5d,Neymar,br BRA,"MF,FW",Paris S-G,26,1992,16.0,14,9,3,10,1,4,21,19.0,17,8,0,8,5,19,1,1,Matches
813aae2f,Yeni Ngbakoto,cd COD,"MF,FW",Guingamp,26,1992,6.3,9,4,4,3,2,4,8,50.0,4,7,0,7,4,13,2,0,Matches
2054d037,M'Baye Niang,sn SEN,"FW,MF",Rennes,23,1994,19.9,16,10,3,8,5,2,11,18.2,9,19,3,16,8,24,14,0,Matches
91f2da4c,Casimir Ninga,td CHA,"FW,MF",Caen,25,1993,27.4,53,30,23,21,9,20,49,40.8,29,22,1,21,22,75,12,0,Matches
7c56da38,Christopher Nkunku,fr FRA,"MF,FW",Paris S-G,20,1997,12.8,21,16,8,10,3,7,16,43.8,9,12,2,10,9,30,7,1,Matches
7b9a9e25,Arnaud Nordin,fr FRA,"FW,MF",Saint-Étienne,20,1998,11.7,14,12,4,4,6,4,11,36.4,7,13,2,11,5,19,9,0,Matches
6043997c,Gerzino Nyamsi,fr FRA,DF,Rennes,21,1997,6.0,6,3,5,1,0,4,9,44.4,5,8,4,4,4,10,17,0,Matches
a08b974a,Lucas Ocampos,ar ARG,"FW,MF",Marseille,24,1994,30.1,80,54,37,33,10,34,80,42.5,46,40,5,35,29,109,30,0,Matches
7b9a86e6,Sheyi Ojo,eng ENG,"FW,MF",Reims,21,1997,5.2,8,6,2,4,2,2,8,25.0,6,1,0,1,3,11,2,0,Matches
c977ef13,Alexandre Olliero,fr FRA,GK,Nantes,22,1996,1.0,0,0,0,0,0,0,0,,0,0,0,0,0,0,0,0,Matches
9e27e5de,Prince Oniangué,cg CGO,MF,Caen,29,1988,26.0,59,33,22,34,3,24,57,42.1,33,30,10,20,29,88,42,0,Matches
243f4a0b,Otávio,br BRA,MF,Bordeaux,24,1994,31.9,127,74,59,64,4,49,109,45.0,60,45,11,34,43,170,54,1,Matches
ea02beaf,Remi Oudin,fr FRA,"FW,MF",Reims,21,1996,29.0,51,32,25,18,8,20,45,44.4,25,29,5,24,42,93,34,0,Matches
e3e05edf,Ambroise Oyongo,cm CMR,DF,Montpellier,27,1991,23.7,44,21,23,16,5,20,38,52.6,18,26,6,20,38,82,60,0,Matches
29d8ad3f,Pablo,br BRA,DF,Bordeaux,27,1991,21.5,26,15,22,3,1,13,23,56.5,10,28,22,6,32,58,173,2,Matches
f86ca403,Vincent Pajot,fr FRA,MF,Angers,27,1990,7.9,18,14,6,8,4,4,14,28.6,10,9,0,9,8,26,6,0,Matches
19f8e480,Sergi Palencia,es ESP,DF,Bordeaux,22,1996,22.1,74,50,46,20,8,27,55,49.1,28,22,3,19,17,91,70,1,Matches
779847d6,Nicolas Pallois,fr FRA,DF,Nantes,30,1987,24.0,77,48,60,17,0,40,69,58.0,29,30,14,16,34,111,114,0,Matches
d8fc044e,Mickaël Panos,fr FRA,DF,Saint-Étienne,21,1997,0.3,1,0,0,1,0,1,2,50.0,1,2,0,2,1,2,0,0,Matches
51450467,Elhadji Pape Diaw,sn SEN,DF,Angers,23,1994,0.2,0,0,0,0,0,0,0,,0,0,0,0,1,1,0,0,Matches
475583ff,Gaëtan Paquiez,fr FRA,DF,Nîmes,24,1994,14.8,43,29,30,10,3,23,48,47.9,25,24,6,18,22,65,50,0,Matches
dff153a4,Leandro Paredes,ar ARG,MF,Paris S-G,24,1994,13.9,34,19,16,15,3,13,30,43.3,17,17,5,12,14,48,20,2,Matches
450e277f,Mateo Pavlović,ba BIH,DF,Angers,28,1990,27.7,26,18,24,2,0,12,24,50.0,12,37,29,8,20,46,164,2,Matches
58ae47b2,Dimitri Payet,fr FRA,"MF,FW",Marseille,31,1987,21.2,11,9,2,8,1,5,22,22.7,17,14,0,14,8,19,8,0,Matches
2f8f43f3,Stef Peeters,be BEL,MF,Caen,26,1992,4.5,15,8,8,4,3,4,11,36.4,7,1,0,1,6,21,1,0,Matches
b684a484,Jordan Pefok,us USA,FW,Rennes,22,1996,6.8,6,2,0,3,3,2,4,50.0,2,7,2,5,4,10,5,0,Matches
743fdcd3,Pelé,gw GNB,MF,Monaco,26,1991,5.2,8,7,3,5,0,2,6,33.3,4,2,1,1,3,11,10,0,Matches
76806215,Yohann Pelé,fr FRA,GK,Marseille,35,1982,7.6,0,0,0,0,0,0,2,0.0,2,0,0,0,0,0,1,1,Matches
09f24df6,Maxime Pélican,fr FRA,"FW,MF",Nice,20,1998,1.0,1,1,0,1,0,0,0,,0,1,0,1,0,1,0,0,Matches
a44d3a3c,Pietro Pellegri,it ITA,"FW,MF",Monaco,17,2001,0.9,1,1,0,0,1,0,0,,0,0,0,0,0,1,0,0,Matches
97fb4608,Théo Pellenard,fr FRA,DF,Angers,24,1994,5.5,11,6,7,2,2,5,8,62.5,3,6,2,4,5,16,16,0,Matches
f18d7ab2,Andy Pelmard,fr FRA,DF,Nice,18,2000,3.1,5,5,3,2,0,1,4,25.0,3,0,0,0,3,8,3,0,Matches
57e3f0c7,Nicolas Pépé,ci CIV,"FW,MF",Lille,23,1995,36.9,27,10,6,15,6,8,35,22.9,27,33,0,33,13,40,11,1,Matches
6b200d45,Loïc Perrin,fr FRA,DF,Saint-Étienne,32,1985,30.0,53,36,34,17,2,20,33,60.6,13,37,24,13,44,97,118,2,Matches
42c8ede1,Matthias Phaeton,gp GLP,"FW,MF",Guingamp,18,2000,0.6,1,1,0,1,0,0,0,,0,0,0,0,0,1,0,0,Matches
b6dac747,Lebogang Phiri,za RSA,MF,Guingamp,23,1994,21.4,60,38,16,41,3,24,43,55.8,19,26,3,23,29,89,19,0,Matches
a634b9d2,Jérémy Pied,fr FRA,DF,Lille,29,1989,5.2,12,8,5,6,1,3,9,33.3,6,8,1,7,5,17,13,0,Matches
64ba07c0,Ronaël Pierre-Gabriel,fr FRA,DF,Monaco,20,1998,3.9,13,8,10,2,1,9,10,90.0,1,3,1,2,3,16,18,0,Matches
1ef37668,Erik Pieters,nl NED,DF,Amiens,29,1988,14.0,49,28,28,18,3,25,33,75.8,8,21,13,8,17,66,56,0,Matches
43af5b1b,Virgile Pinson,fr FRA,MF,Reims,22,1996,0.1,0,0,0,0,0,0,0,,0,0,0,0,0,0,0,0,Matches
6453830e,Lenny Pintor,fr FRA,FW,Lyon,17,2000,0.0,0,0,0,0,0,0,0,,0,0,0,0,0,0,0,0,Matches
fca455cc,Facundo Píriz,uy URU,"MF,FW",Montpellier,28,1990,1.3,9,6,3,4,2,4,9,44.4,5,2,1,1,0,9,2,0,Matches
516dc25b,Jaroslav Plašil,cz CZE,MF,Bordeaux,36,1982,16.0,34,26,11,20,3,18,44,40.9,26,21,5,16,19,53,28,1,Matches
7add56e1,Morgan Poaty,cg CGO,MF,Montpellier,21,1997,1.0,1,1,1,0,0,0,0,,0,1,0,1,0,1,2,0,Matches
854a2041,Denis-Will Poha,fr FRA,MF,Rennes,21,1997,0.3,0,0,0,0,0,0,1,0.0,1,0,0,0,1,1,1,0,Matches
2ef637bd,Pierre-Yves Polomat,fr FRA,DF,Saint-Étienne,24,1993,10.6,18,13,11,6,1,10,18,55.6,8,4,2,2,21,39,27,0,Matches
b92edde2,Maxime Poundjé,fr FRA,DF,Bordeaux,25,1992,28.2,48,35,34,12,2,31,62,50.0,31,24,5,19,29,77,79,0,Matches
c252c705,Gaëtan Poussin,fr FRA,GK,Bordeaux,19,1999,1.0,0,0,0,0,0,0,0,,0,0,0,0,0,0,0,0,Matches
51c30111,Sanjin Prcić,ba BIH,MF,Strasbourg,24,1993,11.7,19,14,11,7,1,8,18,44.4,10,22,8,14,18,37,7,1,Matches
b0547a87,Nicolas de Préville,fr FRA,"FW,MF",Bordeaux,27,1991,14.1,28,19,10,15,3,8,29,27.6,21,23,1,22,10,38,21,1,Matches
8794e251,Adrien Rabiot,fr FRA,MF,Paris S-G,23,1995,11.8,35,20,13,17,5,9,12,75.0,3,9,2,7,10,45,20,0,Matches
0630eb63,Nemanja Radonjić,rs SRB,"FW,MF",Marseille,22,1996,7.6,8,5,1,5,2,5,16,31.3,11,3,0,3,5,13,4,0,Matches
9a1f2e1c,Rafael,br BRA,DF,Lyon,28,1990,11.4,31,19,14,12,5,17,24,70.8,7,19,2,17,15,46,30,2,Matches
bd4f5f94,Andrea Raggi,it ITA,DF,Monaco,34,1984,5.5,7,5,7,0,0,6,6,100.0,0,1,0,1,7,14,21,0,Matches
e4086af3,Baba Rahman,gh GHA,DF,Reims,24,1994,10.7,26,20,17,8,1,18,21,85.7,3,21,3,18,16,42,37,2,Matches
8dbff17c,Adil Rami,fr FRA,DF,Marseille,32,1985,15.7,14,9,12,2,0,8,12,66.7,4,14,14,0,18,32,52,3,Matches
276cce2e,Pedro Rebocho,pt POR,DF,Guingamp,23,1995,36.0,61,35,31,22,8,29,54,53.7,25,48,13,35,40,101,92,1,Matches
d504b3e1,Jeff Reine-Adélaïde,fr FRA,"FW,MF",Angers,20,1998,28.4,40,22,18,19,3,17,40,42.5,23,20,0,20,19,59,10,0,Matches
5c2da10f,Loïc Rémy,fr FRA,FW,Lille,31,1987,13.4,2,1,0,2,0,0,3,0.0,3,3,1,2,2,4,17,1,Matches
bcf1b2e9,Baptiste Reynet,fr FRA,GK,Toulouse,27,1990,30.0,0,0,0,0,0,0,3,0.0,3,0,0,0,1,1,14,2,Matches
7a137df4,Kévin Rimane,gf GUF,MF,Paris S-G,27,1991,0.1,0,0,0,0,0,0,0,,0,0,0,0,0,0,0,0,Matches
beae3a73,Renaud Ripart,fr FRA,"FW,DF",Nîmes,25,1993,33.4,76,49,41,22,13,32,76,42.1,44,43,7,36,27,103,79,0,Matches
ea0aa7e0,Mihailo Ristić,rs SRB,"DF,MF",Montpellier,22,1995,3.6,14,9,8,5,1,6,10,60.0,4,11,3,8,9,23,6,0,Matches
aa21406e,Christopher Rocchia,fr FRA,DF,Marseille,20,1998,0.0,0,0,0,0,0,0,0,,0,0,0,0,0,0,1,0,Matches
86df8ac0,Kenny Rocha Santos,cv CPV,MF,Saint-Étienne,18,2000,0.0,0,0,0,0,0,0,0,,0,0,0,0,0,0,0,0,Matches
1f8c7aa9,Ronny Rodelin,fr FRA,"MF,FW",Guingamp,28,1989,8.8,13,5,2,7,4,3,8,37.5,5,8,1,7,8,21,13,0,Matches
0eeafda5,Rolando,pt POR,DF,Marseille,32,1985,8.9,18,7,15,3,0,8,10,80.0,2,8,6,2,11,29,25,0,Matches
0aa874f4,Alaixys Romao,tg TOG,MF,Reims,34,1984,35.1,118,71,61,50,7,43,102,42.2,59,44,16,28,58,176,65,1,Matches
ed45c4a5,Valentin Rongier,fr FRA,MF,Nantes,23,1994,35.8,86,54,24,46,16,26,65,40.0,39,46,6,40,33,119,19,0,Matches
9b6d9b53,Valentin Rosier,fr FRA,"DF,MF",Dijon,21,1996,16.2,44,25,22,19,3,16,31,51.6,15,25,4,21,32,76,45,1,Matches
3071a619,Nolan Roux,fr FRA,FW,Guingamp,30,1988,17.1,11,9,0,6,5,4,14,28.6,10,6,2,4,4,15,21,0,Matches
cac76a72,Stéphane Ruffier,fr FRA,GK,Saint-Étienne,31,1986,37.0,2,2,2,0,0,2,4,50.0,2,0,0,0,0,2,18,3,Matches
17f29fb0,Idriss Saadi,dz ALG,"FW,MF",Strasbourg,26,1992,0.1,0,0,0,0,0,0,0,,0,0,0,0,0,0,0,0,Matches
fbbb9269,Youssouf Sabaly,sn SEN,DF,Bordeaux,25,1993,21.2,46,32,32,12,2,25,46,54.3,21,19,2,17,26,72,42,0,Matches
68a87d66,Ihsan Sacko,fr FRA,FW,Nice,21,1997,4.9,7,2,2,5,0,2,5,40.0,3,5,0,5,2,9,2,0,Matches
90fcf472,Wesley Saïd,fr FRA,"FW,MF",Dijon,23,1995,25.0,25,18,6,11,8,5,20,25.0,15,9,0,9,9,34,9,0,Matches
2b16cb1a,Allan Saint-Maximin,fr FRA,FW,Nice,21,1997,32.2,12,6,1,7,4,2,14,14.3,12,11,0,11,4,16,3,0,Matches
93c942fb,Théo Sainte-Luce,fr FRA,MF,Nîmes,19,1998,0.0,0,0,0,0,0,0,0,,0,0,0,0,0,0,0,0,Matches
d63e2912,Hiroki Sakai,jp JPN,DF,Marseille,28,1990,26.4,59,41,30,23,6,29,54,53.7,25,25,10,15,37,96,77,0,Matches
57c433c8,Diafra Sakho,sn SEN,FW,Rennes,28,1989,1.6,2,1,0,0,2,0,0,,0,0,0,0,0,2,0,0,Matches
5d59e0df,Emiliano Sala,ar ARG,FW,Nantes,27,1990,15.2,7,5,0,2,5,1,8,12.5,7,8,1,7,2,9,20,0,Matches
972aeb2a,William Saliba,fr FRA,DF,Saint-Étienne,17,2001,14.2,32,20,28,4,0,16,24,66.7,8,11,10,1,28,60,44,2,Matches
bb4a42be,Yannis Salibur,fr FRA,"FW,MF",Saint-Étienne,27,1991,9.8,9,5,1,7,1,1,7,14.3,6,6,0,6,8,17,4,0,Matches
bb4a42be,Yannis Salibur,fr FRA,MF,Guingamp,27,1991,0.2,0,0,0,0,0,0,0,,0,0,0,0,0,0,0,0,Matches
60d90c55,Brice Samba,cg CGO,GK,Caen,24,1994,38.0,1,0,1,0,0,0,1,0.0,1,0,0,0,1,2,12,4,Matches
24eb7ed6,Junior Sambia,fr FRA,"MF,FW",Montpellier,21,1996,10.3,15,7,7,7,1,6,15,40.0,9,14,2,12,5,20,3,0,Matches
8802c1d5,Frédéric Sammaritano,fr FRA,"FW,MF",Dijon,32,1986,6.0,11,5,5,5,1,5,13,38.5,8,8,1,7,8,19,2,1,Matches
bced0375,Ibrahim Sangaré,ci CIV,MF,Toulouse,20,1997,27.4,102,66,50,44,8,32,63,50.8,31,52,20,32,29,131,49,2,Matches
c650629d,Younousse Sankharé,sn SEN,MF,Bordeaux,28,1989,16.4,25,12,2,19,4,6,19,31.6,13,14,0,14,9,34,4,0,Matches
a8b4a643,Baissama Sankoh,gn GUI,"MF,FW",Caen,26,1992,7.2,4,1,4,0,0,1,4,25.0,3,8,1,7,5,9,16,0,Matches
11ced928,Yaya Sanogo,fr FRA,FW,Toulouse,25,1993,13.8,4,2,0,2,2,2,4,50.0,2,3,0,3,3,7,15,0,Matches
6e7f1353,Morgan Sanson,fr FRA,MF,Marseille,23,1994,26.7,70,47,27,35,8,21,77,27.3,56,40,1,39,42,112,8,1,Matches
5e22e2a4,Baptiste Santamaria,fr FRA,MF,Angers,23,1995,36.1,118,60,48,63,7,51,106,48.1,55,41,4,37,57,175,57,2,Matches
1a4b9094,Bouna Sarr,sn SEN,"DF,MF",Marseille,26,1992,24.9,67,48,27,27,13,26,42,61.9,16,28,3,25,39,106,56,1,Matches
bfdb33aa,Ismaila Sarr,sn SEN,"FW,MF",Rennes,20,1998,31.0,35,24,16,15,4,17,34,50.0,17,17,2,15,14,49,4,0,Matches
4315f30d,Malang Sarr,fr FRA,DF,Nice,19,1999,33.3,59,36,38,17,4,31,57,54.4,26,29,12,17,68,127,107,2,Matches
6bde367b,Téji Savanier,fr FRA,MF,Nîmes,26,1991,31.8,95,58,35,52,8,43,116,37.1,73,32,15,17,64,159,53,2,Matches
b2459674,Stanley Segarel,fr FRA,FW,Amiens,24,1994,0.2,0,0,0,0,0,0,0,,0,0,0,0,0,0,0,0,Matches
4db2157a,Ole Selnæs,no NOR,MF,Saint-Étienne,24,1994,18.5,44,26,12,23,9,13,35,37.1,22,24,7,17,19,63,29,0,Matches
834b5c4c,Matz Sels,be BEL,GK,Strasbourg,26,1992,37.0,0,0,0,0,0,0,1,0.0,1,0,0,0,1,1,24,1,Matches
7fb301af,Julien Serrano,fr FRA,"MF,DF",Monaco,20,1998,1.3,5,4,3,2,0,3,6,50.0,3,1,0,1,3,8,3,0,Matches
c4527123,Grégory Sertic,fr FRA,MF,Marseille,28,1989,1.2,2,0,1,1,0,0,1,0.0,1,2,1,1,1,3,2,0,Matches
8b28686a,Gen Shoji,jp JPN,DF,Toulouse,25,1992,18.0,24,13,16,8,0,11,24,45.8,13,22,14,8,21,45,56,0,Matches
4c5b714f,Djibril Sidibé,fr FRA,"DF,MF",Monaco,26,1992,23.1,50,34,27,12,11,26,48,54.2,22,25,9,16,30,80,51,0,Matches
ea540835,Kalidou Sidibé,fr FRA,MF,Toulouse,19,1999,14.0,24,12,11,12,1,7,15,46.7,8,16,3,13,17,41,26,1,Matches
d6f88a1d,Adrien Silva,pt POR,MF,Monaco,29,1989,13.2,50,31,19,26,5,30,62,48.4,32,15,2,13,16,66,23,0,Matches
4914ed4a,Gabriel Silva,br BRA,DF,Saint-Étienne,27,1991,15.9,19,10,13,6,0,6,17,35.3,11,15,3,12,14,33,60,1,Matches
86e7deaf,Thiago Silva,br BRA,DF,Paris S-G,33,1984,23.1,16,13,7,8,1,6,11,54.5,5,28,20,8,32,48,99,1,Matches
0fe7f7bc,Giovanni Sio,ci CIV,FW,Montpellier,29,1989,0.7,0,0,0,0,0,0,0,,0,0,0,0,0,0,0,0,Matches
0f8418aa,Ibrahima Sissoko,fr FRA,MF,Strasbourg,20,1997,29.6,60,41,23,34,3,23,55,41.8,32,37,3,34,34,94,39,1,Matches
c2211709,Ellyes Skhiri,tn TUN,MF,Montpellier,23,1995,34.3,105,58,31,64,10,43,91,47.3,48,60,7,53,60,165,41,0,Matches
d9a66c60,Petar Škuletić,rs SRB,FW,Montpellier,28,1990,6.7,9,5,4,2,3,1,15,6.7,14,7,1,6,3,12,14,1,Matches
2e0367a6,Naïm Sliti,tn TUN,"MF,FW",Dijon,26,1992,25.4,56,33,24,19,13,15,46,32.6,31,18,0,18,11,67,9,0,Matches
0670ee51,Oumar Solet,fr FRA,DF,Lyon,18,2000,0.7,1,0,1,0,0,1,1,100.0,0,1,0,1,0,1,0,0,Matches
7768df30,Jérémy Sorbon,fr FRA,DF,Guingamp,34,1983,29.4,33,20,23,10,0,14,22,63.6,8,33,23,10,34,67,105,2,Matches
7b075c75,Adama Soumaoro,fr FRA,DF,Lille,26,1992,19.1,14,11,12,2,0,4,6,66.7,2,21,18,3,21,35,92,1,Matches
ae59b359,Boubakary Soumaré,fr FRA,MF,Lille,19,1999,6.3,20,15,9,11,0,10,18,55.6,8,9,3,6,7,27,5,0,Matches
84549a07,Bassem Srarfi,tn TUN,"FW,MF",Nice,21,1997,9.1,20,11,8,8,4,6,17,35.3,11,8,0,8,5,25,5,0,Matches
6fb7edd3,Timo Stavitski,fi FIN,"MF,FW",Caen,19,1999,0.2,0,0,0,0,0,0,1,0.0,1,0,0,0,0,0,0,0,Matches
ef2e5e1a,Kevin Strootman,nl NED,MF,Marseille,28,1990,21.6,76,40,21,47,8,20,52,38.5,32,24,6,18,24,100,26,0,Matches
0c291a1a,Mathías Suárez,uy URU,DF,Montpellier,22,1996,6.1,20,11,7,10,3,10,23,43.5,13,11,0,11,9,29,18,0,Matches
f6db3bd5,Danijel Subašić,hr CRO,GK,Monaco,33,1984,12.6,0,0,0,0,0,0,1,0.0,1,0,0,0,0,0,6,2,Matches
821233cc,Neven Subotić,rs SRB,DF,Saint-Étienne,29,1988,23.9,44,23,36,7,1,20,39,51.3,19,14,6,8,38,82,107,3,Matches
62a54183,Sanasi Sy,fr FRA,MF,Amiens,19,1999,0.0,0,0,0,0,0,0,0,,0,0,0,0,0,0,0,0,Matches
8417953b,Seydou Sy,sn SEN,GK,Monaco,22,1995,2.5,0,0,0,0,0,0,0,,0,0,0,0,0,0,0,1,Matches
b99bec05,Issiaga Sylla,gn GUI,"DF,MF",Toulouse,24,1994,22.2,54,36,30,24,0,28,53,52.8,25,36,10,26,39,93,77,0,Matches
d8b97bb3,Moussa Sylla,fr FRA,"FW,MF",Monaco,18,1999,8.5,6,4,4,1,1,2,6,33.3,4,5,2,3,2,8,5,0,Matches
ff3a6a60,Eddy Sylvestre,fr FRA,"FW,MF",Nice,18,1999,3.0,3,2,0,3,0,3,9,33.3,6,1,0,1,0,3,0,0,Matches
15e1afd5,Franck Tabanou,fr FRA,DF,Guingamp,29,1989,2.0,4,3,4,0,0,1,2,50.0,1,0,0,0,6,10,15,0,Matches
a0f9b535,Flavien Tait,fr FRA,"MF,FW",Angers,25,1993,33.2,58,35,33,16,9,23,59,39.0,36,29,2,27,28,86,15,0,Matches
8da74c05,Adrien Tameze,cm CMR,MF,Nice,24,1994,32.7,74,44,32,31,11,39,92,42.4,53,53,12,41,56,130,59,1,Matches
b056e3da,Ciprian Tătărușanu,ro ROU,GK,Nantes,32,1986,26.6,0,0,0,0,0,0,0,,0,0,0,0,2,2,20,0,Matches
d520120b,Júlio Tavares,cv CPV,FW,Dijon,29,1988,31.2,15,9,1,7,7,3,9,33.3,6,17,3,14,13,28,51,0,Matches
ed0c3318,Malik Tchokounté,fr FRA,"FW,MF",Caen,29,1988,16.4,21,13,6,12,3,5,10,50.0,5,11,0,11,6,27,26,0,Matches
4f255115,Aurélien Tchouaméni,fr FRA,MF,Bordeaux,18,2000,7.8,24,12,10,14,0,7,18,38.9,11,11,5,6,21,45,14,0,Matches
5148dcc5,Martin Terrier,fr FRA,FW,Lyon,21,1997,16.5,23,13,5,13,5,9,23,39.1,14,17,2,15,6,29,14,0,Matches
77d7c96f,Kenny Tete,nl NED,DF,Lyon,22,1995,11.6,30,23,11,16,3,13,19,68.4,6,13,5,8,18,48,29,0,Matches
2b9fdeea,Florian Thauvin,fr FRA,"FW,MF",Marseille,25,1993,29.0,42,23,10,21,11,16,35,45.7,19,19,1,18,8,50,4,0,Matches
f4bc42b1,Sada Thioub,sn SEN,"MF,FW",Nîmes,23,1995,27.5,30,19,13,10,7,20,45,44.4,25,29,1,28,16,46,11,0,Matches
275e2c51,Romain Thomas,fr FRA,DF,Angers,30,1988,26.6,35,26,25,10,0,14,19,73.7,5,31,24,7,29,64,133,1,Matches
c76b7567,Adrien Thomasson,fr FRA,"MF,FW",Strasbourg,24,1993,27.5,54,27,18,23,13,21,66,31.8,45,29,5,24,18,72,12,1,Matches
6f8cd6d0,Marcus Thuram,fr FRA,"FW,MF",Guingamp,20,1997,28.6,45,28,23,15,7,20,43,46.5,23,24,1,23,10,55,14,0,Matches
56f7a928,Youri Tielemans,be BEL,MF,Monaco,21,1997,18.7,45,24,17,23,5,24,47,51.1,23,20,3,17,18,63,22,0,Matches
2c92d3c0,Cheick Timite,ci CIV,"FW,MF",Amiens,20,1997,16.2,18,13,5,7,6,3,16,18.8,13,14,2,12,12,30,13,0,Matches
88f130ed,Jean-Clair Todibo,fr FRA,DF,Toulouse,18,1999,9.3,21,18,19,2,0,11,13,84.6,2,14,5,9,14,35,62,2,Matches
ef7cd87a,Abdoulaye Touré,fr FRA,MF,Nantes,24,1994,30.5,48,31,14,28,6,19,56,33.9,37,25,10,15,47,95,29,1,Matches
c8c60119,Almamy Touré,ml MLI,DF,Monaco,22,1996,3.8,13,6,6,7,0,3,10,30.0,7,3,1,2,11,24,12,0,Matches
71ec39ef,Lucas Tousart,fr FRA,MF,Lyon,21,1997,19.2,74,38,33,34,7,25,59,42.4,34,30,13,17,26,100,27,0,Matches
1a6f2a66,Adama Traoré,ml MLI,MF,Monaco,23,1995,2.7,2,1,1,0,1,1,4,25.0,3,4,0,4,3,5,1,0,Matches
c47541e0,Bertrand Traoré,bf BFA,FW,Lyon,22,1995,23.5,36,22,19,13,4,12,26,46.2,14,23,5,18,15,51,18,0,Matches
de488e56,Charles Traore,ml MLI,"DF,FW",Nantes,26,1992,12.9,40,20,22,16,2,23,34,67.6,11,16,3,13,19,59,46,0,Matches
bfcef334,Cheick Traoré,ml MLI,DF,Guingamp,23,1995,16.8,37,21,23,11,3,15,25,60.0,10,13,3,10,23,60,46,1,Matches
42e8eba2,Gaoussou Traoré,ml MLI,MF,Amiens,18,1999,1.2,10,5,6,4,0,4,8,50.0,4,1,0,1,0,10,0,0,Matches
a4b1028a,Hamari Traoré,ml MLI,DF,Rennes,26,1992,33.0,61,33,32,27,2,36,71,50.7,35,39,11,28,44,105,82,0,Matches
b666421b,Ismaël Traoré,ci CIV,DF,Angers,31,1986,29.3,27,11,19,8,0,9,24,37.5,15,27,16,11,42,69,120,2,Matches
6fea4e00,Driss Trichard,fr FRA,DF,Bordeaux,23,1995,1.0,2,2,2,0,0,1,1,100.0,0,1,0,1,1,3,4,0,Matches
dcf7cf44,Valentín Vada,ar ARG,MF,Bordeaux,22,1996,0.4,2,1,0,2,0,1,1,100.0,0,0,0,0,0,2,0,0,Matches
dcf7cf44,Valentín Vada,ar ARG,MF,Saint-Étienne,22,1996,4.5,7,4,4,3,0,3,12,25.0,9,4,1,3,7,14,4,0,Matches
92cd4bef,William Vainqueur,fr FRA,MF,Monaco,29,1988,0.9,6,3,4,2,0,1,1,100.0,0,1,0,1,0,6,0,0,Matches
e562a02e,Pierrick Valdivia,fr FRA,MF,Nîmes,30,1988,0.3,1,1,0,1,0,1,2,50.0,1,1,0,1,1,2,0,0,Matches
c8090cb3,Theo Valls,fr FRA,MF,Nîmes,22,1995,19.7,37,21,16,19,2,15,43,34.9,28,17,4,13,22,59,15,0,Matches
1467af0d,Marco Verratti,it ITA,MF,Paris S-G,25,1992,20.9,72,42,25,39,8,36,81,44.4,45,26,1,25,18,90,8,2,Matches
8b529245,Carlos Vinícius,br BRA,"FW,MF",Monaco,23,1995,5.8,4,1,1,2,1,0,1,0.0,1,7,0,7,1,5,2,0,Matches
cfd41fad,Paul Wade,fr FRA,MF,Nice,18,2000,0.1,0,0,0,0,0,0,3,0.0,3,0,0,0,0,0,1,0,Matches
eb78322b,Anthony Walongwa,cd COD,DF,Nantes,24,1993,1.0,0,0,0,0,0,0,0,,0,3,2,1,1,1,2,0,Matches
0984c5d5,Rémi Walter,fr FRA,MF,Nice,23,1995,9.3,20,12,7,10,3,5,15,33.3,10,9,1,8,6,26,11,0,Matches
8eec784d,Timothy Weah,us USA,FW,Paris S-G,18,2000,0.6,0,0,0,0,0,0,0,,0,0,0,0,0,0,0,0,Matches
f3600c02,Xeka,pt POR,MF,Lille,23,1994,25.1,59,31,25,27,7,18,57,31.6,39,20,2,18,21,80,30,4,Matches
1c344204,Cédric Yamberé,cf CTA,DF,Dijon,27,1990,31.2,47,31,36,11,0,21,39,53.8,18,45,32,13,52,99,136,4,Matches
698b37b8,Elie Youan,fr FRA,FW,Nantes,19,1999,0.2,1,0,0,1,0,0,0,,0,0,0,0,0,1,0,0,Matches
e2f9bb5f,Zaydou Youssouf,fr FRA,"MF,FW",Bordeaux,19,1999,4.7,7,5,3,4,0,3,7,42.9,4,5,1,4,5,12,0,0,Matches
28129034,Younn Zahary,km COM,DF,Caen,19,1998,8.2,16,9,7,6,3,8,14,57.1,6,13,8,5,16,32,35,0,Matches
c8c02ac7,Mehdi Zeffane,dz ALG,"DF,MF",Rennes,26,1992,13.5,19,13,12,7,0,10,26,38.5,16,14,5,9,18,37,35,1,Matches
0bd57eb0,Arton Zekaj,xk KVX,FW,Lille,18,2000,0.0,0,0,0,0,0,0,0,,0,0,0,0,0,0,0,0,Matches
242b350c,Mootaz Zemzemi,tn TUN,"FW,MF",Strasbourg,18,1999,0.0,1,0,0,0,1,0,0,,0,0,0,0,0,1,0,0,Matches
095e4199,Arber Zeneli,xk KVX,FW,Reims,23,1995,9.0,8,6,3,2,3,0,10,0.0,10,3,0,3,2,10,3,1,Matches
775185ae,Kévin Zohi,ml MLI,"FW,MF",Strasbourg,21,1996,7.0,14,10,6,6,2,5,9,55.6,4,8,0,8,7,21,5,0,Matches
a8797cf1,Bongani Zungu,za RSA,MF,Amiens,25,1992,2.6,3,2,0,1,2,2,8,25.0,6,0,0,0,2,5,5,0,Matches
