id,Player,Nation,Pos,Squad,Age,Born,90s,Tkl,TklW,Def 3rd,Mid 3rd,Att 3rd,Tkl.1,Att,Tkl%,Lost,Blocks,Sh,Pass,Int,Tkl+Int,Clr,Err,Matches
32c2d95f,Yunis Abdelhamid,ma MAR,DF,Reims,35-164,1987,26.0,65,38,38,24,3,33,42,78.6,9,54,19,35,47,112,85,1,Matches
7978cbf0,Himad Abdelli,fr FRA,"MF,FW",Angers,23-114,1999,12.3,35,18,13,18,4,18,33,54.5,15,16,1,15,13,48,8,0,Matches
82464ce3,Salis Abdul Samed,gh GHA,MF,Lens,22-350,2000,24.0,35,20,14,18,3,20,36,55.6,16,29,7,22,24,59,17,0,Matches
31626657,Laurent Abergel,fr FRA,MF,Lorient,30-038,1993,15.2,65,38,41,22,2,24,53,45.3,29,22,4,18,17,82,21,0,Matches
0e46fa2f,Matthis Abline,fr FRA,FW,Auxerre,19-348,2003,5.7,3,1,0,2,1,0,5,0.0,5,5,1,4,1,4,1,0,Matches
0e46fa2f,Matthis Abline,fr FRA,"FW,MF",Rennes,19-348,2003,1.2,1,1,0,0,1,1,1,100.0,0,1,0,1,2,3,1,0,Matches
c2a6033c,Zakaria Aboukhlal,ma MAR,"FW,MF",Toulouse,23-021,2000,20.3,23,16,9,6,8,7,31,22.6,24,13,1,12,16,39,16,0,Matches
1e93fc5d,Mohamed Achi,fr FRA,FW,Nantes,21-054,2002,0.4,1,1,1,0,0,1,1,100.0,0,0,0,0,0,1,0,0,Matches
7587446d,Martin Adeline,fr FRA,"MF,FW",Reims,19-099,2003,1.2,3,3,2,1,0,3,4,75.0,1,3,1,2,3,6,3,0,Matches
75f1ed80,Emmanuel Agbadou,ci CIV,DF,Reims,25-267,1997,18.8,48,30,37,11,0,30,43,69.8,13,22,9,13,23,71,78,2,Matches
8bc8829a,Lucien Agoume,fr FRA,MF,Troyes,21-030,2002,6.2,24,12,12,6,6,10,14,71.4,4,5,1,4,14,38,11,0,Matches
3dd738a1,Ruben Aguilar,fr FRA,DF,Monaco,29-319,1993,7.7,14,6,6,3,5,5,14,35.7,9,5,0,5,13,27,20,0,Matches
22396615,Amar Ahmed,se SWE,FW,Troyes,19-020,2004,0.2,1,1,0,1,0,0,1,0.0,1,0,0,0,1,2,0,0,Matches
48b28bfd,Jean-Eudes Aholou,ci CIV,MF,Strasbourg,28-356,1994,10.0,21,15,7,12,2,8,18,44.4,10,13,0,13,19,40,7,0,Matches
462475ed,Ludovic Ajorque,fr FRA,FW,Strasbourg,29-014,1994,8.6,5,4,1,4,0,3,9,33.3,6,3,1,2,2,7,7,0,Matches
b625b241,Maghnes Akliouche,fr FRA,"MF,DF",Monaco,21-014,2002,2.8,6,3,3,3,0,1,3,33.3,2,1,0,1,2,8,2,0,Matches
9e17ccff,Doğan Alemdar,tr TUR,GK,Rennes,20-133,2002,2.5,0,0,0,0,0,0,0,,0,0,0,0,0,0,1,1,Matches
1956b948,Jim Allevinah,ga GAB,"DF,FW",Clermont Foot,28-012,1995,16.4,31,19,18,9,4,16,42,38.1,26,19,1,18,10,41,10,0,Matches
0a63446f,Mickaël Alphonse,gp GLP,DF,Ajaccio,33-242,1989,11.6,27,18,16,8,3,18,26,69.2,8,13,3,10,26,53,30,1,Matches
9260926b,Ibrahim Amadou,fr FRA,"DF,MF",Angers,29-339,1993,4.7,10,7,6,3,1,7,10,70.0,3,7,3,4,10,20,20,0,Matches
ae11ba3d,Ayoub Amraoui,fr FRA,DF,Nice,18-301,2004,2.0,3,2,2,1,0,2,5,40.0,3,1,0,1,4,7,4,0,Matches
ef9c1c95,Benjamin André,fr FRA,MF,Lille,32-220,1990,24.5,89,52,34,43,12,45,91,49.5,46,39,7,32,30,119,47,0,Matches
af3ddb2e,Komnen Andrić,rs SRB,FW,Clermont Foot,27-253,1995,14.5,12,5,2,6,4,3,15,20.0,12,7,1,6,8,20,11,0,Matches
a5db0bec,Houssem Aouar,fr FRA,MF,Lyon,24-254,1998,4.8,8,3,3,3,2,2,4,50.0,2,10,1,9,6,14,3,0,Matches
b94b8be1,Adil Aouchiche,fr FRA,"MF,FW",Lorient,20-239,2002,1.1,2,0,1,0,1,0,3,0.0,3,2,0,2,1,3,0,0,Matches
feb5d3ab,Dennis Appiah,fr FRA,"DF,MF",Nantes,30-275,1992,8.8,21,11,14,7,0,10,27,37.0,17,13,5,8,10,31,16,0,Matches
c5e6c017,Taïryk Arconte,fr FRA,FW,Brest,19-119,2003,1.4,1,1,0,0,1,0,3,0.0,3,1,0,1,0,1,2,0,Matches
508a9011,Mohamed El Arouch,fr FRA,MF,Lyon,18-339,2004,0.0,1,1,0,1,0,0,0,,0,0,0,0,0,1,0,0,Matches
b026bbf6,Lorenz Assignon,tg TOG,DF,Rennes,22-262,2000,2.2,6,2,4,2,0,2,4,50.0,2,4,0,4,2,8,3,0,Matches
6a827d8e,Youcef Atal,dz ALG,"DF,MF",Nice,26-298,1996,7.1,34,19,16,14,4,21,27,77.8,6,6,0,6,11,45,11,0,Matches
6b5edd5d,Valentin Atangana Edoa,fr FRA,MF,Reims,17-198,2005,0.0,1,0,0,0,1,0,0,,0,0,0,0,0,1,0,0,Matches
7dfbba27,Mathias Autret,fr FRA,"MF,FW",Auxerre,32-010,1991,14.0,22,10,10,10,2,7,16,43.8,9,13,2,11,12,34,12,0,Matches
a94d93be,Cédric Avinel,gp GLP,DF,Ajaccio,36-181,1986,15.2,10,4,6,4,0,5,7,71.4,2,15,10,5,12,22,65,1,Matches
114bbdee,Loïc Bade,fr FRA,DF,Rennes,22-334,2000,1.0,1,1,1,0,0,0,0,,0,0,0,0,1,2,3,0,Matches
06df8256,Benoît Badiashile,fr FRA,DF,Monaco,21-350,2001,9.3,10,8,6,4,0,5,10,50.0,5,9,6,3,17,27,40,1,Matches
a1232f4e,Eric Bailly,ci CIV,DF,Marseille,28-333,1994,4.7,10,8,4,5,1,6,6,100.0,0,10,7,3,11,21,12,0,Matches
5065d67d,Dénys Bain,fr FRA,DF,Auxerre,29-252,1993,1.4,4,3,3,1,0,1,2,50.0,1,2,1,1,2,6,4,0,Matches
7e3e825e,Brandon Baiye,be BEL,MF,Clermont Foot,22-074,2000,0.6,3,2,2,1,0,2,3,66.7,1,1,0,1,1,4,3,0,Matches
0af4dcf0,Cédric Bakambu,cd COD,MF,Marseille,31-334,1991,0.7,2,1,2,0,0,2,2,100.0,0,0,0,0,0,2,0,0,Matches
3975195f,Thierno Balde,fr FRA,DF,Troyes,20-274,2002,16.9,25,12,17,4,4,17,27,63.0,10,13,3,10,17,42,29,0,Matches
a1390d2f,Carlos Baleba,cm CMR,MF,Lille,19-067,2004,3.1,11,10,1,8,2,8,11,72.7,3,11,2,9,1,12,2,2,Matches
7c3ed041,Leonardo Balerdi,ar ARG,DF,Marseille,24-044,1999,22.6,40,26,28,10,2,22,33,66.7,11,39,24,15,47,87,70,0,Matches
31822f8c,Folarin Balogun,eng ENG,FW,Reims,21-251,2001,21.6,6,3,0,4,2,1,11,9.1,10,16,1,15,1,7,11,0,Matches
7fecbcdb,Abdoulaye Bamba,ci CIV,DF,Angers,32-320,1990,6.2,15,7,9,5,1,10,10,100.0,0,4,1,3,8,23,11,0,Matches
b2bd0f6c,Jonathan Bamba,fr FRA,FW,Lille,26-350,1996,21.0,23,10,9,8,6,11,29,37.9,18,24,1,23,17,40,7,0,Matches
a0d55a09,Bradley Barcola,fr FRA,"FW,MF",Lyon,20-190,2002,7.6,11,9,3,6,2,3,13,23.1,10,11,0,11,9,20,5,0,Matches
1ddbc7ca,Melvin Bard,fr FRA,DF,Nice,22-125,2000,17.6,64,39,38,21,5,39,57,68.4,18,25,1,24,35,99,28,1,Matches
3a24769f,Ross Barkley,eng ENG,"FW,MF",Nice,29-096,1993,7.1,10,5,4,2,4,5,8,62.5,3,5,1,4,4,14,5,0,Matches
e3844ecb,Mickaël Barreto,fr FRA,MF,Ajaccio,32-052,1991,5.9,15,8,5,7,3,6,25,24.0,19,8,0,8,5,20,0,0,Matches
20e0dd86,Cyrille Bayala,bf BFA,MF,Ajaccio,26-291,1996,16.9,42,31,14,14,14,19,35,54.3,16,20,3,17,20,62,10,0,Matches
5e6355f8,Yanis Begraoui,fr FRA,"FW,MF",Toulouse,21-250,2001,0.7,2,0,1,0,1,1,2,50.0,1,0,0,0,1,3,0,0,Matches
4a5e83ad,Alexis Beka Beka,fr FRA,MF,Nice,21-347,2001,3.1,9,4,4,5,0,2,9,22.2,7,5,1,4,7,16,1,0,Matches
5680bf3f,Jérémie Bela,ao ANG,"DF,MF",Clermont Foot,29-337,1993,7.1,6,4,2,1,3,3,3,100.0,0,9,1,8,7,13,7,0,Matches
705a1642,Reda Belahyane,fr FRA,MF,Nice,18-283,2004,0.1,1,0,0,1,0,1,1,100.0,0,1,0,1,0,1,0,0,Matches
1a248246,Youcef Belaïli,dz ALG,"MF,FW",Ajaccio,30-362,1992,10.6,15,9,2,7,6,7,17,41.2,10,9,1,8,5,20,4,0,Matches
1a248246,Youcef Belaïli,dz ALG,"FW,MF",Brest,30-362,1992,4.0,5,2,3,2,0,2,7,28.6,5,2,0,2,1,6,1,0,Matches
2b1bed19,Haris Belkebla,dz ALG,MF,Brest,29-042,1994,18.8,52,32,20,28,4,30,52,57.7,22,24,5,19,32,84,13,3,Matches
10f0fdd3,Jean-Ricner Bellegarde,fr FRA,MF,Strasbourg,24-257,1998,17.7,31,17,13,13,5,6,15,40.0,9,15,2,13,21,52,17,0,Matches
c678ddd7,Jeanöel Belocian,fr FRA,DF,Rennes,18-022,2005,1.1,0,0,0,0,0,0,1,0.0,1,1,1,0,1,1,4,0,Matches
3bd65247,Eliesse Ben Seghir,fr FRA,"FW,MF",Monaco,18-023,2005,6.8,14,9,4,9,1,3,8,37.5,5,9,0,9,2,16,0,0,Matches
1f6298f2,Salim Ben Seghir,fr FRA,MF,Marseille,20-015,2003,0.0,0,0,0,0,0,0,0,,0,1,0,1,0,0,0,0,Matches
942b4f90,Wissam Ben Yedder,fr FRA,FW,Monaco,32-211,1990,14.8,9,5,2,1,6,2,9,22.2,7,12,0,12,4,13,0,0,Matches
3189f61a,Nabil Bentaleb,dz ALG,MF,Angers,28-107,1994,20.2,64,36,28,29,7,32,48,66.7,16,25,7,18,34,98,23,3,Matches
e4114f5d,Patrick Berg,no NOR,"MF,FW",Lens,25-107,1997,0.3,0,0,0,0,0,0,1,0.0,1,0,0,0,1,1,0,0,Matches
0b2c9aec,Mitchell van Bergen,nl NED,"FW,DF",Reims,23-196,1999,8.0,13,6,5,5,3,6,17,35.3,11,6,2,4,4,17,7,0,Matches
3916b09c,Quentin Bernard,fr FRA,DF,Auxerre,33-247,1989,7.0,9,7,4,2,3,7,15,46.7,8,9,1,8,15,24,17,0,Matches
28dabd43,Paul Bernardoni,fr FRA,GK,Angers,25-327,1997,18.0,2,0,2,0,0,2,2,100.0,0,1,0,1,1,3,7,1,Matches
433dc9a2,Juan Bernat,es ESP,DF,Paris S-G,30-010,1993,11.9,23,12,15,6,2,16,28,57.1,12,8,1,7,7,30,14,0,Matches
03e91055,Jason Berthomier,fr FRA,MF,Clermont Foot,33-064,1990,0.3,0,0,0,0,0,0,0,,0,0,0,0,0,0,0,0,Matches
47c609d5,El Bilal Touré,ml MLI,FW,Reims,21-159,2001,1.0,0,0,0,0,0,0,0,,0,2,0,2,0,0,1,0,Matches
a3e1d20d,Jean-Claude Billong,cm CMR,MF,Clermont Foot,29-073,1993,0.3,0,0,0,0,0,0,0,,0,1,1,0,1,1,0,0,Matches
636247ca,Veljko Birmančević,rs SRB,"FW,MF",Toulouse,25-006,1998,3.6,10,7,3,4,3,7,14,50.0,7,11,2,9,5,15,0,0,Matches
3d214e5f,Marco Bizot,nl NED,GK,Brest,32-001,1991,25.0,0,0,0,0,0,0,0,,0,1,0,1,0,0,17,3,Matches
967f34d3,Rubén Blanco,es ESP,GK,Marseille,27-229,1995,4.0,0,0,0,0,0,0,0,,0,0,0,0,0,0,0,0,Matches
6191093d,Ludovic Blas,fr FRA,"FW,MF",Nantes,25-070,1997,21.5,34,23,13,14,7,13,34,38.2,21,20,1,19,14,48,6,0,Matches
3cdfc63e,Miha Blažič,si SVN,DF,Angers,29-307,1993,18.7,5,5,5,0,0,5,11,45.5,6,23,17,6,20,25,65,1,Matches
6a9e4913,Joaquín Blázquez,ar ARG,GK,Brest,22-042,2001,1.0,0,0,0,0,0,0,0,,0,0,0,0,0,0,2,0,Matches
5b479568,Myron Boadu,nl NED,FW,Monaco,22-056,2001,1.4,1,1,0,0,1,0,4,0.0,4,0,0,0,0,1,1,0,Matches
2db2fd7b,Jérôme Boateng,de GER,DF,Lyon,34-189,1988,3.5,2,0,1,1,0,1,3,33.3,2,4,2,2,5,7,15,0,Matches
7d937aa1,Antonin Bobichon,fr FRA,MF,Angers,27-178,1995,0.2,0,0,0,0,0,0,0,,0,1,0,1,0,0,0,0,Matches
f6496133,Quentin Boisgard,fr FRA,MF,Lorient,25-359,1997,2.0,6,2,1,4,1,3,4,75.0,1,3,1,2,4,10,2,0,Matches
9f936061,Neto Borges,br BRA,DF,Clermont Foot,26-179,1996,22.0,60,37,39,17,4,33,54,61.1,21,32,9,23,32,92,46,1,Matches
c03b7266,Kenji-Van Boto,mg MAD,DF,Auxerre,27-004,1996,1.0,1,1,1,0,0,1,2,50.0,1,0,0,0,1,2,1,0,Matches
65fcf987,Kouamé Botué,bf BFA,"FW,MF",Ajaccio,20-216,2002,2.5,4,2,2,1,1,0,2,0.0,2,1,0,1,0,4,1,0,Matches
0400dd2f,Badredine Bouanani,dz ALG,FW,Nice,18-093,2004,2.9,1,0,0,0,1,0,4,0.0,4,2,0,2,0,1,0,0,Matches
f9d5908e,Hicham Boudaoui,dz ALG,MF,Nice,23-169,1999,11.5,40,19,22,16,2,25,32,78.1,7,20,4,16,23,63,12,0,Matches
4fb18ca4,Franci Bouebari,fr FRA,DF,Strasbourg,19-180,2003,0.8,3,0,1,2,0,3,5,60.0,2,0,0,0,2,5,2,0,Matches
b0c71810,Sofiane Boufal,ma MAR,"FW,MF",Angers,29-175,1993,9.3,14,9,7,4,3,3,12,25.0,9,6,0,6,5,19,1,0,Matches
62e02107,Ismaëlben Boura,fr FRA,"DF,FW",Lens,22-209,2000,1.0,6,4,4,2,0,5,6,83.3,1,2,1,1,2,8,3,0,Matches
20e73fac,Benjamin Bourigeaud,fr FRA,"MF,FW",Rennes,29-056,1994,22.5,27,19,10,14,3,11,39,28.2,28,28,1,27,20,47,20,0,Matches
02bcaf8e,Bilal Brahimi,dz ALG,"FW,MF",Nice,22-362,2000,5.6,4,2,1,2,1,0,3,0.0,3,3,0,3,3,7,0,0,Matches
5b146df3,Lilian Brassier,fr FRA,DF,Brest,23-129,1999,22.4,28,16,22,4,2,14,22,63.6,8,28,13,15,39,67,92,0,Matches
b088d5d3,Andreas Bruus,dk DEN,"DF,FW",Troyes,24-054,1999,13.3,9,4,6,3,0,6,10,60.0,4,10,1,9,14,23,13,0,Matches
af69e7f0,Joe Bryan,eng ENG,"MF,DF",Nice,29-175,1993,1.8,5,4,3,2,0,4,4,100.0,0,2,0,2,1,6,1,0,Matches
3b676989,Adam Buksa,pl POL,"FW,MF",Lens,26-242,1996,0.7,1,0,0,0,1,0,0,,0,0,0,0,0,1,0,0,Matches
7b082ec2,Maxime Busi,be BEL,DF,Reims,23-148,1999,7.1,16,12,8,7,1,10,16,62.5,6,8,3,5,7,23,15,0,Matches
db87a2c4,Marcin Bułka,pl POL,GK,Nice,23-158,1999,2.0,0,0,0,0,0,0,1,0.0,1,0,0,0,1,1,0,0,Matches
148e136f,Rémy Cabella,fr FRA,"MF,FW",Lille,33-003,1990,18.3,43,27,14,18,11,17,36,47.2,19,32,2,30,13,56,6,1,Matches
46359159,Jimmy Cabot,fr FRA,"DF,MF",Lens,28-327,1994,5.7,20,12,10,8,2,12,26,46.2,14,5,0,5,4,24,12,0,Matches
928a4a61,Jens Cajuste,se SWE,MF,Reims,23-213,1999,10.6,37,18,20,11,6,19,35,54.3,16,21,5,16,15,52,15,0,Matches
94f8d10c,Duje Ćaleta-Car,hr CRO,DF,Marseille,26-175,1996,0.1,0,0,0,0,0,0,0,,0,0,0,0,0,0,1,0,Matches
8577e60a,Mahdi Camara,fr FRA,MF,Brest,24-254,1998,15.3,44,25,12,29,3,18,28,64.3,10,31,3,28,28,72,14,0,Matches
489e80e3,Mohamed Camara,ml MLI,MF,Monaco,23-064,2000,16.4,57,34,25,28,4,30,53,56.6,23,35,4,31,18,75,10,0,Matches
5a6b06cd,Ousmane Camara,gn GUI,"FW,MF",Auxerre,21-128,2001,0.3,1,1,0,0,1,0,0,,0,0,0,0,0,1,0,0,Matches
7d3dfdfd,Ousmane Camara,fr FRA,DF,Angers,20-005,2003,4.0,7,4,3,4,0,4,8,50.0,4,4,2,2,6,13,13,0,Matches
9f4a940f,Axel Camblan,fr FRA,"FW,MF",Brest,19-193,2003,0.8,2,2,1,1,0,0,1,0.0,1,0,0,0,0,2,0,0,Matches
79b2399c,Pierrick Capelle,fr FRA,"MF,DF",Angers,35-330,1987,10.6,27,16,13,12,2,16,34,47.1,18,10,1,9,13,40,17,0,Matches
f81ef10d,Maxence Caqueret,fr FRA,MF,Lyon,23-024,2000,21.3,62,33,19,25,18,33,77,42.9,44,29,2,27,22,84,16,0,Matches
5e080f73,Irvin Cardona,fr FRA,"FW,MF",Brest,25-215,1997,2.6,2,0,1,1,0,0,3,0.0,3,3,0,3,2,4,2,0,Matches
e3e32fbb,Igor Carioca,br BRA,"DF,MF",Lorient,26-202,1996,1.4,10,6,7,2,1,7,11,63.6,4,2,0,2,1,11,2,0,Matches
8608f269,Matis Carvalho,pt POR,GK,Montpellier,23-317,1999,1.5,0,0,0,0,0,0,0,,0,0,0,0,1,1,0,0,Matches
e0f3a1f6,Jean-Charles Castelletto,cm CMR,DF,Nantes,28-044,1995,18.5,33,19,24,8,1,18,27,66.7,9,22,14,8,42,75,59,0,Matches
4db5915d,Yoann Cathline,fr FRA,"FW,MF",Lorient,20-232,2002,7.9,11,6,5,3,3,2,4,50.0,2,5,0,5,6,17,6,1,Matches
c92c24f0,Maximiliano Caufriez,be BEL,DF,Clermont Foot,26-023,1997,15.4,20,11,15,5,0,13,18,72.2,5,23,11,12,24,44,53,0,Matches
3c6bbbab,Fabien Centonze,fr FRA,DF,Nantes,27-054,1996,11.2,29,20,16,12,1,18,25,72.0,7,13,6,7,31,60,28,0,Matches
f5dfc256,Leonardo César Jardim,br BRA,GK,Lille,27-356,1995,6.0,,0,,,,,,,,,,,0,,,,Matches
5d9577aa,Florian Chabrolle,fr FRA,MF,Ajaccio,24-338,1998,3.6,6,4,1,5,0,2,3,66.7,1,3,0,3,6,12,1,0,Matches
2180c761,El Chadaille Bitshiabu,fr FRA,DF,Paris S-G,17-299,2005,2.5,7,4,5,1,1,1,4,25.0,3,5,3,2,7,14,4,1,Matches
357103bd,Fares Chaïbi,fr FRA,"FW,MF",Toulouse,20-103,2002,17.7,20,10,4,9,7,10,33,30.3,23,23,3,20,12,32,16,1,Matches
18ebca4b,Gaëtan Charbonnier,fr FRA,"FW,MF",Auxerre,34-074,1988,2.8,2,1,0,2,0,0,4,0.0,4,2,0,2,0,2,5,0,Matches
16aa7d4c,Brendan Chardonnet,fr FRA,DF,Brest,28-079,1994,17.5,29,17,18,11,0,12,21,57.1,9,25,11,14,36,65,49,1,Matches
279ddf6a,Xavier Chavalerin,fr FRA,MF,Troyes,32-004,1991,19.0,59,35,24,24,11,24,54,44.4,30,20,5,15,29,88,13,0,Matches
b34c63a5,Rayan Cherki,fr FRA,"MF,FW",Lyon,19-206,2003,12.1,11,6,1,4,6,6,13,46.2,7,3,0,3,4,15,0,0,Matches
9d498560,Ilyes Cheti,dz ALG,DF,Angers,28-048,1995,2.3,6,4,4,0,2,5,8,62.5,3,5,1,4,4,10,7,0,Matches
b3d76d84,Lucas Chevalier,fr FRA,GK,Lille,21-125,2001,21.0,1,1,1,0,0,1,1,100.0,0,1,0,1,2,3,3,2,Matches
68a26d51,Pedro Chirivella,es ESP,MF,Nantes,25-292,1997,19.8,27,19,11,13,3,14,36,38.9,22,22,1,21,21,48,5,0,Matches
7909ffa4,Joris Chotard,fr FRA,MF,Montpellier,21-168,2001,17.0,38,17,22,12,4,21,37,56.8,16,25,8,17,23,61,27,0,Matches
7495aba7,Yanis Cimignani,fr FRA,"MF,DF",Ajaccio,21-048,2002,3.1,11,5,3,7,1,4,5,80.0,1,5,1,4,2,13,2,0,Matches
ff4d0258,Souleymane Cissé,fr FRA,DF,Clermont Foot,20-215,2002,0.4,1,1,1,0,0,1,1,100.0,0,1,1,0,1,2,2,0,Matches
741418c3,Alexis Claude-Maurice,fr FRA,FW,Nice,24-278,1998,0.7,3,2,2,1,0,3,3,100.0,0,0,0,0,2,5,1,0,Matches
741418c3,Alexis Claude-Maurice,fr FRA,"MF,FW",Lens,24-278,1998,5.0,9,5,5,3,1,4,7,57.1,3,4,0,4,1,10,1,0,Matches
5219ab4a,Jonathan Clauss,fr FRA,DF,Marseille,30-167,1992,18.0,27,17,10,12,5,11,27,40.7,16,17,2,15,19,46,26,1,Matches
3010aefb,Marcus Coco,fr FRA,"DF,FW",Nantes,26-260,1996,3.6,11,5,5,2,4,3,9,33.3,6,7,3,4,7,18,4,0,Matches
c4065f40,Alexandre Coeff,fr FRA,DF,Auxerre,31-019,1992,6.5,10,5,6,4,0,4,9,44.4,5,9,4,5,8,18,35,1,Matches
cfa49cc1,Abdu Conté,pt POR,DF,Troyes,24-352,1998,11.1,21,15,12,6,3,11,20,55.0,9,10,5,5,4,25,21,0,Matches
0e7ccfc4,Sébastien Corchia,fr FRA,"DF,MF",Nantes,32-130,1990,6.8,14,6,9,1,4,10,19,52.6,9,7,2,5,7,21,17,0,Matches
59948ef7,David Pereira da Costa,pt POR,"MF,FW",Lens,22-065,2001,14.5,13,7,1,10,2,7,19,36.8,12,16,0,16,11,24,5,0,Matches
bfb2056e,Logan Costa,cv CPV,DF,Toulouse,21-344,2001,0.5,0,0,0,0,0,0,0,,0,0,0,0,1,1,0,0,Matches
909222de,Nuno da Costa,cv CPV,"FW,MF",Auxerre,32-029,1991,14.2,32,17,10,16,6,8,30,26.7,22,16,0,16,12,44,8,0,Matches
2434f24a,Benoît Costil,fr FRA,GK,Auxerre,35-251,1987,19.0,2,0,2,0,0,2,4,50.0,2,0,0,0,0,2,5,0,Matches
ef8ae23b,Mathieu Coutadeur,fr FRA,MF,Ajaccio,36-356,1986,12.9,12,7,6,6,0,4,9,44.4,5,12,1,11,11,23,12,0,Matches
8f325097,Nicolas Cozza,fr FRA,DF,Montpellier,24-062,1999,14.2,38,21,27,9,2,26,36,72.2,10,11,5,6,21,59,35,1,Matches
1ec7e1c5,Damien Da Silva,fr FRA,DF,Lyon,34-298,1988,3.8,8,7,5,3,0,3,3,100.0,0,4,3,1,5,13,12,0,Matches
29c02c9f,Colin Dagba,fr FRA,DF,Strasbourg,24-183,1998,6.7,19,11,9,8,2,10,13,76.9,3,14,2,12,10,29,10,0,Matches
b70afb45,Thijs Dallinga,nl NED,FW,Toulouse,22-220,2000,16.5,7,5,2,2,3,1,8,12.5,7,9,2,7,2,9,13,0,Matches
7ef972c3,Flavius Daniliuc,at AUT,DF,Nice,21-318,2001,1.0,2,0,2,0,0,1,1,100.0,0,4,1,3,0,2,1,0,Matches
6e33125f,Kevin Danso,at AUT,DF,Lens,24-173,1998,26.0,29,16,18,10,1,14,24,58.3,10,30,22,8,26,55,91,0,Matches
fd2bc67d,Dante,br BRA,DF,Nice,39-144,1983,25.0,40,24,26,11,3,17,32,53.1,15,39,22,17,36,76,93,1,Matches
5069b796,Achraf Dari,ma MAR,DF,Brest,23-309,1999,12.8,17,13,12,5,0,12,16,75.0,4,14,9,5,16,33,52,2,Matches
ce50fd99,Jonathan David,ca CAN,FW,Lille,23-056,2000,24.4,15,11,3,7,5,7,16,43.8,9,17,2,15,5,20,13,0,Matches
5fdcb075,Thibault De Smet,be BEL,DF,Reims,24-279,1998,11.8,22,16,8,14,0,12,26,46.2,14,17,4,13,13,35,25,0,Matches
4ca4f601,Brecht Dejaegere,be BEL,MF,Toulouse,31-286,1991,16.3,32,18,7,15,10,12,39,30.8,27,20,5,15,12,44,9,0,Matches
0be95d34,Romain Del Castillo,fr FRA,"FW,MF",Brest,26-347,1996,8.8,22,14,7,8,7,8,16,50.0,8,10,1,9,7,29,3,0,Matches
8332db56,Thomas Delaine,fr FRA,DF,Strasbourg,30-352,1992,7.9,15,8,10,2,3,8,14,57.1,6,8,2,6,5,20,6,0,Matches
e4448c8c,Sacha Delaye,fr FRA,"FW,MF",Montpellier,20-322,2002,0.2,1,0,0,0,1,1,1,100.0,0,0,0,0,0,1,0,0,Matches
d33c706e,Andy Delort,dz ALG,FW,Nice,31-153,1991,8.7,2,0,1,1,0,1,2,50.0,1,0,0,0,1,3,7,0,Matches
d33c706e,Andy Delort,dz ALG,FW,Nantes,31-153,1991,2.1,2,1,1,1,0,0,1,0.0,1,1,0,1,0,2,0,0,Matches
7304f3b1,Karamoko Dembele,sct SCO,"FW,MF",Brest,20-017,2003,1.8,2,0,1,1,0,2,2,100.0,0,0,0,0,0,2,0,0,Matches
e7986081,Moussa Dembélé,fr FRA,FW,Lyon,26-242,1996,9.1,7,4,2,3,2,4,6,66.7,2,5,0,5,2,9,6,0,Matches
11f54bd5,Siriki Dembélé,ci CIV,MF,Auxerre,26-185,1996,1.8,2,1,1,0,1,2,6,33.3,4,0,0,0,1,3,1,0,Matches
99d660b2,Branco van den Boomen,nl NED,MF,Toulouse,27-233,1995,24.1,48,22,17,22,9,23,60,38.3,37,21,4,17,10,58,19,1,Matches
477e50ce,Rémy Descamps,fr FRA,GK,Nantes,26-259,1996,1.0,0,0,0,0,0,0,0,,0,0,0,0,0,0,0,0,Matches
1d5c96f8,Mikkel Desler,dk DEN,DF,Toulouse,28-020,1995,17.4,56,30,29,18,9,31,48,64.6,17,26,5,21,29,85,30,1,Matches
1bfb6fef,Bafodé Diakité,fr FRA,DF,Lille,22-064,2001,21.8,44,30,19,20,5,25,45,55.6,20,27,5,22,12,56,45,0,Matches
d8c19a60,Ibrahim Diakité,gn GUI,DF,Reims,19-131,2003,1.5,3,3,3,0,0,2,3,66.7,1,0,0,0,5,8,6,0,Matches
fb55f63a,Baila Diallo,fr FRA,"DF,MF",Clermont Foot,21-260,2001,0.7,0,0,0,0,0,0,0,,0,1,1,0,0,0,0,0,Matches
6605d143,Habib Diallo,sn SEN,FW,Strasbourg,27-266,1995,21.1,12,7,3,6,3,5,11,45.5,6,15,3,12,10,22,10,0,Matches
b3244eeb,Ismael Diallo,ci CIV,DF,Ajaccio,26-041,1997,18.0,30,21,22,7,1,21,42,50.0,21,20,9,11,20,50,33,1,Matches
6d0fe035,Mouhamadou Diarra,sn SEN,MF,Strasbourg,19-067,2004,9.5,15,10,7,7,1,11,17,64.7,6,11,1,10,9,24,10,0,Matches
698f11e3,Moussa Diarra,ml MLI,DF,Toulouse,22-121,2000,11.4,18,8,9,8,1,8,14,57.1,6,21,7,14,17,35,22,0,Matches
29939a1d,Stéphane Diarra,fr FRA,"FW,MF",Lorient,24-092,1998,10.7,22,15,12,8,2,11,28,39.3,17,13,1,12,20,42,8,0,Matches
8104e41e,Krépin Diatta,sn SEN,"MF,FW",Monaco,24-014,1999,17.6,20,13,4,9,7,9,20,45.0,11,23,1,22,13,33,7,0,Matches
f41a69e6,Mory Diaw,sn SEN,GK,Clermont Foot,29-262,1993,26.0,1,1,0,1,0,1,3,33.3,2,0,0,0,2,3,9,3,Matches
40774c6b,Bamba Dieng,sn SEN,"FW,MF",Marseille,22-353,2000,2.2,4,4,2,1,1,3,4,75.0,1,5,1,4,0,4,0,0,Matches
40774c6b,Bamba Dieng,sn SEN,FW,Lorient,22-353,2000,3.5,8,4,2,6,0,0,3,0.0,3,3,0,3,1,9,3,0,Matches
92b56413,Tristan Dingomé,cm CMR,MF,Troyes,32-022,1991,1.1,1,1,0,1,0,0,2,0.0,2,0,0,0,0,1,0,0,Matches
6de23ab0,Sinaly Diomande,ci CIV,DF,Lyon,21-336,2001,14.4,28,14,15,12,1,19,26,73.1,7,16,9,7,31,59,49,1,Matches
4be0b467,Lois Diony,fr FRA,FW,Angers,30-081,1992,4.9,1,0,0,1,0,1,3,33.3,2,2,0,2,0,1,1,0,Matches
37143438,Edan Diop,fr FRA,DF,Monaco,18-195,2004,0.7,3,1,0,1,2,2,2,100.0,0,3,0,3,1,4,0,0,Matches
19053e31,Sofiane Diop,fr FRA,"MF,FW",Nice,22-275,2000,11.2,18,10,8,6,4,6,15,40.0,9,13,2,11,11,29,4,0,Matches
19053e31,Sofiane Diop,fr FRA,MF,Monaco,22-275,2000,0.7,0,0,0,0,0,0,0,,0,0,0,0,1,1,0,0,Matches
eedea60b,Yehvann Diouf,fr FRA,GK,Reims,23-115,1999,19.0,2,1,1,0,1,2,2,100.0,0,0,0,0,0,2,10,4,Matches
ad82197c,Axel Disasi,fr FRA,DF,Monaco,25-000,1998,25.0,25,17,10,11,4,13,22,59.1,9,38,22,16,42,67,83,1,Matches
b2336681,Tiago Djaló,pt POR,DF,Lille,22-336,2000,22.4,31,21,23,7,1,13,20,65.0,7,18,11,7,22,53,61,1,Matches
43e7a164,Alexander Djiku,gh GHA,DF,Strasbourg,28-214,1994,22.0,40,26,27,13,0,18,31,58.1,13,36,13,23,44,84,111,3,Matches
627b570a,Moussa Djitte,sn SEN,FW,Ajaccio,23-158,1999,0.7,1,0,0,0,1,1,2,50.0,1,0,0,0,0,1,0,0,Matches
1bd5bdc4,Alan Do Marcolino,ga GAB,FW,Rennes,20-357,2002,0.1,0,0,0,0,0,0,0,,0,0,0,0,0,0,0,0,Matches
fffea3e5,Jeremy Doku,be BEL,"MF,FW",Rennes,20-288,2002,6.7,13,10,3,6,4,8,17,47.1,9,6,0,6,4,17,2,0,Matches
836dc4a8,Kyliane Dong,fr FRA,"DF,MF",Troyes,18-165,2004,0.6,2,1,0,1,1,1,1,100.0,0,0,0,0,0,2,0,0,Matches
1b5b32d2,Jordan Dongmo,cm CMR,MF,Troyes,22-040,2001,0.2,1,0,0,1,0,1,2,50.0,1,0,0,0,0,1,0,0,Matches
08f5afaa,Gianluigi Donnarumma,it ITA,GK,Paris S-G,24-014,1999,26.0,0,0,0,0,0,0,1,0.0,1,0,0,0,0,0,7,2,Matches
a1dbfcb1,Jodel Dossou,bj BEN,"MF,DF",Clermont Foot,30-359,1992,2.9,7,4,3,2,2,4,4,100.0,0,2,1,1,1,8,0,0,Matches
dff0c299,Lohann Doucet,fr FRA,"MF,FW",Nantes,20-178,2002,1.0,3,0,2,0,1,3,4,75.0,1,2,0,2,2,5,4,0,Matches
92d90c8f,Ckene Doucouré,km COM,"FW,MF",Lorient,20-337,2002,1.0,2,2,2,0,0,1,1,100.0,0,0,0,0,1,3,0,0,Matches
9e7483ff,Désiré Doué,fr FRA,"MF,FW",Rennes,17-281,2005,10.4,32,15,9,19,4,9,20,45.0,11,15,1,14,9,41,2,0,Matches
b4ef3fb5,Guela Doué,fr FRA,FW,Rennes,20-145,2002,0.1,0,0,0,0,0,0,0,,0,0,0,0,0,0,0,0,Matches
0512a60a,Ismaël Doukouré,fr FRA,DF,Strasbourg,19-230,2003,15.3,26,11,14,9,3,13,17,76.5,4,14,5,9,16,42,33,0,Matches
9226aa22,Kamory Doumbia,ml MLI,MF,Reims,20-021,2003,10.1,22,11,6,10,6,9,26,34.6,17,12,1,11,12,34,1,0,Matches
9daeac61,Souleyman Doumbia,ci CIV,"DF,FW",Angers,26-168,1996,17.0,37,25,26,9,2,14,27,51.9,13,18,2,16,19,56,26,1,Matches
6d7ede84,Rémy Dugimont,fr FRA,"FW,MF",Auxerre,36-253,1986,1.2,2,1,0,1,1,1,2,50.0,1,3,0,3,0,2,5,0,Matches
0e12089d,Maxime Dupé,fr FRA,GK,Toulouse,30-007,1993,26.0,0,0,0,0,0,0,0,,0,0,0,0,0,0,6,3,Matches
0cbc8baa,Jean-Kevin Duverne,fr FRA,DF,Brest,25-242,1997,17.4,50,28,33,14,3,31,48,64.6,17,21,5,16,13,63,41,0,Matches
5b92d896,Hugo Ekitike,fr FRA,FW,Paris S-G,20-264,2002,8.7,10,4,1,8,1,5,12,41.7,7,10,0,10,4,14,2,0,Matches
104b4ad3,Alberth Elis,hn HON,"MF,FW",Brest,27-027,1996,2.5,3,2,1,2,0,0,6,0.0,6,1,0,1,1,4,2,0,Matches
0d7b6576,Sepe Elye Wahi,fr FRA,FW,Montpellier,20-068,2003,19.1,7,3,2,3,2,3,7,42.9,4,9,2,7,3,10,4,0,Matches
0b4f388a,Breel Embolo,ch SUI,FW,Monaco,26-025,1997,18.2,14,8,2,6,6,5,9,55.6,4,12,3,9,5,19,12,0,Matches
1a066e69,Maxime Estève,fr FRA,DF,Montpellier,20-289,2002,15.1,23,12,16,5,2,12,16,75.0,4,25,15,10,31,54,73,0,Matches
bc7b4580,Fábio,br BRA,"DF,MF",Nantes,32-245,1990,2.5,4,2,1,2,1,4,6,66.7,2,2,0,2,3,7,11,0,Matches
83f03b07,Noah Fadiga,sn SEN,DF,Brest,23-098,1999,11.4,23,16,12,8,3,11,21,52.4,10,11,5,6,19,42,16,0,Matches
9c221d14,Wout Faes,be BEL,DF,Reims,24-342,1998,3.0,1,1,1,0,0,1,2,50.0,1,6,3,3,7,8,19,0,Matches
745ca0a3,Romain Faivre,fr FRA,FW,Lorient,24-240,1998,3.5,6,3,1,3,2,0,3,0.0,3,5,0,5,0,6,2,0,Matches
745ca0a3,Romain Faivre,fr FRA,MF,Lyon,24-240,1998,3.3,6,3,2,2,2,1,3,33.3,2,3,0,3,0,6,0,0,Matches
faf00ab8,Khalil Fayad,fr FRA,MF,Montpellier,18-275,2004,5.7,27,14,10,15,2,12,17,70.6,5,6,1,5,4,31,3,0,Matches
4b792f35,Cheikh Faye,sn SEN,FW,Montpellier,24-043,1999,0.4,0,0,0,0,0,0,0,,0,0,0,0,1,1,0,0,Matches
375622c5,Jordan Ferri,fr FRA,MF,Montpellier,30-364,1992,20.6,39,24,23,12,4,23,55,41.8,32,15,4,11,14,53,10,0,Matches
50ac8941,Karol Fila,pl POL,DF,Strasbourg,24-271,1998,0.5,0,0,0,0,0,0,0,,0,0,0,0,1,1,1,0,Matches
caef7840,Alexis Flips,fr FRA,"DF,MF",Reims,23-052,2000,14.0,32,17,10,13,9,14,41,34.1,27,23,4,19,21,53,10,0,Matches
5313ed43,Seko Fofana,ci CIV,MF,Lens,27-308,1995,23.4,20,8,6,13,1,8,23,34.8,15,11,3,8,17,37,9,0,Matches
9d420dad,Yahia Fofana,fr FRA,GK,Angers,22-202,2000,8.0,0,0,0,0,0,0,0,,0,0,0,0,1,1,1,1,Matches
822d51d7,Youssouf Fofana,fr FRA,MF,Monaco,24-060,1999,23.4,63,30,26,32,5,31,58,53.4,27,32,3,29,29,92,24,0,Matches
90eb507d,Thomas Foket,be BEL,DF,Reims,28-167,1994,10.9,21,15,9,7,5,10,20,50.0,10,8,4,4,20,41,13,0,Matches
90f87966,José Fonte,pt POR,DF,Lille,39-079,1983,19.8,21,16,18,2,1,10,18,55.6,8,21,11,10,19,40,79,2,Matches
574aa9ec,Steven Fortes,cv CPV,DF,Lens,30-328,1992,0.1,0,0,0,0,0,0,0,,0,0,0,0,0,0,0,0,Matches
00a8d210,Przemysław Frankowski,pl POL,"DF,MF",Lens,27-333,1995,20.8,56,36,25,25,6,28,53,52.8,25,22,4,18,32,88,30,1,Matches
4b96c347,Angelo Fulgini,fr FRA,"MF,FW",Lens,26-203,1996,3.0,5,2,1,1,3,3,6,50.0,3,3,0,3,2,7,1,0,Matches
db3164e1,Gauthier Gallon,fr FRA,GK,Troyes,29-322,1993,19.0,2,2,2,0,0,2,3,66.7,1,0,0,0,2,4,13,0,Matches
42276181,Kévin Gameiro,fr FRA,FW,Strasbourg,35-306,1987,19.2,17,8,4,10,3,7,21,33.3,14,9,1,8,8,25,0,0,Matches
23c63b7f,Ignatius Ganago,cm CMR,FW,Nantes,24-023,1999,11.7,6,5,1,2,3,2,5,40.0,3,9,0,9,1,7,6,0,Matches
23c63b7f,Ignatius Ganago,cm CMR,FW,Lens,24-023,1999,0.7,0,0,0,0,0,0,0,,0,0,0,0,0,0,1,0,Matches
868eaba0,Johan Gastien,fr FRA,MF,Clermont Foot,35-045,1988,17.6,40,23,20,17,3,25,67,37.3,42,24,6,18,22,62,17,1,Matches
badcdcae,Denis Genreau,au AUS,MF,Toulouse,23-294,1999,1.6,13,6,4,6,3,4,9,44.4,5,5,0,5,4,17,5,0,Matches
ea0ff634,Valère Germain,fr FRA,"FW,MF",Montpellier,32-328,1990,7.0,7,7,1,2,4,3,10,30.0,7,8,0,8,6,13,11,0,Matches
8827bf46,Gerson,br BRA,MF,Marseille,25-295,1997,4.6,6,4,1,4,1,3,5,60.0,2,5,0,5,2,8,4,0,Matches
5b3cfa12,Ismaël Gharbi,es ESP,"MF,FW",Paris S-G,18-335,2004,0.5,0,0,0,0,0,0,2,0.0,2,1,0,1,3,3,0,0,Matches
c5adc293,Faouzi Ghoulam,dz ALG,DF,Angers,32-038,1991,3.0,2,1,1,0,1,2,4,50.0,2,3,1,2,4,6,6,0,Matches
41eebdf5,Samuel Gigot,fr FRA,DF,Marseille,29-150,1993,14.1,28,15,14,12,2,7,10,70.0,3,19,5,14,36,64,52,1,Matches
3befc2b6,Andrei Girotto,br BRA,"DF,MF",Nantes,31-022,1992,24.8,88,52,56,27,5,56,94,59.6,38,39,17,22,58,146,135,1,Matches
3708e9fa,Aleksandr Golovin,ru RUS,"MF,FW",Monaco,26-285,1996,20.0,46,27,13,25,8,20,52,38.5,32,21,0,21,27,73,10,0,Matches
1961b2aa,André Gomes,pt POR,MF,Lille,29-224,1993,12.5,26,16,7,13,6,13,34,38.2,21,16,5,11,9,35,12,1,Matches
645a3363,Angel Gomes,eng ENG,MF,Lille,22-192,2000,22.6,30,17,10,14,6,13,38,34.2,25,14,2,12,11,41,8,1,Matches
b8c1de25,Maxime Gonalons,fr FRA,MF,Clermont Foot,34-001,1989,8.0,22,13,8,12,2,9,20,45.0,11,7,1,6,9,31,4,0,Matches
a9d4c241,Oumar Gonzalez,cm CMR,DF,Ajaccio,25-014,1998,19.5,36,17,23,10,3,19,28,67.9,9,21,8,13,33,69,45,0,Matches
aad56ca3,Amine Gouiri,fr FRA,"FW,MF",Nice,23-023,2000,2.5,1,1,1,0,0,0,1,0.0,1,1,0,1,0,1,3,0,Matches
aad56ca3,Amine Gouiri,fr FRA,FW,Rennes,23-023,2000,17.6,20,11,6,6,8,3,16,18.8,13,11,0,11,6,26,4,0,Matches
06c48679,Jonathan Gradit,fr FRA,DF,Lens,30-107,1992,19.4,32,20,13,13,6,15,29,51.7,14,20,11,9,26,58,45,0,Matches
49136c42,Andrew Gravillon,gp GLP,DF,Reims,25-031,1998,11.5,16,8,9,6,1,8,13,61.5,5,18,9,9,21,37,36,0,Matches
4a987ffa,Adrian Grbić,at AUT,"MF,FW",Lorient,26-219,1996,0.3,0,0,0,0,0,0,1,0.0,1,3,0,3,0,0,0,0,Matches
d5d22a58,Gabriel Gudmundsson,se SWE,"DF,FW",Lille,23-316,1999,3.8,7,5,1,5,1,4,7,57.1,3,2,0,2,7,14,3,0,Matches
f6857b4f,Axel Gueguin,fr FRA,"FW,MF",Montpellier,17-352,2005,0.2,0,0,0,0,0,0,0,,0,1,0,1,0,0,0,0,Matches
5ea8ef20,Mattéo Guendouzi,fr FRA,MF,Marseille,23-331,1999,18.0,29,14,6,17,6,10,28,35.7,18,9,3,6,19,48,11,0,Matches
b73f17f8,Evann Guessand,fr FRA,"FW,MF",Nantes,21-253,2001,11.4,19,13,6,11,2,6,11,54.5,5,14,1,13,6,25,3,0,Matches
7155e3e1,Pape Gueye,sn SEN,"MF,DF",Marseille,24-046,1999,5.5,18,7,10,7,1,7,15,46.7,8,9,2,7,9,27,2,0,Matches
5d8d7454,Frederic Guilbert,fr FRA,DF,Strasbourg,28-077,1994,5.6,13,8,7,3,3,7,12,58.3,5,8,1,7,14,27,13,1,Matches
923f4dda,Sehrou Guirassy,gn GUI,MF,Rennes,26-364,1996,0.3,0,0,0,0,0,0,0,,0,0,0,0,0,0,0,0,Matches
7091324a,Rafik Guitane,fr FRA,FW,Reims,23-289,1999,0.0,0,0,0,0,0,0,0,,0,0,0,0,0,0,1,0,Matches
d56b9520,Malo Gusto,fr FRA,DF,Lyon,19-296,2003,16.0,34,21,17,10,7,15,32,46.9,17,21,4,17,24,58,21,1,Matches
576817b7,Jaouen Hadjam,fr FRA,DF,Nantes,19-350,2003,5.6,15,11,9,5,1,6,11,54.5,5,4,2,2,8,23,8,0,Matches
5167c97e,Massadio Haïdara,ml MLI,"DF,MF",Lens,30-099,1992,13.3,20,14,8,7,5,9,15,60.0,6,21,7,14,28,48,25,0,Matches
e42d61c7,Achraf Hakimi,ma MAR,"DF,MF",Paris S-G,24-127,1998,16.8,40,24,14,16,10,23,38,60.5,15,25,1,24,9,49,9,0,Matches
a94571f6,Mathis Hamdi,fr FRA,DF,Troyes,19-144,2003,0.8,0,0,0,0,0,0,2,0.0,2,0,0,0,1,1,1,0,Matches
0b4d8274,Romain Hamouma,fr FRA,"FW,MF",Ajaccio,35-347,1987,9.5,6,2,3,1,2,2,4,50.0,2,4,0,4,2,8,1,0,Matches
52cd0e88,Saïd Hamulic,nl NED,FW,Toulouse,22-119,2000,0.7,0,0,0,0,0,0,0,,0,0,0,0,0,0,0,0,Matches
e7d59f4f,Amine Harit,ma MAR,"MF,FW",Marseille,25-266,1997,5.7,6,4,0,3,3,3,7,42.9,4,4,1,3,4,10,6,0,Matches
07ace8c3,Rhys Healey,wls WAL,FW,Toulouse,28-095,1994,0.7,0,0,0,0,0,0,0,,0,0,0,0,0,0,0,0,Matches
563fcd6b,Gauthier Hein,fr FRA,"MF,FW",Auxerre,26-216,1996,11.7,18,13,10,6,2,12,26,46.2,14,8,0,8,5,23,5,0,Matches
f28474a4,Henrique,br BRA,DF,Lyon,28-320,1994,1.5,4,1,1,0,3,3,5,60.0,2,1,0,1,1,5,2,0,Matches
3681cfff,Christophe Hérelle,mq MTQ,DF,Brest,30-201,1992,11.7,10,4,7,2,1,4,12,33.3,8,15,11,4,20,30,48,0,Matches
61b77d0a,Noah Holm,no NOR,"FW,MF",Reims,21-292,2001,2.2,6,4,2,2,2,2,5,40.0,3,0,0,0,0,6,5,0,Matches
db7849ca,Franck Honorat,fr FRA,"FW,MF",Brest,26-212,1996,20.1,29,19,15,6,8,13,27,48.1,14,16,1,15,18,47,12,0,Matches
00891164,Cédric Hountondji,bj BEN,DF,Angers,29-051,1994,25.9,37,27,22,13,2,12,19,63.2,7,31,16,15,38,75,85,0,Matches
910e3cad,Ilyes Housni,fr FRA,FW,Paris S-G,17-301,2005,0.1,1,1,1,0,0,1,1,100.0,0,0,0,0,0,1,0,0,Matches
d14229f3,Adrien Hunou,fr FRA,"MF,FW",Angers,29-051,1994,18.8,35,18,16,14,5,13,33,39.4,20,25,0,25,2,37,7,0,Matches
fb0ee44e,Mounaim El Idrissy,fr FRA,FW,Ajaccio,24-029,1999,19.7,24,17,3,14,7,10,25,40.0,15,9,0,9,9,33,16,0,Matches
c9f49454,Rareş Ilie,ro ROU,"MF,FW",Nice,19-326,2003,1.6,3,3,0,1,2,2,4,50.0,2,2,0,2,1,4,1,0,Matches
546bb36e,Bonke Innocent,ng NGA,MF,Lorient,27-050,1996,10.2,25,14,13,11,1,10,28,35.7,18,17,4,13,18,43,24,0,Matches
cf182add,Ismaily,br BRA,DF,Lille,33-059,1990,16.1,38,16,14,15,9,15,26,57.7,11,21,4,17,17,55,29,0,Matches
dbd3a428,Junya Ito,jp JPN,FW,Reims,30-002,1993,20.8,29,15,10,10,9,11,40,27.5,29,23,1,22,6,35,2,0,Matches
a0415710,Ismail Jakobs,sn SEN,"DF,MF",Monaco,23-206,1999,6.9,5,2,3,2,0,2,6,33.3,4,4,1,3,4,9,7,0,Matches
96f4ebc0,Marin Jakoliš,hr CRO,FW,Angers,26-075,1996,0.3,1,1,0,0,1,0,0,,0,0,0,0,0,1,0,0,Matches
eeba07f8,Luis Javier Suárez,co COL,FW,Marseille,25-099,1997,3.3,4,1,1,2,1,1,3,33.3,2,1,0,1,3,7,6,0,Matches
300ec91c,Dany Jean,ht HAI,"DF,MF",Strasbourg,20-103,2002,0.1,0,0,0,0,0,0,1,0.0,1,1,0,1,0,0,0,0,Matches
5cb215fc,Julian Jeanvier,gn GUI,DF,Auxerre,30-345,1992,13.8,25,11,20,5,0,10,15,66.7,5,14,12,2,17,42,61,1,Matches
45cce300,Jefferson,br BRA,FW,Lyon,23-071,1999,0.3,0,0,0,0,0,0,1,0.0,1,1,0,1,0,0,0,0,Matches
5b4bc323,Paul Joly,fr FRA,DF,Auxerre,22-277,2000,9.6,33,21,21,10,2,19,35,54.3,16,13,2,11,24,57,29,2,Matches
56ae428b,Jubal,br BRA,DF,Auxerre,29-194,1993,23.7,27,15,18,8,1,14,21,66.7,7,35,24,11,39,66,129,0,Matches
f323d995,Christopher Jullien,fr FRA,DF,Montpellier,29-354,1993,19.9,35,22,25,8,2,19,35,54.3,16,26,13,13,22,57,82,1,Matches
c066d1a5,Issa Kaboré,bf BFA,DF,Marseille,21-303,2001,6.5,17,12,8,8,1,13,20,65.0,7,9,1,8,7,24,12,1,Matches
32f3d97e,Abdoul Kader Bamba,fr FRA,"FW,MF",Nantes,28-290,1994,0.9,0,0,0,0,0,0,2,0.0,2,3,1,2,0,0,1,0,Matches
5b1bf5e3,Gaël Kakuta,cd COD,FW,Lens,31-263,1991,0.2,0,0,0,0,0,0,0,,0,0,0,0,0,0,1,0,Matches
bf4c41f9,Arnaud Kalimuendo,fr FRA,FW,Rennes,21-050,2002,13.8,9,3,2,4,3,2,10,20.0,8,14,1,13,2,11,6,0,Matches
dd211559,Gedeon Kalulu,cd COD,DF,Lorient,25-194,1997,22.0,54,30,36,11,7,27,42,64.3,15,27,2,25,26,80,62,1,Matches
a426a912,Waren Kamanzi,no NOR,DF,Toulouse,22-120,2000,1.0,2,0,2,0,0,1,1,100.0,0,1,1,0,2,4,1,0,Matches
3814120d,Bingourou Kamara,sn SEN,GK,Montpellier,26-141,1996,4.5,0,0,0,0,0,0,0,,0,0,0,0,0,0,2,0,Matches
c5908bc4,Nordine Kandil,fr FRA,"MF,FW",Strasbourg,21-131,2001,0.9,3,2,1,2,0,0,2,0.0,2,1,0,1,1,4,0,0,Matches
c43a8336,Kévin Keben Biakolo,cm CMR,DF,Toulouse,19-044,2004,3.4,3,2,2,0,1,0,1,0.0,1,1,0,1,4,7,8,0,Matches
c9f2f83a,Check Keita,fr FRA,DF,Reims,19-343,2003,4.1,5,2,5,0,0,2,4,50.0,2,3,3,0,1,6,13,1,Matches
796b1c41,Saîf-Eddine Khaoui,tn TUN,MF,Clermont Foot,27-318,1995,17.7,35,19,11,20,4,10,31,32.3,21,16,2,14,25,60,5,0,Matches
2677a1de,Wahbi Khazri,tn TUN,"FW,MF",Montpellier,32-031,1991,11.6,15,9,6,7,2,3,14,21.4,11,9,1,8,7,22,9,0,Matches
3670aa71,Anthony Khelifa,fr FRA,DF,Ajaccio,17-172,2005,0.1,0,0,0,0,0,0,0,,0,0,0,0,0,0,0,0,Matches
aef6e670,Presnel Kimpembe,fr FRA,DF,Paris S-G,27-210,1995,8.1,17,8,9,6,2,9,13,69.2,4,12,7,5,12,29,9,1,Matches
3935e52e,Sead Kolašinac,ba BIH,DF,Marseille,29-264,1993,14.9,36,25,22,9,5,15,22,68.2,7,15,1,14,28,64,21,0,Matches
1361e5bc,Cheick Konaté,ci CIV,DF,Clermont Foot,19-008,2004,3.0,8,4,3,4,1,6,7,85.7,1,1,0,1,6,14,5,0,Matches
04bb2b06,Ibrahima Koné,ml MLI,FW,Lorient,23-268,1999,10.0,9,5,4,4,1,4,8,50.0,4,5,0,5,2,11,8,0,Matches
e6eadfb8,Youssouf Koné,ml MLI,DF,Ajaccio,27-249,1995,5.8,20,13,17,3,0,10,15,66.7,5,6,2,4,8,28,19,1,Matches
86a2ba20,Rominigue Kouamé,ml MLI,MF,Troyes,26-084,1996,19.9,27,18,19,6,2,9,20,45.0,11,24,8,16,38,65,30,0,Matches
562a4799,Boubakar Kouyaté,ml MLI,DF,Montpellier,25-330,1997,5.8,11,6,4,5,2,9,14,64.3,5,7,3,4,13,24,26,1,Matches
c385bf49,Sael Kumbedi,fr FRA,DF,Lyon,17-350,2005,6.9,17,11,10,3,4,4,8,50.0,4,12,4,8,5,22,10,0,Matches
397ba086,Grejohn Kyei,fr FRA,FW,Clermont Foot,27-211,1995,14.4,10,3,1,7,2,2,5,40.0,3,6,2,4,4,14,9,0,Matches
c90f380c,Rémy Labeau Lascary,gp GLP,"FW,MF",Lens,20-008,2003,1.1,4,2,4,0,0,0,0,,0,3,0,3,0,4,0,0,Matches
7cdda3bf,Gaëtan Laborde,fr FRA,FW,Nice,28-312,1994,18.0,27,13,8,14,5,11,21,52.4,10,19,2,17,7,34,11,0,Matches
7cdda3bf,Gaëtan Laborde,fr FRA,FW,Rennes,28-312,1994,2.8,1,1,1,0,0,0,1,0.0,1,1,0,1,0,1,1,0,Matches
9dbb75ca,Alexandre Lacazette,fr FRA,FW,Lyon,31-287,1991,22.1,34,18,7,12,15,8,23,34.8,15,16,0,16,13,47,4,0,Matches
eb0db257,Qazim Laçi,al ALB,MF,Ajaccio,27-051,1996,2.4,6,3,2,3,1,4,9,44.4,5,5,0,5,2,8,3,0,Matches
4e7db402,Alban Lafont,fr FRA,GK,Nantes,24-047,1999,25.0,0,0,0,0,0,0,1,0.0,1,0,0,0,0,0,12,2,Matches
770d7eb8,Kenny Lala,fr FRA,DF,Brest,31-159,1991,6.7,17,7,14,3,0,12,21,57.1,9,5,3,2,11,28,16,0,Matches
01870104,Mohamed Lamine Bayo,gn GUI,"FW,MF",Lille,24-280,1998,5.3,2,2,0,1,1,0,9,0.0,9,1,1,0,0,2,1,0,Matches
f066022d,Julien Laporte,fr FRA,DF,Lorient,29-127,1993,17.1,21,15,17,3,1,16,22,72.7,6,29,25,4,18,39,108,2,Matches
0ed063d6,Yasser Larouci,dz ALG,"DF,FW",Troyes,22-069,2001,13.2,13,8,8,4,1,6,8,75.0,2,10,1,9,17,30,24,0,Matches
2d22cea7,Armand Lauriente,fr FRA,FW,Lorient,24-097,1998,3.0,8,7,3,4,1,3,7,42.9,4,5,1,4,4,12,1,0,Matches
afe39ca8,Théo Le Bris,fr FRA,"MF,DF",Lorient,20-161,2002,11.5,22,14,13,7,2,11,25,44.0,14,18,1,17,13,35,16,0,Matches
547a72ad,Julien Le Cardinal,fr FRA,DF,Lens,25-220,1997,1.6,6,4,5,0,1,4,6,66.7,2,4,0,4,2,8,4,0,Matches
88c4d190,Jérémy Le Douaron,fr FRA,"FW,MF",Brest,24-324,1998,14.1,10,7,3,6,1,1,21,4.8,20,19,2,17,6,16,24,0,Matches
6f806d99,Enzo Le Fée,fr FRA,MF,Lorient,23-036,2000,25.0,89,54,43,34,12,34,86,39.5,52,39,4,35,23,112,31,1,Matches
2321ea6e,Vincent Le Goff,fr FRA,DF,Lorient,33-147,1989,25.0,52,23,38,11,3,34,45,75.6,11,18,5,13,27,79,77,1,Matches
321a71a7,Maxime Le Marchand,fr FRA,DF,Strasbourg,33-151,1989,17.4,36,23,23,11,2,16,25,64.0,9,20,12,8,29,65,61,0,Matches
5bf26efc,Paolo Lebas,pt POR,MF,Ajaccio,19-325,2003,0.6,0,0,0,0,0,0,0,,0,0,0,0,0,0,0,0,Matches
2fa2a875,Benjamin Lecomte,fr FRA,GK,Montpellier,31-319,1991,7.0,0,0,0,0,0,0,1,0.0,1,0,0,0,0,0,0,0,Matches
f5044e54,Pierre Lees-Melou,fr FRA,MF,Brest,29-290,1993,19.7,56,36,29,24,3,31,71,43.7,40,29,6,23,39,95,30,1,Matches
8ca9415f,Félix Lemaréchal,ci CIV,MF,Brest,19-216,2003,1.1,1,1,1,0,0,0,1,0.0,1,4,0,4,0,1,1,0,Matches
2b471f99,Mario Lemina,ga GAB,"MF,DF",Nice,29-191,1993,9.3,32,21,11,14,7,12,18,66.7,6,13,5,8,11,43,20,0,Matches
1e52971c,Johann Lepenant,fr FRA,MF,Lyon,20-140,2002,16.7,46,27,20,19,7,26,51,51.0,25,24,5,19,21,67,12,0,Matches
1e7aea56,Benjamin Leroy,fr FRA,GK,Ajaccio,33-338,1989,22.1,0,0,0,0,0,0,2,0.0,2,0,0,0,0,0,8,1,Matches
fcc84a07,Léo Leroy,fr FRA,MF,Montpellier,23-025,2000,9.1,39,27,16,21,2,25,41,61.0,16,20,2,18,8,47,4,0,Matches
17e25e72,Ruan Levine,br BRA,MF,Ajaccio,24-051,1999,0.3,1,1,0,1,0,0,0,,0,1,0,1,1,2,0,0,Matches
f7691f63,Dimitri Liénard,fr FRA,"DF,MF",Strasbourg,35-026,1988,14.7,39,25,20,13,6,30,49,61.2,19,24,4,20,14,53,23,0,Matches
fd78b105,Mateusz Lis,pl POL,GK,Troyes,26-012,1997,7.0,0,0,0,0,0,0,0,,0,1,0,1,0,0,3,0,Matches
40221fa7,Banzouzi Locko,fr FRA,DF,Reims,20-309,2002,11.8,32,16,22,4,6,16,27,59.3,11,17,4,13,20,52,21,0,Matches
40221fa7,Banzouzi Locko,fr FRA,DF,Brest,20-309,2002,1.5,3,2,2,1,0,2,2,100.0,0,1,0,1,2,5,6,0,Matches
f00de885,Anthony Lopes,pt POR,GK,Lyon,32-161,1990,21.3,1,0,1,0,0,1,2,50.0,1,0,0,0,2,3,8,0,Matches
7c2965bb,Rony Lopes,pt POR,"MF,FW",Troyes,27-073,1995,17.3,13,7,5,6,2,5,22,22.7,17,10,2,8,5,18,6,0,Matches
20b9f052,Pau López,es ESP,GK,Marseille,28-088,1994,22.0,0,0,0,0,0,0,1,0.0,1,0,0,0,0,0,4,1,Matches
64c14d49,Dion Lopy,sn SEN,MF,Reims,21-037,2002,10.9,33,19,15,12,6,18,44,40.9,26,20,2,18,19,52,18,0,Matches
fc4cf6a7,Jordan Lotomba,ch SUI,DF,Nice,24-163,1998,21.2,47,29,25,18,4,26,36,72.2,10,32,8,24,26,73,40,0,Matches
1a2935f6,Dejan Lovren,hr CRO,DF,Lyon,33-249,1989,9.7,12,11,12,0,0,10,15,66.7,5,8,6,2,15,27,34,1,Matches
a99138af,Jean Lucas,br BRA,MF,Monaco,24-262,1998,3.2,9,5,3,5,1,6,12,50.0,6,2,1,1,4,13,2,0,Matches
5b9512c5,Castello Lukeba,fr FRA,DF,Lyon,20-084,2002,23.2,24,16,15,6,3,12,15,80.0,3,29,17,12,42,66,53,0,Matches
e05082d1,Youssouf M'Changama,km COM,MF,Auxerre,32-194,1990,7.2,15,7,5,9,1,4,9,44.4,5,4,0,4,7,22,3,1,Matches
b3f8bdef,Deiver Machado,co COL,"DF,MF",Lens,29-190,1993,18.1,41,24,15,19,7,17,29,58.6,12,15,4,11,16,57,22,0,Matches
dfc5d4fa,Soungoutou Magassa,ml MLI,MF,Monaco,19-154,2003,0.8,3,1,2,1,0,1,2,50.0,1,2,0,2,1,4,1,0,Matches
d4d35152,Hugo Magnetti,fr FRA,MF,Brest,24-285,1998,13.6,35,20,15,19,1,20,48,41.7,28,13,1,12,19,54,11,0,Matches
caa7aaea,Yohann Magnin,fr FRA,"MF,DF",Clermont Foot,25-263,1997,21.5,69,41,24,38,7,40,76,52.6,36,42,10,32,21,90,42,0,Matches
fc46aab1,Lovro Majer,hr CRO,"MF,FW",Rennes,25-053,1998,10.8,20,9,9,8,3,3,16,18.8,13,11,0,11,15,35,5,1,Matches
22bfb57e,Jean-Victor Makengo,fr FRA,MF,Lorient,24-272,1998,4.8,9,4,3,6,0,5,14,35.7,9,2,1,1,6,15,5,0,Matches
654f49ca,Béni Makouana,cg CGO,"FW,MF",Montpellier,20-164,2002,2.2,1,0,0,1,0,0,2,0.0,2,3,1,2,0,1,1,0,Matches
48d5bd33,Ruslan Malinovskyi,ua UKR,"MF,FW",Marseille,29-311,1993,5.9,10,4,2,5,3,4,9,44.4,5,5,0,5,1,11,5,0,Matches
0f86995c,Hianga Mananga Mbock,fr FRA,MF,Brest,23-073,1999,0.2,0,0,0,0,0,0,1,0.0,1,0,0,0,0,0,0,0,Matches
1d2d5cc8,Steve Mandanda,fr FRA,GK,Rennes,37-348,1985,23.5,0,0,0,0,0,0,1,0.0,1,0,0,0,0,0,6,2,Matches
c801616a,Thomas Mangani,fr FRA,MF,Ajaccio,35-316,1987,9.9,19,12,6,10,3,9,24,37.5,15,13,1,12,21,40,14,1,Matches
c4173f1a,Vito Mannone,it ITA,GK,Lorient,35-009,1988,12.9,0,0,0,0,0,0,0,,0,0,0,0,0,0,3,2,Matches
706a60e1,Myziane Maolida,fr FRA,"FW,MF",Reims,24-025,1999,1.7,3,1,0,2,1,3,6,50.0,3,1,0,1,2,5,1,0,Matches
e54a9890,Faitout Maouassa,fr FRA,"DF,FW",Montpellier,24-248,1998,16.5,36,24,18,15,3,13,26,50.0,13,26,2,24,14,50,20,0,Matches
740f00ac,Vincent Marchetti,fr FRA,MF,Ajaccio,25-250,1997,20.4,44,22,23,16,5,20,46,43.5,26,13,1,12,15,59,16,0,Matches
d9764034,Guillermo Maripán,cl CHI,DF,Monaco,28-309,1994,16.5,32,19,18,14,0,10,23,43.5,13,25,17,8,27,59,50,0,Matches
d5f2f82b,Marquinhos,br BRA,DF,Paris S-G,28-301,1994,22.1,22,15,11,9,2,14,19,73.7,5,29,18,11,20,42,59,2,Matches
468fdbad,Jonas Martin,fr FRA,MF,Lille,32-336,1990,2.1,7,6,4,3,0,5,12,41.7,7,2,1,1,5,12,3,0,Matches
3ef0fa48,Gelson Martins,pt POR,"MF,FW",Monaco,27-304,1995,3.8,15,8,6,4,5,4,13,30.8,9,4,1,3,3,18,2,0,Matches
eba1e557,Han-Noah Massengo,fr FRA,MF,Auxerre,21-247,2001,4.9,14,6,6,7,1,3,7,42.9,4,7,2,5,4,18,2,0,Matches
6ea05ca7,Yanis Massolin,fr FRA,MF,Clermont Foot,20-172,2002,0.7,2,1,1,0,1,0,1,0.0,1,1,0,1,2,4,0,0,Matches
15944afd,Eliot Matazo,be BEL,"MF,FW",Monaco,21-024,2002,8.0,10,4,4,5,1,4,10,40.0,6,8,3,5,6,16,9,0,Matches
cf1ef7ec,Chrislain Matsima,fr FRA,"DF,MF",Lorient,20-300,2002,2.5,0,0,0,0,0,0,0,,0,3,3,0,2,2,7,0,Matches
cf1ef7ec,Chrislain Matsima,fr FRA,DF,Monaco,20-300,2002,1.4,3,2,0,2,1,0,1,0.0,1,1,1,0,1,4,4,0,Matches
70d4c949,Jean Mattéo Bahoya,fr FRA,FW,Angers,17-308,2005,0.1,1,1,0,0,1,1,1,100.0,0,0,0,0,0,1,0,0,Matches
a17a94d6,Azor Matusiwa,nl NED,MF,Reims,24-317,1998,18.5,50,35,25,19,6,28,43,65.1,15,22,7,15,36,86,34,0,Matches
87d31635,Aïman Maurer,ma MAR,MF,Clermont Foot,18-167,2004,2.8,2,1,1,1,0,1,5,20.0,4,0,0,0,1,3,5,0,Matches
30144daa,Stephy Mavididi,eng ENG,FW,Montpellier,24-284,1998,9.4,14,11,5,6,3,10,19,52.6,9,13,0,13,3,17,8,0,Matches
2c70d915,Christian Mawissa,fr FRA,DF,Toulouse,17-327,2005,1.1,2,0,1,1,0,1,3,33.3,2,0,0,0,3,5,1,0,Matches
b20cc590,Fernand Mayembo,cg CGO,DF,Ajaccio,27-061,1996,6.0,4,2,3,1,0,2,4,50.0,2,2,0,2,6,10,32,0,Matches
42fd9c7f,Kylian Mbappé,fr FRA,FW,Paris S-G,24-081,1998,19.3,6,2,0,2,4,2,9,22.2,7,4,0,4,4,10,3,0,Matches
e76cb9cc,Chancel Mbemba,cd COD,DF,Marseille,28-215,1994,23.4,31,20,18,12,1,17,23,73.9,6,22,12,10,34,65,67,0,Matches
890bc029,Jason Mbock,fr FRA,"MF,FW",Angers,23-130,1999,0.3,0,0,0,0,0,0,0,,0,0,0,0,0,0,0,0,Matches
46750e9c,Nathanael Mbuku,fr FRA,"FW,MF",Reims,20-360,2002,0.7,2,1,2,0,0,2,2,100.0,0,0,0,0,0,2,0,0,Matches
6f5ec8bb,Facundo Medina,ar ARG,DF,Lens,23-287,1999,21.9,25,15,12,13,0,8,24,33.3,16,14,5,9,18,43,47,1,Matches
04ac78d2,Bamo Meïté,ci CIV,DF,Lorient,21-264,2001,6.8,4,1,3,0,1,2,6,33.3,4,11,9,2,4,8,26,0,Matches
d21e361a,Farid El Melali,dz ALG,"FW,DF",Angers,25-310,1997,5.0,17,11,5,10,2,8,13,61.5,5,8,0,8,4,21,1,0,Matches
70c52749,Birger Meling,no NOR,DF,Rennes,28-084,1994,6.8,15,10,5,8,2,6,9,66.7,3,8,2,6,11,26,15,0,Matches
f20e4cc9,Nuno Mendes,pt POR,"DF,MF",Paris S-G,20-265,2002,12.1,32,22,21,9,2,24,31,77.4,7,11,2,9,13,45,12,0,Matches
c6e5d20f,Thiago Mendes,br BRA,"MF,DF",Lyon,30-361,1992,17.7,40,20,19,19,2,28,33,84.8,5,20,8,12,39,79,40,3,Matches
3322e296,Antoine Mendy,fr FRA,DF,Nice,18-288,2004,1.9,7,5,4,3,0,4,8,50.0,4,3,0,3,1,8,7,0,Matches
9f0f4b49,Arial Mendy,sn SEN,DF,Clermont Foot,28-124,1994,2.5,4,2,3,0,1,2,2,100.0,0,2,0,2,4,8,4,0,Matches
e472a6f6,Batista Mendy,fr FRA,"MF,DF",Angers,23-058,2000,21.0,48,19,24,17,7,29,38,76.3,9,21,4,17,14,62,19,0,Matches
9bdd8118,Gideon Mensah,gh GHA,DF,Auxerre,24-236,1998,16.9,57,31,32,21,4,31,48,64.6,17,22,7,15,30,87,27,0,Matches
0bfca6a1,Quentin Merlin,fr FRA,DF,Nantes,20-299,2002,14.1,22,13,14,6,2,12,25,48.0,13,18,4,14,18,40,21,0,Matches
d70ce98e,Lionel Messi,ar ARG,"FW,MF",Paris S-G,35-260,1987,20.5,19,13,1,9,9,7,19,36.8,12,8,0,8,0,19,0,0,Matches
85613cf0,Arkadiusz Milik,pl POL,FW,Marseille,29-011,1994,1.4,1,1,0,0,1,0,1,0.0,1,0,0,0,0,1,2,0,Matches
f833a830,Takumi Minamino,jp JPN,"MF,FW",Monaco,28-054,1995,5.3,10,5,3,5,2,5,23,21.7,18,14,0,14,5,15,3,0,Matches
065dc209,Terem Moffi,ng NGA,FW,Nice,23-290,1999,4.5,1,0,0,1,0,0,3,0.0,3,0,0,0,0,1,1,0,Matches
065dc209,Terem Moffi,ng NGA,FW,Lorient,23-290,1999,15.4,8,5,1,4,3,3,5,60.0,2,11,3,8,3,11,10,0,Matches
595e6f3e,Mostafa Mohamed,eg EGY,FW,Nantes,25-103,1997,14.9,12,8,5,3,4,6,12,50.0,6,14,1,13,5,17,27,0,Matches
7e82a78f,Florent Mollet,fr FRA,MF,Nantes,31-112,1991,5.2,3,2,1,0,2,1,5,20.0,4,6,0,6,3,6,6,0,Matches
8499c713,Marlos Moreno,co COL,"MF,DF",Troyes,26-172,1996,0.1,2,2,2,0,0,2,3,66.7,1,1,1,0,0,2,0,0,Matches
3eaf8817,Lebo Mothiba,za RSA,"FW,MF",Strasbourg,27-042,1996,3.0,1,0,1,0,0,0,1,0.0,1,1,0,1,0,1,4,0,Matches
19ba6c6d,Steve Mounié,bj BEN,FW,Brest,28-163,1994,7.0,5,2,0,3,2,0,7,0.0,7,6,3,3,2,7,10,0,Matches
71d10572,Bevic Moussiti-Oko,cg CGO,FW,Ajaccio,28-042,1995,7.8,3,1,1,1,1,1,2,50.0,1,5,3,2,2,5,8,0,Matches
af0c835b,Samuel Moutoussamy,cd COD,MF,Nantes,26-211,1996,16.5,42,24,18,18,6,13,40,32.5,27,16,2,14,19,61,8,0,Matches
ac73ec79,Nordi Mukiele,fr FRA,DF,Paris S-G,25-130,1997,12.6,31,23,16,6,9,19,29,65.5,10,22,9,13,14,45,16,0,Matches
2acf0cd7,Marshall Munetsi,zw ZIM,MF,Reims,26-262,1996,18.5,40,19,9,22,9,15,31,48.4,16,22,5,17,17,57,27,0,Matches
dc29b608,Yvon Mvogo,ch SUI,GK,Lorient,28-278,1994,13.1,0,0,0,0,0,0,0,,0,0,0,0,2,2,3,2,Matches
e110ea4b,Nathan N'Goumou,fr FRA,FW,Toulouse,22-362,2000,1.0,3,2,2,1,0,1,1,100.0,0,2,0,2,2,5,0,0,Matches
65c55288,Youssouf Ndayishimiye,bi BDI,"DF,MF",Nice,24-135,1998,3.4,10,7,5,5,0,3,5,60.0,2,6,3,3,7,17,14,0,Matches
87e9c7cd,Papa Ndiaga Yade,sn SEN,"DF,MF",Troyes,23-065,2000,4.3,8,5,5,1,2,7,15,46.7,8,9,2,7,7,15,6,0,Matches
69384e5d,Neymar,br BRA,"MF,FW",Paris S-G,31-034,1992,17.2,22,14,6,9,7,9,19,47.4,10,7,1,6,4,26,1,1,Matches
46faabfa,Ibrahima Niane,sn SEN,FW,Angers,24-000,1999,4.0,2,0,0,2,0,0,3,0.0,3,2,0,2,1,3,2,0,Matches
2054d037,M'Baye Niang,sn SEN,FW,Auxerre,28-082,1994,11.9,10,6,1,6,3,3,10,30.0,7,15,1,14,1,11,17,0,Matches
3f319bb9,Rasmus Nicolaisen,dk DEN,DF,Toulouse,25-360,1997,24.3,40,17,29,11,0,25,36,69.4,11,37,29,8,39,79,114,0,Matches
7b9a9e25,Arnaud Nordin,fr FRA,"FW,MF",Montpellier,24-267,1998,15.8,15,6,7,7,1,8,13,61.5,5,14,0,14,7,22,4,0,Matches
374fbf7d,Riad Nouri,fr FRA,MF,Ajaccio,37-277,1985,13.6,18,10,4,10,4,9,21,42.9,12,4,1,3,13,31,9,0,Matches
afb0c500,Alexander Nübel,de GER,GK,Monaco,26-162,1996,26.0,0,0,0,0,0,0,1,0.0,1,0,0,0,1,1,5,3,Matches
6043997c,Gerzino Nyamsi,fr FRA,DF,Strasbourg,26-048,1997,11.8,15,10,9,4,2,7,7,100.0,0,12,10,2,8,23,48,1,Matches
35516eac,Wilson Odobert,fr FRA,"MF,FW",Troyes,18-103,2004,12.4,17,12,8,7,2,8,20,40.0,12,7,0,7,11,28,4,0,Matches
6993927b,Florent Ogier,fr FRA,DF,Clermont Foot,33-355,1989,13.5,21,12,14,6,1,14,27,51.9,13,18,10,8,11,32,40,1,Matches
4534a352,Warmed Omari,fr FRA,DF,Rennes,22-322,2000,5.1,4,2,3,1,0,3,5,60.0,2,6,2,4,6,10,14,1,Matches
c631f952,Jonas Omlin,ch SUI,GK,Montpellier,29-060,1994,13.0,1,0,1,0,0,0,0,,0,0,0,0,0,1,8,1,Matches
ff4df82e,Ado Onaiwu,jp JPN,FW,Toulouse,27-123,1995,7.5,5,3,0,2,3,2,6,33.3,4,3,0,3,0,5,4,0,Matches
b5bb8188,Jean Onana,cm CMR,MF,Lens,23-062,2000,4.0,13,8,2,11,0,4,6,66.7,2,4,1,3,7,20,6,0,Matches
8652a85c,Loïs Openda,be BEL,FW,Lens,23-023,2000,17.0,5,5,1,3,1,2,9,22.2,7,6,0,6,1,6,1,0,Matches
2f9e4435,Dango Ouattara,bf BFA,"FW,MF",Lorient,21-028,2002,17.2,41,26,20,11,10,15,28,53.6,13,24,6,18,19,60,21,0,Matches
6b4436ba,Zinédine Ould Khaled,fr FRA,"MF,FW",Angers,23-056,2000,0.5,0,0,0,0,0,0,1,0.0,1,0,0,0,2,2,0,0,Matches
83299cc0,Azzedine Ounahi,ma MAR,"MF,FW",Marseille,22-326,2000,1.0,2,1,1,1,0,0,2,0.0,2,1,0,1,0,2,0,0,Matches
83299cc0,Azzedine Ounahi,ma MAR,"MF,FW",Angers,22-326,2000,12.5,19,8,5,13,1,10,20,50.0,10,8,0,8,15,34,4,1,Matches
ed90babd,Adam Ounas,dz ALG,FW,Lille,26-120,1996,8.9,15,8,3,8,4,4,9,44.4,5,13,0,13,5,20,4,0,Matches
cd9b37a3,Ante Palaversa,hr CRO,MF,Troyes,22-339,2000,0.1,1,1,1,0,0,0,0,,0,0,0,0,1,2,0,0,Matches
779847d6,Nicolas Pallois,fr FRA,DF,Nantes,35-173,1987,16.0,50,34,40,8,2,29,43,67.4,14,30,16,14,19,69,77,2,Matches
e5c1e0ca,Erik Palmer-Brown,us USA,DF,Troyes,25-321,1997,23.5,30,18,23,6,1,12,20,60.0,8,40,18,22,19,49,122,0,Matches
9b6f7fd5,Lucas Paquetá,br BRA,MF,Lyon,25-196,1997,1.8,5,4,0,5,0,1,3,33.3,2,2,0,2,1,6,3,0,Matches
dff153a4,Leandro Paredes,ar ARG,MF,Paris S-G,28-255,1994,0.6,1,1,1,0,0,1,1,100.0,0,2,1,1,1,2,0,0,Matches
58ae47b2,Dimitri Payet,fr FRA,"MF,FW",Marseille,35-347,1987,7.9,4,3,1,2,1,2,7,28.6,5,4,0,4,0,4,2,0,Matches
f8ce97ca,Timothee Pembele,fr FRA,DF,Paris S-G,20-183,2002,1.6,2,2,1,0,1,0,1,0.0,1,2,0,2,3,5,2,0,Matches
0810b6df,Patrick Pentz,at AUT,GK,Reims,26-068,1997,7.0,0,0,0,0,0,0,0,,0,0,0,0,0,0,1,0,Matches
57e3f0c7,Nicolas Pépé,ci CIV,"FW,MF",Nice,27-286,1995,13.6,16,8,9,4,3,8,17,47.1,9,15,0,15,1,17,1,0,Matches
5c42e7ce,Brayann Pereira,fr FRA,DF,Auxerre,19-294,2003,2.0,6,5,5,1,0,1,5,20.0,4,2,2,0,2,8,8,1,Matches
8fd9996f,Danilo Pereira,pt POR,"DF,MF",Paris S-G,31-183,1991,15.2,22,11,9,10,3,11,14,78.6,3,15,10,5,22,44,31,0,Matches
8846a40f,Mathias Pereira Lage,pt POR,"MF,FW",Brest,26-101,1996,12.0,17,7,5,11,1,9,26,34.6,17,8,1,7,14,31,11,0,Matches
10dd88f9,Gaëtan Perrin,fr FRA,"MF,FW",Auxerre,26-277,1996,10.7,11,3,2,6,3,6,24,25.0,18,10,0,10,8,19,7,0,Matches
49070d66,Lucas Perrin,fr FRA,DF,Strasbourg,24-112,1998,12.2,29,17,18,9,2,16,33,48.5,17,8,6,2,18,47,34,0,Matches
64ba07c0,Ronaël Pierre-Gabriel,fr FRA,DF,Strasbourg,24-271,1998,7.3,25,18,11,12,2,15,17,88.2,2,16,3,13,9,34,22,0,Matches
e546b2e3,Julien Ponceau,fr FRA,MF,Lorient,22-103,2000,14.8,20,13,7,10,3,9,25,36.0,16,19,2,17,11,31,6,0,Matches
be98f358,Łukasz Poręba,pl POL,MF,Lens,22-363,2000,2.7,5,4,2,1,2,2,3,66.7,1,3,0,3,3,8,2,0,Matches
7d704e92,Jackson Porozo,ec ECU,DF,Troyes,22-219,2000,16.4,29,17,21,7,1,11,26,42.3,15,19,14,5,29,58,67,0,Matches
51c30111,Sanjin Prcić,ba BIH,MF,Strasbourg,29-111,1993,16.4,26,12,6,17,3,18,27,66.7,9,21,7,14,21,47,18,0,Matches
7be7c08b,Mehdi Puch Herrantz,fr FRA,MF,Ajaccio,19-050,2004,0.3,1,1,0,0,1,0,0,,0,1,0,1,1,2,0,0,Matches
1b729a98,Ghjuvanni Quilichini,fr FRA,GK,Ajaccio,20-191,2002,0.9,0,0,0,0,0,0,0,,0,0,0,0,0,0,1,0,Matches
67f649be,Ionuț Radu,ro ROU,GK,Auxerre,25-287,1997,7.0,0,0,0,0,0,0,0,,0,0,0,0,0,0,1,1,Matches
8dbff17c,Adil Rami,fr FRA,DF,Troyes,37-074,1985,8.3,13,9,10,2,1,11,21,52.4,10,4,3,1,11,24,36,1,Matches
08511d65,Sergio Ramos,es ESP,DF,Paris S-G,36-346,1986,20.0,28,20,12,14,2,19,34,55.9,15,22,9,13,20,48,52,2,Matches
ef619b0b,Aaron Ramsey,wls WAL,MF,Nice,32-075,1990,12.5,38,19,15,16,7,11,23,47.8,12,19,4,15,13,51,13,0,Matches
79a793b7,Lilian Raolisoa,fr FRA,"MF,DF",Angers,22-268,2000,0.5,1,1,0,0,1,1,1,100.0,0,0,0,0,2,3,0,0,Matches
25749008,Elba Rashani,xk KVX,"MF,DF",Clermont Foot,29-306,1993,16.0,24,14,7,11,6,6,21,28.6,15,16,2,14,17,41,13,0,Matches
40ef7347,Rafael Ratão,br BRA,FW,Toulouse,27-101,1995,14.8,41,31,19,16,6,18,43,41.9,25,28,0,28,17,58,4,0,Matches
fb3236a7,Rayan Raveloson,mg MAD,"DF,MF",Auxerre,26-054,1997,15.2,20,11,11,8,1,12,17,70.6,5,19,4,15,27,47,41,0,Matches
d504b3e1,Jeff Reine-Adélaïde,fr FRA,MF,Troyes,25-053,1998,1.0,1,0,0,1,0,0,1,0.0,1,1,0,1,0,1,0,0,Matches
d504b3e1,Jeff Reine-Adélaïde,fr FRA,MF,Lyon,25-053,1998,3.7,8,5,1,5,2,5,9,55.6,4,4,0,4,6,14,0,0,Matches
102c9665,Alexsandro Ribeiro,br BRA,DF,Lille,23-214,1999,7.9,14,12,9,5,0,7,9,77.8,2,3,1,2,11,25,22,0,Matches
7f41ee30,Rémy Riou,fr FRA,GK,Lyon,35-217,1987,5.7,1,0,1,0,0,1,1,100.0,0,0,0,0,0,1,3,0,Matches
beae3a73,Renaud Ripart,fr FRA,"FW,MF",Troyes,29-362,1993,12.6,35,23,12,17,6,16,42,38.1,26,23,0,23,7,42,5,0,Matches
8d62d31a,Joe Rodon,wls WAL,DF,Rennes,25-140,1997,13.7,10,6,8,2,0,4,10,40.0,6,15,11,4,9,19,45,1,Matches
ed45c4a5,Valentin Rongier,fr FRA,MF,Marseille,28-094,1994,22.7,58,35,19,33,6,27,51,52.9,24,35,7,28,34,92,21,1,Matches
1a6b7ea4,Pablo Rosario,nl NED,"MF,DF",Nice,26-063,1997,12.4,27,16,11,12,4,10,17,58.8,7,9,3,6,15,42,21,0,Matches
9b545925,Anthony Rouault,fr FRA,DF,Toulouse,21-286,2001,25.9,48,31,40,8,0,24,44,54.5,20,41,20,21,39,87,95,4,Matches
90a9cc01,Kays Ruiz,ma MAR,MF,Auxerre,20-197,2002,0.7,1,1,1,0,0,0,1,0.0,1,2,1,1,3,4,0,0,Matches
c0c7ff58,Fabián Ruiz Peña,es ESP,MF,Paris S-G,26-342,1996,13.3,44,19,16,23,5,33,56,58.9,23,17,1,16,9,53,10,1,Matches
8299e363,Halid Šabanović,ba BIH,"DF,FW",Angers,23-201,1999,3.7,4,2,4,0,0,3,5,60.0,2,4,1,3,4,8,7,0,Matches
6388e356,Falaye Sacko,ml MLI,DF,Montpellier,27-314,1995,18.0,34,18,17,12,5,23,31,74.2,8,30,10,20,24,58,40,1,Matches
90fcf472,Wesley Saïd,fr FRA,"FW,MF",Lens,27-326,1995,6.6,4,1,1,2,1,2,5,40.0,3,4,0,4,1,5,1,0,Matches
93c942fb,Théo Sainte-Luce,fr FRA,DF,Montpellier,24-142,1998,3.9,7,5,3,4,0,4,10,40.0,6,4,2,2,4,11,5,0,Matches
c9151d66,Hamza Sakhi,ma MAR,MF,Auxerre,26-277,1996,17.7,43,22,21,17,5,21,40,52.5,19,15,1,14,24,67,8,0,Matches
87935cf3,Mamadou Sakho,fr FRA,DF,Montpellier,33-026,1990,6.0,7,3,3,4,0,2,4,50.0,2,9,7,2,5,12,25,1,Matches
cad3fd4d,Ibrahim Salah,be BEL,"FW,MF",Rennes,21-193,2001,1.1,3,1,2,1,0,0,5,0.0,5,2,0,2,2,5,0,0,Matches
bc7cc472,Amine Salama,fr FRA,"FW,MF",Angers,22-236,2000,13.7,11,9,3,7,1,2,12,16.7,10,8,2,6,10,21,2,0,Matches
c3725db2,Yoann Salmier,gf GUF,DF,Troyes,30-110,1992,22.9,37,20,24,10,3,17,26,65.4,9,25,16,9,29,66,96,0,Matches
fb14aa28,Mama Samba Baldé,gw GNB,FW,Troyes,27-125,1995,20.3,34,14,10,16,8,9,19,47.4,10,21,3,18,4,38,8,0,Matches
60d90c55,Brice Samba,cg CGO,GK,Lens,28-320,1994,26.0,1,0,1,0,0,1,1,100.0,0,2,0,2,0,1,8,0,Matches
032f894e,Renato Sanches,pt POR,MF,Paris S-G,25-205,1997,4.7,3,0,0,1,2,1,5,20.0,4,6,0,6,8,11,2,0,Matches
2c0f8e9e,Alexis Sánchez,cl CHI,FW,Marseille,34-082,1988,19.1,16,13,4,9,3,1,9,11.1,8,6,0,6,2,18,3,0,Matches
6e7f1353,Morgan Sanson,fr FRA,MF,Strasbourg,28-205,1994,4.6,11,7,4,3,4,1,10,10.0,9,11,1,10,11,22,4,0,Matches
5e22e2a4,Baptiste Santamaria,fr FRA,MF,Rennes,28-002,1995,12.5,29,16,8,18,3,14,30,46.7,16,10,3,7,15,44,14,0,Matches
9744ff80,Pablo Sarabia,es ESP,"FW,MF",Paris S-G,30-304,1992,4.1,5,4,2,2,1,1,7,14.3,6,3,0,3,2,7,0,0,Matches
f527a32c,Muhammed Saracevic Cham,at AUT,MF,Clermont Foot,22-166,2000,15.4,24,11,12,3,9,10,26,38.5,16,11,0,11,5,29,5,0,Matches
d5326924,Amin Sarr,se SWE,FW,Lyon,22-000,2001,3.9,6,5,0,5,1,0,0,,0,2,0,2,0,6,1,0,Matches
4315f30d,Malang Sarr,fr FRA,DF,Monaco,24-047,1999,7.0,4,3,3,1,0,1,5,20.0,4,10,6,4,13,17,25,1,Matches
6bde367b,Téji Savanier,fr FRA,MF,Montpellier,31-079,1991,20.0,33,23,15,13,5,16,44,36.4,28,22,3,19,23,56,8,1,Matches
53af52f3,Kasper Schmeichel,dk DEN,GK,Nice,36-126,1986,24.0,0,0,0,0,0,0,2,0.0,2,1,0,1,1,1,7,0,Matches
cea59f02,Alidu Seidu,gh GHA,DF,Clermont Foot,22-280,2000,19.5,36,23,24,9,3,22,34,64.7,12,20,13,7,37,73,38,2,Matches
834b5c4c,Matz Sels,be BEL,GK,Strasbourg,31-013,1992,26.0,2,1,2,0,0,2,2,100.0,0,0,0,0,2,4,17,0,Matches
1d383c10,Marvin Senaya,tg TOG,DF,Strasbourg,22-042,2001,0.1,0,0,0,0,0,0,1,0.0,1,1,0,1,0,0,1,0,Matches
9c2b1f11,Kaj Sierhuis,nl NED,"FW,MF",Reims,24-318,1998,0.5,2,2,1,0,1,0,2,0.0,2,1,0,1,0,2,0,0,Matches
92ffb8f9,Vincent Sierro,ch SUI,"FW,MF",Toulouse,27-154,1995,0.6,2,1,1,1,0,1,5,20.0,4,7,1,6,1,3,0,0,Matches
30af8b93,Caio Henrique Oliveira Silva,br BRA,DF,Monaco,25-223,1997,21.5,49,36,28,18,3,29,48,60.4,19,19,6,13,14,63,45,1,Matches
fdbde523,Abdallah Sima,sn SEN,FW,Angers,21-267,2001,13.9,14,8,2,9,3,4,11,36.4,7,6,0,6,3,17,13,0,Matches
5f3eaaf5,Moses Simon,ng NGA,"FW,MF",Nantes,27-242,1995,18.7,16,9,5,7,4,5,9,55.6,4,8,1,7,5,21,3,0,Matches
5e5249c8,Lassine Sinayoko,ml MLI,"MF,FW",Auxerre,23-093,1999,14.0,30,14,13,10,7,19,31,61.3,12,12,0,12,11,41,17,0,Matches
0f8418aa,Ibrahima Sissoko,fr FRA,MF,Strasbourg,25-135,1997,9.0,20,13,7,11,2,9,23,39.1,14,13,4,9,5,25,15,0,Matches
2acd49b9,Moussa Sissoko,fr FRA,MF,Nantes,33-207,1989,14.6,22,16,15,5,2,12,16,75.0,4,15,5,10,13,35,12,0,Matches
d7547531,Naatan Skyttä,fi FIN,MF,Toulouse,20-308,2002,0.3,0,0,0,0,0,0,0,,0,0,0,0,1,1,0,0,Matches
ffec9769,Islam Slimani,dz ALG,FW,Brest,34-266,1988,11.0,5,3,2,2,1,0,3,0.0,3,2,0,2,1,6,11,0,Matches
2ccd89a3,Eduard Sobol,ua UKR,DF,Strasbourg,27-325,1995,5.3,9,6,4,3,2,3,6,50.0,3,3,0,3,4,13,11,0,Matches
fed17f5a,Carlos Soler,es ESP,MF,Paris S-G,26-068,1997,8.5,11,8,2,7,2,7,14,50.0,7,5,2,3,2,13,2,0,Matches
f19f32b1,François-Joseph Sollacaro,fr FRA,GK,Ajaccio,28-355,1994,3.0,0,0,0,0,0,0,0,,0,0,0,0,0,0,1,0,Matches
7a42d0df,Florian Sotoca,fr FRA,"FW,MF",Lens,32-137,1990,23.5,31,14,8,14,9,12,28,42.9,16,29,1,28,21,52,27,0,Matches
86a49468,Moussa Soumano,fr FRA,"FW,MF",Ajaccio,17-245,2005,1.4,0,0,0,0,0,0,0,,0,0,0,0,0,0,0,0,Matches
4e0afc5d,Arnaud Souquet,fr FRA,"DF,FW",Montpellier,31-027,1992,4.0,22,16,13,7,2,11,14,78.6,3,8,3,5,4,26,4,0,Matches
a45a5d95,Kevin Spadanuda,ch SUI,"MF,FW",Ajaccio,26-054,1997,5.4,9,6,4,4,1,3,10,30.0,7,6,0,6,5,14,3,0,Matches
9bc9a519,Djed Spence,eng ENG,DF,Rennes,22-214,2000,4.9,13,6,7,3,3,9,15,60.0,6,7,3,4,2,15,12,0,Matches
a08985b8,Stijn Spierings,nl NED,MF,Toulouse,26-364,1996,26.0,76,49,26,46,4,36,77,46.8,41,38,8,30,40,116,31,0,Matches
8f7e6783,Calvin Stengs,nl NED,FW,Nice,24-083,1998,2.4,2,2,1,0,1,1,2,50.0,1,0,0,0,0,2,0,0,Matches
39b326ed,Gabriel Suazo,cl CHI,DF,Toulouse,25-214,1997,5.0,15,12,8,6,1,11,19,57.9,8,6,1,5,8,23,5,0,Matches
a62f8bf1,Kamaldeen Sulemana,gh GHA,"FW,MF",Rennes,21-024,2002,3.6,6,3,1,4,1,1,5,20.0,4,2,0,2,4,10,2,0,Matches
b99bec05,Issiaga Sylla,gn GUI,DF,Montpellier,29-069,1994,5.0,9,7,8,1,0,7,13,53.8,6,3,1,2,14,23,9,0,Matches
b99bec05,Issiaga Sylla,gn GUI,DF,Toulouse,29-069,1994,15.2,28,15,14,9,5,15,34,44.1,19,15,5,10,38,66,38,0,Matches
f0661424,Nicolás Tagliafico,ar ARG,DF,Lyon,30-192,1992,24.7,73,44,32,31,10,38,57,66.7,19,28,6,22,48,121,25,0,Matches
95192fe4,Waniss Taibi,fr FRA,MF,Angers,21-004,2002,1.9,7,4,4,2,1,2,3,66.7,1,0,0,0,2,9,2,0,Matches
a0f9b535,Flavien Tait,fr FRA,MF,Rennes,30-037,1993,15.3,28,14,7,16,5,18,35,51.4,17,14,3,11,19,47,11,0,Matches
a4a44eb0,Montassar Talbi,tn TUN,DF,Lorient,24-289,1998,26.0,35,16,28,7,0,17,26,65.4,9,30,21,9,23,58,115,3,Matches
ed39121c,Florian Tardieu,fr FRA,MF,Troyes,30-323,1992,11.2,31,20,19,12,0,12,29,41.4,17,19,4,15,23,54,15,0,Matches
a65c844b,Nuno Tavares,pt POR,"DF,MF",Marseille,23-044,2000,19.5,41,22,14,20,7,17,37,45.9,20,24,3,21,11,52,19,0,Matches
7f783431,Enzo Tchato,cm CMR,DF,Montpellier,20-108,2002,10.6,22,15,11,10,1,10,16,62.5,6,13,1,12,6,28,28,0,Matches
5148dcc5,Martin Terrier,fr FRA,"FW,MF",Rennes,26-007,1997,14.7,25,11,7,9,9,13,24,54.2,11,15,2,13,14,39,6,0,Matches
7120a04d,Tetê,br BRA,"FW,MF",Lyon,23-024,2000,12.3,21,10,8,5,8,10,19,52.6,9,9,0,9,13,34,2,0,Matches
df8d6029,Arthur Theate,be BEL,DF,Rennes,22-290,2000,24.9,24,16,15,6,3,16,24,66.7,8,18,8,10,22,46,77,2,Matches
f4bc42b1,Sada Thioub,sn SEN,"FW,MF",Angers,27-283,1995,6.2,14,6,7,5,2,4,8,50.0,4,7,0,7,2,16,3,0,Matches
c76b7567,Adrien Thomasson,fr FRA,MF,Strasbourg,29-091,1993,10.4,20,9,9,6,5,10,30,33.3,20,18,0,18,3,23,2,0,Matches
c76b7567,Adrien Thomasson,fr FRA,"MF,FW",Lens,29-091,1993,5.0,10,7,5,4,1,6,15,40.0,9,10,0,10,3,13,4,0,Matches
7d9397f8,Khéphren Thuram-Ulie,fr FRA,MF,Nice,21-350,2001,20.4,38,19,17,19,2,15,33,45.5,18,22,8,14,26,64,27,0,Matches
ca6f4846,Alexis Tibidi,fr FRA,FW,Troyes,19-128,2003,0.7,0,0,0,0,0,0,0,,0,0,0,0,0,0,0,0,Matches
88f130ed,Jean-Clair Todibo,fr FRA,DF,Nice,23-071,1999,22.5,53,36,37,13,3,29,41,70.7,12,30,16,14,22,75,91,1,Matches
5ceba7fc,Karl Toko Ekambi,cm CMR,"FW,MF",Rennes,30-178,1992,4.0,2,1,0,2,0,2,5,40.0,3,2,0,2,5,7,1,0,Matches
5ceba7fc,Karl Toko Ekambi,cm CMR,"FW,MF",Lyon,30-178,1992,15.0,9,9,2,4,3,4,15,26.7,11,12,2,10,9,18,6,0,Matches
652d4c37,Corentin Tolisso,fr FRA,MF,Lyon,28-220,1994,13.7,23,16,7,13,3,13,32,40.6,19,14,2,12,16,39,11,0,Matches
a4b798a9,Birama Touré,ml MLI,MF,Auxerre,30-278,1992,25.8,49,26,19,25,5,21,55,38.2,34,32,4,28,50,99,35,1,Matches
01fd01e8,Souleymane Touré,fr FRA,DF,Marseille,19-348,2003,0.8,2,1,1,1,0,1,2,50.0,1,1,0,1,0,2,5,0,Matches
01fd01e8,Souleymane Touré,fr FRA,DF,Auxerre,19-348,2003,7.9,12,5,9,2,1,8,9,88.9,1,11,4,7,10,22,38,1,Matches
4e47507a,Yoann Touzghar,tn TUN,FW,Ajaccio,36-103,1986,4.3,3,2,0,2,1,0,1,0.0,1,0,0,0,0,3,1,0,Matches
de488e56,Charles Traore,ml MLI,DF,Nantes,31-069,1992,3.6,5,3,5,0,0,4,6,66.7,2,9,2,7,8,13,6,0,Matches
a4b1028a,Hamari Traoré,ml MLI,DF,Rennes,31-043,1992,18.1,29,19,16,12,1,15,29,51.7,14,23,5,18,25,54,46,0,Matches
5d0e0a1f,Adrien Truffert,fr FRA,DF,Rennes,21-111,2001,20.9,60,32,35,16,9,29,41,70.7,12,31,7,24,22,82,52,0,Matches
906baf89,Theocharis Tsingaras,gr GRE,MF,Toulouse,22-203,2000,0.1,0,0,0,0,0,0,0,,0,0,0,0,0,0,0,0,Matches
8a53d24b,Ike Ugbo,ca CAN,"FW,MF",Troyes,24-171,1998,4.7,4,1,1,2,1,3,5,60.0,2,6,1,5,1,5,2,0,Matches
1df4a109,Chimuanya Ugochukwu,fr FRA,MF,Rennes,18-350,2004,9.7,26,12,9,15,2,11,16,68.8,5,14,6,8,14,40,8,0,Matches
1880614f,Cengiz Ünder,tr TUR,"MF,DF",Marseille,25-240,1997,16.5,23,12,8,12,3,9,21,42.9,12,7,0,7,14,37,7,0,Matches
d75f3980,Jere Uronen,fi FIN,DF,Brest,28-241,1994,3.3,8,5,4,4,0,7,12,58.3,5,6,2,4,7,15,5,0,Matches
531a4aa8,Yan Valery,tn TUN,DF,Angers,24-017,1999,16.1,30,22,15,13,2,9,17,52.9,8,18,6,12,18,48,45,0,Matches
ee45fd85,Vanderson,br BRA,DF,Monaco,21-263,2001,14.4,49,27,19,22,8,27,42,64.3,15,27,5,22,34,83,22,1,Matches
4a56052c,Jordan Veretout,fr FRA,MF,Marseille,30-010,1993,19.8,37,23,9,21,7,15,29,51.7,14,14,4,10,26,63,23,2,Matches
1467af0d,Marco Verratti,it ITA,MF,Paris S-G,30-126,1992,15.8,59,35,28,28,3,32,61,52.5,29,31,6,25,19,78,6,2,Matches
d60cf08d,João Victor,br BRA,DF,Nantes,24-237,1998,4.0,3,1,1,2,0,1,3,33.3,2,5,1,4,3,6,18,0,Matches
b2791a55,Clément Vidal,fr FRA,"DF,MF",Ajaccio,22-266,2000,11.3,14,7,7,7,0,8,16,50.0,8,15,7,8,13,27,30,0,Matches
01becd60,Alan Virginius,fr FRA,FW,Lille,20-067,2003,2.6,2,1,1,1,0,0,1,0.0,1,0,0,0,2,4,1,0,Matches
75438a9a,Mattia Viti,it ITA,DF,Nice,21-046,2002,7.0,4,2,1,1,2,2,5,40.0,3,9,3,6,8,12,22,0,Matches
74d4cec6,Vitinha,pt POR,FW,Marseille,22-361,2000,0.8,2,2,0,1,1,0,2,0.0,2,1,0,1,0,2,1,0,Matches
3b029691,Vitinha,pt POR,MF,Paris S-G,23-026,2000,18.2,35,17,11,18,6,15,51,29.4,36,16,3,13,15,50,10,0,Matches
64f69877,Kevin Volland,de GER,"MF,FW",Monaco,30-224,1992,3.9,7,3,0,5,2,1,3,33.3,2,2,0,2,2,9,0,0,Matches
8eec784d,Timothy Weah,us USA,"DF,FW",Lille,23-017,2000,12.1,10,6,2,6,2,4,15,26.7,11,10,1,9,13,23,12,0,Matches
3ecc8c5f,Mateusz Wieteska,pl POL,DF,Clermont Foot,26-028,1997,25.0,29,17,19,10,0,12,22,54.5,10,31,19,12,39,68,72,2,Matches
b003239d,Christopher Wooh,cm CMR,DF,Rennes,21-174,2001,7.6,8,4,7,1,0,3,5,60.0,2,7,3,4,4,12,34,0,Matches
b003239d,Christopher Wooh,cm CMR,MF,Lens,21-174,2001,0.0,0,0,0,0,0,0,1,0.0,1,0,0,0,0,0,1,0,Matches
f3600c02,Xeka,pt POR,MF,Rennes,28-121,1994,6.1,10,3,6,3,1,7,16,43.8,9,11,2,9,6,16,8,0,Matches
f5c8b425,Yusuf Yazıcı,tr TUR,MF,Lille,26-041,1997,2.2,0,0,0,0,0,0,0,,0,2,0,2,0,0,1,0,Matches
061266cd,Darlin Yongwa,cm CMR,"DF,FW",Lorient,22-170,2000,1.8,4,4,2,2,0,1,4,25.0,3,1,0,1,1,5,3,0,Matches
6763f716,Leny Yoro,fr FRA,"DF,MF",Lille,17-118,2005,6.5,8,5,5,3,0,3,6,50.0,3,5,1,4,16,24,16,1,Matches
1a85bcdb,Mohamed Youssouf,km COM,DF,Ajaccio,34-350,1988,19.4,53,33,28,17,8,27,42,64.3,15,20,5,15,47,100,50,0,Matches
6b9960cf,Warren Zaire-Emery,fr FRA,MF,Paris S-G,17-003,2006,4.3,8,5,1,6,1,4,15,26.7,11,5,0,5,7,15,3,0,Matches
72d4922b,Oliver Zandén,se SWE,"DF,MF",Toulouse,21-209,2001,1.6,2,1,1,0,1,2,5,40.0,3,0,0,0,1,3,7,0,Matches
0ff630d0,Akim Zedadka,dz ALG,DF,Auxerre,27-285,1995,8.5,21,15,14,3,4,10,16,62.5,6,6,1,5,16,37,24,1,Matches
0ff630d0,Akim Zedadka,dz ALG,"DF,MF",Lille,27-285,1995,3.9,1,1,1,0,0,0,2,0.0,2,3,0,3,2,3,6,0,Matches
c8c02ac7,Mehdi Zeffane,dz ALG,"DF,MF",Clermont Foot,30-296,1992,1.5,0,0,0,0,0,0,3,0.0,3,4,0,4,4,4,1,0,Matches
095e4199,Arber Zeneli,xk KVX,"FW,MF",Reims,28-014,1995,10.0,9,3,3,3,3,5,12,41.7,7,5,0,5,2,11,2,0,Matches
fb4c5b6e,Nathan Zeze,fr FRA,DF,Nantes,17-266,2005,0.7,2,2,1,1,0,1,1,100.0,0,0,0,0,0,2,1,0,Matches
34a88e3e,Edon Zhegrova,xk KVX,"FW,DF",Lille,23-345,1999,8.0,15,10,4,6,5,10,17,58.8,7,7,0,7,2,17,1,0,Matches
aefa3050,Banhie Zoukrou,fr FRA,DF,Troyes,19-308,2003,0.3,0,0,0,0,0,0,0,,0,0,0,0,0,0,1,0,Matches
