id,Player,Nation,Pos,Squad,Age,Born,90s,Tkl,TklW,Def 3rd,Mid 3rd,Att 3rd,Tkl.1,Att,Tkl%,Lost,Blocks,Sh,Pass,Int,Tkl+Int,Clr,Err,Matches
65d62814,Antonio Adán,es ESP,GK,Atlético Madrid,32,1987,0.3,0,0,0,0,0,0,0,,0,0,0,0,0,0,0,0,Matches
293211e1,Aritz Aduriz,es ESP,"FW,MF",Athletic Club,38,1981,2.3,3,2,0,3,0,0,0,,0,0,0,0,0,3,2,0,Matches
073b1b37,Lumor Agbenyenu,gh GHA,DF,Mallorca,22,1996,20.1,31,21,19,9,3,16,35,45.7,19,13,2,11,21,52,66,1,Matches
355c883a,Martin Agirregabiria,es ESP,DF,Alavés,23,1996,23.3,55,30,32,18,5,30,54,55.6,24,19,7,12,18,73,48,0,Matches
18abe173,Joseph Aidoo,gh GHA,DF,Celta Vigo,23,1995,27.8,43,27,30,11,2,13,27,48.1,14,31,14,17,45,88,124,3,Matches
4601e194,Jordi Alba,es ESP,DF,Barcelona,30,1989,24.3,20,13,9,7,4,6,27,22.2,21,12,3,9,37,57,40,0,Matches
4bd414c1,Raúl Albiol,es ESP,DF,Villarreal,33,1985,36.0,43,23,27,16,0,18,27,66.7,9,29,21,8,42,85,175,2,Matches
a7a9d95a,Paco Alcácer,es ESP,FW,Villarreal,25,1993,10.3,3,3,2,1,0,1,7,14.3,6,4,1,3,2,5,10,0,Matches
036bba5f,Rubén Alcaraz,es ESP,MF,Valladolid,28,1991,21.4,61,30,37,20,4,30,63,47.6,33,46,15,31,15,76,41,0,Matches
46166b49,Álex Alegría,es ESP,FW,Mallorca,26,1992,1.2,1,0,1,0,0,0,0,,0,2,0,2,0,1,0,0,Matches
6c811eb7,Carles Aleñá,es ESP,MF,Barcelona,21,1998,1.9,2,1,1,1,0,1,4,25.0,3,1,0,1,0,2,0,0,Matches
6c811eb7,Carles Aleñá,es ESP,"MF,FW",Betis,21,1998,8.2,14,9,5,7,2,3,17,17.6,14,4,1,3,1,15,3,0,Matches
88d91621,Sergio Álvarez,es ESP,"MF,DF",Eibar,27,1992,12.7,37,22,11,24,2,8,24,33.3,16,16,2,14,17,54,26,1,Matches
8875b8c9,Sergio Álvarez,es ESP,GK,Celta Vigo,32,1986,2.0,0,0,0,0,0,0,0,,0,0,0,0,0,0,1,0,Matches
3ecc11d8,Yeray Álvarez,es ESP,DF,Athletic Club,24,1995,31.2,36,19,28,7,1,17,30,56.7,13,33,22,11,62,98,138,2,Matches
9260926b,Ibrahim Amadou,fr FRA,MF,Leganés,26,1993,8.6,16,9,5,9,2,4,11,36.4,7,5,0,5,12,28,6,0,Matches
f3b1d9a2,Amath,sn SEN,MF,Getafe,23,1996,0.7,2,1,1,1,0,0,5,0.0,5,2,0,2,0,2,0,0,Matches
b35db3f6,Miguel Ángel Guerrero,es ESP,FW,Leganés,29,1990,8.8,1,0,0,1,0,1,10,10.0,9,4,0,4,2,3,4,0,Matches
3024e383,José Ángel,es ESP,DF,Eibar,29,1989,26.2,54,31,26,25,3,26,43,60.5,17,23,7,16,33,87,61,1,Matches
011d8c56,Miguel Ángel Moyá,es ESP,GK,Real Sociedad,35,1984,13.0,0,0,0,0,0,0,1,0.0,1,0,0,0,1,1,6,2,Matches
dbe519cf,Antoñito,es ESP,"DF,MF",Valladolid,31,1987,11.4,26,18,19,7,0,12,20,60.0,8,9,0,9,15,41,20,1,Matches
3e4f735d,Vitorino Antunes,pt POR,MF,Getafe,32,1987,0.1,0,0,0,0,0,0,0,,0,0,0,0,0,0,1,0,Matches
c93231dc,Anuar,ma MAR,"MF,FW",Valladolid,24,1995,2.1,4,2,1,2,1,2,6,33.3,4,7,3,4,5,9,0,0,Matches
58afe001,Mauro Arambarri,uy URU,MF,Getafe,23,1995,34.1,72,33,24,40,8,31,69,44.9,38,52,5,47,43,115,40,2,Matches
27a013f7,Néstor Araujo,mx MEX,DF,Celta Vigo,27,1991,32.1,44,27,35,8,1,22,36,61.1,14,26,18,8,52,96,142,0,Matches
2bef2bca,Ronald Araújo,uy URU,DF,Barcelona,20,1999,2.6,3,2,2,1,0,1,1,100.0,0,6,2,4,0,3,9,0,Matches
850c0a0d,Anaitz Arbilla,es ESP,DF,Eibar,32,1987,22.3,33,20,23,8,2,16,34,47.1,18,20,4,16,29,62,82,0,Matches
2f965a72,Alphonse Areola,fr FRA,GK,Real Madrid,26,1993,4.0,0,0,0,0,0,0,0,,0,0,0,0,0,0,0,0,Matches
fdd60087,Santiago Arias,co COL,DF,Atlético Madrid,27,1992,12.0,36,24,20,12,4,10,18,55.6,8,12,7,5,19,55,20,1,Matches
46e07328,José Arnaiz,es ESP,"FW,MF",Osasuna,24,1995,8.8,3,2,0,2,1,0,12,0.0,12,7,0,7,5,8,5,0,Matches
46e07328,José Arnaiz,es ESP,MF,Leganés,24,1995,3.7,3,0,1,2,0,2,5,40.0,3,4,0,4,2,5,1,0,Matches
9f0ea33f,Sergio Asenjo,es ESP,GK,Villarreal,30,1989,34.0,0,0,0,0,0,0,2,0.0,2,0,0,0,1,1,15,1,Matches
45af8a54,Marco Asensio,es ESP,FW,Real Madrid,23,1996,3.7,4,3,3,1,0,1,4,25.0,3,2,0,2,1,5,4,0,Matches
7dcf86f6,Iago Aspas,es ESP,FW,Celta Vigo,31,1987,36.2,29,19,7,9,13,12,45,26.7,33,16,1,15,22,51,7,0,Matches
5d5219b1,Roger Assalé,ci CIV,"FW,MF",Leganés,25,1993,5.9,3,2,1,0,2,1,9,11.1,8,8,0,8,0,3,1,0,Matches
12eda7be,Miguel Atienza,es ESP,MF,Eibar,20,1999,0.3,1,1,0,1,0,1,2,50.0,1,1,1,0,2,3,1,0,Matches
253a06b9,Ezequiel Ávila,ar ARG,FW,Osasuna,25,1994,17.7,17,12,6,7,4,6,18,33.3,12,12,0,12,3,20,5,0,Matches
53ddba36,Javier Avilés,es ESP,"MF,FW",Leganés,21,1997,2.0,9,7,2,7,0,2,4,50.0,2,3,0,3,3,12,1,0,Matches
70d8e84c,Chidozie Awaziem,ng NGA,DF,Leganés,22,1997,22.2,34,22,29,5,0,16,27,59.3,11,26,15,11,28,62,73,1,Matches
0cc474e7,Ramon Azeez,ng NGA,MF,Granada,26,1992,15.1,11,8,2,8,1,7,19,36.8,12,8,2,6,19,30,11,1,Matches
bfd381b3,Iddrisu Baba,gh GHA,MF,Mallorca,23,1996,32.3,59,37,26,29,4,20,70,28.6,50,31,8,23,39,98,42,0,Matches
09a9e921,Carlos Bacca,co COL,FW,Villarreal,32,1986,7.6,5,1,1,2,2,2,6,33.3,4,4,0,4,0,5,7,0,Matches
518f2234,Alex Baena,es ESP,MF,Villarreal,18,2001,0.2,0,0,0,0,0,0,0,,0,1,0,1,0,0,0,0,Matches
a58bb1e1,Gareth Bale,wls WAL,"FW,MF",Real Madrid,30,1989,12.1,9,5,5,2,2,3,14,21.4,11,8,2,6,6,15,9,0,Matches
1fe67e86,Mikel Balenziaga,es ESP,DF,Athletic Club,31,1988,6.3,15,10,4,10,1,9,11,81.8,2,4,1,3,2,17,20,0,Matches
fa937f7a,Éver Banega,ar ARG,MF,Sevilla,31,1988,27.5,43,28,16,18,9,21,70,30.0,49,19,1,18,15,58,5,0,Matches
c010b898,Federico Barba,it ITA,DF,Valladolid,25,1993,5.0,12,6,10,2,0,7,9,77.8,2,5,2,3,8,20,12,0,Matches
cac2537b,Enis Bardhi,mk MKD,MF,Levante,24,1995,23.5,24,11,7,15,2,8,35,22.9,27,15,4,11,15,39,19,0,Matches
aad53e64,Kike Barja,es ESP,"MF,FW",Osasuna,22,1997,3.5,1,1,1,0,0,1,1,100.0,0,3,1,2,0,1,2,0,Matches
487d9b09,Antonio Barragán,es ESP,DF,Betis,32,1987,7.1,7,5,4,2,1,3,6,50.0,3,2,2,0,8,15,22,0,Matches
200e89e1,Ander Barrenetxea,es ESP,"FW,MF",Real Sociedad,17,2001,4.9,12,9,5,5,2,4,10,40.0,6,3,0,3,3,15,4,0,Matches
b742cc0d,Marc Bartra,es ESP,"DF,MF",Betis,28,1991,28.0,62,34,39,23,0,27,54,50.0,27,45,24,21,35,97,127,0,Matches
e61bdd69,Gil Bastião Dias,pt POR,"MF,DF",Granada,22,1996,4.0,19,14,10,6,3,7,17,41.2,10,4,1,3,3,22,7,0,Matches
ed5c5fa3,Fran Beltrán,es ESP,MF,Celta Vigo,20,1999,20.3,31,19,15,12,4,11,35,31.4,24,14,1,13,14,45,17,0,Matches
74dc806c,Hatem Ben Arfa,fr FRA,"MF,FW",Valladolid,32,1987,1.8,0,0,0,0,0,0,4,0.0,4,1,0,1,0,0,0,0,Matches
70d74ece,Karim Benzema,fr FRA,FW,Real Madrid,31,1987,34.9,18,8,3,11,4,2,16,12.5,14,16,4,12,7,25,30,1,Matches
b6e50615,Yuri Berchiche,es ESP,DF,Athletic Club,29,1990,31.7,48,35,32,15,1,21,40,52.5,19,26,4,22,30,78,73,1,Matches
04a65a8f,Markel Bergara,es ESP,MF,Getafe,33,1986,0.8,0,0,0,0,0,0,0,,0,0,0,0,0,0,2,0,Matches
d166c007,Sergio Bermejo,es ESP,"MF,FW",Celta Vigo,21,1997,0.1,0,0,0,0,0,0,0,,0,0,0,0,0,0,0,0,Matches
697295b1,Pedro Bigas,es ESP,DF,Eibar,28,1990,19.7,18,9,11,7,0,9,19,47.4,10,16,10,6,36,54,82,0,Matches
967f34d3,Rubén Blanco,es ESP,GK,Celta Vigo,24,1995,32.9,1,1,1,0,0,1,1,100.0,0,0,0,0,0,1,14,1,Matches
9ab48bde,Pablo de Blasis,ar ARG,"DF,MF",Eibar,31,1988,17.8,41,32,22,13,6,30,63,47.6,33,13,0,13,24,65,21,0,Matches
d2ed99b4,Alejandro Blesa,es ESP,MF,Levante,17,2002,0.0,0,0,0,0,0,0,1,0.0,1,0,0,0,0,0,0,0,Matches
f6798fc3,Yassine Bounou,ma MAR,GK,Sevilla,28,1991,5.5,0,0,0,0,0,0,0,,0,0,0,0,0,0,0,0,Matches
605873e1,Filip Bradarić,hr CRO,MF,Celta Vigo,27,1992,7.8,12,9,5,5,2,3,8,37.5,5,12,3,9,17,29,19,0,Matches
fd771f95,Martin Braithwaite,dk DEN,"FW,MF",Barcelona,28,1991,4.5,2,2,2,0,0,0,8,0.0,8,3,0,3,1,3,1,0,Matches
fd771f95,Martin Braithwaite,dk DEN,"FW,MF",Leganés,28,1991,21.5,13,7,4,5,4,4,12,33.3,8,10,2,8,4,17,9,0,Matches
3e016e5a,Brandon,es ESP,FW,Osasuna,24,1995,4.5,5,3,1,3,1,0,5,0.0,5,4,0,4,0,5,1,0,Matches
4accb7e0,Darko Brašanac,rs SRB,MF,Osasuna,27,1992,24.9,45,25,14,26,5,15,41,36.6,26,19,4,15,20,65,21,0,Matches
3d688b46,Yan Brice Eteki,cm CMR,MF,Granada,21,1997,16.7,37,21,14,18,5,15,31,48.4,16,17,4,13,24,61,20,1,Matches
7b5ab7f2,Bryan,es ESP,"MF,FW",Leganés,18,2001,6.2,8,4,3,4,1,1,8,12.5,7,6,0,6,3,11,1,0,Matches
7b5ab7f2,Bryan,es ESP,FW,Sevilla,18,2001,0.7,1,1,0,1,0,0,1,0.0,1,0,0,0,0,1,0,0,Matches
8f3565b3,Ante Budimir,hr CRO,FW,Mallorca,28,1991,30.7,31,15,4,22,5,7,29,24.1,22,21,4,17,8,39,29,0,Matches
40449bbd,Esteban Burgos,ar ARG,DF,Eibar,27,1992,12.4,11,9,9,2,0,5,9,55.6,4,11,6,5,17,28,66,2,Matches
45e304c8,Burgui,es ESP,MF,Alavés,25,1993,0.2,0,0,0,0,0,0,0,,0,0,0,0,0,0,0,0,Matches
f631c17f,Oliver Burke,sct SCO,"MF,FW",Alavés,22,1997,15.9,19,14,8,9,2,10,23,43.5,13,24,0,24,8,27,16,0,Matches
5ab0ea87,Sergio Busquets,es ESP,MF,Barcelona,31,1988,27.6,80,44,23,43,14,41,71,57.7,30,36,5,31,44,124,24,2,Matches
f3112790,Unai Bustinza,es ESP,DF,Leganés,27,1992,29.8,66,40,40,19,7,32,53,60.4,21,30,9,21,65,131,77,0,Matches
e7ab4179,Erick Cabaco,uy URU,DF,Getafe,24,1995,3.0,3,2,1,2,0,0,3,0.0,3,1,1,0,3,6,11,0,Matches
e7ab4179,Erick Cabaco,uy URU,DF,Levante,24,1995,9.0,12,9,9,3,0,4,6,66.7,2,12,7,5,12,24,50,1,Matches
206b11c5,Ariday Cabrera,es ESP,MF,Mallorca,30,1988,0.4,1,1,1,0,0,0,1,0.0,1,2,0,2,0,1,0,0,Matches
69cbc8b6,Leandro Cabrera,uy URU,DF,Getafe,28,1991,17.0,10,6,5,5,0,5,12,41.7,7,10,4,6,21,31,66,0,Matches
69cbc8b6,Leandro Cabrera,uy URU,DF,Espanyol,28,1991,17.0,27,11,17,9,1,17,28,60.7,11,19,12,7,21,48,78,1,Matches
41b3069f,Fernando Calero,es ESP,DF,Espanyol,23,1995,11.6,14,9,10,4,0,7,15,46.7,8,13,5,8,8,22,42,1,Matches
6922f806,Jonathan Calleri,ar ARG,FW,Espanyol,25,1993,20.1,12,8,6,4,2,3,24,12.5,21,11,3,8,7,19,22,0,Matches
b2d03887,Víctor Camarasa,es ESP,MF,Alavés,25,1994,14.4,18,10,5,10,3,7,18,38.9,11,8,3,5,15,33,12,0,Matches
873619c6,Sergio Camello,es ESP,FW,Atlético Madrid,18,2001,0.3,0,0,0,0,0,0,0,,0,0,0,0,0,0,0,0,Matches
61220da2,José Campaña,es ESP,MF,Levante,26,1993,35.1,38,25,15,13,10,13,53,24.5,40,30,5,25,44,82,42,2,Matches
bd3b9a9f,Xisco Campos,es ESP,DF,Mallorca,37,1982,5.3,7,4,5,2,0,5,9,55.6,4,8,5,3,11,18,23,0,Matches
06983922,Víctor Campuzano,es ESP,FW,Espanyol,22,1997,9.7,12,9,1,6,5,3,19,15.8,16,8,0,8,2,14,4,0,Matches
a6de370d,Sergio Canales,es ESP,"MF,FW",Betis,28,1991,35.1,25,16,14,6,5,7,28,25.0,21,30,1,29,13,38,16,0,Matches
37f1cf47,Ander Capa,es ESP,DF,Athletic Club,27,1992,31.9,64,36,37,21,6,24,59,40.7,35,26,7,19,28,92,63,0,Matches
b92b456a,Marc Cardona,es ESP,FW,Osasuna,24,1995,7.8,1,0,0,1,0,0,8,0.0,8,3,1,2,2,3,2,0,Matches
b4a014b1,Diego Carlos,br BRA,DF,Sevilla,26,1993,34.8,35,23,25,9,1,15,25,60.0,10,33,24,9,37,72,176,1,Matches
de39485a,Yannick Carrasco,be BEL,"MF,FW",Atlético Madrid,25,1993,7.0,11,7,4,4,3,7,21,33.3,14,9,0,9,5,16,2,0,Matches
e1deea75,Daniel Carriço,pt POR,DF,Sevilla,30,1988,9.4,8,2,4,3,1,1,6,16.7,5,4,3,1,8,16,23,0,Matches
8f898ba8,Guido Carrillo,ar ARG,FW,Leganés,28,1991,13.5,13,10,3,6,4,2,14,14.3,12,9,1,8,3,16,22,0,Matches
4958bfb2,Dani Carvajal,es ESP,DF,Real Madrid,27,1992,30.4,65,46,33,25,7,23,42,54.8,19,43,14,29,36,101,53,0,Matches
dee86451,William Carvalho,pt POR,MF,Betis,27,1992,9.9,7,4,4,2,1,4,14,28.6,10,7,5,2,4,11,8,1,Matches
4d224fe8,Casemiro,br BRA,MF,Real Madrid,27,1992,34.3,96,60,43,45,8,39,99,39.4,60,53,10,43,68,164,72,0,Matches
e2e9c250,Santi Cazorla,es ESP,MF,Villarreal,34,1984,27.2,48,25,14,21,13,20,57,35.1,37,23,1,22,19,67,16,2,Matches
37f04799,Sofian Chakla,ma MAR,DF,Villarreal,25,1993,2.0,0,0,0,0,0,0,1,0.0,1,2,1,1,3,3,7,1,Matches
c4b8bcf4,Charles,br BRA,FW,Eibar,35,1984,14.5,10,5,0,6,4,4,22,18.2,18,7,2,5,7,17,6,0,Matches
4207e578,Pablo Chavarría,ar ARG,"FW,MF",Mallorca,31,1988,2.3,1,1,0,1,0,0,4,0.0,4,1,1,0,1,2,2,0,Matches
873ce3a2,Pape Cheikh Diop,sn SEN,MF,Celta Vigo,21,1997,6.7,10,4,6,3,1,2,12,16.7,10,4,2,2,5,15,3,0,Matches
7f203b54,Chema,es ESP,DF,Getafe,27,1992,3.4,4,3,1,3,0,1,2,50.0,1,1,0,1,5,9,12,0,Matches
0ac94a23,Denis Cheryshev,ru RUS,"MF,FW",Valencia,28,1990,10.3,16,9,5,4,7,3,17,17.6,14,15,1,14,7,23,10,0,Matches
b8a642fc,Samuel Chukwueze,ng NGA,"FW,MF",Villarreal,20,1999,22.8,23,14,12,6,5,13,30,43.3,17,15,1,14,10,33,14,1,Matches
81a606fc,Churripi,es ESP,GK,Valladolid,25,1994,2.7,1,1,1,0,0,1,1,100.0,0,0,0,0,0,1,2,0,Matches
04ac8285,Jasper Cillessen,nl NED,GK,Valencia,30,1989,23.3,0,0,0,0,0,0,1,0.0,1,0,0,0,3,3,3,1,Matches
9dfdbdeb,Óscar Clemente,es ESP,MF,Atlético Madrid,20,1999,0.0,0,0,0,0,0,0,0,,0,1,0,1,0,0,0,0,Matches
33a61a52,Carlos Clerc,es ESP,DF,Levante,27,1992,20.5,28,16,14,13,1,12,20,60.0,8,22,9,13,22,50,61,0,Matches
6d8f8441,Coke,es ESP,DF,Levante,32,1987,11.0,25,18,14,8,3,14,30,46.7,16,9,2,7,13,38,19,0,Matches
85dace26,Álex Collado,es ESP,FW,Barcelona,20,1999,0.1,0,0,0,0,0,0,0,,0,0,0,0,0,0,0,0,Matches
a6951bf8,Francis Coquelin,fr FRA,MF,Valencia,28,1991,21.2,37,21,25,11,1,16,38,42.1,22,19,9,10,38,75,25,0,Matches
0e7ccfc4,Sébastien Corchia,fr FRA,DF,Espanyol,28,1990,3.0,2,1,2,0,0,2,4,50.0,2,5,2,3,5,7,8,0,Matches
49ea92be,Iñigo Córdoba,es ESP,FW,Athletic Club,22,1997,16.0,33,20,16,12,5,14,52,26.9,38,30,2,28,16,49,13,0,Matches
01eb744d,Ángel Correa,ar ARG,"MF,FW",Atlético Madrid,24,1995,22.9,25,9,7,9,9,9,36,25.0,27,23,5,18,14,39,21,0,Matches
46bd3a5b,Rober Correa,es ESP,DF,Eibar,26,1992,10.3,13,6,8,3,2,6,10,60.0,4,6,4,2,16,29,31,0,Matches
c78b352d,Thierry Correia,pt POR,DF,Valencia,20,1999,2.9,8,3,5,3,0,1,2,50.0,1,5,0,5,2,10,10,0,Matches
31a1288d,Antonio Cortés,es ESP,"FW,MF",Granada,19,2000,2.0,1,1,0,1,0,0,1,0.0,1,0,0,0,0,1,2,0,Matches
a190d597,Diego Costa,es ESP,FW,Atlético Madrid,30,1988,15.0,9,5,1,4,4,1,10,10.0,9,4,2,2,3,12,10,0,Matches
808d48f3,Jaume Costa,es ESP,DF,Valencia,31,1988,15.4,27,23,17,8,2,14,28,50.0,14,11,6,5,24,51,52,1,Matches
545e2f01,David Costas,es ESP,DF,Celta Vigo,24,1995,3.8,4,3,3,1,0,2,4,50.0,2,3,3,0,8,12,12,0,Matches
1840e36d,Thibaut Courtois,be BEL,GK,Real Madrid,27,1992,34.0,0,0,0,0,0,0,2,0.0,2,0,0,0,2,2,18,2,Matches
3c05c659,Sebastián Cristóforo,uy URU,MF,Eibar,25,1993,9.7,35,19,11,14,10,13,32,40.6,19,25,3,22,8,43,2,0,Matches
71b47ab9,Cucho,co COL,"FW,MF",Mallorca,20,1999,16.5,15,8,6,8,1,6,21,28.6,15,14,1,13,10,25,15,0,Matches
1daec722,Marc Cucurella,es ESP,"MF,DF",Getafe,21,1998,36.0,74,51,23,38,13,24,76,31.6,52,58,8,50,36,110,28,1,Matches
75751c99,Iván Cuéllar,es ESP,GK,Leganés,35,1984,27.0,0,0,0,0,0,0,2,0.0,2,0,0,0,0,0,28,2,Matches
eac044ad,Moanes Dabbur,il ISR,FW,Sevilla,27,1992,0.3,1,1,0,0,1,0,0,,0,1,0,1,0,1,0,0,Matches
070a3904,Sergi Darder,es ESP,MF,Espanyol,25,1993,29.5,47,23,11,26,10,17,58,29.3,41,30,1,29,24,71,23,1,Matches
b19db005,Ousmane Dembélé,fr FRA,FW,Barcelona,22,1997,4.0,2,2,1,1,0,2,5,40.0,3,4,0,4,0,2,0,1,Matches
2e5e846d,Deyverson,br BRA,FW,Getafe,28,1991,2.3,0,0,0,0,0,0,1,0.0,1,2,1,1,0,0,5,0,Matches
d2110326,Mouctar Diakhaby,gn GUI,DF,Valencia,22,1996,16.0,11,8,7,3,1,5,8,62.5,3,17,15,2,11,22,73,0,Matches
407feb71,Brahim Díaz,es ESP,FW,Real Madrid,19,1999,0.7,1,0,0,1,0,0,2,0.0,2,2,0,2,0,1,0,0,Matches
3624ce4c,Víctor Díaz,es ESP,DF,Granada,31,1988,32.0,74,43,38,31,5,31,60,51.7,29,53,23,30,48,122,94,1,Matches
7329018e,Papakouli Diop,sn SEN,MF,Eibar,33,1986,25.0,39,26,13,22,4,18,42,42.9,24,24,7,17,34,73,38,0,Matches
a4971d84,Djené,tg TOG,DF,Getafe,27,1991,34.0,42,32,27,15,0,17,30,56.7,13,20,7,13,34,76,105,1,Matches
3594a357,Naïs Djouahra,fr FRA,FW,Real Sociedad,19,1999,0.3,0,0,0,0,0,0,0,,0,0,0,0,0,0,0,0,Matches
ac295d9e,Marko Dmitrović,rs SRB,GK,Eibar,27,1992,35.0,3,2,3,0,0,3,5,60.0,2,1,0,1,3,6,24,0,Matches
c9cb972b,Jaume Doménech,es ESP,GK,Valencia,28,1990,14.7,0,0,0,0,0,0,1,0.0,1,0,0,0,1,1,3,1,Matches
93090f69,Domingos Duarte,pt POR,DF,Granada,24,1995,34.3,30,19,24,5,1,11,20,55.0,9,34,24,10,34,64,153,1,Matches
aa0ac32d,Óscar Duarte,cr CRC,DF,Levante,30,1989,5.4,12,3,11,1,0,3,4,75.0,1,7,6,1,6,18,29,0,Matches
1fe0492d,Rubén Duarte,es ESP,DF,Alavés,23,1995,29.6,61,32,30,28,3,34,60,56.7,26,30,8,22,47,108,71,0,Matches
37e103f8,Hugo Duro,es ESP,"FW,MF",Getafe,19,1999,4.2,6,5,2,2,2,4,8,50.0,4,3,0,3,1,7,3,0,Matches
f7dc2ae5,Aritz Elustondo,es ESP,DF,Real Sociedad,25,1994,16.8,28,17,19,8,1,13,23,56.5,10,21,8,13,15,43,67,0,Matches
fd47b4f2,Rodrigo Ely,br BRA,DF,Alavés,25,1993,23.6,22,13,15,7,0,13,29,44.8,16,23,19,4,32,54,116,0,Matches
db8f0eba,Adri Embarba,es ESP,"MF,FW",Espanyol,27,1992,15.2,37,22,16,16,5,16,33,48.5,17,28,4,24,16,53,11,0,Matches
df8b52a5,Emerson,br BRA,DF,Betis,20,1999,31.5,74,46,49,19,6,36,79,45.6,43,30,9,21,31,105,57,1,Matches
04e17fd5,Youssef En-Nesyri,ma MAR,FW,Leganés,22,1997,15.4,9,7,1,2,6,3,17,17.6,14,15,2,13,5,14,22,0,Matches
04e17fd5,Youssef En-Nesyri,ma MAR,FW,Sevilla,22,1997,8.8,7,5,1,6,0,3,10,30.0,7,9,3,6,5,12,7,0,Matches
bb4b1242,Sergi Enrich,es ESP,FW,Eibar,29,1990,20.7,17,6,4,8,5,4,21,19.0,17,16,2,14,9,26,12,0,Matches
aec0fb6f,Javier Eraso,es ESP,MF,Leganés,29,1990,9.1,11,5,4,5,2,5,15,33.3,10,5,0,5,7,18,5,0,Matches
3f79a1c8,Gonzalo Escalante,ar ARG,MF,Eibar,26,1993,18.6,41,22,15,17,9,24,41,58.5,17,22,4,18,29,70,14,0,Matches
67669ce7,Aarón Escandell,es ESP,GK,Granada,23,1995,3.0,1,1,1,0,0,1,1,100.0,0,0,0,0,0,1,0,0,Matches
b0616e3d,Sergio Escudero,es ESP,DF,Sevilla,29,1989,8.6,29,16,17,10,2,19,28,67.9,9,11,1,10,13,42,35,0,Matches
4242011c,Bernardo Espinosa,co COL,DF,Espanyol,30,1989,25.1,24,16,18,4,2,16,28,57.1,12,19,11,8,24,48,108,2,Matches
ced26057,Vicente Esquerdo,es ESP,"MF,FW",Valencia,20,1999,0.2,1,0,1,0,0,0,0,,0,1,0,1,0,1,1,0,Matches
d38fdf53,Pervis Estupiñán,ec ECU,DF,Osasuna,21,1998,33.1,84,45,53,27,4,42,77,54.5,35,30,7,23,58,142,61,6,Matches
b579e83d,Oghenekaro Etebo,ng NGA,MF,Getafe,23,1995,6.4,12,4,5,7,0,7,12,58.3,5,10,1,9,11,23,4,1,Matches
b037bd4f,Beñat Etxebarria,es ESP,MF,Athletic Club,32,1987,4.4,6,1,2,3,1,2,13,15.4,11,6,1,5,4,10,6,0,Matches
4a895384,Xabier Etxeita,es ESP,DF,Getafe,31,1987,16.1,20,11,11,9,0,12,23,52.2,11,9,5,4,17,37,68,0,Matches
283c7121,Edu Expósito,es ESP,MF,Eibar,22,1996,25.7,52,28,12,31,9,18,49,36.7,31,20,6,14,31,83,18,1,Matches
af245161,Fabricio,es ESP,GK,Mallorca,31,1987,1.0,0,0,0,0,0,0,0,,0,0,0,0,0,0,0,1,Matches
79135368,Fayçal Fajr,ma MAR,MF,Getafe,30,1988,4.5,1,1,0,1,0,0,3,0.0,3,4,0,4,4,5,1,0,Matches
904cd50d,Eliseo Falcon,es ESP,DF,Levante,22,1997,0.8,0,0,0,0,0,0,0,,0,0,0,0,0,0,2,0,Matches
0ba976e4,Ansu Fati,es ESP,FW,Barcelona,16,2002,11.4,16,8,4,7,5,5,15,33.3,10,14,1,13,8,24,3,0,Matches
38126309,Aleix Febas,es ESP,"MF,FW",Mallorca,23,1996,18.8,36,24,13,19,4,12,36,33.3,24,15,0,15,17,53,6,0,Matches
89151b16,Zouhair Feddal,ma MAR,DF,Betis,30,1989,15.9,20,13,14,5,1,10,14,71.4,4,15,9,6,23,43,74,0,Matches
874d7a32,Ljubomir Fejsa,rs SRB,MF,Alavés,30,1988,8.7,19,13,8,10,1,6,23,26.1,17,8,1,7,6,25,13,0,Matches
bece776f,Nabil Fekir,fr FRA,"MF,FW",Betis,26,1993,29.3,41,26,14,19,8,12,37,32.4,25,27,3,24,10,51,3,0,Matches
51a3c4c8,Felipe,br BRA,DF,Atlético Madrid,30,1989,23.4,27,19,21,6,0,14,24,58.3,10,18,13,5,40,67,130,0,Matches
8aafd64f,João Félix,pt POR,"FW,MF",Atlético Madrid,19,1999,19.4,9,3,3,3,3,4,14,28.6,10,4,0,4,10,19,4,1,Matches
f76fdcd2,Matheus Fernandes,br BRA,"MF,FW",Valladolid,21,1998,1.8,6,2,2,2,2,3,5,60.0,2,4,0,4,2,8,2,0,Matches
a01c3d54,Aitor Fernández,es ESP,GK,Levante,28,1991,36.0,1,1,1,0,0,1,1,100.0,0,0,0,0,2,3,18,3,Matches
307fcd26,Andrés Fernández,es ESP,GK,Villarreal,32,1986,4.0,0,0,0,0,0,0,0,,0,0,0,0,0,0,2,0,Matches
e08647d6,Carlos Fernández,es ESP,"FW,MF",Granada,23,1996,24.5,24,15,7,11,6,3,32,9.4,29,25,2,23,11,35,30,0,Matches
36c5f77b,Gabriel Fernández,uy URU,"FW,MF",Celta Vigo,25,1994,6.2,1,0,0,1,0,1,3,33.3,2,5,1,4,2,3,2,0,Matches
b86a64b2,Joaquín Fernández,es ESP,"MF,DF",Valladolid,23,1996,18.4,30,24,17,10,3,9,30,30.0,21,14,10,4,32,62,57,0,Matches
41f32541,Fernando,br BRA,MF,Sevilla,32,1987,29.5,62,33,37,24,1,34,58,58.6,24,38,15,23,67,129,73,1,Matches
b39a793e,Facundo Ferreyra,ar ARG,"FW,MF",Espanyol,28,1991,6.4,9,4,4,5,0,3,10,30.0,7,4,0,4,2,11,5,0,Matches
24f59bb2,Junior Firpo,es ESP,DF,Barcelona,22,1996,11.3,23,15,12,8,3,11,17,64.7,6,15,3,12,17,40,12,1,Matches
e288d4b3,Alessandro Florenzi,it ITA,DF,Valencia,28,1991,8.4,13,9,9,4,0,8,18,44.4,10,11,1,10,14,27,21,0,Matches
2327c29e,Hernâni Fortes,pt POR,"MF,FW",Levante,27,1991,7.3,5,2,4,0,1,1,3,33.3,2,3,0,3,4,9,9,0,Matches
45e17712,Dimitri Foulquier,fr FRA,"DF,MF",Granada,26,1993,12.4,25,11,13,9,3,11,20,55.0,9,8,3,5,16,41,32,0,Matches
38ce1150,Jorge de Frutos,es ESP,"MF,DF",Valladolid,22,1997,0.7,2,2,2,0,0,1,2,50.0,1,0,0,0,0,2,1,0,Matches
89cbc961,Ramiro Funes Mori,ar ARG,DF,Villarreal,28,1991,5.0,5,2,2,3,0,0,2,0.0,2,8,2,6,3,8,9,1,Matches
82e9b89d,Enric Gallego,es ESP,FW,Osasuna,32,1986,9.8,9,5,1,5,3,0,4,0.0,4,10,2,8,4,13,8,0,Matches
82e9b89d,Enric Gallego,es ESP,FW,Getafe,32,1986,1.8,3,1,1,1,1,2,4,50.0,2,2,0,2,2,5,1,0,Matches
42276181,Kévin Gameiro,fr FRA,FW,Valencia,32,1987,17.6,17,9,7,6,4,5,21,23.8,16,10,1,9,5,22,5,0,Matches
2e3406ae,Fran Gámez,es ESP,DF,Mallorca,28,1991,19.6,64,42,32,27,5,33,74,44.6,41,31,11,20,29,93,41,0,Matches
ac3fb1be,Ezequiel Garay,ar ARG,DF,Valencia,32,1986,16.0,12,8,9,2,1,7,11,63.6,4,19,17,2,14,26,71,0,Matches
240d3a0b,Dani García,es ESP,MF,Athletic Club,29,1990,33.7,59,30,30,27,2,30,86,34.9,56,25,7,18,52,111,56,1,Matches
3e42f707,David García,es ESP,DF,Osasuna,25,1994,31.0,28,16,15,12,1,14,31,45.2,17,20,16,4,48,76,123,2,Matches
167c1bb0,Javi García,es ESP,MF,Betis,32,1987,4.2,2,2,2,0,0,2,3,66.7,1,1,0,1,4,6,15,0,Matches
05a4465d,Manu García,es ESP,MF,Alavés,33,1986,21.9,46,23,11,31,4,17,72,23.6,55,28,12,16,28,74,32,1,Matches
1a317a1b,Raúl García,es ESP,"DF,MF",Valladolid,30,1989,11.2,20,12,11,7,2,9,22,40.9,13,12,2,10,8,28,30,0,Matches
b418dbd4,Raúl García,es ESP,"MF,FW",Athletic Club,33,1986,31.9,57,37,19,26,12,16,76,21.1,60,46,6,40,24,81,44,0,Matches
1a317a1b,Raúl García,es ESP,DF,Getafe,30,1989,2.7,5,3,2,3,0,3,6,50.0,3,3,1,2,4,9,10,0,Matches
5c96b017,Rubén García,es ESP,"MF,FW",Osasuna,26,1993,24.3,55,30,22,26,7,18,46,39.1,28,34,5,29,11,66,23,1,Matches
4a633cfe,Unai García,es ESP,DF,Osasuna,27,1992,6.0,9,6,4,4,1,5,9,55.6,4,13,9,4,8,17,31,0,Matches
6636496a,Víctor García,es ESP,"FW,MF",Valladolid,22,1997,1.0,0,0,0,0,0,0,1,0.0,1,1,0,1,0,0,1,0,Matches
f814eccb,Manuel Garrido,es ESP,FW,Leganés,18,2000,1.3,0,0,0,0,0,0,6,0.0,6,3,1,2,1,1,0,0,Matches
fb5d47b3,Mario Gaspar,es ESP,DF,Villarreal,28,1990,21.8,35,20,16,16,3,15,31,48.4,16,25,10,15,26,61,69,0,Matches
9d2a3d5f,Ibai Gómez,es ESP,FW,Athletic Club,29,1989,7.7,5,3,2,2,1,3,8,37.5,5,4,0,4,3,8,6,0,Matches
4c2e9442,Maxi Gómez,uy URU,FW,Valencia,22,1996,23.8,9,7,1,6,2,4,8,50.0,4,8,1,7,5,14,14,0,Matches
5a626448,Moi Gómez,es ESP,"FW,MF",Villarreal,25,1994,25.8,30,22,9,14,7,11,33,33.3,22,22,2,20,25,55,23,0,Matches
bc6f5f06,Sergi Gómez,es ESP,DF,Sevilla,27,1992,8.0,9,7,7,2,0,4,4,100.0,0,6,6,0,7,16,30,0,Matches
b8c1de25,Maxime Gonalons,fr FRA,MF,Granada,30,1989,16.7,62,38,25,35,2,22,54,40.7,32,27,3,24,20,82,20,1,Matches
f11fe861,Bruno González,es ESP,DF,Getafe,29,1990,2.0,3,2,3,0,0,1,1,100.0,0,2,0,2,0,3,3,0,Matches
f11fe861,Bruno González,es ESP,DF,Levante,29,1990,5.1,10,8,7,2,1,2,4,50.0,2,7,4,3,2,12,32,0,Matches
49d028db,Édgar González,es ESP,MF,Betis,22,1997,7.6,8,3,3,5,0,2,14,14.3,12,4,2,2,10,18,16,0,Matches
cca05da8,Gonzalo,es ESP,DF,Levante,22,1997,0.1,1,0,0,1,0,0,0,,0,0,0,0,0,1,0,0,Matches
6f5f82c0,Andoni Gorosabel,es ESP,DF,Real Sociedad,22,1996,7.9,14,8,9,3,2,10,20,50.0,10,13,1,12,13,27,21,0,Matches
1b17ed86,Esteban Granero,es ESP,MF,Espanyol,32,1987,5.3,10,4,5,3,2,5,11,45.5,6,3,2,1,2,12,5,0,Matches
df69b544,Antoine Griezmann,fr FRA,FW,Barcelona,28,1991,28.3,33,18,12,11,10,9,34,26.5,25,22,3,19,12,45,20,1,Matches
ef322658,Andrés Guardado,mx MEX,MF,Betis,32,1986,22.7,30,14,15,11,4,15,41,36.6,26,15,4,11,18,48,22,1,Matches
32974271,Sergi Guardiola,es ESP,FW,Valladolid,28,1991,29.5,14,6,3,7,4,4,24,16.7,20,23,0,23,6,20,18,1,Matches
0076ab7f,Nemanja Gudelj,rs SRB,"MF,DF",Sevilla,27,1991,13.5,20,14,11,8,1,6,19,31.6,13,17,8,9,12,32,35,1,Matches
e6bc67d7,Gonçalo Guedes,pt POR,"MF,FW",Valencia,22,1996,14.1,19,11,11,7,1,9,32,28.1,23,10,1,9,7,26,1,0,Matches
58a3a572,Adrián Guerrero,es ESP,DF,Valencia,21,1998,1.4,2,2,1,1,0,2,3,66.7,1,0,0,0,2,4,1,0,Matches
8e48dc61,Ander Guevara,es ESP,MF,Real Sociedad,22,1997,10.4,27,11,9,17,1,12,30,40.0,18,13,3,10,8,35,15,1,Matches
99bebd12,John Guidetti,se SWE,"FW,MF",Alavés,27,1992,1.1,2,1,0,1,1,0,0,,0,1,0,1,0,2,0,0,Matches
f7c12fbf,Hugo Guillamón,es ESP,DF,Valencia,19,2000,5.5,8,3,5,2,1,5,10,50.0,5,3,2,1,5,13,29,0,Matches
8696bc90,Munir El Haddadi,ma MAR,FW,Sevilla,23,1995,13.9,19,17,6,11,2,4,21,19.0,17,8,0,8,7,26,8,0,Matches
a39bb753,Eden Hazard,be BEL,"FW,MF",Real Madrid,28,1991,12.0,7,3,2,3,2,3,15,20.0,12,5,0,5,6,13,0,0,Matches
555f3a0b,Mario Hermoso,es ESP,DF,Atlético Madrid,24,1995,13.5,15,8,12,2,1,11,20,55.0,9,11,5,6,12,27,61,0,Matches
132ac341,Aridane Hernández,gq EQG,DF,Osasuna,30,1989,29.0,35,23,22,13,0,15,19,78.9,4,24,15,9,34,69,137,2,Matches
189cee7b,Javier Hernández,mx MEX,FW,Sevilla,31,1988,5.0,6,4,0,4,2,1,6,16.7,5,5,0,5,5,11,1,0,Matches
1fc3c3d7,Juan Hernández,es ESP,"FW,MF",Celta Vigo,24,1994,1.0,0,0,0,0,0,0,0,,0,0,0,0,1,1,0,0,Matches
a8542814,Héctor Herrera,mx MEX,MF,Atlético Madrid,29,1990,12.5,31,21,9,18,4,13,32,40.6,19,16,7,9,17,48,13,2,Matches
a4995f48,Sergio Herrera,es ESP,GK,Osasuna,26,1993,18.4,1,1,1,0,0,1,4,25.0,3,0,0,0,1,2,13,3,Matches
e778654a,Yangel Herrera,ve VEN,MF,Granada,21,1998,26.3,88,49,25,53,10,36,80,45.0,44,38,9,29,34,122,28,0,Matches
9109185e,Iago Herrerín,es ESP,GK,Athletic Club,31,1988,4.7,0,0,0,0,0,0,0,,0,0,0,0,0,0,0,0,Matches
ba5a9545,Pablo Hervías,es ESP,"MF,FW",Valladolid,26,1993,11.3,24,20,8,14,2,12,22,54.5,10,8,0,8,5,29,0,0,Matches
c7429db3,Robert Ibáñez,es ESP,"MF,FW",Osasuna,26,1993,6.0,13,8,4,5,4,7,20,35.0,13,7,0,7,5,18,5,0,Matches
ad1ffcfd,Vicente Iborra,es ESP,MF,Villarreal,31,1988,29.4,61,42,31,25,5,30,67,44.8,37,35,16,19,40,101,63,1,Matches
75645f0e,Borja Iglesias,es ESP,FW,Betis,26,1993,21.4,7,5,1,4,2,0,9,0.0,9,7,4,3,5,12,18,0,Matches
5ce0b5ba,Asier Illarramendi,es ESP,MF,Real Sociedad,29,1990,2.4,2,2,1,0,1,2,6,33.3,4,2,1,1,5,7,6,0,Matches
61bd33d0,Takashi Inui,jp JPN,"MF,FW",Eibar,31,1988,21.8,20,10,7,8,5,11,34,32.4,23,23,4,19,18,38,12,0,Matches
8e92be30,Alexander Isak,se SWE,FW,Real Sociedad,19,1999,16.7,7,2,0,3,4,1,8,12.5,7,8,0,8,3,10,6,0,Matches
a0b4bb3e,Isco,es ESP,"FW,MF",Real Madrid,27,1992,13.1,13,9,2,10,1,5,14,35.7,9,9,0,9,7,20,4,1,Matches
19cdceb0,Ismael,es ESP,MF,Betis,18,2000,0.9,2,1,1,1,0,1,2,50.0,1,2,1,1,2,4,2,0,Matches
6dce77a5,Ander Iturraspe,es ESP,MF,Espanyol,30,1989,2.7,2,0,1,1,0,2,5,40.0,3,0,0,0,1,3,7,0,Matches
09e81276,Jacobo,es ESP,"DF,MF",Celta Vigo,22,1997,0.9,3,3,2,1,0,1,1,100.0,0,0,0,0,0,3,2,0,Matches
4737cebe,Adnan Januzaj,be BEL,"FW,MF",Real Sociedad,24,1995,13.0,8,7,3,2,3,3,16,18.8,13,9,1,8,7,15,2,0,Matches
9038c2a1,Jason,es ESP,MF,Getafe,25,1994,13.1,29,20,8,16,5,15,33,45.5,18,18,3,15,18,47,9,0,Matches
4c5b14d2,Joaquín,es ESP,"MF,FW",Betis,38,1981,22.9,14,7,4,8,2,4,11,36.4,7,10,2,8,15,29,22,1,Matches
1bacc518,Frenkie de Jong,nl NED,MF,Barcelona,22,1997,23.5,26,19,7,12,7,7,22,31.8,15,17,7,10,21,47,9,0,Matches
abb3bb95,Luuk de Jong,nl NED,FW,Sevilla,28,1990,22.9,21,10,4,8,9,6,17,35.3,11,12,1,11,7,28,22,0,Matches
2a0c8ba4,Joan Jordán,es ESP,MF,Sevilla,25,1994,25.0,64,34,27,31,6,21,76,27.6,55,25,5,20,26,90,20,4,Matches
d87e2cae,Willian José,br BRA,FW,Real Sociedad,27,1991,22.3,5,2,0,4,1,2,8,25.0,6,10,4,6,1,6,16,0,Matches
6265208f,Joselu,es ESP,FW,Alavés,29,1990,30.9,26,17,4,12,10,4,32,12.5,28,36,5,31,13,39,46,0,Matches
4d8cd038,Luka Jović,rs SRB,FW,Real Madrid,21,1997,4.8,2,1,0,0,2,1,2,50.0,1,1,0,1,2,4,0,0,Matches
84399660,Juanmi,es ESP,"FW,MF",Betis,26,1993,2.9,4,1,1,2,1,1,4,25.0,3,1,0,1,0,4,0,0,Matches
de7d40d6,David Juncà,es ESP,DF,Celta Vigo,25,1993,2.9,6,5,4,1,1,2,3,66.7,1,4,1,3,2,8,3,0,Matches
360d70f8,Lago Junior,ci CIV,"MF,FW",Mallorca,28,1990,24.3,32,19,12,11,9,12,29,41.4,17,23,5,18,14,46,25,0,Matches
7111d552,Vinicius Júnior,br BRA,"FW,MF",Real Madrid,19,2000,15.2,26,16,13,8,5,8,32,25.0,24,14,0,14,3,29,2,0,Matches
8455ad90,Lee Kangin,kr KOR,"MF,FW",Valencia,18,2001,5.0,3,1,0,2,1,3,6,50.0,3,5,0,5,3,6,0,0,Matches
d717630e,Wilfrid Kaptoum,cm CMR,MF,Betis,23,1996,2.2,5,2,3,2,0,3,3,100.0,0,4,1,3,1,6,3,0,Matches
5eebbfdf,Kenedy,br BRA,MF,Getafe,23,1996,6.5,9,5,3,3,3,2,5,40.0,3,10,0,10,11,20,4,0,Matches
e897d8ba,Kike,es ESP,FW,Eibar,29,1989,19.6,13,7,0,5,8,4,12,33.3,8,15,1,14,1,14,9,0,Matches
3da1b6ed,Giorgi Kochorashvili,ge GEO,MF,Levante,20,1999,0.0,0,0,0,0,0,0,0,,0,0,0,0,0,0,0,0,Matches
e82d2807,Kenan Kodro,ba BIH,"FW,MF",Athletic Club,25,1993,4.0,1,0,0,0,1,0,2,0.0,2,1,0,1,0,1,4,0,Matches
55126f3b,Koke,es ESP,MF,Atlético Madrid,27,1992,30.0,70,42,27,30,13,29,89,32.6,60,33,8,25,29,99,28,2,Matches
cce181df,Geoffrey Kondogbia,cf CTA,MF,Valencia,26,1993,20.1,63,40,40,18,5,19,51,37.3,32,25,6,19,57,120,36,2,Matches
4d1666ff,Jules Koundé,fr FRA,DF,Sevilla,20,1998,25.7,23,12,14,5,4,10,18,55.6,8,16,12,4,23,46,91,2,Matches
114b510e,Leonardo Koutris,gr GRE,DF,Mallorca,24,1995,1.0,1,1,0,0,1,1,2,50.0,1,1,1,0,1,2,6,0,Matches
58640e66,İsmail Köybaşı,tr TUR,"DF,FW",Granada,30,1989,2.6,4,4,3,1,0,0,2,0.0,2,4,0,4,5,9,2,0,Matches
6ce1f46f,Toni Kroos,de GER,MF,Real Madrid,29,1990,29.5,56,28,18,29,9,18,70,25.7,52,27,0,27,23,79,15,0,Matches
16aa3654,Takefusa Kubo,jp JPN,"MF,FW",Mallorca,18,2001,25.7,34,22,16,12,6,15,44,34.1,29,19,1,18,23,57,10,0,Matches
b7c99b9b,Víctor Laguardia,es ESP,DF,Alavés,29,1989,29.5,21,15,15,6,0,16,30,53.3,14,24,18,6,37,58,131,1,Matches
bf12926c,Diego Lainez,mx MEX,"MF,FW",Betis,19,2000,3.9,6,5,2,4,0,5,8,62.5,3,6,0,6,1,7,1,0,Matches
0d690336,Larra,es ESP,"FW,MF",Athletic Club,21,1997,2.8,2,2,0,1,1,0,0,,0,1,0,1,0,2,0,0,Matches
8e088e04,Toni Lato,es ESP,"DF,MF",Osasuna,21,1997,5.2,22,15,11,8,3,9,10,90.0,1,9,1,8,8,30,13,1,Matches
9a64e67e,Robin Le Normand,fr FRA,DF,Real Sociedad,22,1996,26.6,48,27,33,15,0,26,35,74.3,9,20,7,13,20,68,99,0,Matches
e3fabb0a,Wu Lei,cn CHN,"FW,MF",Espanyol,27,1991,19.1,13,8,5,6,2,4,38,10.5,34,32,1,31,15,28,19,1,Matches
59b7d823,Iñigo Lekue,es ESP,"FW,DF",Athletic Club,26,1993,6.9,22,12,14,6,2,11,14,78.6,3,7,0,7,3,25,11,0,Matches
4dbd0916,Thomas Lemar,fr FRA,MF,Atlético Madrid,23,1995,10.3,12,8,4,5,3,2,11,18.2,9,14,1,13,6,18,6,0,Matches
4f28a6ff,Clément Lenglet,fr FRA,DF,Barcelona,24,1995,26.9,44,31,29,15,0,16,32,50.0,16,29,15,14,35,79,79,1,Matches
d66b9872,Pedro León,es ESP,"MF,FW",Eibar,32,1986,21.1,28,20,8,9,11,12,25,48.0,13,18,1,17,19,47,7,0,Matches
0a0cc13c,Sergio León,es ESP,FW,Levante,30,1989,7.5,3,3,0,3,0,2,4,50.0,2,3,0,3,1,4,2,0,Matches
476ca810,Lillo,es ESP,DF,Osasuna,30,1989,2.2,4,2,2,2,0,1,1,100.0,0,2,1,1,2,6,8,0,Matches
bba30585,Diego Llorente,es ESP,DF,Real Sociedad,25,1993,25.9,30,14,20,9,1,16,28,57.1,12,14,7,7,28,58,101,5,Matches
02c15616,Marcos Llorente,es ESP,"MF,FW",Atlético Madrid,24,1995,15.2,29,15,7,16,6,7,21,33.3,14,24,4,20,14,43,9,0,Matches
e1cbb531,Stanislav Lobotka,sk SVK,MF,Celta Vigo,24,1994,15.4,19,11,13,5,1,4,19,21.1,15,8,2,6,8,27,7,0,Matches
ed9f7cfe,Renan Lodi,br BRA,DF,Atlético Madrid,21,1998,26.6,73,46,28,35,10,40,65,61.5,25,28,7,21,38,111,56,0,Matches
7c2965bb,Rony Lopes,pt POR,FW,Sevilla,23,1995,1.5,0,0,0,0,0,0,0,,0,0,0,0,2,2,0,0,Matches
88a359d4,Adrián López,es ESP,FW,Osasuna,31,1988,16.0,7,5,1,5,1,2,19,10.5,17,6,2,4,4,11,8,0,Matches
f03f284b,David López,es ESP,"DF,MF",Espanyol,29,1989,27.3,38,20,15,20,3,13,41,31.7,28,28,13,15,35,73,63,3,Matches
73683fa9,Diego López,es ESP,GK,Espanyol,37,1981,35.9,2,2,2,0,0,1,2,50.0,1,0,0,0,2,4,8,1,Matches
e9ada8cf,Javi López,es ESP,DF,Alavés,17,2002,1.0,6,5,4,2,0,4,5,80.0,1,1,1,0,1,7,5,0,Matches
ffad706e,Javi López,es ESP,DF,Espanyol,33,1986,15.4,47,34,23,18,6,19,40,47.5,21,12,6,6,21,68,38,2,Matches
a685f013,Lluis López,es ESP,DF,Espanyol,22,1997,3.3,4,2,3,1,0,2,2,100.0,0,4,0,4,1,5,6,1,Matches
2a8c9f98,Roberto López,es ESP,"FW,MF",Real Sociedad,19,2000,0.6,4,2,1,1,2,2,2,100.0,0,0,0,0,0,4,0,0,Matches
88050721,Unai López,es ESP,MF,Athletic Club,23,1995,19.9,30,22,8,18,4,10,41,24.4,31,13,2,11,18,48,12,1,Matches
41521385,Losada,es ESP,"MF,FW",Celta Vigo,17,2001,0.1,0,0,0,0,0,0,0,,0,0,0,0,0,0,0,0,Matches
ea610f00,Pol Lozano,es ESP,MF,Espanyol,19,1999,1.9,5,3,3,2,0,3,7,42.9,4,3,0,3,1,6,2,0,Matches
b05e2dbd,José Luis Gayà,es ESP,DF,Valencia,24,1995,22.1,44,30,29,12,3,28,41,68.3,13,22,9,13,18,62,48,1,Matches
4a478107,José Luis Morales,es ESP,"FW,MF",Levante,32,1987,28.0,17,8,5,9,3,6,34,17.6,28,14,1,13,6,23,5,1,Matches
b333b014,José Luis Rodríguez,pa PAN,FW,Alavés,21,1998,0.2,0,0,0,0,0,0,2,0.0,2,0,0,0,0,0,0,0,Matches
ed6ea4d9,Darwin Machís,ve VEN,"FW,MF",Granada,26,1993,23.7,23,13,11,8,4,8,23,34.8,15,22,4,18,31,54,9,0,Matches
01a49bd2,Lisandro Magallán,ar ARG,DF,Alavés,25,1993,13.3,22,15,10,12,0,8,14,57.1,6,17,6,11,16,38,43,1,Matches
ab99e4a0,Abdallahi Mahmoud,mr MTN,MF,Alavés,19,2000,1.7,4,4,2,1,1,1,6,16.7,5,0,0,0,5,9,2,0,Matches
00b28772,Nemanja Maksimović,rs SRB,MF,Getafe,24,1995,32.2,49,28,12,31,6,10,44,22.7,34,37,7,30,56,105,30,1,Matches
cb574619,Hugo Mallo,es ESP,DF,Celta Vigo,28,1991,21.8,62,42,44,16,2,27,48,56.3,21,24,8,16,22,84,97,1,Matches
fbd6378b,Aïssa Mandi,dz ALG,DF,Betis,27,1991,28.6,33,15,22,8,3,18,28,64.3,10,29,15,14,38,71,93,0,Matches
f520049f,Eliaquim Mangala,fr FRA,DF,Valencia,28,1991,7.5,4,4,3,1,0,1,2,50.0,1,7,6,1,7,11,40,0,Matches
603116a7,Marcelo,br BRA,DF,Real Madrid,31,1988,14.4,19,11,8,8,3,9,28,32.1,19,19,2,17,18,37,21,0,Matches
9f323c71,Óscar de Marcos,es ESP,"DF,FW",Athletic Club,30,1989,6.0,5,3,2,1,2,3,6,50.0,3,6,0,6,8,13,8,0,Matches
d70a3661,Miguel Marí,es ESP,MF,Eibar,22,1997,0.1,0,0,0,0,0,0,0,,0,0,0,0,0,0,0,0,Matches
f0da930c,José María Giménez,uy URU,DF,Atlético Madrid,24,1995,19.5,20,16,18,1,1,7,11,63.6,4,14,7,7,23,43,75,1,Matches
5c4dc0ff,Mariano,do DOM,"FW,MF",Real Madrid,25,1993,0.5,0,0,0,0,0,0,1,0.0,1,0,0,0,0,0,0,0,Matches
b7f2edff,Adrián Marín,es ESP,DF,Alavés,22,1997,9.5,22,15,14,6,2,13,15,86.7,2,13,4,9,13,35,32,0,Matches
d9764034,Guillermo Maripán,cl CHI,DF,Alavés,25,1994,1.0,1,1,1,0,0,1,2,50.0,1,0,0,0,2,3,10,0,Matches
0ae4e09a,Roger Martí,es ESP,FW,Levante,28,1991,25.2,18,11,8,7,3,7,29,24.1,22,14,0,14,6,24,17,0,Matches
4df0dff8,Daniel Martín,es ESP,GK,Betis,21,1998,5.9,0,0,0,0,0,0,0,,0,0,0,0,0,0,3,0,Matches
e1c805cf,Álex Martínez,es ESP,DF,Granada,28,1990,0.2,0,0,0,0,0,0,0,,0,0,0,0,0,0,0,0,Matches
3fc45c73,Iñigo Martínez,es ESP,DF,Athletic Club,28,1991,33.0,48,30,33,13,2,27,47,57.4,20,28,13,15,39,87,140,0,Matches
3672b352,Javi Martínez,es ESP,MF,Osasuna,19,1999,0.1,0,0,0,0,0,0,0,,0,0,0,0,0,0,1,0,Matches
8e049cbd,José Martínez,es ESP,DF,Granada,26,1993,13.2,21,16,12,8,1,14,25,56.0,11,6,4,2,18,39,46,0,Matches
ecc77652,Pablo Martínez,es ESP,MF,Levante,21,1998,0.4,2,0,1,1,0,0,1,0.0,1,0,0,0,0,2,2,0,Matches
8fae77ea,Jordi Masip,es ESP,GK,Valladolid,30,1989,35.0,1,1,1,0,0,0,2,0.0,2,0,0,0,1,2,7,3,Matches
02319ad7,Jaime Mata,es ESP,FW,Getafe,30,1988,30.5,21,13,3,11,7,3,20,15.0,17,16,1,15,7,28,15,0,Matches
64e8ed6d,Borja Mayoral,es ESP,FW,Levante,22,1997,23.8,12,3,4,6,2,2,13,15.4,11,11,0,11,4,16,6,0,Matches
379652be,Óscar Melendo,es ESP,"MF,FW",Espanyol,21,1997,12.4,10,4,4,4,2,4,12,33.3,8,7,2,5,2,12,3,0,Matches
3902e91b,Gonzalo Melero,es ESP,MF,Levante,25,1994,13.7,20,13,9,9,2,7,27,25.9,20,12,3,9,9,29,15,1,Matches
48b3dd60,Arthur Melo,br BRA,MF,Barcelona,22,1996,13.1,15,10,4,7,4,4,12,33.3,8,9,0,9,4,19,5,2,Matches
c9e39d91,Brais Méndez,es ESP,"MF,FW",Celta Vigo,22,1997,16.4,26,11,14,9,3,12,39,30.8,27,20,0,20,12,38,23,1,Matches
aed746df,Édgar Méndez,es ESP,"MF,FW",Alavés,29,1990,9.6,11,7,4,6,1,5,13,38.5,8,10,2,8,5,16,7,0,Matches
3cefcaef,Ferland Mendy,fr FRA,DF,Real Madrid,24,1995,20.1,32,26,20,9,3,14,18,77.8,4,19,5,14,22,54,30,1,Matches
0e50f929,Fran Mérida,es ESP,MF,Osasuna,29,1990,12.9,27,15,11,10,6,9,27,33.3,18,15,4,11,25,52,10,0,Matches
d080ed5e,Mikel Merino,es ESP,MF,Real Sociedad,23,1996,34.9,79,52,20,44,15,28,86,32.6,58,46,8,38,51,130,52,0,Matches
1d5f96d9,Sabin Merino,es ESP,FW,Leganés,27,1992,0.9,0,0,0,0,0,0,0,,0,0,0,0,0,0,0,0,Matches
7c4243d4,Roque Mesa,es ESP,MF,Leganés,30,1989,22.4,40,21,17,18,5,13,44,29.5,31,13,4,9,11,51,8,0,Matches
d70ce98e,Lionel Messi,ar ARG,FW,Barcelona,32,1987,32.0,21,10,4,7,10,3,21,14.3,18,9,0,9,7,28,1,0,Matches
418f8f61,Míchel,es ESP,MF,Valladolid,31,1988,24.2,50,28,26,19,5,22,75,29.3,53,22,4,18,33,83,41,1,Matches
6763373d,Miguel,es ESP,FW,Valladolid,19,1999,2.6,2,1,1,0,1,1,2,50.0,1,3,1,2,0,2,1,0,Matches
2784f898,Éder Militão,br BRA,DF,Real Madrid,21,1998,11.4,25,15,15,9,1,10,17,58.8,7,12,6,6,20,45,42,0,Matches
0b90bb97,Santi Mina,es ESP,"FW,MF",Celta Vigo,23,1995,21.6,13,8,8,5,0,5,38,13.2,33,19,2,17,10,23,27,0,Matches
7f4c7c9f,Jorge Miramón,es ESP,DF,Levante,30,1989,27.0,52,27,35,13,4,26,45,57.8,19,30,8,22,46,98,61,1,Matches
6025fab1,Luka Modrić,hr CRO,MF,Real Madrid,33,1985,22.2,37,18,9,15,13,16,41,39.0,25,10,2,8,22,59,12,0,Matches
43f71e77,Jorge Molina,es ESP,FW,Getafe,37,1982,21.0,8,2,0,4,4,0,12,0.0,12,13,2,11,4,12,18,0,Matches
9939e168,Jon Moncayola,es ESP,"MF,DF",Osasuna,21,1998,16.6,52,30,26,22,4,27,54,50.0,27,29,5,24,16,68,23,1,Matches
d4cb83cc,Nacho Monreal,es ESP,DF,Real Sociedad,33,1986,26.6,38,16,26,9,3,22,42,52.4,20,20,4,16,43,81,66,0,Matches
0ff67313,Joan Monterde,es ESP,MF,Levante,21,1997,0.1,0,0,0,0,0,0,0,,0,0,0,0,0,0,0,0,Matches
719384c1,Ángel Montoro,es ESP,MF,Granada,31,1988,10.8,19,8,8,9,2,3,13,23.1,10,10,1,9,13,32,15,0,Matches
129af0db,Álvaro Morata,es ESP,FW,Atlético Madrid,26,1992,23.3,17,8,4,9,4,1,13,7.7,12,12,2,10,5,22,23,0,Matches
11b9265b,Alberto Moreno,es ESP,DF,Villarreal,27,1992,16.3,27,16,15,11,1,9,25,36.0,16,15,3,12,25,52,36,0,Matches
16e9d0ea,Álex Moreno,es ESP,DF,Betis,26,1993,25.2,37,20,27,8,2,12,32,37.5,20,21,8,13,23,60,47,1,Matches
81f0781e,Gerard Moreno,es ESP,"FW,MF",Villarreal,27,1992,30.5,19,8,4,10,5,5,46,10.9,41,19,3,16,10,29,51,0,Matches
a0255c67,Manu Morlanes,es ESP,MF,Villarreal,20,1999,2.8,7,3,3,4,0,2,9,22.2,7,1,1,0,2,9,2,0,Matches
3aa4a3be,Loren Morón,es ESP,FW,Betis,25,1993,22.6,18,12,6,7,5,9,23,39.1,14,25,6,19,9,27,13,0,Matches
9e098912,Toni Moya,es ESP,MF,Atlético Madrid,21,1998,0.0,0,0,0,0,0,0,0,,0,0,0,0,0,0,0,0,Matches
933e8c8a,Javi Moyano,es ESP,DF,Valladolid,33,1986,24.7,19,8,11,8,0,8,20,40.0,12,18,5,13,27,46,63,0,Matches
c05dfb74,Iker Muniain,es ESP,"FW,MF",Athletic Club,26,1992,26.5,26,19,11,10,5,4,24,16.7,20,9,0,9,12,38,7,0,Matches
228b0d9d,Aihen Muñoz,es ESP,DF,Real Sociedad,21,1997,10.9,28,18,13,12,3,18,27,66.7,9,13,2,11,2,30,19,0,Matches
ec7c84c2,Javier Muñoz,es ESP,"FW,MF",Alavés,24,1995,0.6,0,0,0,0,0,0,0,,0,1,1,0,0,0,0,0,Matches
b233e8e4,Jeison Murillo,co COL,DF,Celta Vigo,27,1992,17.0,37,20,30,6,1,18,27,66.7,9,13,9,4,20,57,74,2,Matches
e29d1111,Nacho,es ESP,DF,Valladolid,30,1989,21.0,43,22,24,15,4,17,48,35.4,31,36,8,28,25,68,61,0,Matches
2946f9a1,Nacho,es ESP,DF,Real Madrid,29,1990,4.9,11,6,6,3,2,6,10,60.0,4,5,3,2,12,23,18,1,Matches
a2609621,Naldo,br BRA,DF,Espanyol,30,1988,14.8,24,13,15,9,0,7,15,46.7,8,11,7,4,21,45,50,1,Matches
c2846353,Marc Navarro,es ESP,"FW,DF",Leganés,24,1995,2.4,3,3,2,1,0,1,1,100.0,0,2,1,1,0,3,3,0,Matches
8db394aa,Ximo Navarro,es ESP,DF,Alavés,29,1990,21.1,34,19,17,15,2,16,28,57.1,12,20,7,13,52,86,76,2,Matches
3f10bd22,Jesús Navas,es ESP,DF,Sevilla,33,1985,37.4,27,15,16,7,4,15,32,46.9,17,20,7,13,31,58,70,0,Matches
ad178594,Raúl Navas,es ESP,DF,Osasuna,31,1988,7.9,10,5,4,6,0,4,13,30.8,9,10,4,6,18,28,30,0,Matches
a9dc785c,Neto,br BRA,GK,Barcelona,30,1989,2.0,0,0,0,0,0,0,0,,0,0,0,0,0,0,1,0,Matches
8d47bb39,Carlos Neva,es ESP,DF,Granada,23,1996,24.5,16,11,12,3,1,9,21,42.9,12,15,2,13,28,44,60,0,Matches
c14bc029,Saúl Ñíguez,es ESP,"MF,DF",Atlético Madrid,24,1994,34.1,95,59,44,42,9,39,88,44.3,49,58,13,45,55,150,68,1,Matches
81d5c497,Fernando Niño,es ESP,FW,Villarreal,18,2000,0.9,1,0,0,1,0,1,2,50.0,1,0,0,0,0,1,2,0,Matches
b2d0ec1b,Nolito,es ESP,FW,Sevilla,32,1986,10.0,21,12,5,11,5,7,20,35.0,13,7,0,7,1,22,1,0,Matches
b2d0ec1b,Nolito,es ESP,"MF,FW",Celta Vigo,32,1986,3.6,7,5,5,2,0,3,8,37.5,5,4,1,3,1,8,4,0,Matches
be170419,Unai Núñez,es ESP,DF,Athletic Club,22,1997,17.5,13,10,10,2,1,6,16,37.5,10,25,17,8,23,36,71,0,Matches
97572117,Allan Nyom,cm CMR,"DF,MF",Getafe,31,1988,26.9,45,25,26,15,4,20,37,54.1,17,24,5,19,14,59,50,1,Matches
ee8508c0,Jan Oblak,si SVN,GK,Atlético Madrid,26,1993,37.7,0,0,0,0,0,0,0,,0,0,0,0,1,1,4,2,Matches
949c3655,Rafel Obrador,es ESP,DF,Mallorca,15,2004,0.0,0,0,0,0,0,0,1,0.0,1,0,0,0,0,0,1,0,Matches
a08b974a,Lucas Ocampos,ar ARG,"FW,MF",Sevilla,25,1994,30.5,54,31,30,19,5,30,72,41.7,42,33,2,31,22,76,27,0,Matches
1d1691ad,Álvaro Odriozola,es ESP,DF,Real Madrid,23,1995,3.8,5,2,4,0,1,5,8,62.5,3,4,0,4,2,7,8,0,Matches
4cee5954,Lucas Olaza,uy URU,DF,Celta Vigo,25,1994,34.9,56,39,36,17,3,39,59,66.1,20,37,10,27,31,87,60,1,Matches
b5bdf144,Oier Olazábal,es ESP,GK,Espanyol,29,1989,2.0,0,0,0,0,0,0,0,,0,1,0,1,0,0,0,0,Matches
72b07a9c,Kiko Olivas,es ESP,DF,Valladolid,30,1988,32.7,33,16,25,7,1,13,35,37.1,22,30,16,14,61,94,112,2,Matches
a8fbae1d,Paulo Oliveira,pt POR,DF,Eibar,27,1992,23.2,31,19,22,8,1,18,30,60.0,12,23,13,10,42,73,107,1,Matches
41c12f75,Mathías Olivera,uy URU,DF,Getafe,21,1997,20.8,64,40,34,16,14,27,45,60.0,18,32,3,29,23,87,44,0,Matches
0f0aa5b4,Kenneth Omeruo,ng NGA,DF,Leganés,25,1993,20.8,28,17,25,3,0,11,18,61.1,7,21,12,9,36,64,112,2,Matches
a83d8b0c,Javier Ontiveros,es ESP,"FW,MF",Villarreal,21,1997,9.9,29,14,13,14,2,8,35,22.9,27,13,1,12,5,34,7,0,Matches
c90977db,Fabián Orellana,cl CHI,"MF,FW",Eibar,33,1986,26.6,29,18,10,6,13,14,52,26.9,38,9,0,9,20,49,2,0,Matches
7c363088,Aimar Oroz,es ESP,FW,Osasuna,17,2001,0.1,0,0,0,0,0,0,0,,0,1,0,1,0,0,0,0,Matches
8c3c640c,Mikel Oyarzabal,es ESP,"FW,MF",Real Sociedad,22,1997,33.9,36,15,13,15,8,16,46,34.8,30,32,2,30,13,49,19,1,Matches
97852360,Fernando Pacheco,es ESP,GK,Alavés,27,1992,26.2,1,0,1,0,0,1,3,33.3,2,0,0,0,0,1,10,0,Matches
44150beb,Jon Pacheco,es ESP,DF,Real Sociedad,18,2001,0.9,0,0,0,0,0,0,0,,0,1,0,1,0,0,2,0,Matches
7460ca0d,Daniel Parejo,es ESP,MF,Valencia,30,1989,33.6,67,41,29,32,6,32,101,31.7,69,38,11,27,22,89,20,2,Matches
f9b42381,Miquel Parera,es ESP,GK,Mallorca,23,1996,1.0,0,0,0,0,0,0,0,,0,0,0,0,0,0,0,0,Matches
529f49ab,Thomas Partey,gh GHA,MF,Atlético Madrid,26,1993,28.3,70,41,34,30,6,26,58,44.8,32,32,8,24,48,118,41,7,Matches
f20fce1b,Paulino,es ESP,"FW,MF",Alavés,22,1997,0.8,0,0,0,0,0,0,1,0.0,1,1,0,1,1,1,0,0,Matches
b7ca5c51,Gabriel Paulista,br BRA,DF,Valencia,28,1990,31.1,22,14,17,2,3,15,25,60.0,10,36,29,7,48,70,151,3,Matches
63f04c6c,Alfonso Pedraza,es ESP,DF,Betis,23,1996,15.0,30,19,16,11,3,19,33,57.6,14,18,6,12,16,46,26,1,Matches
ff8f26ef,Marc Pedraza,es ESP,MF,Mallorca,32,1987,1.4,1,1,1,0,0,1,5,20.0,4,0,0,0,4,5,1,0,Matches
112521d1,Pedrosa,es ESP,"DF,MF",Espanyol,21,1998,12.1,19,13,8,9,2,7,25,28.0,18,12,1,11,11,30,32,0,Matches
1f079188,Rubén Peña,es ESP,DF,Villarreal,28,1991,21.2,42,24,23,19,0,17,50,34.0,33,25,8,17,35,77,58,2,Matches
8dc6dbb3,Luis Perea,es ESP,FW,Osasuna,21,1997,0.2,0,0,0,0,0,0,0,,0,0,0,0,0,0,1,0,Matches
b7de5bad,Victor Perea,es ESP,"DF,FW",Espanyol,19,2000,14.1,13,5,8,4,1,7,20,35.0,13,10,0,10,21,34,31,0,Matches
a8f21b9f,Carles Pérez,es ESP,FW,Barcelona,21,1998,5.3,7,4,2,2,3,3,15,20.0,12,5,2,3,1,8,1,0,Matches
bc61cc65,Iñigo Pérez,es ESP,MF,Osasuna,31,1988,12.0,15,11,3,7,5,8,22,36.4,14,7,1,6,12,27,6,0,Matches
8f29e08b,Juan Pérez,es ESP,GK,Osasuna,23,1996,2.0,1,1,1,0,0,1,2,50.0,1,0,0,0,0,1,0,0,Matches
237a3851,Kike Pérez,es ESP,"MF,FW",Valladolid,22,1997,2.4,6,1,1,3,2,3,7,42.9,4,1,0,1,10,16,4,0,Matches
a300ac7e,Lucas Pérez,es ESP,FW,Alavés,30,1988,27.7,12,6,2,8,2,3,13,23.1,10,13,2,11,2,14,0,0,Matches
3c7bc9bd,Rubén Pérez,es ESP,MF,Leganés,30,1989,24.4,50,27,21,23,6,16,47,34.0,31,21,4,17,38,88,33,0,Matches
aae17c81,Samu Pérez,es ESP,GK,Valladolid,22,1997,0.3,0,0,0,0,0,0,0,,0,0,0,0,0,0,0,0,Matches
48e89655,Pablo Piatti,ar ARG,"DF,MF",Espanyol,30,1989,0.6,2,2,1,1,0,1,2,50.0,1,1,0,1,0,2,1,0,Matches
32c0491f,Cristiano Piccini,it ITA,DF,Valencia,26,1992,0.8,5,4,1,0,4,4,4,100.0,0,0,0,0,2,7,1,0,Matches
e54bd0a2,Tomás Pina Isla,es ESP,MF,Alavés,31,1987,14.9,37,22,13,21,3,12,24,50.0,12,15,5,10,16,53,31,0,Matches
10f1cd17,Pipa,es ESP,"DF,FW",Espanyol,21,1998,5.3,9,8,5,4,0,4,6,66.7,2,8,0,8,6,15,17,0,Matches
adfc9123,Gerard Piqué,es ESP,DF,Barcelona,32,1987,34.4,32,23,20,11,1,16,26,61.5,10,39,24,15,36,68,157,0,Matches
7c388b20,Óscar Plano,es ESP,MF,Valladolid,28,1991,27.8,48,30,25,19,4,20,61,32.8,41,36,3,33,35,83,29,0,Matches
29b61deb,Pere Pons,es ESP,MF,Alavés,26,1993,12.1,28,16,14,12,2,12,26,46.2,14,16,3,13,12,40,8,1,Matches
27d0a506,Pedro Porro,es ESP,"DF,MF",Valladolid,19,1999,8.2,18,10,11,7,0,10,18,55.6,8,3,0,3,7,25,19,1,Matches
8e010ff4,Francisco Portillo,es ESP,MF,Getafe,29,1990,4.2,11,6,3,6,2,4,12,33.3,8,2,0,2,2,13,3,0,Matches
1bda5842,Portu,es ESP,"FW,MF",Real Sociedad,27,1992,26.6,32,21,10,15,7,13,33,39.4,20,28,3,25,13,45,5,0,Matches
474ecac8,Sergio Postigo,es ESP,DF,Levante,30,1988,26.4,32,15,23,7,2,11,18,61.1,7,24,15,9,34,66,132,1,Matches
07129f3c,Florent Poulolo,mq MTQ,DF,Getafe,22,1997,0.0,0,0,0,0,0,0,0,,0,0,0,0,0,0,1,0,Matches
cbdf7d5c,Darío Poveda,es ESP,MF,Atlético Madrid,22,1997,0.1,1,0,0,1,0,0,0,,0,0,0,0,0,1,0,0,Matches
3c16d927,Alejandro Pozo Pozo,es ESP,DF,Mallorca,20,1999,16.6,38,24,30,6,2,19,38,50.0,19,23,2,21,23,61,29,1,Matches
3c16d927,Alejandro Pozo Pozo,es ESP,"MF,FW",Sevilla,20,1999,0.4,1,1,1,0,0,1,1,100.0,0,0,0,0,0,1,1,0,Matches
d1b060e2,Abdón Prats,es ESP,FW,Mallorca,26,1992,3.1,1,1,0,0,1,0,1,0.0,1,1,0,1,0,1,1,0,Matches
c77a8043,Antonio Puertas,es ESP,"FW,MF",Granada,27,1992,28.5,37,24,8,18,11,16,53,30.2,37,21,3,18,12,49,21,0,Matches
f090a37a,Riqui Puig,es ESP,MF,Barcelona,19,1999,5.7,11,7,1,9,1,5,17,29.4,12,2,0,2,5,16,1,0,Matches
7a538238,Quini,es ESP,DF,Granada,29,1989,8.0,25,14,16,7,2,13,22,59.1,9,5,1,4,10,35,14,0,Matches
84fb6aff,Xavi Quintillà,es ESP,DF,Villarreal,22,1996,17.5,22,12,14,4,4,10,20,50.0,10,11,4,7,12,34,35,0,Matches
c966fce1,Quique,es ESP,"FW,MF",Eibar,29,1990,5.4,2,1,1,0,1,0,0,,0,3,0,3,0,2,3,0,Matches
b5dd3469,Nemanja Radoja,rs SRB,MF,Levante,26,1993,22.1,43,19,27,16,0,15,46,32.6,31,21,4,17,23,66,24,0,Matches
0c2ac3cb,Rafinha,br BRA,"FW,MF",Barcelona,26,1993,2.1,3,2,1,1,1,1,2,50.0,1,0,0,0,1,4,0,0,Matches
0c2ac3cb,Rafinha,br BRA,MF,Celta Vigo,26,1993,23.5,71,37,29,37,5,20,62,32.3,42,37,4,33,33,104,25,0,Matches
e4086af3,Baba Rahman,gh GHA,DF,Mallorca,25,1994,1.2,3,2,2,0,1,0,0,,0,2,1,1,1,4,2,0,Matches
b857bd29,Antonio Raillo,es ESP,DF,Mallorca,27,1991,30.8,31,21,24,7,0,13,19,68.4,6,31,26,5,22,53,112,1,Matches
89f951b5,Ivan Rakitić,hr CRO,MF,Barcelona,31,1988,17.7,27,14,8,15,4,10,28,35.7,18,19,6,13,15,42,18,1,Matches
833fb62e,Sandro Ramírez,es ESP,"FW,MF",Valladolid,24,1995,14.5,12,10,2,6,4,2,20,10.0,18,11,1,10,7,19,2,0,Matches
d2be40f2,Iván Ramis,es ESP,DF,Eibar,34,1984,5.1,3,2,2,1,0,1,4,25.0,3,2,0,2,4,7,23,2,Matches
c693cf7c,Adrián Ramos,co COL,"FW,MF",Granada,33,1986,2.5,6,2,0,2,4,2,3,66.7,1,2,0,2,1,7,1,0,Matches
08511d65,Sergio Ramos,es ESP,DF,Real Madrid,33,1986,33.5,46,31,26,17,3,20,42,47.6,22,22,9,13,49,95,102,4,Matches
18f0a9f0,Raúl,es ESP,"FW,MF",Betis,18,2000,0.2,0,0,0,0,0,0,2,0.0,2,0,0,0,0,0,0,0,Matches
54073b28,Recio,es ESP,MF,Leganés,28,1991,17.4,30,19,13,12,5,10,40,25.0,30,14,3,11,22,52,9,0,Matches
3353737a,Sergio Reguilón,es ESP,DF,Sevilla,22,1996,27.9,57,30,28,25,4,27,64,42.2,37,25,5,20,33,90,53,0,Matches
605eb473,Manolo Reina,es ESP,GK,Mallorca,34,1985,36.0,0,0,0,0,0,0,1,0.0,1,2,0,2,5,5,9,1,Matches
374ee424,Álex Remiro,es ESP,GK,Real Sociedad,24,1995,25.0,0,0,0,0,0,0,1,0.0,1,0,0,0,0,0,25,1,Matches
ce8039aa,Nico Ribaudo,es ESP,"FW,MF",Espanyol,18,2001,2.0,3,1,1,0,2,2,6,33.3,4,1,0,1,1,4,0,0,Matches
eb3dd471,Luis Rioja,es ESP,MF,Alavés,25,1993,18.2,18,12,11,6,1,8,25,32.0,17,21,0,21,16,34,6,0,Matches
65154df0,Rodrigo Riquelme,es ESP,"FW,MF",Atlético Madrid,19,2000,0.1,0,0,0,0,0,0,0,,0,0,0,0,0,0,0,0,Matches
8ef81d2d,Cristian Rivera,es ESP,MF,Leganés,22,1997,3.5,6,4,3,2,1,2,4,50.0,2,4,3,1,4,10,7,0,Matches
c00097d2,Rober,es ESP,DF,Levante,24,1995,2.1,3,1,2,0,1,2,2,100.0,0,0,0,0,3,6,2,0,Matches
ba3ca78f,Roberto,es ESP,GK,Alavés,33,1986,8.8,1,1,1,0,0,1,1,100.0,0,0,0,0,0,1,2,0,Matches
335fa267,Sergi Roberto,es ESP,"DF,MF",Barcelona,27,1992,26.0,35,22,16,11,8,15,25,60.0,10,12,3,9,33,68,36,0,Matches
cda0b317,Joel Robles,es ESP,GK,Betis,29,1990,32.1,0,0,0,0,0,0,2,0.0,2,0,0,0,0,0,13,2,Matches
da27e268,Marc Roca,es ESP,MF,Espanyol,22,1996,33.4,82,52,29,44,9,29,82,35.4,53,28,10,18,31,113,53,2,Matches
ecd8c01e,Rubén Rochina,es ESP,MF,Levante,28,1991,20.8,41,26,22,9,10,19,52,36.5,33,16,0,16,12,53,19,1,Matches
1fb1c435,Rodrigo,es ESP,FW,Valencia,28,1991,20.9,10,6,4,5,1,2,23,8.7,21,9,1,8,9,19,13,0,Matches
f1bed920,Kévin Rodrigues,pt POR,"DF,MF",Leganés,25,1994,21.5,56,31,31,17,8,25,46,54.3,21,30,3,27,31,87,26,1,Matches
f1bed920,Kévin Rodrigues,pt POR,DF,Real Sociedad,25,1994,0.1,1,0,1,0,0,1,1,100.0,0,0,0,0,0,1,0,0,Matches
8cfc2f69,Ángel Rodríguez,es ESP,FW,Getafe,32,1987,15.6,14,8,2,8,4,2,18,11.1,16,10,1,9,3,17,10,0,Matches
19709006,Óscar Rodríguez Arnaiz,es ESP,"MF,FW",Leganés,21,1998,21.3,23,10,11,7,5,13,41,31.7,28,19,0,19,14,37,13,0,Matches
70f8e0bd,Dani Rodríguez,es ESP,"MF,FW",Mallorca,31,1988,33.8,59,32,24,28,7,18,61,29.5,43,35,3,32,38,97,27,1,Matches
34e393f2,Guido Rodríguez,ar ARG,MF,Betis,25,1994,10.4,24,16,11,11,2,15,25,60.0,10,13,4,9,10,34,21,0,Matches
715bf047,James Rodríguez,co COL,"MF,FW",Real Madrid,28,1991,4.7,17,13,6,8,3,6,12,50.0,6,3,0,3,3,20,1,0,Matches
a5cdedc7,Mario Rodriguez,es ESP,MF,Granada,22,1997,0.0,0,0,0,0,0,0,0,,0,0,0,0,0,0,0,0,Matches
8f5e92a6,Rodrygo,br BRA,FW,Real Madrid,18,2001,11.3,6,1,2,3,1,2,21,9.5,19,13,0,13,10,16,5,0,Matches
ca6edaa0,Luka Romero,ar ARG,FW,Mallorca,14,2004,0.1,0,0,0,0,0,0,0,,0,0,0,0,0,0,0,0,Matches
51e3954c,Facundo Roncaglia,ar ARG,DF,Osasuna,32,1987,14.2,24,20,12,10,2,11,20,55.0,9,18,3,15,22,46,46,0,Matches
81069528,Roberto Rosales,ve VEN,DF,Leganés,30,1988,20.8,42,23,23,17,2,19,43,44.2,24,17,4,13,30,72,48,0,Matches
24279b8b,Rubén,es ESP,GK,Osasuna,35,1984,17.6,1,1,1,0,0,1,1,100.0,0,0,0,0,0,1,9,1,Matches
ccaa5728,Waldo Rubio,es ESP,"MF,FW",Valladolid,23,1995,9.8,13,8,10,3,0,5,31,16.1,26,12,0,12,7,20,7,0,Matches
a55d8df5,Aitor Ruibal,es ESP,"DF,MF",Leganés,23,1996,13.6,27,17,14,11,2,16,39,41.0,23,18,1,17,8,35,11,0,Matches
bfca375c,Jorge Sáenz,es ESP,DF,Celta Vigo,22,1996,4.1,6,1,4,2,0,3,5,60.0,2,5,2,3,10,16,15,0,Matches
1b40049a,Borja Sainz,es ESP,"MF,FW",Alavés,18,2001,6.4,16,9,4,9,3,8,26,30.8,18,14,0,14,3,19,0,0,Matches
bb4a42be,Yannis Salibur,fr FRA,"MF,FW",Mallorca,28,1991,0.9,0,0,0,0,0,0,4,0.0,4,0,0,0,1,1,1,0,Matches
0b33f6ad,Mohammed Salisu,gh GHA,DF,Valladolid,20,1999,30.3,41,24,28,13,0,21,34,61.8,13,32,26,6,35,76,158,3,Matches
efecd633,Fede San Emeterio,es ESP,MF,Valladolid,22,1997,19.5,26,13,18,6,2,7,29,24.1,22,20,8,12,28,54,13,1,Matches
003a5c72,Mikel San José,es ESP,MF,Athletic Club,30,1989,4.0,9,4,2,4,3,2,10,20.0,8,3,1,2,9,18,12,0,Matches
bdb624a3,Oihan Sancet,es ESP,"MF,FW",Athletic Club,19,2000,8.2,11,7,5,4,2,4,11,36.4,7,6,0,6,2,13,2,0,Matches
ea9b2ef9,Germán Sánchez,es ESP,DF,Granada,32,1986,25.5,16,10,12,4,0,6,16,37.5,10,29,23,6,33,49,115,2,Matches
60359288,Javi Sánchez,es ESP,DF,Valladolid,22,1997,5.5,5,4,3,2,0,1,3,33.3,2,4,2,2,4,9,24,0,Matches
ffacd3d5,Manuel Sánchez,es ESP,DF,Atlético Madrid,18,2000,3.6,13,7,2,7,4,8,15,53.3,7,3,0,3,7,20,1,0,Matches
ad4d0985,Víctor Sánchez,es ESP,MF,Espanyol,31,1987,18.8,66,36,36,23,7,30,71,42.3,41,31,8,23,27,93,23,1,Matches
7958dc65,Luca Sangalli,es ESP,MF,Real Sociedad,24,1995,4.1,1,0,0,1,0,1,8,12.5,7,3,0,3,1,2,0,0,Matches
466824fb,Oier Sanjurjo,es ESP,MF,Osasuna,33,1986,25.8,65,34,21,34,10,28,64,43.8,36,33,8,25,35,100,39,1,Matches
d2aea9ac,Ivan Šaponjić,rs SRB,"DF,FW",Atlético Madrid,21,1997,0.1,0,0,0,0,0,0,0,,0,0,0,0,0,0,0,0,Matches
f9acf8bf,Joan Sastre Vanrell,es ESP,DF,Mallorca,22,1997,15.1,30,17,26,3,1,17,39,43.6,22,8,2,6,23,53,27,1,Matches
f6ac68c1,Stefan Savić,me MNE,DF,Atlético Madrid,28,1991,22.0,22,17,11,10,1,11,18,61.1,7,16,9,7,24,46,91,1,Matches
a35134ae,Aleksandar Sedlar,rs SRB,DF,Mallorca,27,1991,9.0,13,6,10,2,1,7,11,63.6,4,17,11,6,16,29,31,0,Matches
d04b94db,Nélson Semedo,pt POR,DF,Barcelona,25,1993,23.3,51,30,27,18,6,21,36,58.3,15,18,3,15,22,73,30,0,Matches
8fc259d7,Josep Señé,es ESP,MF,Mallorca,27,1991,1.7,2,1,2,0,0,2,5,40.0,3,2,1,1,0,2,2,0,Matches
75bd85ea,Salva Sevilla,es ESP,MF,Mallorca,35,1984,28.5,27,21,11,16,0,9,30,30.0,21,17,5,12,29,56,17,1,Matches
b14d0c5d,Sidnei,br BRA,DF,Betis,29,1989,13.1,23,19,17,6,0,9,14,64.3,5,15,12,3,21,44,57,0,Matches
f2308b33,Jonathan Silva,ar ARG,DF,Leganés,25,1994,30.9,60,34,32,22,6,27,52,51.9,25,12,4,8,34,94,46,0,Matches
ea83bfa6,Rui Silva,pt POR,GK,Granada,25,1994,35.0,2,1,2,0,0,2,2,100.0,0,0,0,0,2,4,22,3,Matches
5dcf3e90,Unai Simón,es ESP,GK,Athletic Club,22,1997,33.2,0,0,0,0,0,0,1,0.0,1,1,0,1,1,1,10,1,Matches
92d38e6c,Dimitris Siovas,gr GRE,DF,Leganés,30,1988,21.3,42,31,24,15,3,19,28,67.9,9,14,1,13,46,88,69,0,Matches
fd9c4805,Pione Sisto,dk DEN,"FW,MF",Celta Vigo,24,1995,9.9,17,8,5,6,6,4,19,21.1,15,18,0,18,6,23,4,1,Matches
9970da54,Antonio Sivera,es ESP,GK,Alavés,22,1996,3.0,0,0,0,0,0,0,0,,0,0,0,0,0,0,2,0,Matches
cbbfa2e7,Fyodor Smolov,ru RUS,FW,Celta Vigo,29,1990,8.3,2,1,0,2,0,1,9,11.1,8,6,0,6,7,9,9,0,Matches
062fc2e6,Rafa Soares,pt POR,DF,Eibar,24,1995,4.8,6,5,5,0,1,5,11,45.5,6,1,0,1,2,8,6,0,Matches
19b776e9,Rubén Sobrino,es ESP,"FW,MF",Valencia,27,1992,1.9,7,5,3,2,2,2,3,66.7,1,1,0,1,0,7,1,0,Matches
9d66fbe3,Roberto Soldado,es ESP,FW,Granada,34,1985,26.1,16,9,2,7,7,7,24,29.2,17,16,4,12,4,20,16,0,Matches
fed17f5a,Carlos Soler,es ESP,MF,Valencia,22,1997,23.0,21,10,10,10,1,9,39,23.1,30,16,6,10,9,30,14,0,Matches
6435143e,Kévin Soni,cm CMR,FW,Espanyol,21,1998,0.0,0,0,0,0,0,0,0,,0,0,0,0,0,0,0,0,Matches
8f8c6934,David Soria,es ESP,GK,Getafe,26,1993,38.0,2,1,2,0,0,2,4,50.0,2,0,0,0,3,5,17,5,Matches
09332647,Bruno Soriano,es ESP,"MF,FW",Villarreal,35,1984,2.9,4,0,1,2,1,1,1,100.0,0,4,0,4,1,5,7,0,Matches
5512b1a9,Juan Soriano,es ESP,GK,Leganés,21,1997,11.0,0,0,0,0,0,0,0,,0,0,0,0,0,0,1,1,Matches
ba5004e1,Damián Suárez,uy URU,DF,Getafe,31,1988,28.8,62,32,32,21,9,38,72,52.8,34,25,2,23,27,89,41,0,Matches
12c50af5,Denis Suárez,es ESP,"MF,FW",Celta Vigo,25,1994,18.1,22,15,14,7,1,10,37,27.0,27,9,1,8,14,36,12,1,Matches
a6154613,Luis Suárez,uy URU,FW,Barcelona,32,1987,22.2,4,0,0,1,3,2,12,16.7,10,6,1,5,1,5,11,0,Matches
1d8c99b0,Ki Sung-yueng,kr KOR,MF,Mallorca,30,1989,0.1,0,0,0,0,0,0,1,0.0,1,0,0,0,0,0,0,0,Matches
4e219ad2,Suso,es ESP,"FW,MF",Sevilla,25,1993,8.7,9,4,4,4,1,7,16,43.8,9,6,0,6,2,11,0,0,Matches
8b625720,Tachi,es ESP,DF,Alavés,21,1997,2.6,2,1,2,0,0,1,4,25.0,3,5,4,1,4,6,12,0,Matches
a03c82b2,Rodrigo Tarín,es ESP,DF,Leganés,23,1996,10.6,10,7,8,2,0,9,14,64.3,5,7,3,4,9,19,51,0,Matches
868ce848,Álvaro Tejero,es ESP,DF,Eibar,23,1996,16.1,30,18,17,10,3,14,23,60.9,9,17,4,13,28,58,38,0,Matches
72a99e38,Cristian Tello,es ESP,"MF,FW",Betis,27,1991,8.7,8,5,2,2,4,4,8,50.0,4,5,0,5,4,12,0,0,Matches
6f51e382,Marc-André ter Stegen,de GER,GK,Barcelona,27,1992,36.0,2,2,2,0,0,2,3,66.7,1,0,0,0,2,4,17,6,Matches
174651c8,David Timor,es ESP,"MF,DF",Getafe,29,1989,10.5,9,6,4,5,0,5,16,31.3,11,8,3,5,18,27,23,0,Matches
88f130ed,Jean-Clair Todibo,fr FRA,DF,Barcelona,19,1999,0.9,1,0,1,0,0,0,1,0.0,1,0,0,0,0,1,6,0,Matches
5ceba7fc,Karl Toko Ekambi,cm CMR,FW,Villarreal,26,1992,11.0,5,3,0,3,2,1,4,25.0,3,2,0,2,3,8,2,0,Matches
02ef8778,Raúl de Tomás,es ESP,FW,Espanyol,24,1994,11.9,9,7,3,4,2,4,13,30.8,9,8,1,7,10,19,4,0,Matches
d4ef9ac5,Toño,es ESP,DF,Levante,29,1989,17.7,26,19,18,7,1,15,28,53.6,13,11,3,8,13,39,34,1,Matches
9e1035f8,Ferrán Torres,es ESP,"MF,FW",Valencia,19,2000,25.0,23,15,6,16,1,8,30,26.7,22,20,3,17,14,37,12,0,Matches
58a9a4d9,Óliver Torres,es ESP,"MF,FW",Sevilla,24,1994,17.7,45,27,12,26,7,23,60,38.3,37,23,1,22,13,58,9,1,Matches
532e1e4f,Pau Torres,es ESP,DF,Villarreal,22,1997,33.0,34,21,24,10,0,16,24,66.7,8,39,23,16,27,61,153,1,Matches
d733aa38,Roberto Torres,es ESP,"MF,FW",Osasuna,30,1989,30.2,33,16,12,18,3,21,49,42.9,28,41,2,39,31,64,37,0,Matches
84bba8b6,Aleksandar Trajkovski,mk MKD,"MF,FW",Mallorca,26,1992,3.7,2,0,1,1,0,1,7,14.3,6,2,0,2,3,5,1,0,Matches
963829d0,Manu Trigueros,es ESP,MF,Villarreal,27,1991,17.2,34,21,10,17,7,12,45,26.7,33,23,12,11,4,38,21,0,Matches
21512407,Kieran Trippier,eng ENG,DF,Atlético Madrid,28,1990,22.0,52,34,24,21,7,34,53,64.2,19,33,7,26,24,76,46,0,Matches
3eed9821,Samuel Umtiti,fr FRA,DF,Barcelona,25,1993,10.5,11,5,5,5,1,5,8,62.5,3,4,2,2,22,33,32,0,Matches
f8eca1b6,Enes Ünal,tr TUR,FW,Valladolid,22,1997,26.0,20,12,6,11,3,6,28,21.4,22,17,5,12,6,26,13,0,Matches
7b456af7,Tomáš Vaclík,cz CZE,GK,Sevilla,30,1989,32.5,0,0,0,0,0,0,1,0.0,1,0,0,0,0,0,7,0,Matches
61b62b33,Álvaro Vadillo,es ESP,"FW,MF",Granada,24,1994,13.5,16,11,6,8,2,9,16,56.3,7,12,0,12,7,23,2,0,Matches
84f55b4a,Germán Valera,es ESP,FW,Atlético Madrid,17,2002,0.0,0,0,0,0,0,0,0,,0,1,0,1,0,0,0,0,Matches
f2c6ac01,Martin Valjent,sk SVK,DF,Mallorca,23,1995,35.4,25,17,14,10,1,13,25,52.0,12,39,27,12,37,62,146,1,Matches
c2111b45,Jesús Vallejo,es ESP,DF,Granada,22,1997,7.0,6,5,4,2,0,3,4,75.0,1,7,4,3,5,11,28,0,Matches
0bc4e720,Manu Vallejo,es ESP,"MF,FW",Valencia,22,1997,4.6,7,3,0,3,4,5,9,55.6,4,4,0,4,2,9,2,0,Matches
0959c2a2,Federico Valverde,uy URU,MF,Real Madrid,21,1998,21.2,38,19,9,19,10,12,36,33.3,24,38,4,34,21,59,12,2,Matches
9f8e9423,Raphaël Varane,fr FRA,DF,Real Madrid,26,1993,31.4,30,17,15,14,1,12,23,52.2,11,32,16,16,31,61,124,0,Matches
ce82f116,Matías Vargas,ar ARG,"FW,MF",Espanyol,22,1997,11.4,13,5,7,3,3,4,23,17.4,19,12,2,10,3,16,5,0,Matches
467bae22,Franco Vázquez,ar ARG,"MF,FW",Sevilla,30,1989,12.2,25,17,9,14,2,6,36,16.7,30,13,0,13,10,35,10,0,Matches
ee923664,Kevin Vázquez,es ESP,DF,Celta Vigo,26,1993,14.7,26,15,16,6,4,15,28,53.6,13,18,1,17,26,52,28,0,Matches
fd51b456,Lucas Vázquez,es ESP,"MF,FW",Real Madrid,28,1991,9.4,23,17,10,13,0,11,26,42.3,15,10,0,10,10,33,8,1,Matches
bfb15d99,Koke Vegas,es ESP,GK,Levante,23,1995,2.0,0,0,0,0,0,0,1,0.0,1,0,0,0,0,0,3,0,Matches
4112ace5,Unai Vencedor Paris,es ESP,MF,Athletic Club,18,2000,0.8,0,0,0,0,0,0,0,,0,0,0,0,0,0,0,0,Matches
b0fce72c,Mikel Vesga,es ESP,MF,Athletic Club,26,1993,14.1,25,17,7,12,6,9,45,20.0,36,18,7,11,31,56,24,1,Matches
c67cd65c,Rúben Vezo,pt POR,DF,Levante,25,1994,29.0,41,24,28,13,0,19,35,54.3,16,37,29,8,42,83,144,2,Matches
f681a8ef,Fede Vico,es ESP,"MF,FW",Granada,25,1994,9.7,5,1,2,3,0,2,11,18.2,9,12,1,11,5,10,2,0,Matches
04965583,Aleix Vidal,es ESP,MF,Alavés,29,1989,24.1,21,14,8,11,2,8,37,21.6,29,14,1,13,23,44,18,0,Matches
67cdbc0e,Arturo Vidal,cl CHI,MF,Barcelona,32,1987,18.6,63,38,22,30,11,24,58,41.4,34,31,7,24,17,80,16,1,Matches
3a9c4b7b,Nacho Vidal,es ESP,DF,Osasuna,24,1995,25.9,45,29,26,13,6,21,38,55.3,17,24,6,18,44,89,70,1,Matches
bad38a94,Dídac Vilà,es ESP,DF,Espanyol,30,1989,27.7,73,42,44,23,6,25,61,41.0,36,31,5,26,40,113,63,0,Matches
636eae97,Toni Villa,es ESP,MF,Valladolid,24,1995,15.0,31,16,13,14,4,13,50,26.0,37,16,1,15,8,39,11,0,Matches
57be54ec,Asier Villalibre,es ESP,FW,Athletic Club,21,1997,5.9,0,0,0,0,0,0,3,0.0,3,3,0,3,1,1,4,0,Matches
cde52ef5,Iván Villar,es ESP,GK,Celta Vigo,22,1997,3.1,0,0,0,0,0,0,0,,0,0,0,0,0,0,5,0,Matches
c33ee247,Juan Villar,es ESP,FW,Osasuna,31,1988,2.7,1,0,0,1,0,0,2,0.0,2,4,1,3,1,2,0,0,Matches
db750822,Vitolo,es ESP,"FW,MF",Atlético Madrid,29,1989,13.6,15,12,7,7,1,5,17,29.4,12,9,0,9,10,25,9,0,Matches
46a8347f,Šime Vrsaljko,hr CRO,DF,Atlético Madrid,27,1992,4.0,6,5,6,0,0,5,6,83.3,1,5,3,2,8,14,11,0,Matches
4442fbcd,Nikola Vukčević,me MNE,MF,Levante,27,1991,17.4,41,26,17,17,7,15,40,37.5,25,19,7,12,12,53,16,0,Matches
808df563,Moussa Wagué,sn SEN,DF,Barcelona,20,1998,1.0,2,1,1,0,1,1,1,100.0,0,0,0,0,1,3,0,0,Matches
999908af,Wakaso,gh GHA,MF,Alavés,29,1990,14.3,54,31,25,24,5,16,33,48.5,17,23,5,18,17,71,17,1,Matches
d83bbc54,Daniel Wass,dk DEN,"DF,MF",Valencia,30,1989,30.4,44,25,25,13,6,25,57,43.9,32,22,5,17,31,75,91,1,Matches
6a99e0b1,Iñaki Williams,gh GHA,FW,Athletic Club,25,1994,32.7,15,5,0,7,8,5,18,27.8,13,18,2,16,5,20,29,0,Matches
61bb7498,Yoel,es ESP,GK,Eibar,30,1988,3.0,0,0,0,0,0,0,0,,0,0,0,0,1,1,1,0,Matches
e49ce451,Okay Yokuşlu,tr TUR,MF,Celta Vigo,25,1994,21.9,41,27,18,21,2,20,42,47.6,22,12,5,7,28,69,71,1,Matches
5ca20b7a,Joseba Zaldúa,es ESP,DF,Real Sociedad,27,1992,28.3,62,43,39,18,5,31,59,52.5,28,31,7,24,37,99,71,0,Matches
6bb2c084,Andre-Frank Zambo Anguissa,cm CMR,MF,Villarreal,23,1995,28.7,76,49,29,40,7,26,78,33.3,52,42,6,36,44,120,30,0,Matches
5c7845f6,Igor Zubeldia,es ESP,"MF,DF",Real Sociedad,22,1997,29.3,42,21,18,19,5,17,35,48.6,18,38,21,17,26,68,82,2,Matches
3ee0dd59,Martín Zubimendi,es ESP,MF,Real Sociedad,20,1999,5.8,16,12,9,7,0,6,12,50.0,6,7,0,7,9,25,2,0,Matches
d9bda115,David Zurutuza,es ESP,MF,Real Sociedad,33,1986,1.7,4,3,0,3,1,1,2,50.0,1,1,0,1,4,8,3,0,Matches
79300479,Martin Ødegaard,no NOR,MF,Real Sociedad,20,1998,28.1,27,19,5,14,8,7,34,20.6,27,13,0,13,17,44,5,0,Matches
