,id,MP,Min,90s,Starts,Compl,Subs,unSub,PPM,onG,onGA,+/-,onxG,onxGA,xG+/-,MinGK,MPGK,StartsGK,90sGK
0,005ca692,6,474,5,5,5,1,0,1,1,12,-11,5.4,9.9,-4.5,630,7,7,7
1,00672021,4,266,3,3,0,1,0,1,1,6,-5,2.9,5.3,-2.4,1170,13,13,13
2,007414dd,0,0,0,0,0,0,2,0,0,0,0,0.0,0.0,0.0,90,1,1,1
3,00844823,3,188,2,2,2,1,1,1,1,2,-1,0.4,4.1,-3.7,450,5,5,5
4,00a2c297,0,0,0,0,0,0,1,0,0,0,0,0.0,0.0,0.0,270,3,3,3
5,00f0482f,1,23,0,0,0,1,0,1,0,0,0,0.0,0.2,-0.2,540,6,6,6
6,0107757e,0,0,0,0,0,0,5,0,0,0,0,0.0,0.0,0.0,90,1,1,1
7,012c975a,0,0,0,0,0,0,1,0,0,0,0,0.0,0.0,0.0,450,5,5,5
8,013d348e,0,0,0,0,0,0,6,0,0,0,0,0.0,0.0,0.0,18,1,0,0
9,016ff750,6,117,1,1,0,5,2,2,1,0,1,1.0,1.9,-0.9,450,5,5,5
10,01834aa0,3,205,2,2,2,1,2,0,2,4,-2,1.9,4.8,-2.9,90,1,1,1
11,0193a8bf,6,531,5,6,5,0,0,1,7,11,-4,7.2,10.2,-3.0,180,2,2,2
12,01b8a2b2,7,630,7,7,7,0,1,1,10,10,0,11.1,10.4,0.8,540,6,6,6
13,01c3aff5,6,389,4,4,3,2,0,2,6,7,-1,6.0,7.2,-1.2,1230,13,13,13
14,01df0dc4,0,0,0,0,0,0,1,0,0,0,0,0.0,0.0,0.0,315,4,4,3
15,01eb744d,10,405,4,3,2,7,0,1,5,7,-2,6.4,7.7,-1.3,450,5,5,5
16,02aed921,0,0,0,0,0,0,3,0,0,0,0,0.0,0.0,0.0,225,3,2,2
17,02c15616,9,700,7,8,7,1,0,1,7,4,3,9.8,8.5,1.3,450,5,5,5
18,032f894e,5,404,4,5,2,0,0,2,6,4,2,6.4,4.2,2.3,1002,11,11,11
19,03998238,0,0,0,0,0,0,6,3,0,0,0,0.0,0.0,0.0,270,3,3,3
20,03df04ff,10,900,10,10,10,0,0,1,14,17,-3,11.8,21.4,-9.7,630,7,7,7
21,0401175d,0,0,0,0,0,0,5,0,0,0,0,0.0,0.0,0.0,540,6,6,6
22,042e8a49,9,628,7,8,3,1,0,2,21,4,17,19.9,5.5,14.4,450,5,5,5
23,048a1cbc,3,182,2,2,1,1,0,3,4,1,3,4.2,1.5,2.6,90,1,1,1
24,049a888d,6,182,2,1,0,5,0,0,1,4,-3,2.7,3.3,-0.6,720,8,8,8
25,04e17fd5,2,83,0,1,0,1,0,0,1,1,0,1.4,2.8,-1.3,23,1,0,0
26,05439de2,12,1039,11,12,10,0,1,2,24,11,13,17.4,17.1,0.3,67,1,1,0
27,056269d7,5,222,2,2,1,3,1,1,2,4,-2,3.0,4.9,-1.9,180,2,2,2
28,05d548d8,5,355,3,5,2,0,0,1,8,4,4,7.6,3.4,4.2,540,6,6,6
29,05e19d6a,5,321,3,4,3,1,0,0,5,5,0,5.0,5.4,-0.4,720,8,8,8
30,061e8e23,2,90,1,1,0,1,4,0,0,1,-1,0.1,1.2,-1.2,360,4,4,4
31,0630eb63,1,32,0,0,0,1,7,1,0,0,0,0.1,0.4,-0.3,270,3,3,3
32,0670ee51,5,329,3,4,3,1,1,1,3,6,-3,5.4,7.9,-2.5,90,1,1,1
33,06a1d642,2,53,0,1,0,1,6,3,0,1,-1,0.8,1.9,-1.1,840,9,9,9
34,06d4b2e4,3,95,1,0,0,3,3,0,1,0,1,1.7,0.5,1.2,540,6,6,6
35,06e5b0e4,5,450,5,5,5,0,1,1,0,13,-13,1.4,13.3,-11.8,540,6,6,6
36,07a821e4,0,0,0,0,0,0,8,0,0,0,0,0.0,0.0,0.0,270,3,3,3
37,08511d65,0,0,0,0,0,0,1,0,0,0,0,0.0,0.0,0.0,810,9,9,9
38,0880e10b,0,0,0,0,0,0,2,0,0,0,0,0.0,0.0,0.0,900,10,10,10
39,08d37c53,5,446,5,5,4,0,1,0,1,12,-11,1.4,12.2,-10.8,180,2,2,2
40,08f5afaa,5,450,5,5,5,0,3,2,10,6,4,9.7,8.4,1.3,540,6,6,6
41,091c86e2,2,38,0,0,0,2,4,0,1,2,-1,0.2,2.1,-1.9,90,1,1,1
42,0959c2a2,11,805,8,8,6,3,0,1,19,13,6,14.4,14.7,-0.4,90,1,1,1
43,0a348fdf,0,0,0,0,0,0,3,0,0,0,0,0.0,0.0,0.0,265,3,3,2
44,0a396655,5,355,3,5,1,0,1,1,4,8,-4,1.9,7.6,-5.7,1080,12,12,12
45,0a6dbbf7,3,133,1,1,1,2,3,0,2,6,-4,1.9,7.5,-5.7,5,1,0,0
46,0a89e877,4,55,0,0,0,4,2,1,2,0,2,2.5,1.5,1.0,90,1,1,1
47,0a8fd9cb,1,16,0,0,0,1,4,0,0,0,0,0.1,0.2,-0.1,630,7,7,7
48,0ab1f153,7,472,5,5,3,2,1,1,6,7,-1,7.7,7.7,0.0,270,3,3,3
49,0aeeed3f,3,269,3,3,2,0,0,1,3,6,-3,5.1,4.9,0.2,540,6,6,6
50,0ba976e4,3,154,1,1,0,2,0,2,1,2,-1,1.1,2.2,-1.1,270,3,3,3
51,0be3255b,0,0,0,0,0,0,8,0,0,0,0,0.0,0.0,0.0,90,1,1,1
52,0c09c984,2,124,1,1,1,1,0,1,1,1,0,0.2,2.6,-2.3,90,1,1,1
53,0c152537,5,133,1,1,0,4,2,1,2,4,-2,2.2,2.7,-0.5,900,10,10,10
54,0c61c77c,6,299,3,2,2,4,0,0,3,7,-4,2.9,7.8,-5.0,0,0,0,0
55,0cc5f4a5,5,324,3,3,3,2,0,1,3,7,-4,3.4,7.9,-4.5,0,0,0,0
56,0d267745,9,810,9,9,9,0,1,1,12,12,0,10.8,16.6,-5.8,0,0,0,0
57,0d3aa112,0,0,0,0,0,0,1,0,0,0,0,0.0,0.0,0.0,0,0,0,0
58,0d48a5bb,0,0,0,0,0,0,8,0,0,0,0,0.0,0.0,0.0,0,0,0,0
59,0d82903c,7,552,6,7,5,0,0,2,10,6,4,11.2,7.1,4.1,0,0,0,0
60,0d85a4e8,0,0,0,0,0,0,9,0,0,0,0,0.0,0.0,0.0,0,0,0,0
61,0d9b2d31,2,157,1,2,1,0,0,0,0,4,-4,1.4,3.1,-1.7,0,0,0,0
62,0db169ae,6,331,3,4,0,2,0,0,2,6,-4,2.3,6.1,-3.7,0,0,0,0
63,0e5b695f,1,1,0,0,0,1,0,3,0,0,0,0.0,0.0,0.0,0,0,0,0
64,0e6bc38c,4,52,0,0,0,4,2,2,4,1,3,1.5,0.8,0.7,0,0,0,0
65,0e96a5e1,5,417,4,5,2,0,1,1,5,8,-3,4.8,7.0,-2.2,0,0,0,0
66,0eb83e1a,6,314,3,3,2,3,0,1,4,9,-5,1.9,7.4,-5.5,0,0,0,0
67,0ef89a37,4,111,1,0,0,4,2,0,0,3,-3,0.4,3.5,-3.0,0,0,0,0
68,0f41e2ee,2,180,2,2,2,0,8,1,2,5,-3,2.0,5.4,-3.4,0,0,0,0
69,0f697e02,0,0,0,0,0,0,2,0,0,0,0,0.0,0.0,0.0,0,0,0,0
70,0fa11d7d,0,0,0,0,0,0,1,0,0,0,0,0.0,0.0,0.0,0,0,0,0
71,101da2b5,8,353,3,2,2,6,4,1,6,9,-3,8.8,6.9,2.0,0,0,0,0
72,10549b49,5,304,3,3,2,2,0,0,6,8,-2,5.8,6.4,-0.6,0,0,0,0
73,108fe016,5,256,2,2,1,3,1,1,1,9,-8,4.0,4.7,-0.8,0,0,0,0
74,10b26721,0,0,0,0,0,0,3,3,0,0,0,0.0,0.0,0.0,0,0,0,0
75,118b60ce,0,0,0,0,0,0,3,0,0,0,0,0.0,0.0,0.0,0,0,0,0
76,119b9a8e,9,791,8,9,6,0,1,1,18,9,9,17.9,6.8,11.1,0,0,0,0
77,11b9265b,7,311,3,3,0,4,0,1,9,8,1,6.4,5.3,1.1,0,0,0,0
78,11c7fa75,3,270,3,3,3,0,2,1,4,6,-2,3.1,4.6,-1.5,0,0,0,0
79,11d8aff0,1,90,1,1,1,0,5,3,5,0,5,3.8,0.9,2.9,0,0,0,0
80,1265a93a,6,506,5,5,5,1,1,2,12,8,4,10.6,7.4,3.3,0,0,0,0
81,129af0db,7,517,5,6,2,1,0,1,8,8,0,10.5,7.0,3.5,0,0,0,0
82,12dcbdcc,8,386,4,2,2,6,0,1,9,13,-4,5.3,8.5,-3.2,0,0,0,0
83,13203c45,6,361,4,4,1,2,0,0,3,6,-3,2.4,7.4,-4.9,0,0,0,0
84,1338e42b,9,713,7,8,3,1,1,1,13,13,0,10.8,16.7,-5.9,0,0,0,0
85,13619663,0,0,0,0,0,0,1,0,0,0,0,0.0,0.0,0.0,0,0,0,0
86,1467af0d,5,430,4,5,3,0,1,2,11,6,5,10.5,6.9,3.6,0,0,0,0
87,149c5f5d,3,58,0,0,0,3,3,1,2,3,-1,0.8,0.9,-0.1,0,0,0,0
88,14b8fcdf,4,179,2,2,1,2,3,2,1,2,-1,4.2,2.2,1.9,0,0,0,0
89,14e05913,0,0,0,0,0,0,4,0,0,0,0,0.0,0.0,0.0,0,0,0,0
90,150ff1df,0,0,0,0,0,0,1,0,0,0,0,0.0,0.0,0.0,0,0,0,0
91,15f3ec41,5,288,3,3,0,2,1,2,8,2,6,8.7,3.8,4.9,0,0,0,0
92,15fd5593,7,236,2,1,1,6,0,2,7,2,5,5.0,3.0,2.0,0,0,0,0
93,162efffd,9,578,6,5,3,4,1,1,8,7,1,9.7,10.2,-0.5,0,0,0,0
94,165a2e40,7,529,5,6,4,1,0,1,5,4,1,6.5,5.2,1.4,0,0,0,0
95,16ceb862,5,260,2,3,0,2,0,0,1,4,-3,1.6,4.6,-3.0,0,0,0,0
96,17370b95,2,25,0,0,0,2,4,2,1,0,1,0.8,0.1,0.7,0,0,0,0
97,17734ea0,0,0,0,0,0,0,2,0,0,0,0,0.0,0.0,0.0,0,0,0,0
98,178ae8f8,11,578,6,7,1,4,1,2,14,7,7,15.3,4.8,10.5,0,0,0,0
99,17e3e467,6,485,5,6,4,0,0,0,1,8,-7,3.6,7.6,-4.0,0,0,0,0
100,1840e36d,13,1230,13,13,13,0,0,2,29,14,15,21.7,20.8,0.8,0,0,0,0
101,18a88e3e,1,3,0,0,0,1,4,0,1,0,1,0.5,0.0,0.5,0,0,0,0
102,18b896d6,9,840,9,9,9,0,1,2,18,7,11,16.3,8.4,7.9,0,0,0,0
103,1940be91,0,0,0,0,0,0,7,0,0,0,0,0.0,0.0,0.0,0,0,0,0
104,19709006,1,23,0,0,0,1,5,0,0,0,0,0.0,0.1,-0.1,0,0,0,0
105,19a967ab,3,23,0,0,0,3,3,1,0,3,-3,0.6,1.1,-0.5,0,0,0,0
106,19cae58d,6,397,4,4,1,2,0,1,1,6,-5,4.6,7.0,-2.4,0,0,0,0
107,19cda00b,5,259,2,3,0,2,0,1,5,3,2,7.3,4.3,3.0,0,0,0,0
108,1a2935f6,4,315,3,4,3,0,1,0,5,9,-4,4.7,6.7,-2.0,0,0,0,0
109,1a4b9094,5,128,1,0,0,5,3,3,4,2,2,2.4,1.4,1.0,0,0,0,0
110,1a799243,8,715,7,8,7,0,0,1,10,14,-4,12.2,12.7,-0.5,0,0,0,0
111,1a992676,4,143,1,1,0,3,2,1,3,3,0,3.2,3.5,-0.2,0,0,0,0
112,1adcf39e,4,360,4,4,4,0,1,1,1,6,-5,4.1,6.6,-2.5,0,0,0,0
113,1b81794d,4,63,0,0,0,4,1,1,2,3,-1,0.8,2.0,-1.2,0,0,0,0
114,1bacc518,6,522,5,6,5,0,0,1,2,9,-7,6.1,9.0,-2.8,0,0,0,0
115,1bd5735a,6,159,1,1,1,5,0,0,0,3,-3,1.7,1.5,0.2,0,0,0,0
116,1be8c1b9,0,0,0,0,0,0,1,0,0,0,0,0.0,0.0,0.0,0,0,0,0
117,1bf33a9a,7,366,4,4,0,3,0,2,9,6,3,6.4,5.5,0.9,0,0,0,0
118,1c78737d,6,109,1,0,0,6,0,0,5,2,3,4.5,1.1,3.4,0,0,0,0
119,1cadaf34,0,0,0,0,0,0,6,0,0,0,0,0.0,0.0,0.0,0,0,0,0
120,1cb49278,8,601,6,8,5,0,2,2,12,6,6,10.6,6.9,3.6,0,0,0,0
121,1cbe4984,4,171,1,2,0,2,0,0,2,4,-2,2.4,3.5,-1.1,0,0,0,0
122,1e064bfb,1,90,1,1,1,0,5,1,0,0,0,0.6,1.0,-0.4,0,0,0,0
123,1e1378e1,8,513,5,6,2,2,0,1,9,10,-1,10.6,7.2,3.4,0,0,0,0
124,1e4319ac,1,10,0,0,0,1,1,0,0,0,0,0.1,0.1,0.0,0,0,0,0
125,1e9aa637,0,0,0,0,0,0,5,0,0,0,0,0.0,0.0,0.0,0,0,0,0
126,1f079188,2,18,0,0,0,2,9,1,0,1,-1,1.3,0.5,0.8,0,0,0,0
127,1f44ac21,3,203,2,2,1,1,0,2,4,4,0,5.1,3.0,2.1,0,0,0,0
128,1f8f8dda,0,0,0,0,0,0,4,0,0,0,0,0.0,0.0,0.0,0,0,0,0
129,1fa85681,0,0,0,0,0,0,1,0,0,0,0,0.0,0.0,0.0,0,0,0,0
130,1fbbfbde,6,540,6,6,6,0,0,1,11,8,3,10.3,7.5,2.8,0,0,0,0
131,20030c06,4,315,3,4,3,0,0,0,7,13,-6,6.3,8.0,-1.7,0,0,0,0
132,206e6233,0,0,0,0,0,0,1,0,0,0,0,0.0,0.0,0.0,0,0,0,0
133,20730eae,4,291,3,4,1,0,1,0,4,4,0,2.8,5.8,-2.9,0,0,0,0
134,2146785a,4,315,3,4,3,0,0,0,3,7,-4,2.6,6.9,-4.3,0,0,0,0
135,21512407,3,219,2,3,2,0,1,1,2,6,-4,2.5,4.9,-2.4,0,0,0,0
136,2180c761,0,0,0,0,0,0,1,0,0,0,0,0.0,0.0,0.0,0,0,0,0
137,23505094,0,0,0,0,0,0,2,0,0,0,0,0.0,0.0,0.0,0,0,0,0
138,24051310,6,387,4,5,2,1,0,0,2,6,-4,4.3,5.7,-1.5,0,0,0,0
139,244bc2c8,8,259,2,3,0,5,1,1,4,7,-3,5.4,4.5,0.9,0,0,0,0
140,245d9bfc,0,0,0,0,0,0,2,0,0,0,0,0.0,0.0,0.0,0,0,0,0
141,2475dcc6,7,630,7,7,7,0,1,2,18,6,12,16.9,8.8,8.1,0,0,0,0
142,24fc70d3,4,346,3,4,3,0,0,1,4,7,-3,5.5,6.9,-1.5,0,0,0,0
143,2567b7b6,6,540,6,6,6,0,0,1,7,11,-4,4.4,12.2,-7.9,0,0,0,0
144,277c49ed,6,540,6,6,6,0,0,0,5,10,-5,4.8,11.1,-6.2,0,0,0,0
145,2784f898,12,1074,11,12,9,0,0,2,26,11,15,20.2,17.0,3.2,0,0,0,0
146,27d0a506,7,524,5,7,2,0,1,1,8,12,-4,8.9,8.0,0.9,0,0,0,0
147,28b1f3ce,6,447,5,6,2,0,0,0,2,4,-2,6.2,4.1,2.1,0,0,0,0
148,28c6e925,8,646,7,8,4,0,0,1,9,10,-1,11.4,11.5,-0.1,0,0,0,0
149,28cb9f21,0,0,0,0,0,0,1,0,0,0,0,0.0,0.0,0.0,0,0,0,0
150,28d596a0,1,90,1,1,1,0,9,1,3,3,0,2.7,2.6,0.0,0,0,0,0
151,292a652a,3,193,2,2,2,1,2,0,1,6,-5,2.8,3.7,-0.9,0,0,0,0
152,292f1130,4,312,3,4,3,0,1,0,2,11,-9,3.3,10.9,-7.5,0,0,0,0
153,2946f9a1,9,575,6,5,3,4,4,2,11,8,3,10.5,9.7,0.8,0,0,0,0
154,29733c72,3,96,1,1,0,2,5,1,1,1,0,1.2,1.3,-0.1,0,0,0,0
155,2973d8ff,5,384,4,4,4,1,0,0,2,14,-12,3.2,15.3,-12.1,0,0,0,0
156,29c02c9f,0,0,0,0,0,0,7,0,0,0,0,0.0,0.0,0.0,0,0,0,0
157,2a0c8ba4,6,326,3,4,0,2,0,1,2,3,-1,3.6,4.4,-0.8,0,0,0,0
158,2a1beb34,6,482,5,6,4,0,0,1,9,12,-3,8.1,7.8,0.3,0,0,0,0
159,2a6cd437,5,174,1,1,0,4,1,1,2,6,-4,3.8,3.4,0.3,0,0,0,0
160,2b0852db,4,42,0,0,0,4,4,0,1,3,-2,0.2,0.8,-0.6,0,0,0,0
161,2b09d998,5,293,3,3,2,2,0,0,7,12,-5,6.1,8.1,-2.0,0,0,0,0
162,2b114be3,10,795,8,9,5,1,0,2,28,5,23,22.9,5.9,16.9,0,0,0,0
163,2bab583c,1,1,0,0,0,1,1,2,1,0,1,0.4,0.0,0.4,0,0,0,0
164,2bc28bb9,2,180,2,2,2,0,1,3,4,1,3,2.5,2.5,0.0,0,0,0,0
165,2bed3eab,4,246,2,3,1,1,1,1,1,5,-4,2.3,5.0,-2.6,0,0,0,0
166,2bef2bca,5,367,4,4,3,1,0,0,0,9,-9,3.1,8.0,-4.9,0,0,0,0
167,2bf50b37,5,165,1,1,0,4,3,0,2,8,-6,1.3,7.1,-5.8,0,0,0,0
168,2c0558b8,8,449,5,5,2,3,0,2,14,2,12,11.8,3.3,8.5,0,0,0,0
169,2c0f8e9e,6,159,1,1,0,5,1,1,2,4,-2,1.5,1.4,0.1,0,0,0,0
170,2c56a792,4,248,2,2,2,2,2,1,1,3,-2,2.4,5.7,-3.3,0,0,0,0
171,2ccd89a3,4,329,3,4,2,0,1,1,5,10,-5,4.0,11.4,-7.4,0,0,0,0
172,2cf496fb,2,85,0,0,0,2,2,0,1,3,-2,0.6,1.3,-0.7,0,0,0,0
173,2d970560,2,100,1,2,1,0,1,2,2,2,0,1.4,2.3,-0.9,0,0,0,0
174,2dce876a,0,0,0,0,0,0,1,0,0,0,0,0.0,0.0,0.0,0,0,0,0
175,2e0f6a18,4,203,2,2,2,2,3,0,2,4,-2,2.0,3.7,-1.7,0,0,0,0
176,2e4f5f03,10,826,9,9,8,1,3,2,22,10,12,19.5,9.2,10.4,0,0,0,0
177,2e7ff968,0,0,0,0,0,0,5,0,0,0,0,0.0,0.0,0.0,0,0,0,0
178,2ebc1b44,3,92,1,1,0,2,3,0,0,2,-2,1.8,1.3,0.6,0,0,0,0
179,2edbd8d5,1,90,1,1,1,0,5,0,1,3,-2,0.4,2.3,-1.9,0,0,0,0
180,2ef7c612,6,496,5,6,2,0,0,0,5,17,-12,5.4,16.7,-11.3,0,0,0,0
181,2f33776f,1,55,0,1,0,0,0,0,0,3,-3,0.8,2.5,-1.7,0,0,0,0
182,2f72f79e,6,288,3,2,2,4,0,0,0,8,-8,0.5,8.2,-7.7,0,0,0,0
183,2f7af524,3,190,2,2,2,1,2,0,0,9,-9,1.3,6.3,-5.1,0,0,0,0
184,2f90f6b8,8,213,2,3,0,5,3,2,7,3,4,5.2,3.1,2.2,0,0,0,0
185,2fa2a875,0,0,0,0,0,0,10,0,0,0,0,0.0,0.0,0.0,0,0,0,0
186,2fabebc0,2,180,2,2,2,0,4,1,4,4,0,4.5,2.9,1.7,0,0,0,0
187,2fba6108,3,172,1,2,1,1,3,0,2,2,0,2.4,1.7,0.7,0,0,0,0
188,2fbe6af0,1,21,0,0,0,1,3,1,1,0,1,0.9,0.4,0.5,0,0,0,0
189,30223b33,0,0,0,0,0,0,2,0,0,0,0,0.0,0.0,0.0,0,0,0,0
190,3061e1ec,0,0,0,0,0,0,13,0,0,0,0,0.0,0.0,0.0,0,0,0,0
191,30941e96,5,430,4,5,3,0,0,1,14,11,3,11.9,8.1,3.7,0,0,0,0
192,30d4a2e5,5,450,5,5,5,0,0,0,1,10,-9,3.1,8.1,-4.9,0,0,0,0
193,30e03a25,3,81,0,0,0,3,3,1,2,4,-2,0.3,2.7,-2.4,0,0,0,0
194,30f5ffa9,8,720,8,8,8,0,0,1,9,7,2,12.8,7.8,5.0,0,0,0,0
195,31a62dc7,7,589,6,7,5,0,1,1,7,4,3,9.2,4.5,4.7,0,0,0,0
196,31c69ef1,8,664,7,7,7,1,2,1,23,13,10,17.2,7.4,9.8,0,0,0,0
197,3239a8ed,0,0,0,0,0,0,1,0,0,0,0,0.0,0.0,0.0,0,0,0,0
198,3260690c,6,235,2,2,0,4,0,1,2,5,-3,3.4,3.4,0.1,0,0,0,0
199,327fe63e,0,0,0,0,0,0,2,0,0,0,0,0.0,0.0,0.0,0,0,0,0
200,32a76d05,0,0,0,0,0,0,2,0,0,0,0,0.0,0.0,0.0,0,0,0,0
201,32f76907,1,1,0,0,0,1,0,3,0,0,0,0.0,0.0,0.0,0,0,0,0
202,335fa267,3,168,1,2,0,1,0,1,0,5,-5,1.4,3.3,-1.8,0,0,0,0
203,33651873,7,560,6,7,6,0,0,1,13,13,0,11.3,10.7,0.5,0,0,0,0
204,3376a776,4,125,1,1,0,3,2,1,2,1,1,2.4,1.8,0.6,0,0,0,0
205,33887998,9,840,9,9,9,0,1,2,18,7,11,16.3,8.4,7.9,0,0,0,0
206,3392603d,6,540,6,6,6,0,1,2,20,6,14,15.2,7.7,7.5,0,0,0,0
207,33b11df6,6,481,5,6,3,0,0,0,8,8,0,8.2,6.8,1.4,0,0,0,0
208,33b8d077,8,631,7,8,4,0,0,1,9,6,3,12.2,6.7,5.5,0,0,0,0
209,33d2c795,0,0,0,0,0,0,7,0,0,0,0,0.0,0.0,0.0,0,0,0,0
210,34551ef5,0,0,0,0,0,0,6,0,0,0,0,0.0,0.0,0.0,0,0,0,0
211,34693494,1,1,0,0,0,1,1,3,0,0,0,0.0,0.0,0.0,0,0,0,0
212,346d51d9,9,810,9,9,9,0,1,1,12,12,0,10.8,16.6,-5.8,0,0,0,0
213,34a88e3e,1,10,0,0,0,1,1,0,0,0,0,0.1,0.0,0.1,0,0,0,0
214,34c3b935,3,265,2,3,2,0,3,0,1,2,-1,3.6,2.4,1.2,0,0,0,0
215,353eb529,0,0,0,0,0,0,1,0,0,0,0,0.0,0.0,0.0,0,0,0,0
216,35862524,5,99,1,0,0,5,0,1,1,0,1,2.1,1.9,0.2,0,0,0,0
217,36a3ff67,6,497,5,6,4,0,0,1,8,9,-1,10.1,6.8,3.3,0,0,0,0
218,374d5158,4,187,2,2,1,2,2,1,2,1,1,2.6,1.2,1.4,0,0,0,0
219,384d58d9,1,10,0,0,0,1,0,1,0,0,0,0.1,0.0,0.1,0,0,0,0
220,387e1d35,1,7,0,0,0,1,3,1,0,0,0,0.5,0.0,0.4,0,0,0,0
221,38c7feef,6,301,3,3,1,3,7,3,9,2,7,6.7,3.1,3.6,0,0,0,0
222,392a7aea,6,540,6,6,6,0,0,0,6,20,-14,6.1,19.5,-13.4,0,0,0,0
223,39769cff,8,720,8,8,8,0,0,1,10,14,-4,12.3,12.7,-0.5,0,0,0,0
224,3a24769f,3,97,1,1,0,2,3,1,2,2,0,3.8,2.4,1.4,0,0,0,0
225,3b029691,6,223,2,1,1,5,0,0,2,7,-5,3.4,5.8,-2.3,0,0,0,0
226,3b333ac3,1,90,1,1,1,0,0,0,2,3,-1,2.0,2.2,-0.2,0,0,0,0
227,3b61c9ec,1,4,0,0,0,1,1,1,0,0,0,0.0,0.0,0.0,0,0,0,0
228,3b8674e6,5,378,4,5,0,0,1,2,5,3,2,7.2,3.7,3.5,0,0,0,0
229,3b996663,4,162,1,2,1,2,1,0,0,4,-4,1.9,2.8,-0.9,0,0,0,0
230,3bb7b8b4,11,1002,11,11,10,0,1,2,28,14,14,24.7,9.2,15.5,0,0,0,0
231,3bb7f478,7,537,6,7,3,0,1,1,7,5,2,11.2,5.6,5.6,0,0,0,0
232,3c6089ab,10,776,8,9,5,1,0,2,23,6,17,18.4,6.8,11.6,0,0,0,0
233,3cefcaef,10,864,9,10,7,0,0,2,21,11,10,13.0,13.7,-0.7,0,0,0,0
234,3d50bcdb,6,172,1,1,0,5,1,2,2,2,0,3.3,3.2,0.1,0,0,0,0
235,3d62c18b,5,450,5,5,5,0,1,0,1,6,-5,3.9,6.2,-2.3,0,0,0,0
236,3e1550ee,1,18,0,0,0,1,11,1,0,0,0,0.7,0.5,0.2,0,0,0,0
237,3e96f3e7,4,305,3,4,2,0,1,0,2,12,-10,3.5,10.7,-7.3,0,0,0,0
238,3ead85f9,5,393,4,4,4,1,1,0,4,6,-2,4.1,6.8,-2.6,0,0,0,0
239,3eb22ec9,11,874,9,11,5,0,0,2,23,12,11,20.2,7.2,13.0,0,0,0,0
240,3eed9821,0,0,0,0,0,0,6,0,0,0,0,0.0,0.0,0.0,0,0,0,0
241,3ef0af0d,1,12,0,0,0,1,1,1,1,1,0,0.1,0.2,0.0,0,0,0,0
242,3effaa34,6,407,4,5,1,1,0,1,12,10,2,10.4,7.6,2.8,0,0,0,0
243,3f034750,6,540,6,6,6,0,2,1,7,4,3,8.0,5.4,2.6,0,0,0,0
244,3f10bd22,4,330,3,4,2,0,0,0,3,4,-1,4.6,6.5,-1.9,0,0,0,0
245,3f359b33,2,180,2,2,2,0,1,0,2,6,-4,2.9,6.9,-4.1,0,0,0,0
246,3fd07ca3,0,0,0,0,0,0,6,0,0,0,0,0.0,0.0,0.0,0,0,0,0
247,407feb71,5,348,3,5,1,0,0,0,5,6,-1,4.3,6.1,-1.8,0,0,0,0
248,41034650,8,572,6,6,5,2,0,2,16,6,10,14.6,7.1,7.5,0,0,0,0
249,4142f132,5,43,0,0,0,5,2,1,1,1,0,0.4,1.0,-0.6,0,0,0,0
250,415568b5,2,84,0,1,0,1,3,0,1,0,1,1.8,0.4,1.4,0,0,0,0
251,41e7ef1c,0,0,0,0,0,0,4,0,0,0,0,0.0,0.0,0.0,0,0,0,0
252,41f0b196,3,270,3,3,3,0,2,1,1,9,-8,2.7,7.1,-4.5,0,0,0,0
253,41f32541,6,540,6,6,6,0,0,1,5,5,0,7.2,7.8,-0.6,0,0,0,0
254,42130443,1,90,1,1,1,0,8,0,1,2,-1,1.2,1.7,-0.5,0,0,0,0
255,42eaa028,5,297,3,3,1,2,0,1,6,1,5,5.6,1.9,3.7,0,0,0,0
256,42fd9c7f,8,671,7,8,5,0,0,1,15,11,4,14.1,13.4,0.7,0,0,0,0
257,4315f30d,2,101,1,1,1,1,7,2,3,3,0,2.7,2.7,-0.1,0,0,0,0
258,436a9dd0,6,326,3,4,2,2,1,1,6,4,2,3.9,6.7,-2.9,0,0,0,0
259,43a166b4,7,187,2,2,0,5,4,2,4,3,1,3.9,2.3,1.6,0,0,0,0
260,43b78598,3,49,0,0,0,3,4,1,0,0,0,1.1,0.5,0.6,0,0,0,0
261,442b56fa,6,411,4,5,2,1,0,0,5,7,-2,4.1,7.9,-3.8,0,0,0,0
262,448a3608,6,278,3,3,1,3,0,0,6,3,3,5.8,2.2,3.5,0,0,0,0
263,44ac04e9,4,126,1,1,0,3,3,1,0,2,-2,1.1,2.4,-1.3,0,0,0,0
264,44eb9093,3,147,1,1,1,2,5,2,1,2,-1,1.4,2.9,-1.5,0,0,0,0
265,44f050bc,0,0,0,0,0,0,1,0,0,0,0,0.0,0.0,0.0,0,0,0,0
266,45a03961,10,762,8,9,6,1,0,2,23,7,16,20.7,7.0,13.7,0,0,0,0
267,45af8a54,8,209,2,2,0,6,5,2,5,1,4,2.9,4.5,-1.5,0,0,0,0
268,45b9b619,5,111,1,0,0,5,1,2,1,2,-1,0.9,2.1,-1.1,0,0,0,0
269,45db685d,8,557,6,7,3,1,1,2,12,5,7,9.7,5.6,4.1,0,0,0,0
270,4601e194,5,373,4,5,3,0,0,1,2,2,0,4.7,3.8,1.0,0,0,0,0
271,46a8347f,5,306,3,3,3,2,4,0,4,4,0,5.8,3.9,1.9,0,0,0,0
272,47aaf574,4,119,1,0,0,4,2,1,0,4,-4,0.3,3.9,-3.6,0,0,0,0
273,47dc80f5,9,345,3,4,0,5,0,1,5,9,-4,5.3,9.8,-4.6,0,0,0,0
274,47fd5136,6,494,5,6,3,0,0,0,8,8,0,8.6,7.1,1.4,0,0,0,0
275,481c9ece,7,466,5,5,2,2,1,1,7,6,1,6.7,5.5,1.2,0,0,0,0
276,484a3eae,1,2,0,0,0,1,0,1,0,0,0,0.0,0.4,-0.4,0,0,0,0
277,489e80e3,8,669,7,8,5,0,0,1,8,12,-4,11.3,11.9,-0.7,0,0,0,0
278,48b3dd60,6,268,3,2,2,4,0,1,3,5,-2,4.7,5.0,-0.3,0,0,0,0
279,48d5bd33,5,301,3,3,1,2,1,1,7,7,0,5.6,4.2,1.4,0,0,0,0
280,48df060a,1,1,0,0,0,1,5,0,0,0,0,0.0,0.1,-0.1,0,0,0,0
281,49296448,8,701,7,8,7,0,0,2,25,5,20,22.1,5.6,16.5,0,0,0,0
282,493924a7,6,328,3,4,2,2,0,0,2,5,-3,2.3,5.8,-3.5,0,0,0,0
283,4943d9c2,0,0,0,0,0,0,3,0,0,0,0,0.0,0.0,0.0,0,0,0,0
284,4958bfb2,11,955,10,11,7,0,0,2,21,11,10,13.7,18.4,-4.7,0,0,0,0
285,49fe9070,5,246,2,3,1,2,4,2,9,4,5,6.3,3.7,2.6,0,0,0,0
286,4a1a9578,13,905,10,10,5,3,0,2,17,14,3,18.9,11.4,7.5,0,0,0,0
287,4a5839fa,2,156,1,1,1,1,2,0,1,7,-6,1.2,3.8,-2.6,0,0,0,0
288,4b3c863f,0,0,0,0,0,0,5,0,0,0,0,0.0,0.0,0.0,0,0,0,0
289,4b803b3c,7,571,6,7,5,0,0,1,8,14,-6,10.4,11.4,-1.0,0,0,0,0
290,4bd414c1,12,1042,11,12,9,0,0,1,18,15,3,17.5,17.1,0.4,0,0,0,0
291,4c184730,5,118,1,1,0,4,0,1,5,2,3,3.1,1.2,1.8,0,0,0,0
292,4c2a5d34,6,490,5,6,2,0,0,0,3,8,-5,7.1,7.2,-0.2,0,0,0,0
293,4c2fa917,0,0,0,0,0,0,1,0,0,0,0,0.0,0.0,0.0,0,0,0,0
294,4c370d81,7,325,3,2,1,5,0,2,11,6,5,7.1,4.3,2.8,0,0,0,0
295,4c62d0c8,1,90,1,1,1,0,7,3,1,0,1,2.1,0.2,1.9,0,0,0,0
296,4cde5509,4,163,1,1,1,3,0,1,2,3,-1,2.1,2.7,-0.6,0,0,0,0
297,4ce20e90,1,24,0,0,0,1,1,0,1,2,-1,0.2,0.7,-0.5,0,0,0,0
298,4d034881,1,16,0,0,0,1,0,3,0,0,0,0.0,0.0,0.0,0,0,0,0
299,4d1666ff,5,450,5,5,5,0,0,1,5,5,0,6.2,7.0,-0.8,0,0,0,0
300,4d1c4a5d,0,0,0,0,0,0,1,0,0,0,0,0.0,0.0,0.0,0,0,0,0
301,4d224fe8,11,910,10,11,6,0,1,2,17,8,9,14.0,14.2,-0.2,0,0,0,0
302,4d77b365,10,614,6,6,2,4,0,1,11,11,0,9.1,13.5,-4.4,0,0,0,0
303,4d8cd038,3,114,1,1,0,2,6,2,1,1,0,2.3,1.0,1.3,0,0,0,0
304,4dbd0916,8,375,4,5,0,3,0,1,5,4,1,6.6,4.1,2.5,0,0,0,0
305,4e219ad2,4,225,2,4,0,0,0,0,2,4,-2,3.1,5.4,-2.4,0,0,0,0
306,4e3f5992,2,95,1,1,1,1,4,0,0,5,-5,0.3,2.7,-2.4,0,0,0,0
307,4f1e6a0b,5,205,2,2,1,3,1,3,5,2,3,4.5,3.2,1.3,0,0,0,0
308,4f28a6ff,4,343,3,4,2,0,2,1,2,3,-1,4.5,3.5,1.0,0,0,0,0
309,4fb9c88f,4,186,2,2,1,2,3,2,5,2,3,5.2,1.5,3.7,0,0,0,0
310,501055d8,8,602,6,8,1,0,0,1,9,11,-2,11.6,11.2,0.4,0,0,0,0
311,506daeac,1,7,0,0,0,1,4,3,0,0,0,0.7,0.0,0.7,0,0,0,0
312,507c7bdf,7,518,5,6,3,1,0,1,10,8,2,7.8,8.0,-0.3,0,0,0,0
313,50871bcc,3,141,1,2,0,1,0,1,1,2,-1,1.6,1.0,0.6,0,0,0,0
314,50dc94ce,4,204,2,3,1,1,2,1,3,1,2,2.0,2.4,-0.3,0,0,0,0
315,515ebe8d,2,91,1,1,1,1,4,3,2,1,1,1.9,1.4,0.4,0,0,0,0
316,51960957,4,78,0,0,0,4,0,0,1,1,0,0.9,2.2,-1.3,0,0,0,0
317,51a3c4c8,7,469,5,6,3,1,1,1,4,7,-3,5.2,5.4,-0.1,0,0,0,0
318,51cf8561,8,502,5,5,4,3,3,2,13,12,1,10.1,7.3,2.7,0,0,0,0
319,51dbeea9,3,67,0,0,0,3,5,2,1,2,-1,2.5,1.1,1.4,0,0,0,0
320,527f063d,4,79,0,0,0,4,0,1,4,0,4,1.6,1.4,0.3,0,0,0,0
321,52b3c895,5,450,5,5,5,0,1,0,2,17,-15,4.2,17.2,-13.0,0,0,0,0
322,52e101a8,1,90,1,1,1,0,5,0,0,5,-5,0.3,2.7,-2.4,0,0,0,0
323,52ec54d0,7,579,6,6,5,1,0,2,10,6,4,11.3,6.7,4.7,0,0,0,0
324,532e1e4f,12,1080,12,12,12,0,0,1,20,16,4,19.4,18.6,0.9,0,0,0,0
325,5360a956,0,0,0,0,0,0,3,0,0,0,0,0.0,0.0,0.0,0,0,0,0
326,536cebe5,2,115,1,2,0,0,0,0,3,3,0,2.2,2.5,-0.4,0,0,0,0
327,539230cf,3,100,1,1,1,2,4,2,2,1,1,2.8,0.7,2.1,0,0,0,0
328,53cad200,9,677,7,8,5,1,0,2,18,10,8,12.9,8.6,4.4,0,0,0,0
329,540ec57b,7,426,4,6,0,1,2,1,6,3,3,7.6,6.8,0.8,0,0,0,0
330,5458f670,1,25,0,0,0,1,2,3,1,0,1,1.5,0.6,0.9,0,0,0,0
331,546bb36e,6,493,5,6,3,0,0,1,1,12,-11,1.4,13.2,-11.8,0,0,0,0
332,54f5ce34,4,166,1,1,1,3,1,0,1,6,-5,1.9,5.9,-4.0,0,0,0,0
333,55126f3b,9,659,7,9,3,0,0,1,6,8,-2,8.4,10.3,-1.8,0,0,0,0
334,5515376c,3,177,2,1,1,2,6,2,6,1,5,5.0,2.5,2.5,0,0,0,0
335,555f3a0b,6,422,4,6,2,0,4,1,5,7,-2,6.7,7.9,-1.2,0,0,0,0
336,55abe554,6,527,5,6,5,0,0,0,6,19,-13,6.0,19.0,-13.0,0,0,0,0
337,55b93ae0,5,450,5,5,5,0,0,2,6,8,-2,4.0,10.0,-6.0,0,0,0,0
338,5722eced,0,0,0,0,0,0,3,0,0,0,0,0.0,0.0,0.0,0,0,0,0
339,572498c7,3,220,2,3,1,0,0,1,1,5,-4,0.7,6.7,-5.9,0,0,0,0
340,57760e66,1,33,0,0,0,1,1,1,0,0,0,0.7,0.7,0.0,0,0,0,0
341,57a46f3f,3,25,0,0,0,3,4,1,0,0,0,0.4,0.0,0.4,0,0,0,0
342,57d88cf9,6,500,5,6,4,0,0,1,9,10,-1,9.7,7.2,2.5,0,0,0,0
343,5853ac44,4,213,2,2,1,2,6,3,9,4,5,7.0,2.2,4.8,0,0,0,0
344,58a9a4d9,4,168,1,2,0,2,2,1,2,2,0,2.5,2.5,0.0,0,0,0,0
345,58eee997,4,303,3,3,1,1,1,2,5,5,0,4.9,6.1,-1.2,0,0,0,0
346,5976f83e,4,230,2,3,2,1,2,1,1,5,-4,3.7,3.3,0.5,0,0,0,0
347,59bf127b,3,59,0,0,0,3,1,1,1,0,1,1.2,1.3,-0.1,0,0,0,0
348,59fd245c,1,9,0,0,0,1,4,1,0,0,0,0.0,0.6,-0.6,0,0,0,0
349,5a626448,6,224,2,2,0,4,6,1,5,5,0,4.4,4.2,0.2,0,0,0,0
350,5ab0ea87,6,485,5,6,4,0,0,1,2,6,-4,6.1,6.4,-0.2,0,0,0,0
351,5acc4a10,12,1044,11,12,10,0,0,1,19,15,4,18.5,17.5,1.0,0,0,0,0
352,5ad50391,6,335,3,3,2,3,0,1,8,5,3,9.5,6.5,3.0,0,0,0,0
353,5bc43860,8,714,7,8,7,0,0,1,10,14,-4,12.2,12.7,-0.5,0,0,0,0
354,5c2b4f07,5,132,1,1,1,4,1,1,3,0,3,2.7,2.6,0.0,0,0,0,0
355,5c4dc0ff,1,13,0,0,0,1,9,3,1,0,1,0.1,0.1,0.0,0,0,0,0
356,5c899683,2,62,0,0,0,2,4,1,2,3,-1,1.4,1.7,-0.3,0,0,0,0
357,5ccc9672,2,21,0,0,0,2,3,1,0,1,-1,0.1,1.8,-1.7,0,0,0,0
358,5cec2c74,3,156,1,1,1,2,7,1,3,6,-3,1.3,6.4,-5.1,0,0,0,0
359,5d51b074,6,486,5,6,2,0,0,1,4,10,-6,0.0,0.0,0.0,0,0,0,0
360,5db20508,0,0,0,0,0,0,1,0,0,0,0,0.0,0.0,0.0,0,0,0,0
361,5dfc6ad5,6,470,5,5,4,1,0,1,7,10,-3,8.9,6.5,2.4,0,0,0,0
362,5eae500a,6,320,3,4,2,2,2,1,5,3,2,6.7,4.4,2.4,0,0,0,0
363,5eaf85b5,3,270,3,3,3,0,0,1,5,9,-4,3.6,9.1,-5.5,0,0,0,0
364,5ed9b537,8,720,8,8,8,0,4,2,17,8,9,15.4,7.7,7.7,0,0,0,0
365,5eebbfdf,0,0,0,0,0,0,3,0,0,0,0,0.0,0.0,0.0,0,0,0,0
366,5eecec3d,8,635,7,8,6,0,1,2,15,5,10,14.2,5.6,8.6,0,0,0,0
367,5ef3d210,2,39,0,0,0,2,3,0,0,1,-1,0.0,0.3,-0.2,0,0,0,0
368,5fa57166,1,45,0,0,0,1,4,0,0,3,-3,0.3,2.2,-1.9,0,0,0,0
369,6025fab1,13,1073,11,12,6,1,0,2,22,12,10,16.4,18.8,-2.3,0,0,0,0
370,603116a7,3,96,1,0,0,3,8,2,3,0,3,2.4,3.3,-0.9,0,0,0,0
371,61590953,6,483,5,6,4,0,0,0,5,18,-13,4.8,16.4,-11.5,0,0,0,0
372,615c4d8f,1,8,0,0,0,1,5,3,1,0,1,0.4,0.0,0.4,0,0,0,0
373,625c144a,12,1080,12,12,12,0,0,1,20,16,4,19.4,18.6,0.9,0,0,0,0
374,62ab9184,5,191,2,3,0,2,0,1,2,3,-1,2.5,3.1,-0.6,0,0,0,0
375,62d7ef38,0,0,0,0,0,0,13,0,0,0,0,0.0,0.0,0.0,0,0,0,0
376,636247ca,6,352,3,5,1,1,0,1,1,9,-8,1.1,9.0,-7.9,0,0,0,0
377,63f04c6c,10,434,4,4,1,6,2,1,10,5,5,10.7,8.9,1.7,0,0,0,0
378,64035864,0,0,0,0,0,0,2,0,0,0,0,0.0,0.0,0.0,0,0,0,0
379,6412cc03,2,87,1,0,0,2,4,0,2,7,-5,1.8,4.7,-2.9,0,0,0,0
380,6434f10d,10,838,9,10,6,0,1,2,25,12,13,20.5,7.7,12.7,0,0,0,0
381,645a3363,4,168,1,2,0,2,4,1,2,3,-1,3.3,2.7,0.6,0,0,0,0
382,652d4c37,4,233,2,3,1,1,1,2,4,2,2,4.6,2.0,2.7,0,0,0,0
383,65c081c1,0,0,0,0,0,0,1,0,0,0,0,0.0,0.0,0.0,0,0,0,0
384,65d62814,7,630,7,7,7,0,1,1,12,13,-1,11.0,10.6,0.3,0,0,0,0
385,6622454d,9,445,4,5,1,4,1,2,7,3,4,8.8,3.2,5.7,0,0,0,0
386,66c6680a,0,0,0,0,0,0,5,0,0,0,0,0.0,0.0,0.0,0,0,0,0
387,6796e284,4,342,3,4,3,0,0,1,0,9,-9,3.1,7.0,-3.8,0,0,0,0
388,67b3d74b,5,236,2,3,2,2,2,1,3,0,3,3.6,3.5,0.1,0,0,0,0
389,67cdbc0e,7,410,4,4,2,3,1,1,7,6,1,6.0,4.6,1.5,0,0,0,0
390,67f649be,0,0,0,0,0,0,8,0,0,0,0,0.0,0.0,0.0,0,0,0,0
391,68252d6d,4,248,2,3,1,1,2,0,7,6,1,5.2,5.9,-0.6,0,0,0,0
392,683a8f5f,3,157,1,1,1,2,2,2,2,1,1,2.7,3.0,-0.3,0,0,0,0
393,6853490f,6,432,4,5,1,1,0,0,8,6,2,8.6,5.3,3.2,0,0,0,0
394,6885cc44,7,286,3,2,2,5,0,1,3,8,-5,3.1,6.9,-3.8,0,0,0,0
395,691bef82,8,571,6,7,4,1,0,2,18,6,12,15.8,7.7,8.1,0,0,0,0
396,6928979a,6,493,5,6,3,0,0,1,8,3,5,11.4,4.0,7.4,0,0,0,0
397,69384e5d,6,469,5,5,5,1,0,1,8,8,0,6.6,10.7,-4.1,0,0,0,0
398,6956ff08,0,0,0,0,0,0,1,0,0,0,0,0.0,0.0,0.0,0,0,0,0
399,6a829019,6,463,5,5,4,1,0,1,5,11,-6,5.8,9.2,-3.3,0,0,0,0
400,6af56975,6,488,5,6,3,0,0,1,6,9,-3,4.2,10.5,-6.3,0,0,0,0
401,6b21b7b5,3,126,1,1,0,2,3,2,3,2,1,2.7,1.2,1.5,0,0,0,0
402,6b8887c2,2,99,1,1,0,1,2,0,2,2,0,2.7,2.1,0.6,0,0,0,0
403,6b915aa1,6,373,4,5,1,1,0,0,0,9,-9,1.2,7.4,-6.2,0,0,0,0
404,6c330f30,3,115,1,1,1,2,3,1,1,2,-1,1.5,2.0,-0.6,0,0,0,0
405,6c7762c3,10,890,9,10,9,0,1,1,15,16,-1,14.6,15.9,-1.3,0,0,0,0
406,6ce1f46f,12,897,10,11,5,1,0,2,17,11,6,14.2,14.4,-0.2,0,0,0,0
407,6ce43701,1,21,0,0,0,1,2,3,0,1,-1,0.9,0.4,0.5,0,0,0,0
408,6e4df551,5,320,3,4,1,1,0,1,3,3,0,4.3,4.8,-0.5,0,0,0,0
409,6eee05f1,5,260,2,2,1,3,0,1,6,5,1,6.4,3.3,3.0,0,0,0,0
410,6f3cc2fe,4,310,3,4,1,0,2,1,3,6,-3,5.4,5.0,0.4,0,0,0,0
411,6f51e382,6,540,6,6,6,0,0,1,2,9,-7,6.2,9.4,-3.2,0,0,0,0
412,6fa3c28e,1,2,0,0,0,1,0,1,0,0,0,0.0,0.0,0.0,0,0,0,0
413,6fe90922,8,530,5,6,3,2,0,1,8,6,2,10.4,5.6,4.8,0,0,0,0
414,708d068c,1,18,0,0,0,1,0,0,0,0,0,0.2,0.0,0.1,0,0,0,0
415,70cf63ca,9,701,7,8,3,1,0,1,10,8,2,9.4,13.4,-4.0,0,0,0,0
416,70d74ece,12,1102,12,12,8,0,0,2,27,13,14,20.4,18.9,1.5,0,0,0,0
417,71115017,0,0,0,0,0,0,1,2,0,0,0,0.0,0.0,0.0,0,0,0,0
418,7111d552,13,1193,13,13,6,0,0,2,29,13,16,21.7,19.9,1.8,0,0,0,0
419,7120a04d,6,372,4,4,0,2,0,1,1,7,-6,3.9,7.4,-3.5,0,0,0,0
420,713c144a,8,622,6,8,2,0,0,2,18,8,10,16.8,9.5,7.2,0,0,0,0
421,728e9b2e,1,90,1,1,1,0,7,0,2,4,-2,1.2,2.1,-0.9,0,0,0,0
422,72c812f3,7,399,4,5,1,2,0,1,10,8,2,6.4,10.3,-3.9,0,0,0,0
423,733e7ad8,6,413,4,5,1,1,0,0,5,12,-7,5.0,13.1,-8.1,0,0,0,0
424,73affbb6,2,81,0,1,0,1,1,0,0,3,-3,0.1,2.6,-2.5,0,0,0,0
425,74419746,8,720,8,8,8,0,0,1,9,7,2,12.8,7.8,5.0,0,0,0,0
426,7460ca0d,12,1053,11,12,7,0,0,1,19,16,3,18.1,18.3,-0.2,0,0,0,0
427,74b7375f,5,296,3,4,0,1,1,0,3,10,-7,3.6,7.4,-3.8,0,0,0,0
428,74d654b4,0,0,0,0,0,0,4,0,0,0,0,0.0,0.0,0.0,0,0,0,0
429,74dc806c,2,23,0,0,0,2,0,0,0,0,0,0.2,0.5,-0.3,0,0,0,0
430,75b86fb3,8,667,7,7,6,1,0,1,8,6,2,11.6,7.4,4.2,0,0,0,0
431,760fd987,1,90,1,1,1,0,3,0,0,2,-2,0.9,3.5,-2.6,0,0,0,0
432,76c131da,1,90,1,1,1,0,0,0,1,2,-1,1.9,2.5,-0.6,0,0,0,0
433,76c98b58,3,55,0,0,0,3,3,2,2,1,1,1.4,1.8,-0.4,0,0,0,0
434,770ebf00,4,327,3,4,3,0,0,1,0,12,-12,1.2,10.4,-9.3,0,0,0,0
435,7713c72a,1,90,1,1,1,0,4,1,1,1,0,2.0,1.0,1.0,0,0,0,0
436,77e84962,10,601,6,7,1,3,0,2,11,7,4,10.8,6.7,4.1,0,0,0,0
437,780e3631,4,211,2,3,0,1,0,1,3,6,-3,3.1,3.7,-0.6,0,0,0,0
438,78666ade,0,0,0,0,0,0,3,0,0,0,0,0.0,0.0,0.0,0,0,0,0
439,788cd1c9,0,0,0,0,0,0,1,0,0,0,0,0.0,0.0,0.0,0,0,0,0
440,79443529,2,180,2,2,2,0,0,0,1,4,-3,2.1,3.8,-1.6,0,0,0,0
441,79c0821a,6,425,4,5,2,1,1,2,6,5,1,5.8,5.6,0.2,0,0,0,0
442,7a11550b,7,250,2,2,2,5,4,2,8,6,2,5.9,3.8,2.1,0,0,0,0
443,7a20d90a,2,127,1,1,1,1,1,0,1,5,-4,1.9,3.6,-1.8,0,0,0,0
444,7a2e46a8,13,1170,13,13,13,0,0,2,30,14,16,27.3,13.1,14.2,0,0,0,0
445,7b4c1f6e,1,12,0,0,0,1,5,1,0,0,0,0.0,0.0,0.0,0,0,0,0
446,7b5f516f,0,0,0,0,0,0,6,0,0,0,0,0.0,0.0,0.0,0,0,0,0
447,7b9c2d84,10,305,3,1,1,9,3,2,13,4,9,8.8,4.6,4.2,0,0,0,0
448,7ba6d84e,7,630,7,7,7,0,0,1,11,9,2,8.3,9.3,-1.0,0,0,0,0
449,7c39363f,0,0,0,0,0,0,6,0,0,0,0,0.0,0.0,0.0,0,0,0,0
450,7c56da38,6,530,5,6,5,0,0,1,15,13,2,13.2,10.4,2.9,0,0,0,0
451,7d3e7da6,1,90,1,1,1,0,6,1,1,1,0,2.3,1.1,1.1,0,0,0,0
452,7e04dd8e,0,0,0,0,0,0,2,0,0,0,0,0.0,0.0,0.0,0,0,0,0
453,7e98cff1,1,65,0,1,0,0,3,0,1,1,0,2.1,0.3,1.8,0,0,0,0
454,7ea03b7d,1,4,0,0,0,1,2,1,0,0,0,0.0,0.0,0.0,0,0,0,0
455,7ed08d5c,2,23,0,0,0,2,6,3,4,0,4,2.9,0.0,2.9,0,0,0,0
456,7edfbb8a,5,417,4,5,4,0,0,0,5,8,-3,4.4,9.2,-4.8,0,0,0,0
457,7f3b388c,13,849,9,9,6,4,0,2,20,10,10,23.1,9.1,14.0,0,0,0,0
458,7fe90ccd,6,404,4,5,3,1,0,1,8,8,0,7.5,6.9,0.6,0,0,0,0
459,801831fe,3,23,0,0,0,3,3,0,0,0,0,0.1,0.0,0.1,0,0,0,0
460,80c9e555,0,0,0,0,0,0,1,0,0,0,0,0.0,0.0,0.0,0,0,0,0
461,810e3c74,4,118,1,1,0,3,4,1,2,2,0,1.5,1.9,-0.4,0,0,0,0
462,81442ecb,5,378,4,5,3,0,0,1,4,3,1,5.2,5.9,-0.8,0,0,0,0
463,817c6964,4,250,2,3,0,1,0,1,1,3,-2,1.8,2.8,-1.0,0,0,0,0
464,819b3158,10,663,7,6,5,4,1,2,12,9,3,15.6,7.8,7.8,0,0,0,0
465,81f0781e,7,523,5,6,4,1,0,2,16,8,8,12.0,8.8,3.2,0,0,0,0
466,828657ff,8,260,2,2,0,6,0,1,2,4,-2,3.6,3.2,0.4,0,0,0,0
467,82a39b66,4,350,3,4,3,0,2,1,2,4,-2,4.6,3.8,0.8,0,0,0,0
468,82e12fe7,8,237,2,1,0,7,0,1,1,6,-5,2.2,6.2,-4.0,0,0,0,0
469,8474cb83,4,275,3,3,3,1,2,1,1,9,-8,0.7,7.0,-6.3,0,0,0,0
470,848b190c,0,0,0,0,0,0,3,0,0,0,0,0.0,0.0,0.0,0,0,0,0
471,853b7c48,0,0,0,0,0,0,4,0,0,1,-1,0.0,0.0,0.0,0,0,0,0
472,85686f86,1,5,0,0,0,1,1,1,0,0,0,0.1,0.0,0.0,0,0,0,0
473,85f7d1be,5,215,2,2,0,3,1,0,2,5,-3,2.1,3.0,-0.9,0,0,0,0
474,864163f3,6,390,4,5,2,1,0,1,9,7,2,8.1,5.3,2.7,0,0,0,0
475,867239d3,6,346,3,4,1,2,0,1,5,6,-1,2.9,5.9,-3.0,0,0,0,0
476,8696bc90,4,205,2,2,1,2,2,1,2,1,1,2.9,1.1,1.8,0,0,0,0
477,86dd77d1,7,575,6,7,3,0,1,1,11,7,4,15.0,5.6,9.3,0,0,0,0
478,86e119e0,6,540,6,6,6,0,0,0,5,10,-5,4.8,11.1,-6.2,0,0,0,0
479,86e7deaf,9,758,8,8,8,1,1,2,17,7,10,15.7,7.4,8.3,0,0,0,0
480,875d65d1,0,0,0,0,0,0,1,0,0,0,0,0.0,0.0,0.0,0,0,0,0
481,8778c910,9,810,9,9,9,0,0,2,30,6,24,24.0,6.5,17.4,0,0,0,0
482,8794e251,7,536,6,6,5,1,0,1,7,9,-2,9.7,8.9,0.8,0,0,0,0
483,886f9aac,5,322,3,4,2,1,0,1,1,4,-3,4.1,5.5,-1.3,0,0,0,0
484,88968486,6,540,6,6,6,0,0,0,1,11,-10,4.2,8.9,-4.8,0,0,0,0
485,88e357ef,8,389,4,5,0,3,0,2,17,5,12,15.9,4.1,11.9,0,0,0,0
486,89151b16,6,451,5,5,4,1,1,1,12,8,4,9.6,7.5,2.1,0,0,0,0
487,892d5bb1,12,983,10,11,8,1,0,1,26,13,13,23.3,9.9,13.3,0,0,0,0
488,8996fcf4,0,0,0,0,0,0,2,0,0,0,0,0.0,0.0,0.0,0,0,0,0
489,89ac64a6,5,450,5,5,5,0,0,1,5,11,-6,7.9,7.6,0.3,0,0,0,0
490,89f951b5,5,276,3,3,0,2,1,1,3,2,1,4.3,4.2,0.0,0,0,0,0
491,8aafd64f,8,568,6,7,0,1,1,1,6,6,0,6.5,7.4,-0.9,0,0,0,0
492,8b3ab7ad,7,556,6,7,4,0,0,2,17,6,11,14.7,7.6,7.1,0,0,0,0
493,8b788c01,2,67,0,1,0,1,2,1,0,1,-1,0.2,0.9,-0.7,0,0,0,0
494,8b8a56ce,3,270,3,3,3,0,1,1,3,4,-1,3.0,4.5,-1.5,0,0,0,0
495,8b8e759d,6,320,3,3,2,3,0,0,2,5,-3,4.8,5.1,-0.2,0,0,0,0
496,8bbe2df5,1,14,0,0,0,1,1,0,0,0,0,0.1,0.5,-0.4,0,0,0,0
497,8ce30c57,5,405,4,5,3,0,0,0,4,14,-10,4.6,11.7,-7.2,0,0,0,0
498,8d46713e,6,456,5,6,1,0,0,0,6,9,-3,6.3,7.2,-0.9,0,0,0,0
499,8d78e732,10,874,9,10,8,0,0,2,30,7,23,25.3,7.6,17.8,0,0,0,0
500,8e034340,6,527,5,6,5,0,0,0,6,19,-13,6.0,19.0,-13.0,0,0,0,0
501,8e6d2fcd,0,0,0,0,0,0,6,0,0,0,0,0.0,0.0,0.0,0,0,0,0
502,8e7f49d3,6,540,6,6,6,0,0,0,10,10,0,9.8,8.0,1.9,0,0,0,0
503,8eec784d,5,254,2,3,0,2,1,1,3,4,-1,3.1,4.3,-1.2,0,0,0,0
504,8f0f2230,5,266,3,3,2,2,1,0,1,9,-8,2.9,9.5,-6.6,0,0,0,0
505,8f5e92a6,11,507,5,4,0,7,1,1,19,6,13,10.7,8.1,2.6,0,0,0,0
506,8f696594,6,524,5,6,5,0,0,1,2,9,-7,6.2,9.4,-3.2,0,0,0,0
507,8fb94908,3,202,2,3,0,0,1,2,3,2,1,1.2,4.1,-2.9,0,0,0,0
508,8fd9996f,7,362,4,3,1,4,1,1,5,7,-2,9.4,7.4,1.9,0,0,0,0
509,8fe2a392,0,0,0,0,0,0,6,0,0,0,0,0.0,0.0,0.0,0,0,0,0
510,90f87966,8,720,8,8,8,0,0,1,8,8,0,10.5,7.5,2.9,0,0,0,0
511,9139bb12,6,209,2,1,1,5,0,1,1,6,-5,3.7,3.7,-0.1,0,0,0,0
512,91748070,1,30,0,0,0,1,0,1,0,0,0,0.0,0.7,-0.7,0,0,0,0
513,921f6058,5,450,5,5,5,0,0,0,11,13,-2,7.7,9.0,-1.3,0,0,0,0
514,92432bc6,4,182,2,1,0,3,0,0,4,3,1,5.0,2.2,2.7,0,0,0,0
515,92ffb8f9,5,240,2,3,0,2,1,1,2,4,-2,2.8,4.9,-2.1,0,0,0,0
516,931bf61a,0,0,0,0,0,0,1,0,0,0,0,0.0,0.0,0.0,0,0,0,0
517,934e1968,4,210,2,2,1,2,1,1,5,5,0,4.6,3.8,0.8,0,0,0,0
518,935e6b8f,12,666,7,7,2,5,0,2,19,6,13,16.9,5.9,11.0,0,0,0,0
519,93b891d1,0,0,0,0,0,0,2,0,0,0,0,0.0,0.0,0.0,0,0,0,0
520,93fffbcf,6,540,6,6,6,0,0,0,4,11,-7,8.0,8.8,-0.8,0,0,0,0
521,94721522,2,135,1,2,1,0,3,0,0,6,-6,1.5,5.0,-3.5,0,0,0,0
522,947e036f,6,298,3,4,0,2,0,0,3,7,-4,6.2,5.5,0.7,0,0,0,0
523,94b2001f,5,450,5,5,5,0,1,2,9,6,3,9.2,6.8,2.5,0,0,0,0
524,953597a1,6,368,4,4,3,2,2,0,3,10,-7,3.4,6.6,-3.1,0,0,0,0
525,95bb6ddc,1,7,0,0,0,1,6,3,0,0,0,0.1,0.2,-0.1,0,0,0,0
526,96094cbc,6,158,1,2,0,4,0,1,3,6,-3,2.2,7.1,-4.9,0,0,0,0
527,963829d0,9,330,3,4,0,5,3,1,3,2,1,4.8,4.4,0.4,0,0,0,0
528,96593e89,1,45,0,0,0,1,7,1,0,0,0,0.8,0.8,0.1,0,0,0,0
529,9674002f,7,539,6,5,4,2,1,2,14,8,6,11.7,7.3,4.5,0,0,0,0
530,96e0490d,5,197,2,3,0,2,2,1,2,0,2,5.7,1.5,4.2,0,0,0,0
531,96fcd380,0,0,0,0,0,0,5,0,0,0,0,0.0,0.0,0.0,0,0,0,0
532,970b8574,7,282,3,3,0,4,1,1,2,3,-1,3.6,3.0,0.6,0,0,0,0
533,9744ff80,8,506,5,6,1,2,0,1,10,9,1,8.5,6.9,1.6,0,0,0,0
534,97b2279d,0,0,0,0,0,0,2,0,0,0,0,0.0,0.0,0.0,0,0,0,0
535,98529579,0,0,0,0,0,0,1,0,0,0,0,0.0,0.0,0.0,0,0,0,0
536,98d2c2c4,6,524,5,6,4,0,0,1,11,11,0,10.1,8.7,1.4,0,0,0,0
537,99127249,7,574,6,7,4,0,0,2,20,7,13,16.3,7.7,8.6,0,0,0,0
538,9a2e0ccc,6,383,4,5,2,1,0,1,11,9,2,9.1,7.4,1.7,0,0,0,0
539,9b1b7d78,0,0,0,0,0,0,6,0,0,0,0,0.0,0.0,0.0,0,0,0,0
540,9b6d9b53,5,405,4,4,4,1,0,0,3,13,-10,5.0,15.6,-10.5,0,0,0,0
541,9c4b9442,0,0,0,0,0,0,3,0,0,0,0,0.0,0.0,0.0,0,0,0,0
542,9c94165b,5,396,4,5,3,0,0,1,7,8,-1,5.7,6.3,-0.6,0,0,0,0
543,9dc96f10,1,67,0,1,0,0,1,1,1,1,0,1.2,1.1,0.1,0,0,0,0
544,9e1035f8,1,70,0,1,0,0,1,3,4,2,2,1.7,0.6,1.0,0,0,0,0
545,9e5193b1,0,0,0,0,0,0,1,0,0,0,0,0.0,0.0,0.0,0,0,0,0
546,9e525177,6,419,4,5,4,1,1,1,10,5,5,7.3,5.5,1.8,0,0,0,0
547,9ea3bdc5,0,0,0,0,0,0,5,0,0,0,0,0.0,0.0,0.0,0,0,0,0
548,9f0ea33f,0,0,0,0,0,0,12,0,0,0,0,0.0,0.0,0.0,0,0,0,0
549,9f115e20,0,0,0,0,0,0,1,3,0,0,0,0.0,0.0,0.0,0,0,0,0
550,9f8e9423,5,352,3,4,3,1,0,1,3,6,-3,3.0,5.6,-2.6,0,0,0,0
551,9fec8860,3,80,0,1,0,2,3,1,1,1,0,1.5,0.6,0.9,0,0,0,0
552,a04e2dd2,4,315,3,4,3,0,2,1,1,8,-7,1.0,8.3,-7.3,0,0,0,0
553,a086ae11,1,5,0,0,0,1,1,3,0,0,0,0.1,0.0,0.0,0,0,0,0
554,a08b974a,6,461,5,5,3,1,0,1,3,4,-1,5.0,5.2,-0.2,0,0,0,0
555,a0b4bb3e,0,0,0,0,0,0,9,0,0,0,0,0.0,0.0,0.0,0,0,0,0
556,a111cf41,6,540,6,6,6,0,0,1,12,13,-1,10.2,9.1,1.1,0,0,0,0
557,a1232f4e,2,180,2,2,2,0,6,1,3,3,0,2.2,2.8,-0.6,0,0,0,0
558,a167537f,5,395,4,4,2,1,0,1,5,10,-5,6.4,6.6,-0.2,0,0,0,0
559,a1d5bd30,5,256,2,3,0,2,0,1,4,5,-1,4.3,4.2,0.2,0,0,0,0
560,a26fb8aa,5,212,2,2,1,3,1,1,6,7,-1,4.3,4.7,-0.4,0,0,0,0
561,a2c51161,2,16,0,0,0,2,4,1,1,0,1,0.8,0.1,0.7,0,0,0,0
562,a39bb753,3,85,0,1,0,2,4,1,1,2,-1,2.1,0.6,1.4,0,0,0,0
563,a41272b3,0,0,0,0,0,0,5,0,0,0,0,0.0,0.0,0.0,0,0,0,0
564,a45eac1f,1,10,0,0,0,1,4,2,0,0,0,0.8,0.2,0.6,0,0,0,0
565,a4851d9e,2,180,2,2,2,0,4,0,3,5,-2,1.8,3.4,-1.7,0,0,0,0
566,a4effc55,2,97,1,1,0,1,2,1,5,1,4,3.7,0.9,2.8,0,0,0,0
567,a5420709,2,20,0,0,0,2,4,3,0,0,0,0.4,0.2,0.2,0,0,0,0
568,a58bb1e1,2,9,0,0,0,2,4,1,0,1,-1,0.0,0.3,-0.3,0,0,0,0
569,a6154613,7,346,3,5,2,2,3,1,2,3,-1,3.3,6.5,-3.2,0,0,0,0
570,a62c16d0,8,578,6,7,2,1,0,1,13,13,0,10.8,8.4,2.4,0,0,0,0
571,a63a995f,1,90,1,1,1,0,1,1,1,1,0,1.3,1.2,0.1,0,0,0,0
572,a65ce836,2,73,0,0,0,2,0,0,0,2,-2,1.4,1.7,-0.3,0,0,0,0
573,a671ae50,0,0,0,0,0,0,1,0,0,0,0,0.0,0.0,0.0,0,0,0,0
574,a6951bf8,8,458,5,6,0,2,0,1,10,6,4,8.9,7.1,1.7,0,0,0,0
575,a6de6361,1,23,0,0,0,1,5,1,0,0,0,0.0,0.2,-0.2,0,0,0,0
576,a6ee4f55,7,220,2,2,0,5,1,1,3,8,-5,3.4,6.7,-3.3,0,0,0,0
577,a70182a5,0,0,0,0,0,0,4,0,0,0,0,0.0,0.0,0.0,0,0,0,0
578,a78ff07f,6,533,5,6,5,0,0,1,12,13,-1,10.2,9.2,1.0,0,0,0,0
579,a793f5a8,2,57,0,1,0,1,2,1,1,0,1,1.4,0.2,1.2,0,0,0,0
580,a7a9d95a,3,74,0,1,0,2,7,0,1,0,1,1.4,1.2,0.2,0,0,0,0
581,a802405e,6,73,0,0,0,6,0,0,3,3,0,2.3,1.3,1.0,0,0,0,0
582,a81ed730,2,55,0,0,0,2,4,0,0,3,-3,0.5,1.3,-0.8,0,0,0,0
583,a8542814,4,228,2,2,2,2,4,1,2,1,1,2.2,2.7,-0.5,0,0,0,0
584,a87ec807,0,0,0,0,0,0,1,0,0,0,0,0.0,0.0,0.0,0,0,0,0
585,a8a874f1,7,534,5,7,2,0,1,1,8,6,2,10.1,6.7,3.4,0,0,0,0
586,a8b7abb5,0,0,0,0,0,0,4,0,0,0,0,0.0,0.0,0.0,0,0,0,0
587,a9107589,3,225,2,2,2,1,3,0,0,6,-6,0.7,6.9,-6.2,0,0,0,0
588,a9aa0d1d,2,35,0,0,0,2,4,0,1,2,-1,0.8,0.8,0.1,0,0,0,0
589,a9dc785c,0,0,0,0,0,0,6,0,0,0,0,0.0,0.0,0.0,0,0,0,0
590,aab362e6,0,0,0,0,0,0,1,0,0,0,0,0.0,0.0,0.0,0,0,0,0
591,abb3bb95,3,177,2,3,0,0,3,1,1,3,-2,3.2,1.7,1.5,0,0,0,0
592,abe66106,4,123,1,0,0,4,0,0,1,0,1,1.6,1.2,0.4,0,0,0,0
593,ac295d9e,0,0,0,0,0,0,6,0,0,0,0,0.0,0.0,0.0,0,0,0,0
594,ac4003af,0,0,0,0,0,0,6,0,0,0,0,0.0,0.0,0.0,0,0,0,0
595,ac73ec79,6,483,5,6,4,0,0,1,15,14,1,12.5,10.8,1.8,0,0,0,0
596,acf5410c,0,0,0,0,0,0,2,0,0,0,0,0.0,0.0,0.0,0,0,0,0
597,ad1ffcfd,1,11,0,0,0,1,11,3,0,0,0,0.6,0.9,-0.3,0,0,0,0
598,ad597bf7,5,88,1,0,0,5,1,1,0,1,-1,0.3,2.4,-2.2,0,0,0,0
599,ad6df2d5,3,260,2,3,2,0,0,0,3,8,-5,4.0,9.9,-5.8,0,0,0,0
600,ad9b2747,3,41,0,0,0,3,5,3,0,1,-1,0.3,0.3,0.0,0,0,0,0
601,adfc9123,5,392,4,5,4,0,0,0,1,7,-6,5.2,6.6,-1.3,0,0,0,0
602,ae1159bf,8,607,6,7,3,1,0,1,11,13,-2,9.6,9.6,0.0,0,0,0,0
603,ae44e8e2,2,88,1,1,0,1,0,0,3,4,-1,1.5,1.7,-0.2,0,0,0,0
604,ae4e2852,4,286,3,3,2,1,2,1,2,4,-2,4.0,4.4,-0.4,0,0,0,0
605,ae530c73,3,182,2,2,0,1,0,0,2,5,-3,3.6,6.5,-3.0,0,0,0,0
606,aee634bf,0,0,0,0,0,0,6,0,0,0,0,0.0,0.0,0.0,0,0,0,0
607,aef6e670,7,630,7,7,7,0,1,1,11,10,1,11.6,12.9,-1.3,0,0,0,0
608,b033f803,0,0,0,0,0,0,1,0,0,0,0,0.0,0.0,0.0,0,0,0,0
609,b056e3da,3,270,3,3,3,0,3,1,2,2,0,2.1,3.8,-1.7,0,0,0,0
610,b0b4fd3e,7,460,5,5,2,2,3,1,14,11,3,13.8,5.9,8.0,0,0,0,0
611,b0b902c8,4,297,3,4,2,0,0,0,5,6,-1,5.0,5.5,-0.4,0,0,0,0
612,b0f7e36c,4,334,3,4,2,0,0,2,6,5,1,5.3,4.4,1.0,0,0,0,0
613,b19db005,3,123,1,1,0,2,0,1,1,3,-2,0.9,3.4,-2.5,0,0,0,0
614,b1cbc666,9,539,6,7,0,2,1,1,6,14,-8,5.2,15.0,-9.7,0,0,0,0
615,b1dae700,1,10,0,0,0,1,5,0,0,0,0,0.5,0.1,0.5,0,0,0,0
616,b1f4086c,10,860,9,10,7,0,0,1,13,16,-3,10.1,20.5,-10.4,0,0,0,0
617,b217ef29,7,630,7,7,7,0,6,2,18,9,9,14.3,7.7,6.6,0,0,0,0
618,b2336681,7,533,5,6,5,1,1,1,5,8,-3,6.8,6.9,-0.1,0,0,0,0
619,b2bd0f6c,6,469,5,5,4,1,0,1,5,5,0,6.1,4.3,1.9,0,0,0,0
620,b37c0a9f,2,103,1,2,0,0,4,0,0,2,-2,0.2,1.8,-1.6,0,0,0,0
621,b400bde0,12,585,6,5,3,7,0,1,14,6,8,14.1,4.6,9.5,0,0,0,0
622,b492126a,5,163,1,2,0,3,0,1,2,6,-4,1.8,3.6,-1.8,0,0,0,0
623,b4a014b1,6,539,6,6,5,0,0,1,4,5,-1,6.7,7.8,-1.1,0,0,0,0
624,b4c816a9,5,79,0,0,0,5,0,1,2,3,-1,2.2,2.6,-0.4,0,0,0,0
625,b4ecc6b6,0,0,0,0,0,0,2,0,0,0,0,0.0,0.0,0.0,0,0,0,0
626,b583aef5,1,90,1,1,1,0,4,0,1,2,-1,1.9,2.5,-0.6,0,0,0,0
627,b59c2a92,0,0,0,0,0,0,1,0,0,0,0,0.0,0.0,0.0,0,0,0,0
628,b5f7d10b,6,540,6,6,6,0,0,1,2,12,-10,6.8,10.1,-3.3,0,0,0,0
629,b6173a42,0,0,0,0,0,0,1,0,0,0,0,0.0,0.0,0.0,0,0,0,0
630,b62878a5,2,25,0,0,0,2,3,1,3,0,3,1.5,0.0,1.5,0,0,0,0
631,b66315ae,8,355,3,3,1,5,1,2,11,3,8,8.5,4.1,4.4,0,0,0,0
632,b684a484,6,339,3,4,1,2,0,1,6,7,-1,4.3,5.1,-0.8,0,0,0,0
633,b70bde8f,2,11,0,0,0,2,2,3,0,0,0,0.3,0.0,0.3,0,0,0,0
634,b74277a0,8,657,7,8,3,0,0,2,22,7,15,18.7,9.7,9.0,0,0,0,0
635,b797f558,4,219,2,2,1,2,2,0,0,7,-7,1.8,7.5,-5.7,0,0,0,0
636,b825a650,3,270,3,3,3,0,3,2,8,3,5,6.8,3.5,3.3,0,0,0,0
637,b853e0ad,6,431,4,5,2,1,1,1,8,5,3,6.1,5.0,1.1,0,0,0,0
638,b8798a46,4,360,4,4,4,0,0,0,6,6,0,5.3,5.1,0.2,0,0,0,0
639,b8814868,5,434,4,5,3,0,0,0,1,6,-5,3.3,6.1,-2.8,0,0,0,0
640,b8a642fc,9,277,3,2,0,7,1,1,7,6,1,5.6,4.9,0.7,0,0,0,0
641,b8bd60fe,0,0,0,0,0,0,1,0,0,0,0,0.0,0.0,0.0,0,0,0,0
642,b8e740fb,8,702,7,8,7,0,0,2,22,8,14,18.9,10.0,8.9,0,0,0,0
643,b937e490,2,64,0,1,0,1,4,1,1,3,-2,1.1,2.1,-1.1,0,0,0,0
644,b997c3de,4,286,3,4,1,0,0,1,1,4,-3,3.0,2.8,0.2,0,0,0,0
645,b9f92e76,2,18,0,0,0,2,2,0,0,0,0,0.0,0.0,0.0,0,0,0,0
646,b9fbae28,6,424,4,6,2,0,0,2,13,5,8,7.6,5.3,2.3,0,0,0,0
647,ba115a40,8,667,7,7,6,1,0,2,22,7,15,18.1,8.1,10.0,0,0,0,0
648,ba23a904,10,900,10,10,10,0,0,1,14,17,-3,11.8,21.4,-9.7,0,0,0,0
649,bac46a10,8,720,8,8,8,0,0,2,22,8,14,19.0,10.0,8.9,0,0,0,0
650,bbd67769,1,1,0,0,0,1,0,3,0,0,0,0.0,0.0,0.0,0,0,0,0
651,bbf5c11b,6,272,3,3,1,3,0,1,2,3,-1,3.1,3.5,-0.4,0,0,0,0
652,bc67a0e1,0,0,0,0,0,0,2,0,0,0,0,0.0,0.0,0.0,0,0,0,0
653,bc8df459,6,402,4,6,0,0,0,1,4,10,-6,1.6,9.8,-8.2,0,0,0,0
654,bcb2ccd8,5,450,5,5,5,0,0,0,10,14,-4,9.6,10.1,-0.5,0,0,0,0
655,bcf5058a,0,0,0,0,0,0,2,0,0,0,0,0.0,0.0,0.0,0,0,0,0
656,bd20f4eb,4,293,3,3,2,1,2,0,5,6,-1,4.2,4.3,-0.1,0,0,0,0
657,bd6351cd,9,840,9,9,9,0,0,2,24,11,13,21.3,7.4,13.9,0,0,0,0
658,bd992863,0,0,0,0,0,0,1,0,0,0,0,0.0,0.0,0.0,0,0,0,0
659,bdf1db39,0,0,0,0,0,0,3,0,0,0,0,0.0,0.0,0.0,0,0,0,0
660,be305255,2,17,0,0,0,2,4,0,0,0,0,0.1,0.8,-0.7,0,0,0,0
661,bec8a4ba,5,442,4,5,3,0,0,0,6,7,-1,6.3,5.2,1.1,0,0,0,0
662,bfae110f,2,28,0,0,0,2,3,1,0,1,-1,0.1,1.3,-1.2,0,0,0,0
663,bfc5768b,6,324,3,3,0,3,0,0,1,6,-5,3.2,4.3,-1.1,0,0,0,0
664,bfde3de5,6,498,5,6,4,0,0,1,1,12,-11,1.5,13.2,-11.7,0,0,0,0
665,c0617e2b,5,41,0,0,0,5,2,1,1,0,1,0.9,1.4,-0.5,0,0,0,0
666,c13ddd3e,0,0,0,0,0,0,1,0,0,0,0,0.0,0.0,0.0,0,0,0,0
667,c14bc029,5,161,1,1,0,4,4,2,4,2,2,4.7,2.8,1.8,0,0,0,0
668,c19a2df1,0,0,0,0,0,0,2,0,0,0,0,0.0,0.0,0.0,0,0,0,0
669,c1b7847c,6,401,4,6,1,0,0,1,11,11,0,9.4,9.0,0.3,0,0,0,0
670,c20bdcd7,10,817,9,9,9,1,0,3,8,4,4,10.3,7.1,3.2,0,0,0,0
671,c2111b45,2,9,0,0,0,2,8,3,1,0,1,0.2,0.4,-0.2,0,0,0,0
672,c235e803,0,0,0,0,0,0,6,0,0,0,0,0.0,0.0,0.0,0,0,0,0
673,c24544c7,4,159,1,1,1,3,2,0,2,7,-5,1.6,8.4,-6.7,0,0,0,0
674,c275947b,5,327,3,4,0,1,0,1,12,6,6,8.5,4.8,3.7,0,0,0,0
675,c2bd8585,6,272,3,3,1,3,0,1,4,8,-4,3.1,6.7,-3.5,0,0,0,0
676,c3e4ecbb,3,167,1,2,1,1,2,0,1,4,-3,3.3,3.0,0.3,0,0,0,0
677,c3ee18ef,8,570,6,7,3,1,1,2,19,2,17,16.5,4.4,12.1,0,0,0,0
678,c43e5e7e,0,0,0,0,0,0,1,0,0,0,0,0.0,0.0,0.0,0,0,0,0
679,c459a650,5,435,4,4,2,1,1,1,9,11,-2,8.8,6.1,2.7,0,0,0,0
680,c4e87b8b,5,396,4,5,2,0,0,1,4,7,-3,3.3,7.1,-3.7,0,0,0,0
681,c50e5bba,5,443,4,5,4,0,0,1,7,6,1,7.8,5.2,2.6,0,0,0,0
682,c56dc39e,4,360,4,4,4,0,0,1,8,8,0,7.0,5.3,1.8,0,0,0,0
683,c5cbbcff,5,75,0,0,0,5,3,2,1,1,0,0.5,0.6,-0.1,0,0,0,0
684,c691bfe2,13,818,9,11,3,2,0,2,19,10,9,17.9,9.9,8.0,0,0,0,0
685,c71e97ba,6,535,5,6,5,0,0,0,1,11,-10,4.2,8.9,-4.8,0,0,0,0
686,c8112d1e,3,252,2,3,2,0,2,0,1,9,-8,2.7,9.5,-6.8,0,0,0,0
687,c8387671,1,58,0,1,0,0,6,3,0,0,0,0.7,0.4,0.3,0,0,0,0
688,c89e8aae,1,90,1,1,1,0,5,0,0,2,-2,0.3,1.6,-1.3,0,0,0,0
689,c906ce0f,5,347,3,5,3,0,0,1,3,4,-1,5.9,4.8,1.1,0,0,0,0
690,c93ca6cd,0,0,0,0,0,0,1,0,0,0,0,0.0,0.0,0.0,0,0,0,0
691,c952f633,5,434,4,5,4,0,0,1,6,10,-4,5.9,8.9,-3.0,0,0,0,0
692,c9817014,4,206,2,2,1,2,4,1,1,6,-5,1.7,4.5,-2.8,0,0,0,0
693,ca22ccb0,0,0,0,0,0,0,1,0,0,0,0,0.0,0.0,0.0,0,0,0,0
694,ca2bc3df,1,9,0,0,0,1,3,0,0,1,-1,0.0,0.7,-0.6,0,0,0,0
695,ca607d59,6,341,3,5,1,1,0,2,7,3,4,7.2,3.9,3.4,0,0,0,0
696,ca8033cb,5,355,3,5,2,0,0,1,11,10,1,8.0,6.0,2.0,0,0,0,0
697,cb641b9d,10,511,5,6,0,4,0,1,9,8,1,6.7,11.9,-5.2,0,0,0,0
698,cb64672e,0,0,0,0,0,0,4,0,0,0,0,0.0,0.0,0.0,0,0,0,0
699,cbbd81b8,0,0,0,0,0,0,8,0,0,0,0,0.0,0.0,0.0,0,0,0,0
700,cc1c5035,0,0,0,0,0,0,6,0,0,0,0,0.0,0.0,0.0,0,0,0,0
701,cc6de655,0,0,0,0,0,0,2,0,0,0,0,0.0,0.0,0.0,0,0,0,0
702,cc86b9a3,6,466,5,5,4,1,0,2,15,4,11,13.1,3.8,9.3,0,0,0,0
703,ccb491d0,0,0,0,0,0,0,3,0,0,0,0,0.0,0.0,0.0,0,0,0,0
704,ccce7025,5,417,4,5,4,0,0,0,5,6,-1,6.7,4.2,2.6,0,0,0,0
705,ccd38335,0,0,0,0,0,0,8,0,0,0,0,0.0,0.0,0.0,0,0,0,0
706,cce181df,9,579,6,7,5,2,0,1,6,7,-1,9.2,7.3,1.9,0,0,0,0
707,cd0fa27b,6,416,4,5,1,1,1,1,3,3,0,6.7,4.8,2.0,0,0,0,0
708,cd1acf9d,9,791,8,9,5,0,3,2,18,9,9,19.2,8.4,10.8,0,0,0,0
709,cd59b9df,6,540,6,6,6,0,0,1,10,11,-1,11.5,7.6,3.8,0,0,0,0
710,cdf65d12,5,450,5,5,5,0,0,1,1,11,-10,4.8,9.1,-4.3,0,0,0,0
711,ce30bfc8,5,71,0,0,0,5,3,1,0,1,-1,0.5,0.9,-0.4,0,0,0,0
712,ce50fd99,8,674,7,8,2,0,0,1,8,8,0,10.2,6.9,3.3,0,0,0,0
713,ce747d2a,2,89,1,1,0,1,3,1,0,1,-1,0.4,2.5,-2.1,0,0,0,0
714,cf182add,5,354,3,4,2,1,0,0,1,9,-8,4.4,6.9,-2.5,0,0,0,0
715,d0d8dd44,6,485,5,6,3,0,1,1,6,4,2,8.7,4.5,4.2,0,0,0,0
716,d2416c2e,4,149,1,1,0,3,0,0,3,4,-1,3.6,3.4,0.2,0,0,0,0
717,d2424d1b,4,187,2,2,0,2,1,2,7,1,6,5.6,1.4,4.2,0,0,0,0
718,d248cd8f,8,661,7,7,7,1,1,2,23,5,18,19.4,4.9,14.5,0,0,0,0
719,d313e8ff,1,90,1,1,1,0,4,1,0,0,0,1.5,0.8,0.7,0,0,0,0
720,d38fdf53,10,645,7,7,4,3,2,1,11,10,1,9.8,11.0,-1.2,0,0,0,0
721,d3de9af0,6,464,5,5,4,1,0,1,9,11,-2,8.4,7.2,1.2,0,0,0,0
722,d436eb94,6,540,6,6,6,0,0,0,6,20,-14,6.1,19.5,-13.4,0,0,0,0
723,d4c9725f,5,450,5,5,5,0,0,0,6,8,-2,5.6,9.2,-3.5,0,0,0,0
724,d4e93bab,4,255,2,3,0,1,1,1,4,4,0,5.2,3.9,1.3,0,0,0,0
725,d4f034db,1,90,1,1,1,0,5,2,0,2,-2,0.6,2.6,-2.0,0,0,0,0
726,d58f4c7a,0,0,0,0,0,0,1,0,0,0,0,0.0,0.0,0.0,0,0,0,0
727,d5d22a58,4,241,2,3,0,1,3,0,3,4,-1,2.8,3.1,-0.3,0,0,0,0
728,d5f2f82b,8,720,8,8,8,0,0,1,15,11,4,15.2,13.9,1.3,0,0,0,0
729,d6e53a3a,7,625,6,7,6,0,1,1,10,10,0,10.6,10.3,0.3,0,0,0,0
730,d70ce98e,7,630,7,7,7,0,0,1,13,9,4,13.0,10.7,2.4,0,0,0,0
731,d7553721,6,523,5,6,5,0,0,1,5,7,-2,5.1,9.2,-4.2,0,0,0,0
732,d781d855,7,475,5,6,3,1,0,2,15,4,11,13.7,4.2,9.5,0,0,0,0
733,d83bbc54,0,0,0,0,0,0,2,0,0,0,0,0.0,0.0,0.0,0,0,0,0
734,d8931174,6,533,5,6,5,0,0,1,9,8,1,7.2,7.0,0.2,0,0,0,0
735,d8c679be,2,53,0,0,0,2,4,0,0,0,0,0.5,1.2,-0.7,0,0,0,0
736,d93c2511,5,397,4,5,2,0,0,2,6,6,0,6.1,6.1,0.1,0,0,0,0
737,d9565625,3,234,2,2,2,1,4,1,2,4,-2,2.0,4.0,-2.0,0,0,0,0
738,d9915a0b,0,0,0,0,0,0,5,0,0,0,0,0.0,0.0,0.0,0,0,0,0
739,d9a5d930,0,0,0,0,0,0,2,3,0,0,0,0.0,0.0,0.0,0,0,0,0
740,d9b9b71a,0,0,0,0,0,0,3,0,0,0,0,0.0,0.0,0.0,0,0,0,0
741,d9d43555,5,346,3,5,0,0,0,0,2,10,-8,3.9,7.6,-3.7,0,0,0,0
742,da27e268,4,81,0,0,0,4,6,2,3,2,1,1.9,0.9,1.0,0,0,0,0
743,da4d670f,0,0,0,0,0,0,2,0,0,0,0,0.0,0.0,0.0,0,0,0,0
744,db092d3b,6,375,4,4,2,2,0,0,5,5,0,4.0,7.9,-3.9,0,0,0,0
745,db401046,5,450,5,5,5,0,0,1,5,8,-3,4.6,9.5,-5.0,0,0,0,0
746,db4ed67b,4,212,2,3,2,1,0,2,8,2,6,7.6,2.2,5.4,0,0,0,0
747,dba67bc4,0,0,0,0,0,0,2,3,0,0,0,0.0,0.0,0.0,0,0,0,0
748,dbf053da,7,392,4,5,1,2,0,1,8,3,5,4.6,4.1,0.5,0,0,0,0
749,dc3a9a0d,5,343,3,4,1,1,0,0,2,12,-10,4.7,12.3,-7.6,0,0,0,0
750,dc52c72f,5,363,4,4,1,1,0,0,1,7,-6,2.1,6.1,-4.0,0,0,0,0
751,dc62b55d,5,146,1,0,0,5,3,0,1,2,-1,3.7,2.4,1.2,0,0,0,0
752,dc7f8a28,3,42,0,0,0,3,4,2,3,1,2,2.6,0.6,2.0,0,0,0,0
753,dc90cfbe,3,70,0,1,0,2,3,0,1,6,-5,0.8,4.0,-3.2,0,0,0,0
754,dd323728,3,180,2,2,1,1,2,3,4,1,3,2.5,2.5,0.1,0,0,0,0
755,dd669209,5,258,2,3,1,2,0,1,3,4,-1,2.3,4.8,-2.5,0,0,0,0
756,dd7b6eb8,1,11,0,0,0,1,1,3,1,0,1,0.7,0.0,0.6,0,0,0,0
757,dd897ee7,1,6,0,0,0,1,2,3,0,0,0,0.1,0.0,0.1,0,0,0,0
758,de39485a,7,471,5,6,3,1,0,1,3,7,-4,6.7,8.8,-2.1,0,0,0,0
759,de85e3cc,3,270,3,3,3,0,1,0,2,8,-6,3.0,11.0,-7.9,0,0,0,0
760,dea698d9,7,610,6,7,5,0,0,1,11,8,3,8.3,8.8,-0.6,0,0,0,0
761,def899bd,0,0,0,0,0,0,2,0,0,0,0,0.0,0.0,0.0,0,0,0,0
762,df3cda47,5,85,0,0,0,5,0,2,1,2,-1,1.2,3.3,-2.0,0,0,0,0
763,df418fc0,6,540,6,6,6,0,0,1,7,11,-4,4.4,12.2,-7.9,0,0,0,0
764,df69b544,9,517,5,6,1,3,0,1,8,4,4,8.6,6.2,2.4,0,0,0,0
765,dfb50e5c,5,152,1,1,0,4,1,1,4,4,0,3.1,3.1,0.0,0,0,0,0
766,dff0c818,0,0,0,0,0,0,2,0,0,0,0,0.0,0.0,0.0,0,0,0,0
767,dff153a4,5,315,3,4,2,1,1,1,5,4,1,6.0,4.2,1.8,0,0,0,0
768,e06683ca,9,810,9,9,9,0,3,2,20,8,12,20.6,7.9,12.7,0,0,0,0
769,e07398f8,1,2,0,0,0,1,0,1,0,0,0,0.0,0.0,0.0,0,0,0,0
770,e0921a4f,5,254,2,3,0,2,0,1,8,4,4,6.6,3.2,3.3,0,0,0,0
771,e0ee850b,0,0,0,0,0,0,7,0,0,0,0,0.0,0.0,0.0,0,0,0,0
772,e150254d,6,272,3,4,0,2,0,1,0,8,-8,0.9,8.3,-7.4,0,0,0,0
773,e1574c2d,1,4,0,0,0,1,4,0,0,1,-1,0.0,0.8,-0.8,0,0,0,0
774,e162b013,6,483,5,6,4,0,0,1,7,11,-4,9.2,7.6,1.6,0,0,0,0
775,e1d4f20d,1,5,0,0,0,1,2,1,0,1,-1,0.6,0.6,0.0,0,0,0,0
776,e27da244,4,329,3,4,2,0,1,1,3,5,-2,2.9,5.7,-2.7,0,0,0,0
777,e27fdbca,0,0,0,0,0,0,6,0,0,0,0,0.0,0.0,0.0,0,0,0,0
778,e280527c,5,136,1,1,0,4,3,2,8,1,7,5.6,2.0,3.6,0,0,0,0
779,e288d4b3,4,92,1,0,0,4,0,0,1,3,-2,1.4,2.7,-1.3,0,0,0,0
780,e2dde94c,0,0,0,0,0,0,4,0,0,0,0,0.0,0.0,0.0,0,0,0,0
781,e33c06cf,7,512,5,6,3,1,0,2,20,1,19,15.1,3.3,11.8,0,0,0,0
782,e342ad68,13,1004,11,12,6,1,0,2,25,12,13,23.6,11.7,11.8,0,0,0,0
783,e34e086c,3,81,0,1,0,2,1,1,1,3,-2,1.1,2.1,-1.0,0,0,0,0
784,e382905a,1,5,0,0,0,1,6,3,0,0,0,0.1,0.0,0.0,0,0,0,0
785,e3cceee6,6,370,4,5,2,1,0,1,8,6,2,7.0,4.0,3.0,0,0,0,0
786,e426b012,6,540,6,6,6,0,0,1,7,11,-4,4.4,12.2,-7.9,0,0,0,0
787,e42d61c7,8,717,8,8,7,0,0,1,15,11,4,15.1,13.9,1.3,0,0,0,0
788,e46012d4,10,730,8,9,4,1,1,1,19,9,10,14.5,5.7,8.8,0,0,0,0
789,e54a9890,1,1,0,0,0,1,5,1,0,0,0,0.0,0.0,0.0,0,0,0,0
790,e599253a,5,219,2,3,0,2,1,1,6,4,2,3.9,3.9,0.0,0,0,0,0
791,e5a35ae9,3,120,1,1,0,2,1,0,0,3,-3,0.6,3.3,-2.7,0,0,0,0
792,e5a76dfe,1,67,0,1,0,0,6,1,1,1,0,1.2,1.1,0.1,0,0,0,0
793,e5f63987,1,3,0,0,0,1,5,0,0,1,-1,0.0,0.6,-0.6,0,0,0,0
794,e613313c,3,145,1,2,0,1,5,3,5,2,3,4.2,2.7,1.5,0,0,0,0
795,e61bdd69,1,1,0,0,0,1,3,2,0,0,0,0.0,0.0,0.0,0,0,0,0
796,e66ebabb,0,0,0,0,0,0,7,0,0,0,0,0.0,0.0,0.0,0,0,0,0
797,e6951f76,0,0,0,0,0,0,4,0,0,0,0,0.0,0.0,0.0,0,0,0,0
798,e6af02e0,6,508,5,6,4,0,1,1,12,13,-1,9.2,8.4,0.8,0,0,0,0
799,e6c43eec,5,427,4,5,3,0,0,1,3,5,-2,3.9,6.3,-2.4,0,0,0,0
800,e7281ea9,2,21,0,0,0,2,0,1,1,1,0,0.3,0.9,-0.7,0,0,0,0
801,e73c9bb2,4,292,3,3,2,1,2,1,4,2,2,3.5,3.6,-0.1,0,0,0,0
802,e75129bd,3,58,0,0,0,3,3,0,1,3,-2,0.8,3.6,-2.7,0,0,0,0
803,e76cb9cc,5,449,5,5,4,0,0,1,3,6,-3,7.1,5.4,1.8,0,0,0,0
804,e7af9060,5,350,3,5,1,0,0,0,2,15,-13,3.7,13.0,-9.3,0,0,0,0
805,e81f0356,5,436,4,5,4,0,1,1,7,5,2,7.3,4.8,2.6,0,0,0,0
806,e85fb9b8,1,8,0,0,0,1,5,3,0,0,0,0.0,0.4,-0.4,0,0,0,0
807,e8918589,0,0,0,0,0,0,10,0,0,0,0,0.0,0.0,0.0,0,0,0,0
808,e97fd090,8,363,4,2,1,6,2,2,8,2,6,9.8,2.5,7.3,0,0,0,0
809,e9c0c1b2,2,180,2,2,2,0,2,1,2,2,0,3.8,2.3,1.5,0,0,0,0
810,ea04fa41,0,0,0,0,0,0,4,0,0,0,0,0.0,0.0,0.0,0,0,0,0
811,ea3b4578,1,72,0,1,0,0,3,0,1,4,-3,0.9,1.9,-1.0,0,0,0,0
812,ea6a7ab4,1,12,0,0,0,1,3,0,0,1,-1,0.0,0.5,-0.5,0,0,0,0
813,eab957a3,5,412,4,5,4,0,0,1,1,8,-7,1.5,11.0,-9.5,0,0,0,0
814,eaeca114,6,326,3,3,2,3,5,2,10,6,4,7.7,4.1,3.7,0,0,0,0
815,eaefa2d0,0,0,0,0,0,0,1,0,0,0,0,0.0,0.0,0.0,0,0,0,0
816,eb2b33aa,5,450,5,5,5,0,1,0,1,11,-10,0.0,0.0,0.0,0,0,0,0
817,eb2fe5b6,5,132,1,1,0,4,0,1,5,2,3,3.8,2.4,1.3,0,0,0,0
818,eb58eef0,5,262,2,3,1,2,3,2,9,3,6,8.8,4.9,3.9,0,0,0,0
819,eb7822d7,8,200,2,1,1,7,0,1,4,2,2,2.6,3.2,-0.6,0,0,0,0
820,ebc56869,0,0,0,0,0,0,6,0,0,0,0,0.0,0.0,0.0,0,0,0,0
821,ecad9aa5,0,0,0,0,0,0,6,0,0,0,0,0.0,0.0,0.0,0,0,0,0
822,ecada4fc,3,270,3,3,3,0,5,1,5,5,0,5.5,5.5,0.0,0,0,0,0
823,ed1e53f3,11,658,7,8,3,3,0,1,19,10,9,16.3,7.7,8.6,0,0,0,0
824,ed9f7cfe,10,482,5,4,2,6,0,1,6,3,3,6.2,5.5,0.8,0,0,0,0
825,eda40760,1,6,0,0,0,1,5,3,0,0,0,0.1,0.0,0.1,0,0,0,0
826,eda8506a,5,280,3,3,0,2,0,0,1,7,-6,0.8,8.0,-7.2,0,0,0,0
827,ee251371,6,443,4,5,3,1,0,0,5,4,1,4.8,8.0,-3.2,0,0,0,0
828,ee3519f5,4,225,2,3,1,1,1,1,1,3,-2,3.2,4.8,-1.7,0,0,0,0
829,ee8508c0,10,900,10,10,10,0,0,1,9,10,-1,12.2,13.2,-1.1,0,0,0,0
830,ee93c1a9,5,289,3,4,0,1,0,2,5,3,2,5.3,2.5,2.7,0,0,0,0
831,ef619b0b,2,16,0,0,0,2,0,3,1,0,1,0.9,0.2,0.7,0,0,0,0
832,ef9c1c95,7,630,7,7,7,0,0,1,7,8,-1,9.7,7.1,2.7,0,0,0,0
833,f0021247,8,489,5,6,1,2,2,1,9,7,2,6.9,10.2,-3.3,0,0,0,0
834,f034174e,0,0,0,0,0,0,5,0,0,0,0,0.0,0.0,0.0,0,0,0,0
835,f0661424,3,139,1,1,0,2,5,2,4,2,2,3.1,2.3,0.8,0,0,0,0
836,f08490a6,11,903,10,10,4,1,0,1,15,12,3,15.2,15.1,0.1,0,0,0,0
837,f090a37a,1,18,0,0,0,1,5,0,0,0,0,0.1,0.4,-0.4,0,0,0,0
838,f0da930c,7,585,6,6,6,1,0,1,4,6,-2,6.2,9.3,-3.1,0,0,0,0
839,f1b55719,4,156,1,2,0,2,0,0,0,6,-6,1.3,5.2,-3.9,0,0,0,0
840,f2099034,0,0,0,0,0,0,1,0,0,0,0,0.0,0.0,0.0,0,0,0,0
841,f20e4cc9,8,580,6,7,5,1,0,1,13,8,5,12.9,11.7,1.2,0,0,0,0
842,f25c8e3a,10,489,5,5,1,5,1,2,16,10,6,12.5,7.5,5.0,0,0,0,0
843,f315ca93,5,344,3,4,3,1,7,2,8,4,4,7.8,3.9,3.8,0,0,0,0
844,f3600c02,7,435,4,5,3,2,0,1,2,6,-4,4.9,5.0,-0.1,0,0,0,0
845,f38cc3b3,2,83,0,1,0,1,4,0,1,1,0,1.8,0.5,1.3,0,0,0,0
846,f3945e07,6,146,1,2,0,4,0,0,1,4,-3,1.8,3.3,-1.5,0,0,0,0
847,f4290206,8,548,6,6,3,2,2,2,10,4,6,8.5,5.1,3.4,0,0,0,0
848,f449640d,2,91,1,1,0,1,3,0,0,2,-2,0.2,2.4,-2.2,0,0,0,0
849,f4797849,2,81,0,1,0,1,0,1,1,1,0,1.6,1.2,0.4,0,0,0,0
850,f479b945,0,0,0,0,0,0,1,0,0,0,0,0.0,0.0,0.0,0,0,0,0
851,f49c4ae9,2,116,1,1,1,1,0,1,2,2,0,2.0,2.5,-0.5,0,0,0,0
852,f4b52308,5,134,1,1,0,4,3,1,2,6,-4,1.1,3.2,-2.0,0,0,0,0
853,f4c69aa6,3,63,0,0,0,3,3,2,1,2,-1,1.9,3.1,-1.2,0,0,0,0
854,f512a009,5,437,4,5,3,0,0,1,0,13,-13,1.4,13.1,-11.7,0,0,0,0
855,f5c8b425,4,51,0,0,0,4,2,2,0,1,-1,1.0,0.3,0.8,0,0,0,0
856,f5deef4c,5,425,4,5,4,0,1,2,8,6,2,5.8,7.0,-1.3,0,0,0,0
857,f5dfc256,2,180,2,2,2,0,1,0,1,4,-3,0.0,0.0,0.0,0,0,0,0
858,f620b04f,2,100,1,2,1,0,0,1,0,2,-2,0.9,1.0,-0.2,0,0,0,0
859,f63cda26,7,371,4,4,1,3,3,1,6,10,-4,4.6,10.4,-5.9,0,0,0,0
860,f6798fc3,6,540,6,6,6,0,0,1,5,5,0,7.2,7.8,-0.6,0,0,0,0
861,f6a06749,0,0,0,0,0,0,8,0,0,0,0,0.0,0.0,0.0,0,0,0,0
862,f6ac68c1,5,450,5,5,5,0,0,1,2,3,-1,3.6,5.0,-1.5,0,0,0,0
863,f7036e1c,8,580,6,8,1,0,0,1,8,2,6,11.7,5.6,6.0,0,0,0,0
864,f76e6b4e,0,0,0,0,0,0,7,0,0,0,0,0.0,0.0,0.0,0,0,0,0
865,f79759b4,0,0,0,0,0,0,1,0,0,0,0,0.0,0.0,0.0,0,0,0,0
866,f7b10c66,3,270,3,3,3,0,0,1,3,6,-3,4.3,5.7,-1.5,0,0,0,0
867,f7e87032,6,486,5,6,2,0,0,0,1,9,-8,3.7,8.3,-4.7,0,0,0,0
868,f833a830,4,217,2,2,1,2,8,3,6,2,4,3.2,2.9,0.3,0,0,0,0
869,f8342731,6,385,4,4,1,2,0,1,5,8,-3,4.3,6.8,-2.5,0,0,0,0
870,f86cd5df,4,335,3,4,2,0,2,0,4,8,-4,3.5,7.5,-4.0,0,0,0,0
871,f93c876b,3,260,2,3,2,0,1,0,1,11,-10,3.1,8.6,-5.5,0,0,0,0
872,f9acca3a,4,132,1,1,0,3,1,1,1,3,-2,2.8,1.8,1.1,0,0,0,0
873,f9b1b7bf,4,56,0,0,0,4,6,3,1,1,0,1.5,0.8,0.7,0,0,0,0
874,f9c927de,6,502,5,6,4,0,0,1,7,12,-5,6.6,9.7,-3.1,0,0,0,0
875,f9edc384,6,529,5,6,4,0,0,1,7,11,-4,4.2,11.5,-7.2,0,0,0,0
876,fa265f6d,3,102,1,1,0,2,3,0,0,1,-1,1.2,2.2,-1.1,0,0,0,0
877,fa274d97,4,196,2,3,1,1,0,1,5,4,1,4.2,1.6,2.6,0,0,0,0
878,fa661778,5,172,1,2,0,3,0,1,4,1,3,5.1,0.9,4.1,0,0,0,0
879,fb46125f,6,540,6,6,6,0,0,1,7,11,-4,4.4,12.2,-7.9,0,0,0,0
880,fb5d47b3,2,93,1,1,1,1,10,2,2,0,2,2.3,1.1,1.2,0,0,0,0
881,fb6530de,5,440,4,5,3,0,0,0,2,17,-15,4.2,16.8,-12.6,0,0,0,0
882,fb938d24,4,214,2,2,2,2,2,1,2,7,-5,3.5,5.1,-1.5,0,0,0,0
883,fbd6378b,2,26,0,0,0,2,10,1,2,1,1,1.9,0.7,1.3,0,0,0,0
884,fc4e7637,3,37,0,0,0,3,2,0,1,2,-1,0.8,0.7,0.1,0,0,0,0
885,fc62f087,2,164,1,2,1,0,6,2,5,2,3,4.2,2.3,1.9,0,0,0,0
886,fc8fcbd1,0,0,0,0,0,0,1,0,0,0,0,0.0,0.0,0.0,0,0,0,0
887,fcb27134,4,295,3,3,1,1,1,1,6,8,-2,6.6,6.4,0.2,0,0,0,0
888,fcb38f57,3,270,3,3,3,0,0,0,4,7,-3,3.7,6.5,-2.7,0,0,0,0
889,fd08a24b,0,0,0,0,0,0,1,0,0,0,0,0.0,0.0,0.0,0,0,0,0
890,fd51b456,8,353,3,3,2,5,5,2,10,2,8,7.6,6.8,0.8,0,0,0,0
891,fe154b26,5,113,1,1,0,4,1,0,1,3,-2,1.6,4.3,-2.8,0,0,0,0
892,fe29c96e,6,540,6,6,6,0,0,1,7,11,-4,4.4,12.2,-7.9,0,0,0,0
893,fe302f35,0,0,0,0,0,0,6,0,0,0,0,0.0,0.0,0.0,0,0,0,0
894,fe641c1a,4,200,2,2,1,2,2,1,2,2,0,2.8,3.0,-0.2,0,0,0,0
895,fe6c1add,0,0,0,0,0,0,1,0,0,0,0,0.0,0.0,0.0,0,0,0,0
896,fed7cb61,9,674,7,6,5,3,0,2,13,8,5,11.6,7.6,4.0,0,0,0,0
897,ff20acfe,0,0,0,0,0,0,5,0,0,0,0,0.0,0.0,0.0,0,0,0,0
898,ff74841d,8,720,8,8,8,0,0,1,10,14,-4,12.3,12.7,-0.5,0,0,0,0
899,ffec9769,2,104,1,1,0,1,0,0,0,0,0,0.7,1.2,-0.5,0,0,0,0
900,ffed43e3,6,540,6,6,6,0,0,0,6,20,-14,6.1,19.5,-13.4,0,0,0,0
