,id,MP,Min,90s,Starts,Compl,Subs,unSub,PPM,onG,onGA,+/-,onxG,onxGA,xG+/-,MinGK,MPGK,StartsGK,90sGK
0,00242715,33,2970,33,33,33,0,0,1,44,57,-13,47.6,56.3,-8.7,2700,30,30,30
1,00242b75,18,938,10,11,4,7,14,1,12,15,-3,15.0,14.8,0.2,2770,31,31,30
2,00844823,22,1979,22,22,21,0,0,0,25,40,-15,24.1,31.3,-7.2,2340,26,26,26
3,009a4f60,14,368,4,3,3,11,10,1,5,8,-3,4.8,7.3,-2.5,900,10,10,10
4,01834aa0,28,2447,27,28,26,0,1,1,38,56,-18,37.5,43.6,-6.2,2970,33,33,33
5,01c3aff5,28,2074,23,24,17,4,0,1,26,41,-15,25.7,31.9,-6.1,2880,32,32,32
6,028e70b9,9,297,3,3,1,6,12,3,13,1,12,9.5,2.0,7.5,290,4,3,3
7,032f894e,1,6,0,0,0,1,0,1,0,0,0,0.2,0.0,0.2,3060,34,34,34
8,042e8a49,24,1505,16,17,8,7,2,2,48,18,30,39.1,19.4,19.6,3060,34,34,34
9,048a1cbc,29,2335,25,26,18,3,3,1,63,29,34,45.3,28.6,16.7,540,6,6,6
10,05439de2,28,2498,27,27,26,1,3,2,86,24,62,75.3,30.1,45.2,2547,29,29,28
11,054849d2,10,674,7,7,7,3,8,0,9,15,-6,7.4,15.5,-8.1,90,1,1,1
12,056d2d95,32,2863,31,32,31,0,0,1,38,53,-15,39.5,49.4,-10.0,1530,17,17,17
13,05d548d8,31,2581,28,31,26,0,0,2,74,36,38,51.4,36.2,15.2,2160,24,24,24
14,05f6fd87,0,0,0,0,0,0,1,0,0,0,0,0.0,0.0,0.0,360,4,4,4
15,05f99a4a,8,253,2,3,0,5,17,1,6,4,2,3.9,5.6,-1.7,900,10,10,10
16,0674ebf1,0,0,0,0,0,0,1,0,0,0,0,0.0,0.0,0.0,1125,13,12,12
17,070ec0b1,33,2726,30,33,28,0,1,1,55,36,19,51.5,44.6,6.9,180,2,2,2
18,080440a4,31,2721,30,30,29,1,2,1,51,54,-3,51.3,45.5,5.7,2970,33,33,33
19,08593525,21,1310,14,16,10,5,5,1,23,25,-2,25.4,31.2,-5.8,90,1,1,1
20,088ca1bd,33,2836,31,31,26,2,0,1,47,43,4,43.7,56.6,-13.0,2315,26,26,25
21,096a77c4,7,152,1,1,0,6,13,2,4,1,3,3.5,1.9,1.6,2970,33,33,33
22,099e666f,31,2717,30,31,23,0,0,1,36,49,-13,33.8,47.6,-13.7,360,4,4,4
23,0a1cb833,33,2970,33,33,33,0,0,0,40,67,-27,38.2,54.3,-16.1,720,8,8,8
24,0a3d6d2b,1,7,0,0,0,1,1,3,0,0,0,0.0,0.3,-0.3,810,9,9,9
25,0a3f6cde,34,2470,27,28,20,6,0,0,30,60,-30,31.5,54.2,-22.8,742,9,8,8
26,0b4f388a,28,1550,17,17,5,11,1,1,35,19,16,35.9,22.8,13.1,2091,24,24,23
27,0c61c77c,30,2031,22,24,6,6,4,1,28,37,-9,27.8,36.5,-8.7,151,2,1,1
28,0cc5f4a5,6,131,1,1,0,5,6,1,1,4,-3,2.2,2.4,-0.2,3060,34,34,34
29,0cf778df,0,0,0,0,0,0,5,0,0,0,0,0.0,0.0,0.0,1530,17,17,17
30,0d55d942,24,2091,23,24,23,0,1,1,32,32,0,31.5,39.1,-7.5,69,1,0,0
31,0d8a37c2,0,0,0,0,0,0,30,0,0,0,0,0.0,0.0,0.0,1980,22,22,22
32,0db5d2c8,9,498,5,5,4,4,5,0,5,16,-11,3.9,12.7,-8.9,90,2,2,1
33,0e0102eb,5,81,0,0,0,5,4,1,0,3,-3,0.4,2.1,-1.7,270,3,3,3
34,0e4fef6e,7,331,3,4,2,3,11,1,3,6,-3,5.9,4.6,1.3,1935,22,22,21
35,0ef89a37,23,1411,15,15,5,8,2,2,45,13,32,45.1,15.2,30.0,2520,28,28,28
36,0fbb73c2,22,1571,17,19,10,3,12,0,19,33,-14,21.0,31.3,-10.2,0,0,0,0
37,0fbecd11,26,1445,16,16,4,10,5,1,32,29,3,31.2,21.8,9.4,0,0,0,0
38,1025db8e,21,1645,18,18,18,3,4,1,27,34,-7,23.1,31.1,-8.0,0,0,0,0
39,106bca06,22,1432,15,15,14,7,3,0,12,31,-19,15.7,22.4,-6.6,0,0,0,0
40,10b9fa99,3,81,0,0,0,3,17,3,3,1,2,1.6,0.5,1.1,0,0,0,0
41,1151fb6e,2,37,0,0,0,2,15,1,2,0,2,2.1,0.0,2.1,0,0,0,0
42,11fd2b75,23,2026,22,23,20,0,0,1,32,30,2,27.7,35.0,-7.3,0,0,0,0
43,1238a3f9,30,1423,15,15,8,15,2,2,13,29,-16,16.4,24.6,-8.2,0,0,0,0
44,13203c45,29,2364,26,27,21,2,2,1,38,37,1,42.5,33.9,8.6,0,0,0,0
45,140afefb,6,132,1,0,0,6,12,1,4,1,3,3.4,1.7,1.7,0,0,0,0
46,14a7af33,14,872,9,10,9,4,16,1,14,22,-8,11.1,21.1,-10.1,0,0,0,0
47,14af7b90,0,0,0,0,0,0,1,0,0,0,0,0.0,0.0,0.0,0,0,0,0
48,150d5992,0,0,0,0,0,0,1,0,0,0,0,0.0,0.0,0.0,0,0,0,0
49,15a21c79,0,0,0,0,0,0,14,0,0,0,0,0.0,0.0,0.0,0,0,0,0
50,15b287da,28,1969,21,22,13,6,4,1,33,39,-6,39.7,30.4,9.3,0,0,0,0
51,15fd5593,33,2936,32,33,28,0,0,0,40,65,-25,37.5,52.5,-15.1,0,0,0,0
52,16b4260e,1,21,0,0,0,1,1,0,0,2,-2,0.2,0.2,0.0,0,0,0,0
53,16daec92,23,1048,11,11,0,12,5,1,19,15,4,18.0,18.5,-0.5,0,0,0,0
54,17376543,33,2970,33,33,33,0,1,1,41,54,-13,41.0,52.0,-11.0,0,0,0,0
55,1748c9f7,5,91,1,0,0,5,11,0,0,3,-3,0.7,3.0,-2.2,0,0,0,0
56,17611373,32,2459,27,27,22,5,1,0,31,56,-25,30.7,47.2,-16.5,0,0,0,0
57,17780d2b,10,615,6,6,4,4,9,1,14,11,3,12.0,10.2,1.8,0,0,0,0
58,17f3620a,15,909,10,9,5,6,0,1,16,21,-5,13.6,18.1,-4.4,0,0,0,0
59,1a1033a1,32,1629,18,18,4,14,2,1,19,24,-5,24.6,23.4,1.2,0,0,0,0
60,1ae836b1,13,623,6,7,3,6,15,1,17,15,2,11.1,10.4,0.7,0,0,0,0
61,1b278bf5,8,545,6,7,3,1,8,0,7,13,-6,5.8,12.9,-7.1,0,0,0,0
62,1bcca8b8,8,87,1,0,0,8,6,1,5,1,4,2.8,0.3,2.5,0,0,0,0
63,1c08a3c8,13,663,7,8,3,5,14,1,9,9,0,9.6,12.2,-2.6,0,0,0,0
64,1c96ad85,4,179,2,1,1,3,7,2,2,3,-1,3.0,2.7,0.3,0,0,0,0
65,1cbe4984,5,380,4,4,3,1,7,1,7,5,2,6.4,4.9,1.4,0,0,0,0
66,1d1691ad,3,152,1,2,0,1,13,3,3,1,2,4.0,1.7,2.3,0,0,0,0
67,1d8e9add,25,2065,23,25,18,0,2,2,33,37,-4,27.700000000000003,31.9,-4.300000000000001,0,0,0,0
68,1e274a0a,29,1376,15,13,7,16,2,0,18,46,-28,18.9,36.4,-17.4,0,0,0,0
69,1ee5feb7,0,0,0,0,0,0,3,0,0,0,0,0.0,0.0,0.0,0,0,0,0
70,1f44ac21,15,1063,11,11,7,4,0,2,31,12,19,19.3,13.8,5.5,0,0,0,0
71,1fc4f3d1,0,0,0,0,0,0,5,0,0,0,0,0.0,0.0,0.0,0,0,0,0
72,1fda91b3,2,51,0,1,0,1,4,2,1,0,1,1.6,0.6,0.9,0,0,0,0
73,1fdec858,17,1119,12,14,3,3,0,0,12,26,-14,12.2,24.8,-12.6,0,0,0,0
74,20030c06,12,856,9,9,9,3,6,1,18,12,6,19.2,15.6,3.6,0,0,0,0
75,2042d931,5,146,1,1,0,4,12,0,2,4,-2,3.2,3.6,-0.4,0,0,0,0
76,206c37d3,0,0,0,0,0,0,2,0,0,0,0,0.0,0.0,0.0,0,0,0,0
77,208b9c87,0,0,0,0,0,0,3,0,0,0,0,0.0,0.0,0.0,0,0,0,0
78,217c93a1,3,34,0,0,0,3,5,1,0,1,-1,0.1,2.2,-2.1,0,0,0,0
79,2200181e,31,2731,30,31,29,0,0,0,34,54,-20,34.0,51.2,-17.2,0,0,0,0
80,226ddf9d,1,90,1,1,1,0,31,0,0,4,-4,0.5,2.3,-1.8,0,0,0,0
81,22919e97,15,746,8,6,2,9,3,1,16,10,6,15.3,16.3,-0.9,0,0,0,0
82,229cd98a,16,367,4,4,0,12,5,1,9,5,4,7.6,8.1,-0.5,0,0,0,0
83,23a10591,1,9,0,0,0,1,1,3,0,0,0,0.1,0.0,0.1,0,0,0,0
84,258a6f4d,0,0,0,0,0,0,1,0,0,0,0,0.0,0.0,0.0,0,0,0,0
85,25ab9c9c,17,1371,15,15,11,2,6,0,17,26,-9,19.5,31.7,-12.2,0,0,0,0
86,25b1d2d1,0,0,0,0,0,0,1,0,0,0,0,0.0,0.0,0.0,0,0,0,0
87,271b8617,28,1716,19,20,4,8,3,1,23,28,-5,22.2,25.6,-3.5,0,0,0,0
88,272cfd72,0,0,0,0,0,0,5,0,0,0,0,0.0,0.0,0.0,0,0,0,0
89,27d2618c,29,2547,28,29,28,0,2,1,39,46,-7,35.7,44.5,-8.9,0,0,0,0
90,289b90cd,9,742,8,8,8,1,20,1,7,18,-11,9.3,15.7,-6.4,0,0,0,0
91,28eaa0f3,9,665,7,7,5,2,3,0,6,15,-9,7.4,12.9,-5.6,0,0,0,0
92,2903a856,24,1633,18,18,12,6,3,2,36,24,12,38.3,24.6,13.7,0,0,0,0
93,2979c05a,24,1065,11,13,2,11,7,0,11,22,-11,14.2,23.6,-9.3,0,0,0,0
94,2a29eb9b,5,209,2,3,0,2,1,2,1,3,-2,1.1,3.8,-2.7,0,0,0,0
95,2a5fab54,0,0,0,0,0,0,11,0,0,0,0,0.0,0.0,0.0,0,0,0,0
96,2a6cd437,11,928,10,11,9,0,1,1,18,19,-1,15.6,15.1,0.5,0,0,0,0
97,2b09d998,14,953,10,10,4,4,1,1,14,13,1,17.6,11.3,6.2,0,0,0,0
98,2b53f7a5,13,717,8,8,2,5,4,0,7,21,-14,8.6,17.0,-8.4,0,0,0,0
99,2b5527c4,0,0,0,0,0,0,7,0,0,0,0,0.0,0.0,0.0,0,0,0,0
100,2bb48e86,0,0,0,0,0,0,4,0,0,0,0,0.0,0.0,0.0,0,0,0,0
101,2bcc6d52,21,1234,13,13,9,8,8,1,16,17,-1,16.8,16.7,0.1,0,0,0,0
102,2c0558b8,1,3,0,0,0,1,1,3,0,0,0,0.0,0.3,-0.3,0,0,0,0
103,2d61d13a,26,1777,19,21,18,5,4,1,22,37,-15,19.8,36.5,-16.8,0,0,0,0
104,2db2fd7b,24,1796,20,23,14,1,6,2,56,15,41,49.8,17.1,32.7,0,0,0,0
105,2e7ff968,4,290,3,3,3,1,27,2,8,1,7,6.1,5.3,0.8,0,0,0,0
106,2f3e911a,22,1792,19,21,16,1,9,1,29,49,-20,27.5,40.6,-13.1,0,0,0,0
107,2ff76adc,4,315,3,4,3,0,9,1,5,2,3,5.6,3.4,2.2,0,0,0,0
108,302527b2,22,1817,20,20,19,2,7,1,35,23,12,28.3,36.2,-7.9,0,0,0,0
109,302faefb,0,0,0,0,0,0,1,0,0,0,0,0.0,0.0,0.0,0,0,0,0
110,30941e96,13,1095,12,12,11,1,1,1,22,11,11,20.4,13.3,7.1,0,0,0,0
111,30c220c3,18,1172,13,14,10,4,8,2,26,14,12,23.5,18.6,5.0,0,0,0,0
112,316162b6,14,675,7,8,2,6,7,0,9,18,-9,8.3,16.2,-7.9,0,0,0,0
113,33144cc5,20,1162,12,14,3,6,9,0,12,28,-16,14.6,21.3,-6.7,0,0,0,0
114,33340bd6,5,71,0,1,0,4,25,0,0,3,-3,0.5,1.8,-1.3,0,0,0,0
115,3376a776,14,1260,14,14,14,0,8,1,17,29,-12,17.2,21.5,-4.3,0,0,0,0
116,33a95e0a,30,2668,29,30,29,0,0,0,31,60,-29,33.8,57.2,-23.4,0,0,0,0
117,33b554b7,23,1373,15,15,7,8,4,1,16,24,-8,19.8,24.9,-5.1,0,0,0,0
118,33d9d789,0,0,0,0,0,0,3,0,0,0,0,0.0,0.0,0.0,0,0,0,0
119,33ec696b,0,0,0,0,0,0,1,0,0,0,0,0.0,0.0,0.0,0,0,0,0
120,346d51d9,13,1019,11,12,9,1,3,1,25,17,8,19.1,17.5,1.7,0,0,0,0
121,3489184e,1,12,0,0,0,1,5,0,0,0,0,0.6,0.1,0.5,0,0,0,0
122,34a0f5ff,23,1309,14,16,6,7,3,1,17,21,-4,15.4,22.2,-6.8,0,0,0,0
123,34b306a1,29,2428,27,27,23,2,3,1,30,51,-21,27.5,45.8,-18.3,0,0,0,0
124,34b54da7,17,1012,11,11,6,6,11,2,21,11,10,27.2,15.1,12.1,0,0,0,0
125,34e12499,13,373,4,4,3,9,20,1,10,8,2,7.5,10.9,-3.4,0,0,0,0
126,34e4343c,27,1138,12,11,4,16,6,0,16,33,-17,16.3,23.4,-7.1,0,0,0,0
127,3588d4fe,1,90,1,1,1,0,2,0,1,5,-4,1.6,2.9,-1.4,0,0,0,0
128,364445b2,13,1012,11,11,9,2,2,1,21,21,0,17.7,15.4,2.3,0,0,0,0
129,36a3ff67,19,1495,16,18,10,1,0,2,47,24,23,33.2,20.5,12.6,0,0,0,0
130,36a59ba4,30,2356,26,26,17,4,3,1,52,29,23,59.7,33.8,25.9,0,0,0,0
131,3745e8bd,13,330,3,2,0,11,13,0,10,5,5,6.7,6.8,0.0,0,0,0,0
132,378825c7,19,1448,16,16,12,3,7,2,34,19,15,36.0,21.4,14.6,0,0,0,0
133,37c213cf,2,43,0,0,0,2,13,1,1,2,-1,0.3,0.7,-0.4,0,0,0,0
134,37f606f0,21,1136,12,13,3,8,5,1,11,23,-12,15.3,23.6,-8.3,0,0,0,0
135,384d58d9,23,1947,21,22,21,1,0,2,43,25,18,47.1,29.3,17.8,0,0,0,0
136,3861d9cc,4,121,1,1,0,3,13,1,0,2,-2,1.7,1.0,0.8,0,0,0,0
137,3967d651,0,0,0,0,0,0,25,0,0,0,0,0.0,0.0,0.0,0,0,0,0
138,3a233281,22,1090,12,12,1,10,1,1,23,17,6,22.0,16.5,5.6,0,0,0,0
139,3ab741df,0,0,0,0,0,0,1,0,0,0,0,0.0,0.0,0.0,0,0,0,0
140,3acad81a,9,628,7,6,5,3,15,1,10,12,-2,10.3,10.9,-0.6,0,0,0,0
141,3bb625ac,24,1484,16,18,10,6,3,1,22,32,-10,23.5,30.9,-7.4,0,0,0,0
142,3c6089ab,33,2255,25,26,14,7,0,2,78,24,54,66.4,29.8,36.6,0,0,0,0
143,3cd9e95a,34,3060,34,34,34,0,0,1,51,69,-18,48.9,53.3,-4.4,0,0,0,0
144,3eb0f2df,28,2256,25,25,17,3,2,1,37,43,-6,31.1,38.2,-7.0,0,0,0,0
145,3eeb80e0,10,457,5,5,1,5,6,1,13,12,1,10.3,9.7,0.6,0,0,0,0
146,3effaa34,25,1575,17,16,7,9,4,1,33,35,-2,33.5,27.8,5.7,0,0,0,0
147,3f65898c,28,2427,27,28,26,0,0,1,39,50,-11,33.8,42.3,-8.5,0,0,0,0
148,3f7cd8f1,15,586,6,6,0,9,6,1,6,11,-5,8.3,8.3,0.0,0,0,0,0
149,3faa1780,7,340,3,4,0,3,8,1,7,6,1,5.5,5.4,0.1,0,0,0,0
150,4114f306,15,676,7,6,1,9,16,0,6,24,-18,6.7,16.7,-10.0,0,0,0,0
151,41bff4fa,0,0,0,0,0,0,6,0,0,0,0,0.0,0.0,0.0,0,0,0,0
152,420c18a1,34,3060,34,34,34,0,0,1,66,40,26,72.0,45.9,26.1,0,0,0,0
153,42130443,17,1530,17,17,17,0,0,0,18,36,-18,18.5,34.7,-16.2,0,0,0,0
154,431c837b,29,2280,25,28,12,1,1,0,27,52,-25,28.3,49.4,-21.1,0,0,0,0
155,437f2b00,26,1493,16,17,6,9,6,1,24,29,-5,29.7,30.7,-1.0,0,0,0,0
156,441197b8,22,1721,19,20,15,2,12,1,28,35,-7,30.0,28.0,2.0,0,0,0,0
157,442b56fa,30,2351,26,26,23,4,1,1,32,54,-22,36.5,46.0,-9.5,0,0,0,0
158,45954ec7,15,1204,13,14,12,1,14,1,9,16,-7,19.3,14.1,5.2,0,0,0,0
159,45a03961,32,2790,31,31,30,1,1,2,94,28,66,82.2,34.1,48.1,0,0,0,0
160,45f6f52b,2,151,1,1,1,1,11,0,1,4,-3,1.3,4.1,-2.8,0,0,0,0
161,47064058,30,2700,30,30,30,0,0,1,47,49,-2,49.3,51.7,-2.4,0,0,0,0
162,48035304,32,2618,29,30,25,2,0,1,57,34,23,62.4,38.3,24.1,0,0,0,0
163,482b70ad,18,350,3,3,0,15,8,1,9,2,7,6.9,6.8,0.1,0,0,0,0
164,4830e0af,24,1048,11,9,5,15,5,0,15,26,-11,13.3,23.5,-10.2,0,0,0,0
165,49296448,33,2818,31,32,28,1,0,2,90,31,59,82.1,32.9,49.2,0,0,0,0
166,493924a7,20,1696,18,18,18,2,13,1,30,30,0,32.9,27.7,5.1,0,0,0,0
167,4942dad3,3,110,1,1,0,2,3,0,0,6,-6,0.6,2.8,-2.2,0,0,0,0
168,496aeede,22,1464,16,17,12,5,11,2,33,15,18,34.7,18.5,16.2,0,0,0,0
169,49fe9070,34,2795,31,33,19,1,0,1,75,29,46,64.6,32.6,32.0,0,0,0,0
170,49ffe0f2,2,120,1,2,0,0,7,3,2,1,1,2.6,2.2,0.4,0,0,0,0
171,4aea5077,31,2710,30,31,27,0,0,1,60,37,23,63.7,41.9,21.8,0,0,0,0
172,4b6dd263,15,325,3,1,0,14,7,1,5,3,2,5.9,3.0,2.9,0,0,0,0
173,4ba886c6,2,72,0,1,0,1,8,3,3,1,2,2.1,1.1,1.0,0,0,0,0
174,4bd00a50,3,114,1,1,0,2,15,1,0,3,-3,0.5,3.4,-2.9,0,0,0,0
175,4c6facae,29,1746,19,18,13,11,2,1,34,32,2,35.4,27.5,7.9,0,0,0,0
176,4d50454e,28,1210,13,14,2,14,6,0,16,28,-12,17.7,23.9,-6.3,0,0,0,0
177,4d74201d,0,0,0,0,0,0,3,0,0,0,0,0.0,0.0,0.0,0,0,0,0
178,4d7faad1,15,378,4,3,0,12,15,2,6,8,-2,4.8,7.1,-2.3,0,0,0,0
179,4e204552,15,459,5,5,0,10,13,2,8,9,-1,10.5,10.5,0.0,0,0,0,0
180,4e3a947f,1,33,0,1,0,0,16,3,0,0,0,0.1,0.9,-0.8,0,0,0,0
181,4f16405e,8,403,4,4,2,4,0,1,12,7,5,9.1,5.5,3.6,0,0,0,0
182,50871bcc,33,2380,26,28,11,5,0,2,65,26,39,46.1,29.3,16.8,0,0,0,0
183,50e6dc35,18,1053,11,12,3,6,1,1,13,18,-5,16.3,18.3,-1.9,0,0,0,0
184,53070b63,13,304,3,1,1,12,16,1,10,2,8,6.2,4.6,1.6,0,0,0,0
185,536cebe5,1,90,1,1,1,0,0,3,1,0,1,1.8,0.8,1.0,0,0,0,0
186,53e07d0b,27,1147,12,12,4,15,5,1,15,20,-5,19.2,18.3,0.9,0,0,0,0
187,541127d5,11,419,4,3,0,8,12,0,2,11,-9,4.9,9.0,-4.2,0,0,0,0
188,543ddcaf,10,336,3,4,1,6,11,0,3,9,-6,3.4,3.8,-0.4,0,0,0,0
189,54b4dc4e,25,1573,17,18,8,7,7,1,29,22,7,35.1,28.3,6.8,0,0,0,0
190,54b6ee79,18,234,2,0,0,18,8,0,2,5,-3,3.7,4.2,-0.6,0,0,0,0
191,54e4866f,27,1633,18,17,4,10,0,1,26,25,1,26.1,31.200000000000003,-5.1000000000000005,0,0,0,0
192,55557b25,5,192,2,2,1,3,6,0,1,5,-4,1.8,4.1,-2.3,0,0,0,0
193,555d5edd,30,1857,20,22,11,8,4,1,31,25,6,30.9,30.8,0.1,0,0,0,0
194,56413b1f,27,2118,23,23,14,4,0,1,41,26,15,38.0,33.3,4.7,0,0,0,0
195,565bf0da,20,1688,18,19,15,1,5,1,32,27,5,30.9,24.3,6.6,0,0,0,0
196,565c3fe4,0,0,0,0,0,0,1,0,0,0,0,0.0,0.0,0.0,0,0,0,0
197,5722eced,9,307,3,3,1,6,18,3,13,2,11,9.0,4.9,4.1,0,0,0,0
198,582a5247,2,96,1,1,1,1,11,0,1,5,-4,1.0,3.2,-2.3,0,0,0,0
199,58ce23e5,11,530,5,6,3,5,11,0,4,14,-10,5.3,9.6,-4.3,0,0,0,0
200,59354c83,0,0,0,0,0,0,1,0,0,0,0,0.0,0.0,0.0,0,0,0,0
201,5939baa2,9,810,9,9,9,0,0,1,14,9,5,12.8,9.0,3.8,0,0,0,0
202,597ff9d3,0,0,0,0,0,0,5,0,0,0,0,0.0,0.0,0.0,0,0,0,0
203,59e4b92e,32,2649,29,32,23,0,1,1,38,53,-15,36.8,46.8,-10.0,0,0,0,0
204,5c4bf6ba,22,1935,21,22,21,0,3,1,31,40,-9,30.3,35.9,-5.6,0,0,0,0
205,5c9fe42b,0,0,0,0,0,0,9,0,0,0,0,0.0,0.0,0.0,0,0,0,0
206,5d4f7d61,22,1298,14,15,4,7,2,1,32,15,17,26.9,15.7,11.3,0,0,0,0
207,5d8e331f,32,2783,30,31,28,1,0,1,43,42,1,42.4,58.7,-16.3,0,0,0,0
208,5db45ee5,6,109,1,0,0,6,7,1,2,3,-1,4.5,1.0,3.6,0,0,0,0
209,5ddb8f9f,19,1389,15,15,12,4,13,1,34,27,7,33.3,22.2,11.1,0,0,0,0
210,5dfc6ad5,28,2245,24,25,22,3,0,2,62,32,30,45.5,32.2,13.3,0,0,0,0
211,5ed9b537,8,569,6,6,6,2,4,2,15,5,10,13.9,6.9,7.0,0,0,0,0
212,5fd5e542,5,197,2,2,1,3,16,1,3,4,-1,3.8,4.8,-1.0,0,0,0,0
213,603724ac,0,0,0,0,0,0,3,0,0,0,0,0.0,0.0,0.0,0,0,0,0
214,603cb947,19,1422,15,14,12,5,1,1,34,26,8,30.3,30.6,-0.3,0,0,0,0
215,607d64c6,2,65,0,0,0,2,18,0,1,3,-2,0.6,2.4,-1.7,0,0,0,0
216,60dfc525,1,6,0,0,0,1,5,0,0,0,0,0.0,0.0,0.0,0,0,0,0
217,610aa1e9,15,1261,14,14,13,1,5,0,16,29,-13,16.6,28.2,-11.6,0,0,0,0
218,612cb8d3,1,16,0,0,0,1,1,0,0,0,0,0.1,0.3,-0.2,0,0,0,0
219,6190474d,0,0,0,0,0,0,6,0,0,0,0,0.0,0.0,0.0,0,0,0,0
220,61fc9685,5,117,1,0,0,5,14,0,3,2,1,2.6,0.8,1.8,0,0,0,0
221,625e41b1,24,1521,16,18,7,6,6,0,19,29,-10,19.8,30.4,-10.6,0,0,0,0
222,626fab5f,18,1175,13,12,10,6,4,1,18,16,2,16.7,19.0,-2.3,0,0,0,0
223,62ab9184,18,828,9,7,5,11,12,1,11,11,0,12.2,9.6,2.6,0,0,0,0
224,62ba5881,1,90,1,1,1,0,32,1,2,2,0,1.1,1.0,0.1,0,0,0,0
225,635f2732,28,2266,25,26,19,2,5,0,34,56,-22,34.1,49.6,-15.5,0,0,0,0
226,64ba07c0,8,574,6,8,3,0,12,0,4,22,-18,5.8,15.1,-9.3,0,0,0,0
227,64f69877,27,2047,22,24,17,3,1,1,41,28,13,40.4,33.6,6.8,0,0,0,0
228,652d4c37,13,638,7,7,3,6,9,2,19,7,12,18.5,9.4,9.1,0,0,0,0
229,66385c46,27,1778,19,19,11,8,7,1,27,40,-13,30.4,32.7,-2.4,0,0,0,0
230,664590fa,18,701,7,8,2,10,9,1,4,15,-11,6.0,14.4,-8.4,0,0,0,0
231,677da306,26,1966,21,21,21,5,7,1,21,39,-18,24.0,34.8,-10.8,0,0,0,0
232,69374ff5,27,1791,19,20,13,7,2,1,37,30,7,35.9,32.5,3.4,0,0,0,0
233,699fb8db,28,2434,27,27,26,1,6,1,37,37,0,37.2,52.7,-15.5,0,0,0,0
234,6bba916f,6,177,2,1,0,5,8,0,2,5,-3,2.1,4.1,-2.0,0,0,0,0
235,6bd5cd5d,21,1594,17,17,15,4,13,1,29,19,10,26.9,20.0,7.0,0,0,0,0
236,6c6a3300,28,2264,25,27,13,1,2,0,32,53,-21,26.8,42.8,-16.0,0,0,0,0
237,6cafd68d,11,701,7,7,6,4,14,1,9,15,-6,8.2,19.7,-11.5,0,0,0,0
238,6cb0211b,1,1,0,0,0,1,2,0,0,0,0,0.1,0.0,0.0,0,0,0,0
239,6cc47ae1,11,530,5,5,2,6,5,1,12,10,2,11.5,8.8,2.6,0,0,0,0
240,6e29ba6e,0,0,0,0,0,0,12,0,0,0,0,0.0,0.0,0.0,0,0,0,0
241,6ec6fde0,18,1142,12,12,11,6,14,1,19,19,0,19.9,24.1,-4.2,0,0,0,0
242,6ecbddf6,33,2530,28,29,17,4,0,1,34,54,-20,35.2,47.7,-12.6,0,0,0,0
243,6f8cd6d0,31,2202,24,28,10,3,0,1,43,26,17,46.9,33.1,13.8,0,0,0,0
244,6fd8a334,15,1029,11,10,7,5,17,1,18,17,1,19.9,17.0,2.9,0,0,0,0
245,6fe90922,22,1206,13,11,4,11,3,2,45,12,33,35.7,13.2,22.5,0,0,0,0
246,70678132,23,985,11,9,4,14,4,1,12,23,-11,9.8,19.700000000000003,-10.0,0,0,0,0
247,70dcf94d,26,1721,19,20,12,6,0,1,20,30,-10,24.9,37.1,-12.2,0,0,0,0
248,7124239e,1,14,0,0,0,1,2,3,1,0,1,0.6,0.1,0.5,0,0,0,0
249,7242b495,25,2057,22,22,20,3,8,0,22,46,-24,24.4,40.3,-15.9,0,0,0,0
250,73000a79,13,909,10,11,5,2,12,2,23,9,14,19.6,14.7,4.9,0,0,0,0
251,7367d26f,0,0,0,0,0,0,7,0,0,0,0,0.0,0.0,0.0,0,0,0,0
252,7391c2d9,21,1339,14,16,10,5,3,1,17,24,-7,15.5,24.2,-8.8,0,0,0,0
253,73e2f6eb,0,0,0,0,0,0,3,0,0,0,0,0.0,0.0,0.0,0,0,0,0
254,74c7c2db,32,2602,28,31,19,1,2,1,37,55,-18,40.5,50.1,-9.6,0,0,0,0
255,74d654b4,0,0,0,0,0,0,1,0,0,0,0,0.0,0.0,0.0,0,0,0,0
256,74d70fb5,5,314,3,3,2,2,17,0,3,6,-3,4.5,4.1,0.4,0,0,0,0
257,768a35ac,0,0,0,0,0,0,3,0,0,0,0,0.0,0.0,0.0,0,0,0,0
258,76b2817e,31,2329,25,29,18,2,1,1,36,46,-10,34.9,36.3,-1.4,0,0,0,0
259,76e5da9d,6,271,3,3,0,3,6,1,5,4,1,5.4,5.3,0.1,0,0,0,0
260,77e84962,24,1771,19,20,15,4,1,2,54,23,31,54.2,24.8,29.4,0,0,0,0
261,77efd5bf,0,0,0,0,0,0,2,0,0,0,0,0.0,0.0,0.0,0,0,0,0
262,78666ade,0,0,0,0,0,0,1,0,0,0,0,0.0,0.0,0.0,0,0,0,0
263,78b2bbc9,0,0,0,0,0,0,6,0,0,0,0,0.0,0.0,0.0,0,0,0,0
264,78b9e99c,1,9,0,0,0,1,0,3,0,0,0,0.0,0.0,0.0,0,0,0,0
265,791abba1,15,1126,12,13,12,2,0,1,16,18,-2,14.7,13.7,1.0,0,0,0,0
266,791af558,8,64,0,0,0,8,19,1,3,1,2,3.5,1.3,2.2,0,0,0,0
267,792ffa71,1,16,0,0,0,1,4,0,0,0,0,0.1,0.3,-0.2,0,0,0,0
268,79330a11,0,0,0,0,0,0,3,0,0,0,0,0.0,0.0,0.0,0,0,0,0
269,7961f7aa,23,676,7,6,1,17,9,1,9,10,-1,11.8,15.3,-3.5,0,0,0,0
270,79c90e45,30,2474,27,28,24,2,3,1,45,40,5,47.6,43.4,4.1,0,0,0,0
271,79ca3e23,7,447,5,6,1,1,6,0,6,8,-2,7.3,8.1,-0.9,0,0,0,0
272,7aac47fe,21,1176,13,13,9,8,13,1,17,20,-3,19.6,23.0,-3.4,0,0,0,0
273,7bd5b8fd,2,2,0,0,0,2,6,3,0,0,0,0.0,0.0,0.0,0,0,0,0
274,7bf8ad6c,9,448,5,5,1,4,12,0,3,10,-7,5.0,6.3,-1.3,0,0,0,0
275,7c104bb7,11,309,3,1,1,10,19,1,6,7,-1,7.3,6.0,1.2,0,0,0,0
276,7c3ed041,7,133,1,1,0,6,17,2,3,4,-1,3.0,4.4,-1.4,0,0,0,0
277,7c473e12,28,2436,27,28,25,0,0,1,39,40,-1,33.3,41.5,-8.1,0,0,0,0
278,7c56da38,32,1925,21,21,9,11,2,1,56,20,36,50.1,19.6,30.5,0,0,0,0
279,7ca196eb,5,92,1,1,0,4,10,0,1,2,-1,0.7,2.2,-1.5,0,0,0,0
280,7cd6badb,25,1432,15,14,2,11,2,1,30,21,9,34.6,18.3,16.4,0,0,0,0
281,7d3e7da6,1,90,1,1,1,0,32,1,4,6,-2,2.1,1.7,0.4,0,0,0,0
282,7d841904,4,102,1,1,0,3,9,1,0,2,-2,0.6,1.8,-1.2,0,0,0,0
283,7da05fff,0,0,0,0,0,0,6,0,0,0,0,0.0,0.0,0.0,0,0,0,0
284,7f609bfc,28,2308,25,27,19,1,4,1,38,34,4,42.9,39.2,3.7,0,0,0,0
285,7f97771d,16,675,7,6,3,10,6,2,21,9,12,21.5,10.0,11.5,0,0,0,0
286,7fa4e703,15,355,3,2,0,13,2,2,7,6,1,6.6,6.0,0.7,0,0,0,0
287,7fd0352e,0,0,0,0,0,0,2,0,0,0,0,0.0,0.0,0.0,0,0,0,0
288,7fe12375,10,900,10,10,10,0,23,1,10,12,-2,11.1,15.3,-4.1,0,0,0,0
289,809940aa,27,1587,17,18,11,9,4,1,19,40,-21,23.5,30.1,-6.5,0,0,0,0
290,80f36c88,32,2734,30,31,25,1,1,1,46,47,-1,47.3,52.4,-5.0,0,0,0,0
291,821233cc,23,1965,21,23,16,0,8,1,26,38,-12,24.3,36.4,-12.1,0,0,0,0
292,826e8b63,31,2706,30,31,24,0,1,1,43,50,-7,39.4,43.7,-4.3,0,0,0,0
293,834d0be5,24,1174,13,11,7,13,9,1,18,20,-2,22.4,19.7,2.7,0,0,0,0
294,83e0eeb4,0,0,0,0,0,0,4,0,0,0,0,0.0,0.0,0.0,0,0,0,0
295,8494acc4,18,1256,13,14,11,4,13,4,32,29,3,27.9,19.4,8.5,0,0,0,0
296,857a5abe,0,0,0,0,0,0,1,0,0,0,0,0.0,0.0,0.0,0,0,0,0
297,8593f88c,34,3029,33,34,31,0,0,1,47,47,0,46.0,64.1,-18.0,0,0,0,0
298,861e0116,7,398,4,4,3,3,14,1,7,10,-3,4.8,8.4,-3.6,0,0,0,0
299,863ff1ee,23,813,9,7,4,16,6,1,11,16,-5,14.8,14.8,0.0,0,0,0,0
300,864db10a,9,544,6,6,5,3,13,1,8,18,-10,7.4,13.8,-6.4,0,0,0,0
301,8667b551,0,0,0,0,0,0,1,0,0,0,0,0.0,0.0,0.0,0,0,0,0
302,867501bf,25,1601,17,19,4,6,4,1,19,31,-12,18.8,29.2,-10.5,0,0,0,0
303,86e119e0,33,2821,31,32,26,1,0,1,44,43,1,48.3,39.5,8.9,0,0,0,0
304,8778c910,33,2970,33,33,33,0,1,2,97,31,66,87.3,36.2,51.2,0,0,0,0
305,88d4144a,26,1887,21,19,16,7,3,1,30,37,-7,23.8,32.2,-8.4,0,0,0,0
306,88e357ef,31,2193,24,26,11,5,2,2,67,22,45,64.9,26.3,38.6,0,0,0,0
307,88f130ed,8,365,4,4,1,4,3,0,2,7,-5,3.7,4.3,-0.6,0,0,0,0
308,8954fddc,18,1455,16,16,10,2,15,0,17,42,-25,17.2,34.9,-17.7,0,0,0,0
309,89565ac5,7,66,0,0,0,7,14,2,3,1,2,1.3,0.9,0.4,0,0,0,0
310,89ac64a6,29,2309,25,25,24,4,2,2,70,31,39,49.4,27.9,21.5,0,0,0,0
311,89c870fb,0,0,0,0,0,0,1,0,0,0,0,0.0,0.0,0.0,0,0,0,0
312,8a080a61,31,2079,23,22,15,9,3,0,29,47,-18,26.7,43.1,-16.4,0,0,0,0
313,8b6e0db2,12,375,4,2,1,10,10,1,4,13,-9,3.2,7.7,-4.5,0,0,0,0
314,8b8e759d,29,2415,26,29,22,0,4,1,35,44,-9,32.1,41.8,-9.6,0,0,0,0
315,8d78e732,31,2759,30,31,29,0,0,2,89,30,59,79.5,35.0,44.5,0,0,0,0
316,8e235926,20,1132,12,14,5,6,11,0,7,27,-20,13.3,23.700000000000003,-10.4,0,0,0,0
317,8e58987d,11,775,8,10,5,1,9,1,17,15,2,14.8,13.2,1.7,0,0,0,0
318,8eb55dbb,13,540,6,5,1,8,10,0,7,13,-6,6.6,13.6,-7.0,0,0,0,0
319,8f056768,23,1719,19,21,14,2,2,1,34,26,8,32.8,26.2,6.6,0,0,0,0
320,8f0f2230,20,1354,15,16,7,4,0,1,20,21,-1,17.3,21.7,-4.4,0,0,0,0
321,8f63e400,0,0,0,0,0,0,1,0,0,0,0,0.0,0.0,0.0,0,0,0,0
322,8ff2354e,29,2520,28,28,25,1,1,1,63,28,35,60.3,31.6,28.7,0,0,0,0
323,90339309,25,2113,23,24,20,1,1,1,30,43,-13,32.7,41.1,-8.4,0,0,0,0
324,912e63b5,17,719,8,8,1,9,9,0,6,14,-8,9.4,12.0,-2.6,0,0,0,0
325,922935f5,0,0,0,0,0,0,1,0,0,0,0,0.0,0.0,0.0,0,0,0,0
326,92432bc6,19,756,8,5,3,14,15,2,16,15,1,17.9,12.9,5.0,0,0,0,0
327,924f9191,16,924,10,9,7,7,1,1,9,26,-17,9.3,19.7,-10.4,0,0,0,0
328,92948149,23,1878,20,20,20,3,10,1,29,38,-9,26.3,32.6,-6.3,0,0,0,0
329,9321b8ed,0,0,0,0,0,0,5,0,0,0,0,0.0,0.0,0.0,0,0,0,0
330,93a50d2c,13,999,11,11,10,2,7,0,10,28,-18,12.9,23.0,-10.1,0,0,0,0
331,94c18565,28,1561,17,16,6,12,2,0,30,34,-4,29.6,26.5,3.1,0,0,0,0
332,95173427,0,0,0,0,0,0,15,0,0,0,0,0.0,0.0,0.0,0,0,0,0
333,95a24690,4,150,1,2,1,2,12,1,2,4,-2,1.8,2.3,-0.5,0,0,0,0
334,962e54cb,23,1283,14,15,10,8,1,1,26,22,4,25.7,18.8,6.9,0,0,0,0
335,9908c518,1,2,0,0,0,1,3,1,0,0,0,0.1,0.0,0.1,0,0,0,0
336,99b1d0e6,20,1343,14,17,9,3,11,0,21,33,-12,20.6,27.8,-7.2,0,0,0,0
337,99b7584f,2,9,0,0,0,2,1,1,0,1,-1,0.0,0.2,-0.2,0,0,0,0
338,99be8fb5,24,949,10,10,0,14,10,1,14,19,-5,11.8,18.3,-6.5,0,0,0,0
339,99de6b6f,25,2070,23,25,20,0,2,1,42,32,10,40.2,38.5,1.7,0,0,0,0
340,9a2e0ccc,22,1141,12,14,4,8,8,1,19,20,-1,21.4,18.7,2.8,0,0,0,0
341,9a493fb7,0,0,0,0,0,0,9,0,0,0,0,0.0,0.0,0.0,0,0,0,0
342,9ab16552,23,1968,21,21,21,2,8,1,42,38,4,42.2,32.4,9.9,0,0,0,0
343,9af1f9ff,3,110,1,0,0,3,8,1,2,3,-1,1.2,1.8,-0.6,0,0,0,0
344,9c2394c9,16,1363,15,16,15,0,16,0,18,40,-22,18.6,30.7,-12.1,0,0,0,0
345,9ceb7642,28,1866,20,22,10,6,5,1,31,44,-13,30.1,39.0,-8.9,0,0,0,0
346,9d12e142,31,2770,30,31,30,0,1,2,76,40,36,54.9,35.7,19.3,0,0,0,0
347,9ec32624,0,0,0,0,0,0,1,0,0,0,0,0.0,0.0,0.0,0,0,0,0
348,9efa1d25,15,521,5,5,1,10,12,1,11,8,3,8.7,7.7,1.0,0,0,0,0
349,9f381d8b,29,1998,22,23,10,6,1,1,36,41,-5,31.8,32.9,-1.1,0,0,0,0
350,9f77012e,1,4,0,0,0,1,9,3,0,0,0,0.0,0.0,0.0,0,0,0,0
351,9f979eb2,11,619,6,5,3,6,14,0,12,12,0,12.9,8.3,4.5,0,0,0,0
352,9fec8860,12,924,10,10,8,2,3,0,12,26,-14,11.9,20.9,-9.0,0,0,0,0
353,a0415710,20,1672,18,20,13,0,0,1,35,38,-3,27.2,28.3,-1.2,0,0,0,0
354,a0d767cd,0,0,0,0,0,0,1,0,0,0,0,0.0,0.0,0.0,0,0,0,0
355,a165a577,0,0,0,0,0,0,34,0,0,0,0,0.0,0.0,0.0,0,0,0,0
356,a167537f,33,2203,24,25,12,8,0,2,61,30,31,46.4,32.5,13.9,0,0,0,0
357,a2a85828,3,79,0,1,0,2,3,0,0,3,-3,0.2,2.4,-2.2,0,0,0,0
358,a3ddb1b9,23,1515,16,18,7,5,3,2,33,33,0,26.8,23.4,3.3,0,0,0,0
359,a3f8142f,0,0,0,0,0,0,7,0,0,0,0,0.0,0.0,0.0,0,0,0,0
360,a4effc55,15,983,10,10,10,5,10,2,32,12,20,20.6,10.9,9.8,0,0,0,0
361,a4f94a0d,31,2443,27,29,17,2,2,1,35,39,-4,34.2,38.0,-3.9,0,0,0,0
362,a53b661f,32,2102,23,20,15,12,1,1,38,37,1,36.5,40.9,-4.5,0,0,0,0
363,a5ae8f8e,24,2051,22,23,18,1,3,0,27,48,-21,26.1,38.5,-12.4,0,0,0,0
364,a5ce09f2,1,74,0,0,0,1,1,0,2,3,-1,1.2,0.8,0.4,0,0,0,0
365,a5ec3ede,14,805,8,9,7,5,13,0,12,27,-15,11.9,18.5,-6.6,0,0,0,0
366,a65ce836,12,955,10,10,7,2,0,2,20,8,12,16.9,10.3,6.6,0,0,0,0
367,a70b8345,9,810,9,9,9,0,20,1,16,14,2,18.0,13.1,4.9,0,0,0,0
368,a73c8f95,14,1058,11,12,11,2,0,2,28,20,8,19.6,17.9,1.7,0,0,0,0
369,a7813ac4,26,1709,19,16,13,10,8,1,21,28,-7,28.2,26.8,1.4,0,0,0,0
370,a7a9d95a,11,530,5,6,3,5,3,1,13,12,1,12.1,7.8,4.3,0,0,0,0
371,a8d4428b,28,1416,15,15,1,13,2,1,24,23,1,18.5,25.3,-6.8,0,0,0,0
372,a92ab7be,10,900,10,10,10,0,16,1,16,14,2,14.8,24.1,-9.3,0,0,0,0
373,aad48be9,21,1731,19,20,15,1,6,1,26,40,-14,24.1,30.6,-6.4,0,0,0,0
374,ab1a72b4,0,0,0,0,0,0,9,0,0,0,0,0.0,0.0,0.0,0,0,0,0
375,ab5b7dc1,32,2321,25,28,12,4,2,1,29,47,-18,31.5,44.6,-13.1,0,0,0,0
376,ab5c36dd,0,0,0,0,0,0,3,0,0,0,0,0.0,0.0,0.0,0,0,0,0
377,ab700320,14,535,5,5,3,9,5,1,8,12,-4,7.5,11.8,-4.2,0,0,0,0
378,abf0cad0,6,157,1,1,0,5,5,0,2,5,-3,3.1,4.0,-1.0,0,0,0,0
379,ac73ec79,25,1783,19,21,15,4,8,2,51,23,28,37.5,23.9,13.6,0,0,0,0
380,acc7b7ec,14,340,3,1,0,13,2,0,1,9,-8,3.5,6.2,-2.7,0,0,0,0
381,ad00b1a8,18,1158,12,13,8,5,12,1,24,23,1,22.5,18.0,4.5,0,0,0,0
382,ad3389d5,34,3060,34,34,34,0,0,1,61,44,17,59.1,51.2,7.8,0,0,0,0
383,ae44e8e2,12,747,8,9,1,3,3,1,20,5,15,17.0,7.3,9.7,0,0,0,0
384,aeaf1bc1,2,12,0,0,0,2,4,3,1,0,1,0.5,0.7,-0.2,0,0,0,0
385,aeda1f69,23,670,7,6,0,17,8,1,7,7,0,11.0,10.4,0.6,0,0,0,0
386,aeed5c06,28,1771,19,18,12,10,6,1,33,29,4,32.5,33.4,-0.9,0,0,0,0
387,afb0c500,26,2315,25,26,25,0,4,1,31,40,-9,28.5,35.9,-7.4,0,0,0,0
388,b08087fd,0,0,0,0,0,0,1,0,0,0,0,0.0,0.0,0.0,0,0,0,0
389,b0a0698b,26,2207,24,26,23,0,0,1,36,51,-15,32.6,40.8,-8.2,0,0,0,0
390,b1823b08,2,86,1,1,0,1,8,1,1,0,1,1.7,2.2,-0.5,0,0,0,0
391,b1cd37e6,33,2958,32,33,32,0,0,1,58,57,1,58.3,48.3,10.0,0,0,0,0
392,b3325a30,20,1599,17,19,12,1,0,1,28,28,0,23.3,29.4,-6.1,0,0,0,0
393,b3b7f5a6,22,1220,13,12,9,10,12,1,22,26,-4,19.1,19.4,-0.3,0,0,0,0
394,b48215cd,7,213,2,1,0,6,4,1,1,5,-4,2.6,4.6,-1.9,0,0,0,0
395,b4cf5806,33,2682,29,31,19,2,0,1,34,51,-17,37.1,46.6,-9.5,0,0,0,0
396,b4d90315,7,298,3,4,0,3,20,1,5,6,-1,4.4,8.3,-3.9,0,0,0,0
397,b500b384,21,1200,13,14,2,7,0,1,20,15,5,18.9,15.5,3.4,0,0,0,0
398,b50ec54b,9,623,6,7,2,2,6,1,5,10,-5,7.6,10.1,-2.6,0,0,0,0
399,b69261a0,25,1680,18,18,16,7,8,1,33,22,11,36.4,27.0,9.4,0,0,0,0
400,b6a6e0a7,14,749,8,10,3,4,4,1,10,15,-5,14.1,15.8,-1.7,0,0,0,0
401,b77f44a4,31,2789,31,31,30,0,1,1,38,55,-17,37.5,50.2,-12.7,0,0,0,0
402,b7828a08,1,13,0,0,0,1,10,3,0,0,0,0.1,0.0,0.1,0,0,0,0
403,b797f558,3,235,2,3,1,0,1,0,2,6,-4,3.1,4.4,-1.2,0,0,0,0
404,b825a650,11,675,7,8,2,3,4,2,18,6,12,16.8,8.3,8.5,0,0,0,0
405,b82880c6,1,90,1,1,1,0,6,0,1,2,-1,1.9,1.9,0.0,0,0,0,0
406,b8bb5e45,0,0,0,0,0,0,1,0,0,0,0,0.0,0.0,0.0,0,0,0,0
407,b93b7882,7,195,2,1,1,6,7,1,5,5,0,2.6,4.9,-2.2,0,0,0,0
408,bb13d261,0,0,0,0,0,0,2,0,0,0,0,0.0,0.0,0.0,0,0,0,0
409,bb25c778,4,360,4,4,4,0,19,0,8,9,-1,6.1,5.9,0.2,0,0,0,0
410,bb8a42fa,28,2015,22,22,15,6,0,0,24,44,-20,25.1,42.7,-17.6,0,0,0,0
411,bbd86530,26,2267,25,26,24,0,0,1,32,44,-12,32.7,42.6,-9.9,0,0,0,0
412,bc249af8,4,85,0,0,0,4,5,1,2,2,0,1.9,2.6,-0.6,0,0,0,0
413,bc6bd723,27,2143,23,25,16,2,1,1,39,27,12,46.8,33.3,13.5,0,0,0,0
414,bcb2ccd8,32,2880,32,32,32,0,0,1,76,34,42,67.7,37.0,30.7,0,0,0,0
415,bcefdb86,0,0,0,0,0,0,7,0,0,0,0,0.0,0.0,0.0,0,0,0,0
416,bd142efb,25,2092,23,22,21,3,6,2,41,27,14,42.0,33.8,8.2,0,0,0,0
417,bd527260,13,849,9,9,4,4,12,0,10,23,-13,11.6,16.8,-5.2,0,0,0,0
418,bd992863,1,26,0,0,0,1,10,0,0,0,0,0.0,0.1,0.0,0,0,0,0
419,bdceacba,0,0,0,0,0,0,2,0,0,0,0,0.0,0.0,0.0,0,0,0,0
420,be42a291,5,58,0,0,0,5,13,2,1,2,-1,0.2,1.3,-1.1,0,0,0,0
421,be5e1c4c,20,1093,12,11,4,9,3,0,13,26,-13,14.1,27.3,-13.2,0,0,0,0
422,beb882a8,32,2855,31,32,31,0,0,0,40,65,-25,36.6,51.8,-15.2,0,0,0,0
423,beda9675,25,679,7,3,0,22,6,0,12,19,-7,8.6,10.8,-2.2,0,0,0,0
424,bee0bab1,26,1424,15,17,6,9,2,1,29,20,9,32.4,25.2,7.1,0,0,0,0
425,bf075f6b,21,1162,12,15,1,6,11,1,15,17,-2,14.4,23.2,-8.8,0,0,0,0
426,bf9d9070,28,2520,28,28,28,0,3,0,29,57,-28,32.0,55.0,-23.0,0,0,0,0
427,c13867c5,0,0,0,0,0,0,1,0,0,0,0,0.0,0.0,0.0,0,0,0,0
428,c18d22f5,9,769,8,9,8,0,6,1,16,10,6,12.2,13.0,-0.8,0,0,0,0
429,c1b7847c,29,2115,23,26,16,3,2,2,60,24,36,51.0,24.0,26.9,0,0,0,0
430,c2009df3,29,2433,27,28,25,1,2,1,41,54,-13,39.1,41.8,-2.7,0,0,0,0
431,c21fb312,0,0,0,0,0,0,2,0,0,0,0,0.0,0.0,0.0,0,0,0,0
432,c2211709,32,2672,29,31,26,1,2,1,47,61,-14,44.5,45.9,-1.4,0,0,0,0
433,c3ee18ef,19,920,10,10,6,9,2,2,30,10,20,23.3,14.4,8.8,0,0,0,0
434,c3fd9887,25,1257,14,15,3,10,9,1,25,22,3,18.8,23.1,-4.3,0,0,0,0
435,c41f7379,4,360,4,4,4,0,30,1,6,4,2,6.8,7.8,-1.0,0,0,0,0
436,c46607bf,1,90,1,1,1,0,8,0,0,2,-2,1.2,1.9,-0.7,0,0,0,0
437,c476b0c0,0,0,0,0,0,0,13,0,0,0,0,0.0,0.0,0.0,0,0,0,0
438,c4e87b8b,32,2739,30,30,27,2,0,1,42,40,2,48.6,37.8,10.8,0,0,0,0
439,c50281a0,18,1373,15,16,12,2,2,1,30,22,8,29.2,22.0,7.2,0,0,0,0
440,c5224618,7,397,4,4,3,3,13,0,4,13,-9,5.1,9.3,-4.2,0,0,0,0
441,c58a9db7,0,0,0,0,0,0,4,0,0,0,0,0.0,0.0,0.0,0,0,0,0
442,c5fd13e9,10,715,7,9,5,1,2,0,7,15,-8,7.3,11.3,-4.0,0,0,0,0
443,c6608135,1,21,0,0,0,1,1,0,1,0,1,0.8,0.2,0.6,0,0,0,0
444,c8930887,0,0,0,0,0,0,6,0,0,0,0,0.0,0.0,0.0,0,0,0,0
445,c89e8aae,8,720,8,8,8,0,26,1,5,8,-3,10.5,8.9,1.7,0,0,0,0
446,c8b3a472,0,0,0,0,0,0,3,0,0,0,0,0.0,0.0,0.0,0,0,0,0
447,c8c60119,19,1491,16,18,13,1,11,1,30,35,-5,28.0,27.2,0.8,0,0,0,0
448,c8cfb04d,3,111,1,1,1,2,7,1,1,6,-5,1.0,3.8,-2.8,0,0,0,0
449,c8e9b716,0,0,0,0,0,0,4,0,0,0,0,0.0,0.0,0.0,0,0,0,0
450,ca618d23,34,2485,27,28,12,6,0,1,39,41,-2,38.4,55.2,-16.8,0,0,0,0
451,ca8033cb,31,2643,29,31,27,0,2,2,77,30,47,64.6,31.6,33.0,0,0,0,0
452,cac55e10,1,69,0,0,0,1,16,0,0,1,-1,0.4,1.4,-1.0,0,0,0,0
453,cbac6ec9,13,1125,12,12,12,1,18,0,13,25,-12,17.9,23.7,-5.8,0,0,0,0
454,cc86b9a3,24,1512,16,17,9,7,1,2,46,13,33,43.9,18.5,25.4,0,0,0,0
455,ccc6d365,0,0,0,0,0,0,1,0,0,0,0,0.0,0.0,0.0,0,0,0,0
456,cce7087c,6,156,1,2,0,4,5,0,2,6,-4,2.2,4.9,-2.7,0,0,0,0
457,cd82452e,15,702,7,8,3,7,11,1,8,17,-9,10.9,13.2,-2.3,0,0,0,0
458,ce17b5eb,22,1980,22,22,22,0,1,1,40,38,2,37.2,31.7,5.5,0,0,0,0
459,ce2c51c0,11,435,4,3,1,8,12,0,6,10,-4,5.7,11.7,-6.0,0,0,0,0
460,ce81d82d,0,0,0,0,0,0,4,0,0,0,0,0.0,0.0,0.0,0,0,0,0
461,cf623c78,9,511,5,6,2,3,20,0,5,7,-2,7.7,7.3,0.3,0,0,0,0
462,d01b9ad6,1,1,0,0,0,1,3,3,0,0,0,0.0,0.0,0.0,0,0,0,0
463,d1273f09,28,2293,25,26,16,2,0,1,26,42,-16,26.5,38.8,-12.3,0,0,0,0
464,d1661819,34,3015,33,33,33,1,0,1,38,57,-19,37.7,51.2,-13.5,0,0,0,0
465,d20f088b,0,0,0,0,0,0,13,0,0,0,0,0.0,0.0,0.0,0,0,0,0
466,d2416c2e,22,1222,13,12,8,10,2,1,42,16,26,34.3,16.5,17.9,0,0,0,0
467,d248cd8f,28,2357,26,27,24,1,0,1,66,32,34,56.4,29.6,26.8,0,0,0,0
468,d2c580ce,3,174,1,2,0,1,7,1,5,3,2,2.8,3.1,-0.3,0,0,0,0
469,d3112d86,32,2808,31,32,28,0,0,0,33,64,-31,35.8,59.0,-23.2,0,0,0,0
470,d4a2533d,30,1670,18,19,3,11,4,1,28,25,3,32.0,23.9,8.1,0,0,0,0
471,d4d0a9ad,16,1364,15,16,14,0,5,1,19,17,2,20.5,15.2,5.4,0,0,0,0
472,d5575935,13,941,10,12,2,1,2,1,11,14,-3,9.6,11.4,-1.8,0,0,0,0
473,d571df78,14,510,5,4,1,10,10,0,5,13,-8,8.1,8.7,-0.6,0,0,0,0
474,d5980989,10,288,3,2,2,8,8,0,2,6,-4,2.5,5.0,-2.4,0,0,0,0
475,d6862409,33,2720,30,31,18,2,0,1,41,54,-13,39.2,48.2,-8.9,0,0,0,0
476,d696691a,0,0,0,0,0,0,4,0,0,0,0,0.0,0.0,0.0,0,0,0,0
477,d728acae,3,181,2,2,2,1,18,1,1,4,-3,0.9,5.7,-4.8,0,0,0,0
478,d781d855,29,2234,24,24,20,5,4,2,77,21,56,68.8,26.0,42.8,0,0,0,0
479,d8f5dc3d,5,179,2,2,0,3,17,2,4,3,1,3.1,4.2,-1.1,0,0,0,0
480,dadf3965,0,0,0,0,0,0,8,0,0,0,0,0.0,0.0,0.0,0,0,0,0
481,db401046,26,2340,26,26,26,0,0,1,43,38,5,42.3,34.1,8.2,0,0,0,0
482,db4ed67b,12,558,6,6,1,6,15,2,13,8,5,6.7,6.4,0.3,0,0,0,0
483,db7161ed,0,0,0,0,0,0,1,0,0,0,0,0.0,0.0,0.0,0,0,0,0
484,dbb329c6,0,0,0,0,0,0,3,0,0,0,0,0.0,0.0,0.0,0,0,0,0
485,dbf053da,32,2287,25,25,15,7,1,1,72,31,41,49.9,26.9,23.1,0,0,0,0
486,dc29b608,2,180,2,2,2,0,32,3,5,3,2,3.7,1.8,1.8,0,0,0,0
487,dc2e4736,17,1530,17,17,17,0,17,0,18,31,-13,17.4,26.0,-8.6,0,0,0,0
488,dc366c36,24,2160,24,24,24,0,9,1,35,51,-16,31.9,41.3,-9.4,0,0,0,0
489,dc3fa3b5,17,1211,13,14,10,3,0,2,37,18,19,32.8,17.8,15.0,0,0,0,0
490,dc62b55d,21,1023,11,11,5,10,7,2,25,16,9,21.3,15.9,5.4,0,0,0,0
491,dc62fbee,29,1892,21,23,7,6,3,3,21,48,-27,20.9,36.3,-15.4,0,0,0,0
492,dc90cfbe,24,1475,16,16,8,8,0,1,31,26,5,30.9,23.4,7.5,0,0,0,0
493,dd669209,27,1585,17,19,6,8,5,1,31,25,6,28.9,22.4,6.5,0,0,0,0
494,ddcc4dd3,0,0,0,0,0,0,3,0,0,0,0,0.0,0.0,0.0,0,0,0,0
495,dee3013b,0,0,0,0,0,0,12,0,0,0,0,0.0,0.0,0.0,0,0,0,0
496,deee6467,3,121,1,1,0,2,1,0,0,1,-1,1.2,2.7,-1.5,0,0,0,0
497,df8e7b62,34,2259,25,25,11,9,0,0,32,46,-14,27.6,44.4,-16.8,0,0,0,0
498,dfb6490a,27,1453,16,16,6,11,7,2,38,20,18,41.8,20.7,21.1,0,0,0,0
499,e0b113a7,30,2572,28,30,23,0,0,1,33,51,-18,35.8,45.9,-10.1,0,0,0,0
500,e12b0b5b,29,1936,21,25,8,4,1,1,34,41,-7,34.3,36.1,-1.8,0,0,0,0
501,e199d5b0,34,2923,32,33,30,1,0,0,35,65,-30,34.0,59.6,-25.6,0,0,0,0
502,e26c4233,0,0,0,0,0,0,1,0,0,0,0,0.0,0.0,0.0,0,0,0,0
503,e26fcca3,8,634,7,7,7,1,0,1,7,16,-9,7.4,13.4,-6.0,0,0,0,0
504,e27da244,25,2224,24,25,23,0,5,1,37,34,3,40.8,32.6,8.2,0,0,0,0
505,e27de4fa,18,1316,14,16,11,2,3,1,24,30,-6,20.2,24.1,-3.9,0,0,0,0
506,e280527c,32,2499,27,30,21,2,0,1,73,26,47,57.7,29.6,28.1,0,0,0,0
507,e2d34771,3,270,3,3,3,0,10,0,3,8,-5,4.2,5.1,-0.8,0,0,0,0
508,e33c06cf,8,641,7,8,7,0,0,1,20,9,11,16.4,7.0,9.3,0,0,0,0
509,e42d61c7,33,2715,30,29,25,4,0,2,73,34,39,52.6,35.7,16.9,0,0,0,0
510,e5478b87,12,483,5,5,2,7,8,0,7,9,-2,9.6,8.4,1.3,0,0,0,0
511,e5649a78,17,1268,14,14,11,3,0,0,18,24,-6,15.3,21.2,-5.9,0,0,0,0
512,e5a35ae9,23,1268,14,14,4,9,1,1,22,18,4,18.8,24.7,-5.9,0,0,0,0
513,e5cad51e,1,11,0,0,0,1,1,0,0,1,-1,0.2,0.3,-0.1,0,0,0,0
514,e5f63987,18,768,8,9,0,9,3,1,19,18,1,14.8,12.1,2.7,0,0,0,0
515,e69e0f7b,0,0,0,0,0,0,3,0,0,0,0,0.0,0.0,0.0,0,0,0,0
516,e6c15f6e,3,35,0,0,0,3,14,1,0,0,0,0.4,0.4,0.0,0,0,0,0
517,e6c43eec,25,2062,22,23,20,2,1,1,28,30,-2,34.0,28.0,6.0,0,0,0,0
518,e7199efb,12,500,5,5,1,7,8,0,3,16,-13,4.6,13.2,-8.6,0,0,0,0
519,e79269bd,0,0,0,0,0,0,1,0,0,0,0,0.0,0.0,0.0,0,0,0,0
520,e7d22eae,11,474,5,4,2,7,7,1,10,13,-3,8.9,11.0,-2.0,0,0,0,0
521,e7d59f4f,25,2102,23,24,16,1,0,1,30,37,-7,26.6,35.4,-8.9,0,0,0,0
522,e7fcf289,7,367,4,3,1,4,2,1,8,5,3,5.9,5.2,0.7,0,0,0,0
523,e82adcab,3,177,2,2,1,1,7,2,3,1,2,2.6,1.7,0.9,0,0,0,0
524,e87ad81a,11,850,9,9,8,2,8,1,9,14,-5,14.2,13.3,1.0,0,0,0,0
525,e881ed15,7,533,5,6,4,1,14,1,7,9,-2,5.2,9.7,-4.6,0,0,0,0
526,e8fd2e5b,6,540,6,6,6,0,28,0,8,17,-9,7.3,12.4,-5.1,0,0,0,0
527,ea003d07,1,2,0,0,0,1,7,1,0,0,0,0.0,0.1,-0.1,0,0,0,0
528,ea6bc03a,32,2705,30,31,27,1,0,1,42,43,-1,40.4,58.6,-18.2,0,0,0,0
529,eac044ad,14,766,8,11,1,3,0,1,17,8,9,17.6,12.5,5.2,0,0,0,0
530,ead61f73,11,781,8,8,5,3,16,0,7,15,-8,9.9,16.7,-6.8,0,0,0,0
531,ec76c977,0,0,0,0,0,0,4,0,0,0,0,0.0,0.0,0.0,0,0,0,0
532,ecab64a0,24,1628,18,21,10,3,5,1,30,19,11,24.8,22.8,2.0,0,0,0,0
533,ee7cdd0c,0,0,0,0,0,0,1,0,0,0,0,0.0,0.0,0.0,0,0,0,0
534,efd623db,23,2070,23,23,23,0,0,0,24,44,-20,26.8,43.5,-16.7,0,0,0,0
535,f168d9b9,0,0,0,0,0,0,4,0,0,0,0,0.0,0.0,0.0,0,0,0,0
536,f261abcb,23,1941,21,22,16,1,4,1,30,42,-12,28.8,35.4,-6.6,0,0,0,0
537,f26834c7,32,1728,19,16,7,16,0,1,29,33,-4,29.0,37.6,-8.6,0,0,0,0
538,f2dd9a21,11,886,9,10,7,1,8,0,11,17,-6,10.0,17.0,-7.0,0,0,0,0
539,f2e3b81c,0,0,0,0,0,0,4,0,0,0,0,0.0,0.0,0.0,0,0,0,0
540,f35430a4,16,1365,15,15,15,1,6,1,10,29,-19,13.9,22.6,-8.6,0,0,0,0
541,f3722c97,13,673,7,9,0,4,12,1,9,13,-4,8.4,9.7,-1.4,0,0,0,0
542,f4081572,16,1249,13,16,7,0,8,0,20,33,-13,17.4,24.3,-6.9,0,0,0,0
543,f42456eb,16,1209,13,13,12,3,12,0,14,30,-16,14.6,27.6,-13.0,0,0,0,0
544,f4c7c708,1,1,0,0,0,1,2,3,0,0,0,0.0,0.0,0.0,0,0,0,0
545,f521b80a,31,2780,30,31,30,0,0,1,57,35,22,62.1,41.6,20.5,0,0,0,0
546,f69fba57,28,1848,20,22,6,6,1,0,26,41,-15,27.3,31.7,-4.4,0,0,0,0
547,f6bdc830,23,1939,21,23,20,0,2,1,25,35,-10,23.8,31.2,-7.4,0,0,0,0
548,f7aa75bd,17,1396,15,17,14,0,12,1,23,24,-1,21.5,26.0,-4.5,0,0,0,0
549,f820504e,31,2638,29,30,25,1,2,1,42,48,-6,38.6,45.4,-6.9,0,0,0,0
550,f86ad3f5,27,2183,24,24,19,3,6,1,29,47,-18,27.8,37.7,-9.9,0,0,0,0
551,f86cabbd,18,1462,16,16,16,2,14,1,25,26,-1,22.7,27.4,-4.6,0,0,0,0
552,f8f8c0e2,0,0,0,0,0,0,1,0,0,0,0,0.0,0.0,0.0,0,0,0,0
553,f935709c,2,34,0,0,0,2,7,0,0,0,0,1.2,0.8,0.4,0,0,0,0
554,f93e6e94,34,2436,27,24,21,10,0,1,39,36,3,40.2,51.8,-11.6,0,0,0,0
555,f972644c,31,2280,25,26,13,5,1,1,36,41,-5,31.6,40.6,-9.1,0,0,0,0
556,f9acca3a,24,1903,21,21,17,3,5,1,35,29,6,34.0,30.9,3.1,0,0,0,0
557,f9e7c4ac,21,966,10,10,3,11,1,0,12,16,-4,13.7,15.8,-2.0,0,0,0,0
558,fa274d97,11,594,6,7,5,4,14,1,12,11,1,11.0,11.3,-0.3,0,0,0,0
559,fa661778,21,1410,15,15,9,6,1,1,23,31,-8,19.4,24.8,-5.4,0,0,0,0
560,fbbc8e15,10,381,4,4,1,6,8,0,5,6,-1,5.7,6.1,-0.4,0,0,0,0
561,fbefefdb,0,0,0,0,0,0,1,0,0,0,0,0.0,0.0,0.0,0,0,0,0
562,fbffc4b1,17,1485,16,17,16,0,9,2,14,21,-7,21.9,22.5,-0.7000000000000002,0,0,0,0
563,fc073770,0,0,0,0,0,0,3,0,0,0,0,0.0,0.0,0.0,0,0,0,0
564,fd53759d,12,554,6,7,0,5,7,1,9,10,-1,6.3,9.5,-3.2,0,0,0,0
565,fe2db476,29,2106,23,25,18,4,4,2,57,26,31,42.4,27.2,15.3,0,0,0,0
566,fe641c1a,11,830,9,11,5,0,5,1,19,6,13,16.2,8.5,7.7,0,0,0,0
567,fe888e39,22,898,10,10,5,12,9,2,21,14,7,20.3,17.0,3.2,0,0,0,0
568,fed7cb61,30,2454,27,29,20,1,1,1,50,35,15,45.5,40.8,4.8,0,0,0,0
569,ff182fdc,5,269,3,3,1,2,0,1,2,5,-3,2.9,3.9,-1.0,0,0,0,0
570,ff45add5,27,1730,19,18,13,9,2,0,19,45,-26,18.9,38.9,-20.1,0,0,0,0
571,ff5ea0bf,4,76,0,0,0,4,5,0,1,3,-2,0.5,1.4,-0.9,0,0,0,0
572,ff98492b,31,2608,29,29,23,2,1,1,48,45,3,50.3,52.9,-2.6,0,0,0,0
573,ffbbc83b,31,2408,26,28,20,3,0,1,40,44,-4,45.2,44.0,1.2,0,0,0,0
