id,Tkl,TklW,Def 3rd,Mid 3rd,Att 3rd,Tkl.1,Att,Lost,Blocks,Sh,Pass,Int,Tkl+Int,Clr,Err,recov
005ca692,7,2,3,4,0,3,18,15,5,1,4,9,16,7,2,21
00672021,4,1,2,2,0,1,2,1,5,2,3,1,5,0,1,8
0174ba21,0,0,0,0,0,0,0,0,0,0,0,0,0,0,0,0
0193a8bf,7,1,2,3,2,0,4,4,1,0,1,3,10,4,0,6
01a49bd2,1,1,1,0,0,0,0,0,0,0,0,0,1,0,0,0
01b8a2b2,0,0,0,0,0,0,1,1,0,0,0,0,0,6,0,12
01c3aff5,7,4,4,3,0,3,8,5,6,2,4,13,20,6,0,25
01e5f06e,0,0,0,0,0,0,0,0,0,0,0,0,0,0,0,0
01eb744d,10,6,3,4,3,2,8,6,5,0,5,6,16,2,0,27
02c15616,4,4,1,3,0,3,6,3,0,0,0,1,5,1,0,15
032f894e,1,0,0,1,0,0,1,1,0,0,0,1,2,1,1,8
0331786b,0,0,0,0,0,0,0,0,1,0,1,1,1,5,0,5
0375723e,0,0,0,0,0,0,0,0,0,0,0,0,0,0,0,5
03bd0bf4,8,2,3,5,0,5,5,0,7,7,0,5,13,23,0,18
03df04ff,0,0,0,0,0,0,1,1,0,0,0,1,1,3,0,2
042d286e,4,3,2,1,1,0,4,4,4,0,4,0,4,3,0,16
042e8a49,1,1,1,0,0,1,5,4,2,0,2,1,2,0,0,7
048a1cbc,5,3,3,2,0,1,1,0,4,0,4,7,12,1,0,25
04ac8285,0,0,0,0,0,0,0,0,0,0,0,0,0,0,0,2
0534149c,0,0,0,0,0,0,1,1,0,0,0,0,0,0,0,0
05439de2,9,6,1,7,1,4,13,9,8,3,5,16,25,23,1,33
05a84d52,8,6,2,3,3,2,3,1,10,2,8,2,10,7,0,29
05d548d8,22,16,12,8,2,8,13,5,5,2,3,11,33,22,1,41
061e8e23,2,2,0,1,1,1,1,0,1,0,1,2,4,0,0,6
06df8256,2,2,2,0,0,2,2,0,4,2,2,0,2,10,1,14
075fe5a3,1,1,1,0,0,1,3,2,2,0,2,5,6,11,1,8
07750704,3,2,1,2,0,2,5,3,3,0,3,4,7,4,0,13
07ab6542,1,1,0,1,0,0,0,0,1,0,1,2,3,0,0,2
08511d65,10,8,10,0,0,7,9,2,3,1,2,13,23,13,0,42
089550f5,8,5,4,4,0,1,3,2,6,2,4,8,16,18,2,36
08aa17d0,3,2,1,1,1,2,3,1,2,1,1,8,11,7,0,20
09586899,2,0,1,1,0,2,11,9,2,0,2,2,4,0,0,14
0959c2a2,5,5,3,2,0,4,8,4,3,0,3,5,10,2,0,7
099b9c78,0,0,0,0,0,0,0,0,0,0,0,0,0,0,0,0
0a6dbbf7,8,2,8,0,0,1,2,1,13,6,7,6,14,34,0,18
0a89e877,4,3,1,2,1,1,3,2,6,0,6,4,8,3,0,26
0ab1f153,10,6,5,2,3,4,10,6,1,0,1,3,13,1,0,23
0ac94a23,3,1,0,3,0,1,6,5,2,0,2,2,5,0,1,5
0acf0e1c,3,2,1,1,1,0,3,3,1,0,1,1,4,0,0,9
0aeeed3f,8,4,2,5,1,4,7,3,3,0,3,6,14,4,0,15
0b4f388a,4,2,0,4,0,0,4,4,5,0,5,1,5,0,0,10
0b5a292a,8,7,3,5,0,3,8,5,9,1,8,7,15,23,2,28
0b90bb97,1,1,1,0,0,0,4,4,2,0,2,0,1,2,0,6
0c2ac3cb,2,2,0,1,1,1,1,0,2,0,2,0,2,0,0,5
0d10333c,6,4,2,4,0,1,4,3,0,0,0,8,14,1,0,21
0d267745,9,4,4,5,0,7,9,2,4,3,1,6,15,25,1,16
0d82903c,16,8,12,2,2,8,14,6,10,4,6,11,27,19,0,49
0e100630,16,10,12,4,0,9,11,2,9,2,7,1,17,7,1,35
0e21fc3c,2,1,1,0,1,2,7,5,1,0,1,2,4,0,0,15
0e61c46b,1,0,1,0,0,0,1,1,0,0,0,0,1,1,0,1
0e6bc38c,1,1,1,0,0,0,0,0,0,0,0,0,1,0,0,5
0ef89a37,6,3,1,3,2,5,15,10,10,1,9,10,16,1,0,44
0f5e0b8a,7,5,3,4,0,4,9,5,6,1,5,2,9,10,0,24
0f888175,3,1,1,1,1,2,2,0,0,0,0,2,5,2,0,7
101da2b5,13,9,3,9,1,3,9,6,11,7,4,19,32,17,1,52
106bca06,4,1,2,2,0,3,7,4,4,0,4,5,9,3,0,26
111c3236,2,1,1,1,0,1,6,5,4,1,3,5,7,4,1,26
119b9a8e,12,9,7,4,1,4,8,4,4,3,1,16,28,37,3,43
11b9265b,1,0,1,0,0,0,0,0,0,0,0,0,1,0,0,3
11fd2b75,4,3,0,3,1,1,4,3,6,1,5,2,6,4,0,20
129af0db,1,1,1,0,0,0,0,0,3,0,3,1,2,0,0,3
12c50af5,0,0,0,0,0,0,0,0,0,0,0,0,0,0,0,1
12e6d21a,6,1,3,1,2,1,1,0,1,0,1,0,6,1,0,7
13ac19de,8,6,3,3,2,1,3,2,5,1,4,2,10,1,0,17
13c44fc5,0,0,0,0,0,0,0,0,0,0,0,0,0,2,0,2
1432d037,1,1,0,1,0,1,1,0,1,0,1,0,1,0,0,2
1453e3cf,0,0,0,0,0,0,0,0,0,0,0,0,0,0,0,0
1467af0d,25,16,8,12,5,9,20,11,10,3,7,5,30,5,0,49
149895bf,7,4,3,4,0,0,1,1,6,0,6,0,7,1,0,11
14b8fcdf,2,1,1,1,0,1,2,1,5,4,1,6,8,11,1,21
14e8e9d7,1,1,1,0,0,0,0,0,0,0,0,0,1,3,0,0
15eb04ec,9,8,3,5,1,3,16,13,6,2,4,7,16,7,0,21
163bbd4a,3,2,1,2,0,0,2,2,2,0,2,1,4,3,0,9
16657b95,16,8,3,11,2,4,15,11,11,2,9,7,23,6,0,46
16b9d5cf,2,2,1,1,0,1,2,1,3,2,1,5,7,23,0,27
1840e36d,0,0,0,0,0,0,0,0,0,0,0,0,0,2,1,6
1880614f,2,2,2,0,0,0,2,2,3,0,3,3,5,0,0,20
19053e31,2,0,0,2,0,1,5,4,2,0,2,1,3,0,0,14
1971591f,0,0,0,0,0,0,0,0,1,0,1,0,0,0,0,1
19cda00b,6,4,4,2,0,2,11,9,5,1,4,6,12,6,1,26
19e4dca5,11,9,6,5,0,1,3,2,7,4,3,9,20,28,0,17
19e4eab9,11,8,9,1,1,5,12,7,9,6,3,10,21,25,0,26
1a2935f6,3,3,2,1,0,3,3,0,2,1,1,1,4,11,0,8
1a6b7ea4,16,8,11,5,0,5,13,8,7,3,4,9,25,16,0,24
1a6f2a66,0,0,0,0,0,0,1,1,0,0,0,1,1,0,0,2
1a992676,4,4,1,1,2,1,5,4,1,0,1,1,5,1,0,19
1adcf39e,10,5,7,3,0,4,7,3,6,1,5,13,23,15,1,28
1b7ec703,0,0,0,0,0,0,0,0,1,1,0,1,1,0,0,8
1bacc518,27,16,14,11,2,12,30,18,12,3,9,19,46,22,2,83
1bebde9d,0,0,0,0,0,0,0,0,0,0,0,0,0,1,0,0
1bf33a9a,6,5,2,3,1,1,6,5,4,0,4,3,9,3,0,26
1d1691ad,5,5,5,0,0,4,4,0,3,2,1,1,6,2,0,9
1d8e9add,4,1,4,0,0,4,5,1,6,4,2,3,7,15,1,34
1ddbb0da,0,0,0,0,0,0,1,1,0,0,0,1,1,7,0,12
1e26e376,0,0,0,0,0,0,0,0,0,0,0,0,0,2,0,1
1e43fad8,0,0,0,0,0,0,1,1,0,0,0,0,0,1,2,4
1f9328da,3,0,0,3,0,0,4,4,2,0,2,1,4,2,0,15
1fb1c435,1,0,0,1,0,0,3,3,1,0,1,1,2,2,0,1
21512407,17,10,11,5,1,8,15,7,7,1,6,11,28,11,1,44
21a66f6a,9,6,0,7,2,1,3,2,4,1,3,2,11,7,0,20
2319ebe3,7,5,4,3,0,1,5,4,6,2,4,6,13,9,0,23
2327c29e,3,2,1,1,1,0,0,0,2,0,2,0,3,2,0,7
2475dcc6,12,7,3,4,5,2,16,14,15,1,14,6,18,6,0,55
24b98f95,1,1,1,0,0,0,1,1,0,0,0,2,3,1,0,7
24fc70d3,7,3,6,1,0,5,6,1,7,6,1,10,17,17,0,22
2696b6a9,1,1,1,0,0,0,1,1,0,0,0,0,1,1,0,3
2784f898,23,14,15,7,1,11,16,5,10,4,6,17,40,43,1,52
27f0fcda,0,0,0,0,0,0,1,1,2,0,2,1,1,3,0,7
28b1f3ce,20,13,7,9,4,6,15,9,10,0,10,5,25,5,1,42
28eea0fc,11,5,8,2,1,2,11,9,14,4,10,13,24,21,0,31
292a652a,5,3,5,0,0,3,4,1,9,5,4,13,18,14,1,9
2946f9a1,11,8,9,2,0,7,12,5,7,2,5,12,23,13,0,21
29733c72,4,2,2,0,2,2,6,4,2,0,2,0,4,4,0,11
2973d8ff,3,2,0,2,1,0,1,1,3,0,3,1,4,1,0,8
29c02c9f,1,1,1,0,0,0,0,0,0,0,0,0,1,0,0,0
2a8683b9,9,6,5,4,0,4,7,3,8,5,3,6,15,7,0,25
2acd49b9,20,16,11,8,1,7,15,8,2,1,1,10,30,5,0,63
2b114be3,6,5,0,4,2,1,6,5,3,1,2,2,8,2,0,27
2b5527c4,4,1,2,2,0,2,5,3,0,0,0,0,4,4,0,9
2b622f01,12,7,3,6,3,4,7,3,8,0,8,7,19,1,0,35
2b8360f1,2,2,1,1,0,2,3,1,0,0,0,0,2,2,0,4
2bcc6d52,0,0,0,0,0,0,2,2,2,0,2,0,0,0,0,8
2c0f8e9e,3,3,1,1,1,0,2,2,5,2,3,1,4,0,0,11
2c20f2fb,0,0,0,0,0,0,0,0,0,0,0,0,0,0,0,0
2c44a35d,3,2,2,0,1,1,3,2,2,0,2,4,7,4,0,6
2d24d7a2,0,0,0,0,0,0,0,0,0,0,0,0,0,0,0,1
2d3f7367,0,0,0,0,0,0,0,0,0,0,0,0,0,0,0,1
2d61d13a,17,9,7,10,0,7,10,3,3,2,1,13,30,12,1,21
2db2fd7b,7,5,1,4,2,4,5,1,4,3,1,10,17,17,0,31
2e06f387,1,0,0,1,0,1,3,2,1,1,0,1,2,6,0,8
2e4f5f03,30,14,18,9,3,19,28,9,13,2,11,7,37,25,1,69
2e7ff968,0,0,0,0,0,0,0,0,0,0,0,0,0,0,0,3
2f3452eb,4,3,3,1,0,2,3,1,0,0,0,1,5,4,0,12
2f557579,1,1,0,0,1,0,4,4,1,0,1,1,2,0,0,22
2f7acede,16,8,1,13,2,8,11,3,8,3,5,7,23,6,1,63
2f895007,0,0,0,0,0,0,1,1,0,0,0,0,0,0,0,1
2f90f6b8,24,14,9,11,4,14,24,10,15,1,14,9,33,13,0,71
2f965a72,0,0,0,0,0,0,0,0,0,0,0,0,0,2,0,5
30223b33,0,0,0,0,0,0,0,0,0,0,0,0,0,0,0,6
30941e96,7,4,4,2,1,5,9,4,11,7,4,10,17,26,0,26
30f5ffa9,24,18,19,5,0,14,22,8,3,2,1,2,26,25,0,43
314f2124,3,2,3,0,0,0,0,0,2,1,1,3,6,7,0,12
3189f61a,18,8,8,9,1,5,13,8,4,2,2,5,23,8,0,31
31c69ef1,7,6,3,4,0,4,5,1,4,3,1,8,15,17,1,24
321f83a2,0,0,0,0,0,0,1,1,3,0,3,1,1,1,0,7
32c0491f,10,7,7,3,0,5,6,1,3,1,2,4,14,9,0,19
3353737a,7,6,4,3,0,5,7,2,4,2,2,10,17,8,0,21
335fa267,14,9,8,5,1,7,10,3,4,0,4,12,26,13,0,48
33b8d077,17,7,12,5,0,2,12,10,10,2,8,9,26,6,0,49
346d51d9,10,6,3,6,1,5,7,2,2,0,2,3,13,3,0,25
34c3b935,0,0,0,0,0,0,0,0,0,0,0,0,0,2,0,8
34e38ddf,0,0,0,0,0,0,0,0,0,0,0,0,0,2,0,2
356c9002,0,0,0,0,0,0,2,2,3,0,3,0,0,4,0,10
3626daea,1,1,0,0,1,0,0,0,1,0,1,0,1,0,0,3
36a3ff67,16,8,3,8,5,3,7,4,8,1,7,11,27,7,0,27
3708e9fa,6,6,4,2,0,0,0,0,1,0,1,4,10,1,0,12
375622c5,0,0,0,0,0,0,1,1,0,0,0,0,0,0,0,0
37f606f0,1,0,0,1,0,1,1,0,2,0,2,0,1,0,0,3
38ac43d3,0,0,0,0,0,0,2,2,1,0,1,0,0,1,0,3
392a7aea,16,9,5,9,2,2,14,12,3,0,3,4,20,4,0,46
39769cff,0,0,0,0,0,0,0,0,0,0,0,0,0,0,0,1
3984a078,2,2,0,2,0,2,2,0,1,0,1,1,3,1,0,6
3b15ef2d,2,2,2,0,0,1,1,0,0,0,0,2,4,2,0,6
3b61c9ec,3,3,2,1,0,1,1,0,0,0,0,0,3,1,0,1
3b8674e6,15,11,8,6,1,2,9,7,10,2,8,9,24,7,1,38
3b9858f5,3,2,3,0,0,1,4,3,3,2,1,12,15,21,0,12
3bb7b8b4,0,0,0,0,0,0,0,0,0,0,0,2,2,1,1,26
3bb7f478,2,1,1,0,1,0,3,3,2,0,2,0,2,8,0,21
3c6089ab,9,6,2,6,1,0,6,6,9,1,8,5,14,3,0,15
3cefcaef,7,5,5,1,1,3,6,3,4,1,3,9,16,18,0,35
3d50bcdb,0,0,0,0,0,0,0,0,0,0,0,0,0,0,0,2
3e96f3e7,0,0,0,0,0,0,1,1,0,0,0,0,0,11,1,7
3eb22ec9,15,6,5,7,3,4,14,10,4,1,3,8,23,2,0,36
3eed9821,1,1,0,1,0,0,0,0,2,1,1,0,1,0,0,5
3ef0fa48,0,0,0,0,0,0,0,0,1,0,1,0,0,1,0,5
3f65d5ce,0,0,0,0,0,0,0,0,0,0,0,0,0,1,0,2
41df88b8,0,0,0,0,0,0,0,0,0,0,0,0,0,0,0,0
41f32541,8,6,1,5,2,3,6,3,4,2,2,6,14,8,0,10
42276181,0,0,0,0,0,0,0,0,0,0,0,1,1,0,0,5
42ec696a,0,0,0,0,0,0,0,0,0,0,0,0,0,0,1,3
42fd9c7f,1,0,0,1,0,0,3,3,0,0,0,1,2,0,0,15
433dc9a2,12,8,5,7,0,3,8,5,4,1,3,10,22,24,0,37
436a9dd0,7,2,3,2,2,0,3,3,4,1,3,2,9,3,0,13
43a166b4,0,0,0,0,0,0,1,1,1,0,1,1,1,0,0,7
43b78598,2,1,1,1,0,0,0,0,2,0,2,2,4,9,0,11
43cd8b69,0,0,0,0,0,0,0,0,0,0,0,2,2,2,0,5
44781702,8,4,5,2,1,4,10,6,11,3,8,10,18,20,0,28
44ac04e9,15,8,6,8,1,5,17,12,7,2,5,4,19,7,0,30
44eb9093,11,6,6,5,0,3,9,6,1,0,1,6,17,4,0,17
4515f00d,2,1,2,0,0,2,2,0,1,0,1,1,3,0,0,2
45af8a54,2,2,1,1,0,0,2,2,0,0,0,5,7,1,0,19
4601e194,11,8,6,4,1,5,13,8,11,5,6,17,28,30,2,80
46a8347f,1,0,1,0,0,1,1,0,0,0,0,3,4,5,0,3
47064058,0,0,0,0,0,0,1,1,0,0,0,0,0,2,0,11
47af88b8,9,7,8,1,0,5,6,1,17,8,9,11,20,37,1,30
47fd5136,1,1,0,1,0,0,1,1,6,5,1,6,7,16,0,13
481c9ece,9,5,8,1,0,5,12,7,13,7,6,8,17,37,0,27
4887118d,0,0,0,0,0,0,1,1,1,0,1,1,1,0,0,0
48a2b92a,3,1,1,2,0,1,1,0,0,0,0,0,3,1,0,1
48b28bfd,2,0,1,1,0,0,2,2,2,0,2,3,5,1,1,14
48b3dd60,12,11,2,7,3,3,6,3,4,2,2,2,14,3,1,37
49296448,11,6,7,2,2,4,9,5,9,2,7,12,23,8,0,42
493924a7,20,12,16,4,0,9,16,7,7,2,5,3,23,9,0,29
4958bfb2,9,6,5,4,0,3,6,3,4,3,1,8,17,10,2,29
497228f9,11,6,8,3,0,5,7,2,4,0,4,10,21,13,0,34
4a5a45c7,7,4,2,5,0,1,11,10,8,0,8,5,12,4,0,22
4a6914ff,0,0,0,0,0,0,1,1,0,0,0,0,0,0,0,1
4b6960d2,7,3,1,4,2,2,4,2,6,1,5,5,12,10,0,18
4b803b3c,3,3,3,0,0,1,1,0,1,0,1,10,13,17,0,10
4bd414c1,2,1,1,1,0,0,0,0,5,5,0,8,10,29,0,20
4c370d81,12,8,2,6,4,3,16,13,11,0,11,2,14,3,1,30
4c3a6744,8,6,2,3,3,4,5,1,4,1,3,2,10,2,0,12
4c45cdc2,0,0,0,0,0,0,2,2,1,0,1,1,1,2,0,7
4c5b714f,13,7,4,9,0,3,6,3,5,0,5,3,16,3,0,24
4c6facae,12,6,5,6,1,4,8,4,7,2,5,9,21,10,0,41
4cc82fe1,13,10,10,1,2,6,8,2,8,4,4,12,25,47,0,29
4d034881,4,3,0,2,2,0,6,6,2,0,2,2,6,1,0,9
4d224fe8,14,9,8,5,1,5,14,9,15,6,9,13,27,8,0,56
4d3e9033,0,0,0,0,0,0,1,1,0,0,0,0,0,0,0,1
4d982baf,3,3,2,0,1,2,4,2,4,1,3,1,4,1,0,10
4dbd0916,8,4,1,7,0,2,7,5,6,1,5,3,11,4,0,19
4dbdf7f7,7,3,3,3,1,4,8,4,4,1,3,4,11,6,0,19
4dedd469,5,4,3,2,0,2,4,2,5,4,1,6,11,26,1,17
4e133a88,1,1,1,0,0,0,0,0,6,1,5,1,2,4,0,3
4e204552,2,1,0,2,0,0,3,3,0,0,0,3,5,1,0,3
4e358a2d,9,7,6,2,1,4,8,4,10,8,2,8,17,26,1,32
4f1e6a0b,10,7,1,6,3,5,14,9,13,0,13,3,13,3,0,50
4f28a6ff,28,19,16,12,0,13,19,6,17,11,6,8,36,40,1,35
4fa7cb9b,1,1,1,0,0,0,1,1,3,0,3,1,2,2,0,10
5042e5c2,0,0,0,0,0,0,2,2,0,0,0,2,2,0,0,1
5064d4c1,4,2,2,0,2,1,2,1,1,0,1,1,5,5,0,4
509a4ccb,1,0,1,0,0,0,0,0,0,0,0,0,1,0,0,1
50c1ff86,7,3,6,1,0,3,4,1,6,1,5,11,18,14,0,18
50ccf47d,10,8,3,5,2,4,11,7,4,1,3,13,23,23,0,26
50dc94ce,26,17,4,17,5,8,16,8,14,1,13,14,40,8,0,55
5148dcc5,1,1,0,1,0,1,2,1,4,0,4,2,3,1,0,3
51a3c4c8,13,8,10,2,1,7,11,4,9,6,3,21,34,61,0,61
51a56075,0,0,0,0,0,0,0,0,3,1,2,2,2,1,0,2
51cf8561,8,7,2,4,2,3,6,3,6,1,5,11,19,9,0,25
51dbeea9,10,7,6,4,0,4,12,8,7,2,5,5,15,13,1,21
526541e5,1,1,1,0,0,0,2,2,6,2,4,2,3,25,0,16
5271c8f1,6,5,3,2,1,3,5,2,0,0,0,1,7,1,0,8
527f063d,0,0,0,0,0,0,2,2,3,0,3,4,4,4,0,9
529f49ab,8,6,2,3,3,2,9,7,5,3,2,11,19,5,0,29
52ec54d0,7,5,4,2,1,2,5,3,11,9,2,12,19,27,0,40
532d2690,3,2,2,1,0,2,9,7,3,2,1,7,10,6,0,25
53e07d0b,3,1,1,1,1,0,1,1,2,1,1,0,3,1,0,7
549c6ba7,1,1,0,0,1,1,1,0,0,0,0,0,1,1,0,3
54b4dc4e,7,4,3,4,0,0,10,10,7,1,6,4,11,2,0,27
54e4866f,1,0,1,0,0,0,1,1,0,0,0,0,1,0,0,0
54f2d108,2,1,2,0,0,1,3,2,1,0,1,0,2,1,0,5
55126f3b,14,6,6,7,1,8,22,14,4,0,4,7,21,9,0,56
555d5edd,3,1,3,0,0,1,2,1,0,0,0,1,4,0,0,2
55abe554,15,12,9,3,3,6,10,4,2,0,2,3,18,5,0,21
5631b735,8,6,6,2,0,3,13,10,9,0,9,16,24,10,0,22
56b5d64e,8,6,6,0,2,2,7,5,5,0,5,6,14,2,0,40
56f7a928,14,9,6,6,2,5,12,7,7,2,5,10,24,7,1,40
580d52dd,12,7,2,7,3,3,6,3,6,1,5,7,19,15,1,54
5832ebfe,5,4,1,4,0,2,4,2,3,2,1,9,14,18,0,36
58a160e1,0,0,0,0,0,0,2,2,0,0,0,0,0,0,0,0
58a9a4d9,12,7,6,4,2,7,16,9,6,1,5,6,18,2,0,35
58ce23e5,2,1,0,2,0,1,6,5,0,0,0,1,3,0,0,5
58eee997,0,0,0,0,0,0,0,0,0,0,0,1,1,0,0,0
591477c9,5,5,3,2,0,0,2,2,6,6,0,4,9,21,0,11
5939baa2,22,13,13,8,1,13,16,3,9,1,8,11,33,9,0,36
5a2cb25d,4,2,3,1,0,4,5,1,6,1,5,4,8,6,0,11
5ab0ea87,41,21,14,25,2,14,31,17,14,3,11,15,56,11,1,90
5afafbfe,0,0,0,0,0,0,0,0,0,0,0,0,0,1,0,1
5b54bf3b,2,1,0,2,0,0,2,2,5,1,4,3,5,8,0,16
5c2b4f07,8,6,4,4,0,1,7,6,8,1,7,9,17,14,0,23
5c4dc0ff,0,0,0,0,0,0,0,0,2,0,2,0,0,2,0,3
5cb1d026,15,11,9,6,0,6,18,12,7,3,4,17,32,20,0,27
5cdddffa,19,11,8,10,1,6,10,4,6,2,4,12,31,7,0,53
5d0d1ec7,7,7,2,4,1,2,3,1,4,3,1,10,17,17,0,19
5d4f7d61,2,1,1,1,0,0,2,2,1,1,0,1,3,3,0,7
5d5219b1,2,2,0,1,1,1,4,3,4,0,4,2,4,0,1,10
5dfc6ad5,11,9,5,6,0,5,9,4,8,2,6,7,18,6,0,51
5e1028e5,15,8,7,6,2,7,13,6,7,0,7,2,17,1,0,15
5e861944,5,4,3,1,1,1,10,9,1,0,1,3,8,2,0,18
5e8936be,0,0,0,0,0,0,0,0,0,0,0,1,1,0,1,7
5eae500a,3,1,1,1,1,2,4,2,1,0,1,0,3,5,0,9
5eecec3d,5,3,2,3,0,3,3,0,6,3,3,7,12,13,0,27
5f424f35,5,5,2,3,0,2,7,5,4,0,4,7,12,4,0,17
6025fab1,8,4,3,4,1,4,12,8,1,0,1,7,15,0,0,31
603116a7,4,4,2,1,1,2,6,4,5,0,5,2,6,5,0,21
60359288,2,1,2,0,0,2,3,1,2,1,1,0,2,8,0,10
603cb947,1,0,0,1,0,0,4,4,1,0,1,2,3,2,0,26
615c4d8f,3,2,3,0,0,0,7,7,1,0,1,1,4,1,0,14
6190474d,0,0,0,0,0,0,0,0,0,0,0,1,1,0,0,3
61b0b44d,1,0,1,0,0,0,2,2,0,0,0,0,1,0,0,3
61f63784,11,7,10,1,0,7,10,3,5,3,2,11,22,31,0,9
6228469d,8,1,5,3,0,3,14,11,11,4,7,6,14,8,0,20
63d17038,0,0,0,0,0,0,0,0,0,0,0,0,0,1,0,2
6421ec64,1,0,0,0,1,0,2,2,3,0,3,1,2,2,0,10
6434f10d,9,7,3,4,2,4,7,3,9,4,5,12,21,12,0,66
66116290,2,2,0,1,1,0,2,2,1,0,1,0,2,2,0,10
6622454d,28,17,7,14,7,10,33,23,14,1,13,14,42,6,0,75
6639e500,2,1,0,1,1,1,3,2,3,0,3,1,3,1,0,13
67b3d74b,16,11,10,6,0,6,13,7,15,3,12,14,30,22,0,39
67cdbc0e,25,12,13,10,2,5,13,8,8,1,7,10,35,5,0,20
6822ea0c,2,1,1,1,0,1,2,1,0,0,0,2,4,3,0,4
6853490f,0,0,0,0,0,0,0,0,0,0,0,0,0,0,0,5
691bef82,23,11,12,9,2,9,19,10,22,10,12,20,43,45,0,64
691f64f5,1,0,1,0,0,1,2,1,2,0,2,0,1,1,0,5
69384e5d,5,3,2,3,0,0,4,4,2,2,0,2,7,2,0,24
6938d79b,8,4,4,4,0,2,4,2,6,3,3,6,14,9,1,24
6941883f,2,1,1,1,0,2,5,3,1,1,0,1,3,2,0,4
69960ac3,2,2,1,1,0,0,3,3,1,1,0,8,10,14,0,13
6a189491,0,0,0,0,0,0,0,0,0,0,0,0,0,0,0,2
6a829019,14,10,7,6,1,7,14,7,9,4,5,11,25,21,0,26
6bd05d38,0,0,0,0,0,0,0,0,0,0,0,0,0,0,2,0
6c7762c3,1,1,0,1,0,1,3,2,2,0,2,5,6,0,1,7
6c811eb7,2,2,2,0,0,0,3,3,0,0,0,0,2,1,0,4
6cafd68d,1,0,1,0,0,1,3,2,5,2,3,2,3,5,0,12
6ce1f46f,17,10,3,9,5,5,22,17,4,2,2,9,26,3,4,55
6ceef869,5,4,3,2,0,3,5,2,3,3,0,3,8,14,0,8
6e5497ca,3,1,3,0,0,0,0,0,0,0,0,0,3,0,0,1
6e592fa4,14,12,8,4,2,3,8,5,7,1,6,8,22,22,0,38
6ec6fde0,7,4,6,1,0,3,4,1,4,2,2,1,8,3,1,9
6f51e382,0,0,0,0,0,0,0,0,0,0,0,0,0,3,3,13
6f639ec7,2,2,2,0,0,1,5,4,3,0,3,2,4,4,0,22
6fdac234,9,6,6,3,0,3,8,5,3,0,3,4,13,10,0,12
6fe90922,10,6,4,5,1,5,11,6,10,1,9,11,21,16,0,20
70cf63ca,14,8,5,9,0,7,13,6,3,0,3,4,18,7,0,27
70d74ece,2,2,0,1,1,0,1,1,1,0,1,2,4,8,0,11
70d8e84c,0,0,0,0,0,0,0,0,0,0,0,0,0,0,0,0
7111d552,6,4,3,2,1,2,3,1,2,0,2,0,6,0,0,11
715bf047,6,4,4,2,0,2,4,2,7,0,7,5,11,4,0,25
716e7308,0,0,0,0,0,0,0,0,0,0,0,0,0,0,0,0
71ec39ef,21,13,8,13,0,7,21,14,10,3,7,4,25,10,0,46
7230b807,2,1,2,0,0,0,1,1,1,0,1,1,3,0,0,5
7272a72a,7,6,2,3,2,2,3,1,3,1,2,2,9,4,0,24
73000a79,4,2,2,1,1,2,3,1,2,0,2,0,4,3,0,12
731e29b8,1,0,0,0,1,0,0,0,0,0,0,0,1,0,0,4
732b0cf9,0,0,0,0,0,0,0,0,0,0,0,1,1,0,0,0
733e7ad8,5,3,5,0,0,2,3,1,3,1,2,5,10,9,0,14
73d6a176,0,0,0,0,0,0,1,1,0,0,0,0,0,0,0,0
74419746,0,0,0,0,0,0,1,1,1,0,1,1,1,2,0,10
7460ca0d,7,4,4,2,1,4,9,5,7,0,7,2,9,1,0,31
746fec7d,1,0,1,0,0,0,0,0,1,0,1,0,1,0,0,3
74bafc9c,7,3,5,2,0,4,8,4,0,0,0,1,8,0,0,14
77d7c96f,12,9,3,8,1,5,5,0,5,0,5,4,16,7,0,19
77e84962,9,6,4,4,1,1,5,4,6,1,5,10,19,3,0,43
78841da9,6,2,2,3,1,2,12,10,2,0,2,6,12,4,0,35
79019bf4,13,8,12,1,0,6,16,10,12,5,7,7,20,22,0,31
79083382,3,2,3,0,0,2,2,0,4,1,3,2,5,13,0,12
791abba1,7,5,6,1,0,2,7,5,9,5,4,12,19,23,1,39
79370f8c,1,1,1,0,0,1,5,4,2,0,2,0,1,3,0,14
79c90e45,10,7,5,5,0,5,10,5,6,2,4,4,14,22,0,22
7a11550b,8,1,6,1,1,3,8,5,1,0,1,6,14,14,0,37
7a20d90a,2,0,2,0,0,1,3,2,3,1,2,3,5,4,0,8
7a2e46a8,0,0,0,0,0,0,0,0,0,0,0,1,1,2,1,22
7aac47fe,6,4,6,0,0,5,9,4,2,2,0,5,11,4,0,18
7b18b6db,6,6,5,1,0,2,4,2,5,4,1,11,17,15,1,10
7b4c1f6e,2,2,1,0,1,0,1,1,1,1,0,0,2,0,0,2
7b9ecf02,0,0,0,0,0,0,0,0,0,0,0,0,0,0,0,0
7ba6d84e,1,0,1,0,0,1,1,0,0,0,0,0,1,1,1,4
7bcc0708,3,1,2,1,0,1,2,1,0,0,0,0,3,0,0,5
7c0000fd,2,1,1,1,0,2,3,1,0,0,0,1,3,2,0,4
7c1a0c67,13,10,9,3,1,10,14,4,5,2,3,13,26,21,0,17
7c9fa389,0,0,0,0,0,0,0,0,2,1,1,1,1,3,0,1
7cab69b5,5,4,4,1,0,0,2,2,2,0,2,6,11,20,0,26
7d9397f8,3,2,1,2,0,1,2,1,0,0,0,0,3,0,0,4
7ec7738e,5,3,2,2,1,4,9,5,4,1,3,1,6,8,0,11
7f3b388c,27,21,9,17,1,12,34,22,5,0,5,12,39,15,0,63
7f609bfc,5,4,3,1,1,1,3,2,4,1,3,1,6,1,1,8
7f97771d,18,9,7,9,2,3,7,4,7,2,5,20,38,10,0,45
7fb301af,0,0,0,0,0,0,0,0,0,0,0,0,0,0,0,0
807e869a,7,4,3,3,1,5,8,3,3,0,3,2,9,4,0,32
80f36c88,8,4,4,4,0,2,8,6,0,0,0,5,13,3,0,22
8104e41e,0,0,0,0,0,0,0,0,0,0,0,0,0,0,0,1
810e3c74,4,2,1,2,1,1,6,5,7,0,7,0,4,0,0,10
816192f0,8,4,7,1,0,2,3,1,2,1,1,1,9,4,0,2
819b3158,9,6,1,7,1,4,13,9,5,0,5,8,17,5,0,45
824bd41a,8,4,8,0,0,2,6,4,6,6,0,10,18,28,0,31
82b1198a,2,1,2,0,0,2,2,0,0,0,0,0,2,4,0,8
82dbf623,2,0,0,1,1,1,4,3,0,0,0,0,2,10,0,8
8387afe6,6,5,3,2,1,2,4,2,3,1,2,8,14,6,0,24
8454388c,2,1,0,0,2,2,3,1,4,1,3,6,8,3,0,6
85613cf0,1,1,0,1,0,0,2,2,2,0,2,1,2,2,0,5
85686f86,1,0,1,0,0,0,1,1,0,0,0,0,1,0,0,1
862fa9fb,1,0,1,0,0,0,1,1,3,2,1,4,5,19,0,10
8637e09a,0,0,0,0,0,0,0,0,0,0,0,0,0,2,0,0
864163f3,5,1,2,1,2,0,1,1,2,0,2,0,5,3,0,7
8652a85c,1,0,1,0,0,0,1,1,2,0,2,1,2,3,0,3
867239d3,5,2,2,3,0,0,6,6,12,2,10,6,11,5,0,45
8696bc90,0,0,0,0,0,0,0,0,0,0,0,0,0,1,0,1
86dd16a8,9,5,8,1,0,5,7,2,3,0,3,6,15,13,0,16
86dd77d1,4,1,1,2,1,1,4,3,8,2,6,6,10,15,1,39
86e7deaf,7,4,4,3,0,1,3,2,12,6,6,11,18,47,0,40
873ce3a2,5,4,1,3,1,1,4,3,4,0,4,0,5,2,0,11
874d7a32,20,14,10,9,1,8,14,6,15,2,13,6,26,4,0,33
87575fd9,11,6,4,7,0,4,8,4,5,0,5,5,16,11,0,27
8778c910,0,0,0,0,0,0,1,1,0,0,0,0,0,4,1,12
8794e251,8,4,4,4,0,2,2,0,5,0,5,3,11,4,0,25
881ef58c,1,0,0,0,1,0,1,1,0,0,0,0,1,0,0,3
88a359d4,1,1,0,1,0,1,4,3,1,0,1,1,2,0,0,3
88a9ea33,8,4,3,4,1,1,11,10,6,1,5,4,12,1,0,21
88c89891,6,5,3,3,0,4,7,3,2,0,2,7,13,13,0,8
88e357ef,14,8,6,4,4,4,14,10,9,2,7,6,20,2,0,30
892d5bb1,9,5,1,7,1,3,9,6,8,1,7,1,10,10,0,20
89565ac5,4,2,3,1,0,1,1,0,5,2,3,2,6,7,0,11
89ac64a6,13,7,8,4,1,4,5,1,3,1,2,9,22,15,0,28
89b2c8a9,2,0,1,0,1,1,7,6,1,0,1,0,2,1,0,11
89d10e53,11,6,4,6,1,6,10,4,7,3,4,7,18,16,0,42
89f951b5,9,4,3,5,1,3,9,6,19,3,16,19,28,8,1,65
8a7a5ad7,1,1,0,0,1,1,2,1,1,0,1,1,2,9,0,5
8aafd64f,2,2,1,1,0,1,1,0,1,0,1,0,2,0,0,3
8b788c01,4,3,1,3,0,2,2,0,4,0,4,1,5,4,0,23
8d3d3b0a,1,0,0,1,0,0,1,1,1,0,1,0,1,0,0,1
8d78e732,2,1,0,2,0,0,4,4,8,0,8,6,8,5,0,20
8e088e04,0,0,0,0,0,0,0,0,0,0,0,2,2,0,0,2
8e34b9f5,7,4,6,1,0,3,4,1,3,2,1,3,10,24,0,15
8f62b6ee,0,0,0,0,0,0,0,0,0,0,0,0,0,2,1,9
8f696594,0,0,0,0,0,0,2,2,3,1,2,1,1,0,0,17
8fd9996f,14,8,6,8,0,5,12,7,11,7,4,14,28,13,0,101
90d7dda6,7,1,3,3,1,2,6,4,3,0,3,6,13,2,0,18
9139bb12,1,1,0,1,0,0,3,3,1,0,1,2,3,0,0,12
92e7e919,14,8,7,5,2,5,24,19,13,1,12,5,19,8,0,40
935e6b8f,18,15,3,12,3,6,15,9,9,0,9,13,31,10,0,68
93a50d2c,3,1,3,0,0,3,9,6,4,2,2,3,6,4,0,8
947e036f,2,1,1,0,1,1,4,3,4,1,3,1,3,1,0,9
94b2001f,0,0,0,0,0,0,0,0,1,0,1,2,2,2,0,9
95a24690,1,0,0,1,0,1,2,1,1,0,1,0,1,0,0,2
96094cbc,2,2,0,2,0,0,3,3,5,0,5,2,4,1,0,22
960acc0a,13,10,6,4,3,6,10,4,7,2,5,2,15,7,0,37
96b03fe2,8,4,4,4,0,2,4,2,5,1,4,4,12,36,0,20
980522ec,9,5,2,3,4,4,9,5,14,2,12,12,21,10,0,57
984a5a64,0,0,0,0,0,0,2,2,2,1,1,0,0,0,1,4
9907b1c8,5,3,0,3,2,2,6,4,3,0,3,1,6,0,0,14
99813635,0,0,0,0,0,0,2,2,0,0,0,2,2,0,0,6
99de6b6f,1,0,1,0,0,1,2,1,0,0,0,1,2,5,1,9
9a1f2e1c,9,3,7,1,1,4,11,7,5,0,5,11,20,12,1,11
9ae9eaea,1,1,1,0,0,1,4,3,2,2,0,8,9,5,0,16
9bcd6455,0,0,0,0,0,0,1,1,1,0,1,0,0,0,0,4
9c94165b,15,10,8,7,0,9,12,3,11,1,10,9,24,18,0,32
9d12e142,0,0,0,0,0,0,0,0,0,0,0,0,0,2,0,15
9d60028d,4,3,1,3,0,1,6,5,1,0,1,2,6,2,0,22
9e1035f8,2,1,1,1,0,0,0,0,0,0,0,0,2,2,0,7
9efa1d25,15,6,2,8,5,4,10,6,1,0,1,3,18,4,0,18
9f84febe,3,2,2,1,0,2,3,1,1,1,0,1,4,3,2,9
9f8e9423,3,2,1,1,1,0,1,1,10,2,8,6,9,11,0,21
a022e78c,5,4,2,1,2,0,9,9,1,0,1,4,9,1,0,28
a0b4bb3e,4,4,2,2,0,2,5,3,1,0,1,2,6,0,0,10
a1232f4e,5,3,1,4,0,3,5,2,2,0,2,5,10,18,0,22
a190d597,0,0,0,0,0,0,1,1,0,0,0,1,1,2,0,10
a1c5b23e,1,0,0,1,0,1,1,0,2,0,2,2,3,1,0,6
a1d5bd30,8,6,2,2,4,2,9,7,8,0,8,2,10,10,0,26
a29b1131,4,3,1,2,1,2,5,3,1,0,1,3,7,2,0,20
a2abe631,0,0,0,0,0,0,0,0,0,0,0,0,0,2,1,6
a33a0dc0,5,2,1,3,1,1,5,4,3,0,3,1,6,4,0,23
a382462b,3,1,0,2,1,1,4,3,2,1,1,3,6,0,0,7
a3b0ed18,0,0,0,0,0,0,0,0,0,0,0,0,0,4,2,5
a3ddb1b9,10,6,2,5,3,0,13,13,7,1,6,5,15,4,0,17
a40d5a0c,3,3,2,0,1,2,3,1,3,0,3,3,6,0,0,8
a45eac1f,0,0,0,0,0,0,1,1,2,0,2,1,1,3,0,9
a4effc55,4,2,1,3,0,1,3,2,5,4,1,3,7,16,2,21
a5296e55,0,0,0,0,0,0,0,0,0,0,0,0,0,1,0,18
a5549ec1,1,1,1,0,0,1,1,0,0,0,0,0,1,2,0,1
a58bb1e1,2,0,1,1,0,1,5,4,2,0,2,5,7,2,0,10
a5db0bec,17,8,9,8,0,6,17,11,8,4,4,7,24,13,0,45
a6154613,7,4,0,3,4,3,13,10,3,0,3,1,8,9,0,21
a65ce836,4,1,0,3,1,2,6,4,5,1,4,8,12,8,0,18
a6951bf8,7,5,3,4,0,3,7,4,1,1,0,10,17,5,0,26
a69e4806,8,5,3,1,4,1,17,16,11,1,10,4,12,4,0,27
a7a9d95a,2,2,0,2,0,0,2,2,3,0,3,3,5,1,0,6
a8327abd,7,4,4,3,0,2,5,3,3,1,2,11,18,5,0,33
a8542814,14,10,6,8,0,2,10,8,13,1,12,7,21,7,0,67
a8741470,2,1,2,0,0,0,0,0,1,0,1,6,8,7,0,3
a9aa0d1d,7,6,3,3,1,2,10,8,10,0,10,11,18,2,0,46
a9dc785c,0,0,0,0,0,0,0,0,0,0,0,0,0,1,2,4
aa8e289e,14,7,6,6,2,2,10,8,9,2,7,4,18,9,0,42
aae44006,0,0,0,0,0,0,0,0,0,0,0,0,0,0,0,5
ab6928f2,3,2,1,2,0,1,2,1,2,0,2,2,5,8,0,5
abb3bb95,8,5,4,4,0,3,9,6,11,4,7,7,15,13,0,24
abe66106,11,5,3,6,2,2,5,3,7,0,7,2,13,2,0,15
ac1f056e,1,1,0,1,0,0,1,1,0,0,0,0,1,1,0,6
ac3fb1be,2,2,2,0,0,2,2,0,5,5,0,7,9,14,0,9
ac861941,3,3,1,1,1,2,4,2,5,1,4,4,7,9,0,12
ad10eae0,4,3,3,1,0,4,7,3,5,1,4,6,10,13,0,32
ad6df2d5,18,10,10,6,2,7,27,20,10,1,9,16,34,6,0,73
adfc9123,12,8,7,5,0,4,8,4,13,9,4,12,24,56,1,52
ae4e2852,4,2,1,1,2,2,3,1,0,0,0,6,10,6,0,17
aeed5c06,1,0,0,1,0,0,0,0,0,0,0,0,1,0,0,0
aef6e670,15,8,8,6,1,4,7,3,2,1,1,12,27,17,0,53
afa0d4e0,8,5,1,7,0,0,2,2,3,1,2,4,12,7,0,19
afb0c500,0,0,0,0,0,0,0,0,0,0,0,0,0,1,0,1
b05e2dbd,9,6,8,1,0,7,9,2,3,1,2,5,14,14,0,18
b1062a37,3,0,3,0,0,1,2,1,2,2,0,7,10,30,0,3
b19db005,2,1,0,1,1,1,3,2,2,0,2,1,3,0,0,10
b1f4086c,25,17,15,8,2,16,24,8,2,0,2,7,32,14,0,36
b20f5a66,10,8,10,0,0,5,7,2,12,5,7,8,18,23,0,31
b217ef29,13,8,9,3,1,8,14,6,10,3,7,14,27,38,0,51
b233e8e4,1,0,1,0,0,0,0,0,1,1,0,3,4,3,0,5
b2db927b,0,0,0,0,0,0,0,0,0,0,0,0,0,1,0,3
b3325a30,15,11,5,9,1,7,13,6,7,0,7,6,21,0,0,38
b400bde0,10,4,4,2,4,4,16,12,6,0,6,7,17,5,0,42
b4825073,2,1,0,2,0,0,1,1,0,0,0,3,5,1,0,5
b65c42cf,3,1,2,1,0,1,3,2,2,0,2,2,5,9,0,9
b66315ae,2,1,1,1,0,0,2,2,5,0,5,1,3,6,0,15
b6964eb6,12,8,10,1,1,7,9,2,11,8,3,9,21,40,0,19
b6a6e0a7,2,1,0,1,1,0,0,0,1,0,1,0,2,1,0,8
b6b2b820,1,0,1,0,0,0,1,1,1,0,1,0,1,0,0,1
b74277a0,37,24,18,16,3,19,29,10,15,2,13,21,58,18,1,55
b7ca5c51,8,7,5,3,0,2,4,2,11,5,6,9,17,23,0,31
b7e7937d,0,0,0,0,0,0,0,0,0,0,0,1,1,0,0,4
b853e0ad,11,7,8,3,0,5,18,13,10,2,8,5,16,5,0,46
ba23a904,12,3,6,6,0,4,8,4,7,7,0,18,30,33,0,47
bafcf742,7,6,6,1,0,4,13,9,6,5,1,13,20,13,0,27
bd4f5f94,3,1,3,0,0,0,2,2,5,1,4,5,8,11,0,18
bd6351cd,15,10,8,7,0,8,15,7,3,0,3,6,21,12,0,31
be927d03,11,5,5,6,0,5,6,1,4,2,2,7,18,16,0,33
beb391dd,6,2,5,0,1,3,3,0,2,1,1,1,7,1,0,14
bece776f,12,5,5,6,1,1,5,4,7,0,7,3,15,1,0,19
beda9675,0,0,0,0,0,0,0,0,0,0,0,0,0,0,0,2
bef09ca8,0,0,0,0,0,0,1,1,0,0,0,0,0,0,0,1
bfae110f,2,1,1,0,1,1,1,0,2,0,2,0,2,5,0,20
c0617e2b,0,0,0,0,0,0,0,0,5,0,5,1,1,1,0,10
c0c7ff58,11,9,4,6,1,5,8,3,4,1,3,7,18,7,0,30
c0cddebe,15,10,5,8,2,4,9,5,9,2,7,11,26,8,0,26
c14bc029,13,6,4,6,3,3,15,12,9,1,8,12,25,10,1,46
c17bfb65,11,7,5,4,2,6,10,4,5,1,4,4,15,2,0,17
c2111b45,1,1,1,0,0,1,1,0,2,1,1,3,4,4,0,2
c24544c7,12,6,7,5,0,2,6,4,10,1,9,7,19,9,0,34
c2e41cfb,0,0,0,0,0,0,0,0,0,0,0,0,0,0,1,4
c3a8bcd8,22,7,10,11,1,11,25,14,8,1,7,16,38,13,0,81
c3ee18ef,7,3,4,3,0,3,3,0,2,1,1,6,13,19,0,28
c43e5e7e,4,1,1,3,0,0,9,9,6,1,5,2,6,5,0,11
c46fa34c,5,2,2,3,0,2,8,6,3,0,3,0,5,10,0,13
c47541e0,6,3,3,2,1,3,3,0,4,1,3,2,8,4,0,21
c4987edc,0,0,0,0,0,0,0,0,1,0,1,1,1,6,0,2
c5adc293,1,1,1,0,0,0,0,0,0,0,0,0,1,0,0,2
c5bdb6e3,4,1,2,0,2,1,5,4,3,0,3,1,5,1,0,4
c5fd13e9,5,3,5,0,0,2,2,0,2,2,0,4,9,10,0,21
c6056d58,11,6,8,3,0,4,5,1,2,1,1,7,18,32,0,22
c67cd65c,2,2,1,1,0,1,4,3,3,0,3,4,6,8,0,7
c691bfe2,20,14,9,9,2,2,8,6,10,2,8,5,25,5,1,43
c707411f,9,8,5,4,0,2,6,4,12,9,3,10,19,30,1,44
c7526c18,15,8,6,7,2,5,9,4,7,2,5,5,20,12,0,51
c7842dab,2,1,1,0,1,2,6,4,0,0,0,1,3,1,0,11
c886b062,1,1,0,1,0,1,2,1,2,1,1,3,4,7,0,13
c8bfb695,1,0,0,1,0,0,0,0,2,2,0,0,1,16,0,4
c8c60119,0,0,0,0,0,0,0,0,0,0,0,2,2,2,0,1
c8e65157,8,4,8,0,0,5,7,2,10,6,4,13,21,47,0,17
c906ce0f,7,5,6,1,0,3,7,4,2,1,1,3,10,7,1,31
c952f633,6,3,4,1,1,1,2,1,3,0,3,2,8,4,0,6
c9cb972b,0,0,0,0,0,0,0,0,0,0,0,0,0,1,0,1
c9e99e49,4,4,3,1,0,1,4,3,6,1,5,3,7,1,0,10
ca3e2783,0,0,0,0,0,0,0,0,0,0,0,0,0,0,0,1
cbbfa2e7,1,1,0,1,0,0,1,1,1,1,0,0,1,1,0,7
cc1a0c57,0,0,0,0,0,0,1,1,0,0,0,0,0,2,2,5
cc700722,39,22,15,24,0,11,34,23,6,0,6,5,44,4,1,61
cc83b74d,4,3,0,4,0,1,5,4,0,0,0,2,6,0,0,7
cc86b9a3,11,7,6,5,0,5,9,4,5,1,4,5,16,1,0,23
ccbbe661,6,5,2,4,0,1,4,3,1,0,1,2,8,6,1,11
ccc66d00,0,0,0,0,0,0,0,0,2,0,2,1,1,0,0,2
ccd88b8e,7,4,7,0,0,1,3,2,2,0,2,0,7,2,0,3
cce181df,16,10,10,5,1,9,16,7,8,3,5,13,29,11,0,35
cd1acf9d,21,10,11,6,4,13,19,6,8,1,7,18,39,22,1,76
cd1b2304,0,0,0,0,0,0,0,0,0,0,0,0,0,0,0,0
ce9e8024,6,4,4,2,0,1,1,0,4,2,2,8,14,12,0,20
cea4ee8f,9,5,3,4,2,3,11,8,5,1,4,6,15,7,0,39
cf182add,17,12,11,5,1,4,9,5,8,3,5,7,24,17,0,21
cf8ef0a1,4,1,2,1,1,0,1,1,3,0,3,1,5,4,0,9
cfd8d664,12,10,9,3,0,10,11,1,7,1,6,11,23,10,0,18
cff7dcb0,8,5,3,4,1,1,8,7,4,2,2,0,8,12,0,8
d003e213,15,10,10,5,0,6,13,7,1,0,1,5,20,8,0,30
d02e0cab,4,1,1,3,0,2,7,5,3,1,2,4,8,1,0,14
d04b94db,16,12,7,8,1,9,14,5,8,0,8,6,22,10,2,29
d072a976,8,5,5,3,0,2,6,4,6,4,2,7,15,18,0,31
d0d79694,0,0,0,0,0,0,1,1,1,1,0,1,1,6,0,6
d0d8dd44,6,3,4,2,0,4,4,0,8,6,2,7,13,18,1,21
d1273f09,20,17,9,9,2,5,20,15,16,2,14,11,31,18,0,26
d1661819,2,2,2,0,0,0,1,1,0,0,0,1,3,5,0,3
d2110326,8,5,7,0,1,3,3,0,4,3,1,5,13,12,0,14
d2448564,4,1,4,0,0,2,3,1,5,0,5,3,7,0,0,10
d28b8f40,7,4,6,1,0,4,7,3,9,2,7,15,22,34,0,34
d2bff301,3,1,2,1,0,1,2,1,1,1,0,3,6,7,0,14
d3272fba,1,1,0,1,0,0,1,1,0,0,0,2,3,0,0,3
d38174c3,0,0,0,0,0,0,0,0,0,0,0,0,0,0,0,0
d3aaad90,4,2,3,1,0,1,4,3,0,0,0,3,7,3,0,12
d4931a5a,0,0,0,0,0,0,1,1,1,0,1,0,0,2,0,7
d49f3e6b,2,1,2,0,0,1,5,4,1,0,1,2,4,1,0,9
d4aa40b8,4,2,3,1,0,2,6,4,9,0,9,8,12,17,0,32
d5980989,1,0,0,1,0,0,1,1,1,0,1,0,1,0,0,4
d5c04323,10,9,6,3,1,4,7,3,7,6,1,7,17,12,1,15
d5f2f82b,11,6,3,7,1,2,5,3,7,2,5,11,22,14,0,43
d6e53a3a,16,12,11,3,2,5,13,8,12,8,4,15,31,49,0,73
d70ce98e,10,10,1,4,5,3,7,4,6,0,6,3,13,0,0,24
d7c09951,9,4,5,2,2,3,8,5,7,2,5,10,19,9,0,16
d83bbc54,4,2,3,1,0,3,7,4,1,1,0,4,8,3,0,10
d849ef0f,5,2,4,1,0,3,5,2,3,0,3,7,12,3,0,12
d8b97bb3,1,0,1,0,0,0,0,0,1,0,1,2,3,2,0,11
d93c2511,9,6,7,2,0,0,1,1,3,0,3,3,12,3,0,14
d9565625,4,2,1,3,0,1,6,5,3,1,2,2,6,10,0,10
d9a5d930,2,2,2,0,0,1,8,7,3,0,3,1,3,4,0,19
d9d43555,1,0,1,0,0,0,0,0,0,0,0,0,1,0,0,2
da59a197,0,0,0,0,0,0,0,0,0,0,0,0,0,0,0,0
da7b447d,11,7,8,3,0,3,7,4,5,4,1,11,22,26,0,50
da974c7b,14,9,9,5,0,7,10,3,10,7,3,12,26,24,0,47
dab0da1c,1,1,1,0,0,1,2,1,2,0,2,1,2,0,0,12
dad4b285,14,8,10,4,0,8,11,3,5,2,3,9,23,6,0,34
db4ed67b,4,2,1,3,0,2,12,10,4,0,4,7,11,2,1,29
db750822,1,1,0,1,0,0,1,1,0,0,0,2,3,2,0,4
dbf053da,4,3,0,4,0,1,2,1,7,0,7,1,5,2,0,27
dc62fbee,7,6,3,2,2,3,9,6,3,0,3,3,10,0,0,8
de40e38c,3,2,3,0,0,2,4,2,5,1,4,3,6,6,0,12
de5b5570,22,8,14,8,0,9,17,8,12,0,12,15,37,10,0,32
dea698d9,3,3,1,2,0,0,7,7,2,1,1,3,6,6,0,20
dead55e5,9,8,6,1,2,1,3,2,3,0,3,1,10,1,0,7
def899bd,4,2,1,3,0,0,4,4,6,5,1,7,11,12,0,13
df69b544,9,7,6,1,2,3,10,7,3,0,3,4,13,7,0,20
dff153a4,1,1,1,0,0,0,1,1,1,0,1,0,1,0,0,2
e06683ca,12,8,4,7,1,3,3,0,9,7,2,10,22,58,2,53
e0900238,7,3,4,3,0,2,5,3,10,1,9,4,11,6,0,22
e0921a4f,6,3,0,4,2,1,4,3,9,0,9,2,8,2,1,28
e0991c04,1,1,1,0,0,1,4,3,0,0,0,0,1,2,0,4
e0d3e18d,12,6,7,4,1,4,6,2,4,1,3,3,15,4,0,23
e162b013,4,2,4,0,0,1,2,1,2,1,1,4,8,14,0,26
e16dd48e,1,0,1,0,0,1,1,0,2,1,1,2,3,5,0,18
e204ec12,6,5,0,6,0,0,5,5,6,1,5,2,8,1,0,14
e26f559f,4,1,3,1,0,3,6,3,1,0,1,2,6,3,0,8
e2716bd0,11,6,2,6,3,1,6,5,8,0,8,7,18,4,0,35
e288d4b3,15,9,8,6,1,3,11,8,9,1,8,9,24,12,0,41
e2dde94c,10,6,3,5,2,4,6,2,5,1,4,2,12,3,0,30
e33c06cf,6,5,3,3,0,2,3,1,9,3,6,9,15,19,0,30
e342ad68,11,3,2,1,8,4,8,4,3,0,3,4,15,1,1,48
e38f1636,4,2,3,1,0,1,3,2,10,9,1,6,10,37,0,16
e3d0b0c4,10,4,7,3,0,2,6,4,8,7,1,18,28,56,0,40
e4086af3,3,3,1,1,1,2,2,0,3,0,3,0,3,3,0,2
e40d028b,0,0,0,0,0,0,1,1,0,0,0,1,1,1,1,7
e42d61c7,9,7,5,4,0,5,14,9,7,1,6,4,13,3,0,23
e46012d4,3,2,2,0,1,0,5,5,6,1,5,2,5,1,0,20
e4ed2628,11,10,8,2,1,6,8,2,7,0,7,16,27,3,1,27
e50623a0,1,1,0,1,0,1,1,0,0,0,0,2,3,2,0,8
e6ad16b2,12,9,5,5,2,5,15,10,1,0,1,4,16,8,0,37
e6bc67d7,5,1,0,2,3,2,5,3,3,0,3,2,7,0,0,22
e73c9bb2,12,7,7,4,1,3,11,8,12,5,7,16,28,32,0,39
e7986081,2,2,0,2,0,0,0,0,4,1,3,1,3,3,0,11
e7d59f4f,1,1,1,0,0,1,2,1,0,0,0,2,3,0,0,14
e7ee38c3,0,0,0,0,0,0,0,0,0,0,0,0,0,2,0,5
e85fb9b8,8,6,7,1,0,6,9,3,8,6,2,10,18,36,1,26
e90dc1d5,6,4,0,2,4,1,1,0,4,0,4,2,8,0,0,14
e97150c0,1,1,0,1,0,0,0,0,0,0,0,0,1,7,0,5
e9c0c1b2,0,0,0,0,0,0,0,0,0,0,0,0,0,4,3,15
ead61f73,2,1,2,0,0,0,0,0,5,2,3,4,6,1,0,5
eb58eef0,12,6,4,4,4,4,9,5,7,1,6,2,14,4,0,66
eb7822d7,13,7,8,5,0,7,13,6,13,5,8,7,20,10,1,47
eba1e557,4,3,2,1,1,1,1,0,3,0,3,5,9,3,0,12
ebc56869,0,0,0,0,0,0,0,0,0,0,0,0,0,0,0,0
ecada4fc,0,0,0,0,0,0,0,0,0,0,0,0,0,0,0,8
ed1e53f3,1,1,1,0,0,0,6,6,1,0,1,0,1,2,0,7
ed87a229,0,0,0,0,0,0,2,2,1,0,1,0,0,0,0,2
ed90babd,0,0,0,0,0,0,1,1,1,0,1,0,0,0,0,2
eda40760,4,1,3,1,0,1,4,3,6,0,6,4,8,20,0,37
ee3519f5,14,11,5,8,1,6,18,12,9,5,4,6,20,6,0,26
ee8508c0,0,0,0,0,0,0,0,0,0,0,0,0,0,1,0,9
ee93c1a9,4,2,2,1,1,3,3,0,9,0,9,5,9,6,0,35
eed332df,5,2,1,4,0,0,1,1,2,0,2,3,8,6,0,6
f00de885,1,0,1,0,0,1,1,0,0,0,0,0,1,3,0,11
f0661424,36,20,9,20,7,14,27,13,17,3,14,20,56,27,1,62
f08490a6,0,0,0,0,0,0,0,0,0,0,0,1,1,2,0,5
f0da930c,5,3,3,2,0,3,4,1,4,3,1,7,12,29,0,15
f0fc9d0e,3,2,1,2,0,1,1,0,2,0,2,0,3,0,0,14
f209b81e,3,2,3,0,0,0,6,6,4,0,4,1,4,3,0,13
f25c8e3a,13,8,3,9,1,7,13,6,4,1,3,5,18,3,0,18
f2d063ec,11,9,4,7,0,5,14,9,10,1,9,5,16,11,0,37
f35430a4,20,16,17,3,0,10,15,5,3,3,0,12,32,27,1,22
f36c432f,0,0,0,0,0,0,0,0,0,0,0,0,0,0,0,1
f4eb377b,0,0,0,0,0,0,0,0,0,0,0,1,1,1,1,1
f5b6fb78,11,7,4,2,5,0,4,4,8,1,7,7,18,23,0,39
f5deef4c,4,3,1,3,0,3,7,4,6,3,3,9,13,31,0,30
f61c7c4e,7,4,3,3,1,3,12,9,5,0,5,7,14,1,0,26
f6ac68c1,1,1,0,1,0,1,1,0,2,1,1,0,1,1,0,4
f6db3bd5,0,0,0,0,0,0,1,1,0,0,0,0,0,0,0,1
f7036e1c,1,0,0,1,0,0,1,1,5,1,4,0,1,0,0,4
f76d7a41,1,0,0,1,0,1,2,1,0,0,0,0,1,1,1,1
f7b10c66,0,0,0,0,0,0,0,0,0,0,0,0,0,1,1,3
f7d50789,11,7,11,0,0,6,15,9,17,12,5,12,23,44,2,51
f7ee69fb,4,0,1,3,0,4,4,0,3,0,3,2,6,0,0,8
f956479d,1,0,0,1,0,0,0,0,0,0,0,0,1,1,0,2
f99fe221,8,4,7,1,0,6,9,3,4,1,3,9,17,6,0,16
f9c927de,9,5,3,6,0,6,12,6,5,1,4,1,10,3,0,19
fa274d97,11,6,5,4,2,5,7,2,3,1,2,6,17,6,2,20
fa661778,9,9,1,8,0,1,2,1,1,0,1,3,12,7,0,10
fb517645,1,0,1,0,0,1,1,0,1,0,1,0,1,0,0,2
fb938d24,15,12,6,6,3,6,10,4,7,1,6,8,23,1,0,32
fbb23472,10,6,4,5,1,6,20,14,5,1,4,8,18,5,0,40
fbffc4b1,2,1,1,1,0,0,1,1,4,2,2,1,3,5,0,6
fc4f85b1,3,2,1,2,0,0,3,3,4,3,1,9,12,21,0,27
fc62f087,12,8,5,6,1,5,7,2,10,5,5,8,20,21,0,43
fd4ee68b,8,8,3,5,0,5,9,4,9,6,3,3,11,3,0,18
fd51b456,12,10,3,6,3,5,7,2,4,0,4,1,13,2,0,17
fdd60087,9,5,9,0,0,5,8,3,0,0,0,2,11,17,0,19
fe2d2289,0,0,0,0,0,0,1,1,0,0,0,0,0,0,0,4
fe2db476,13,8,7,3,3,8,17,9,7,2,5,10,23,10,0,25
fe641c1a,6,5,3,3,0,3,6,3,6,2,4,8,14,7,0,19
fed17f5a,14,11,8,4,2,6,8,2,4,1,3,1,15,2,0,23
ff0ab48c,2,0,1,1,0,1,4,3,6,3,3,6,8,10,0,16
ff182fdc,5,4,2,1,2,2,3,1,1,0,1,1,6,1,0,10
ffbbc83b,14,5,12,2,0,5,16,11,4,1,3,11,25,4,0,26
