id,Tkl,TklW,Def 3rd,Mid 3rd,Att 3rd,Tkl.1,Att,Lost,Blocks,Sh,Pass,Int,Tkl+Int,Clr,Err
005ca692,7,2,3,4,0,3,18,15,5,1,4,9,16,7,2
00672021,4,1,2,2,0,1,2,1,5,2,3,1,5,0,1
0174ba21,0,0,0,0,0,0,0,0,0,0,0,0,0,0,0
0193a8bf,7,1,2,3,2,0,4,4,1,0,1,3,10,4,0
01a49bd2,1,1,1,0,0,0,0,0,0,0,0,0,1,0,0
01b8a2b2,0,0,0,0,0,0,1,1,0,0,0,0,0,6,0
01c3aff5,7,4,4,3,0,3,8,5,6,2,4,13,20,6,0
01e5f06e,0,0,0,0,0,0,0,0,0,0,0,0,0,0,0
01eb744d,10,6,3,4,3,2,8,6,5,0,5,6,16,2,0
02c15616,4,4,1,3,0,3,6,3,0,0,0,1,5,1,0
032f894e,1,0,0,1,0,0,1,1,0,0,0,1,2,1,1
0331786b,0,0,0,0,0,0,0,0,1,0,1,1,1,5,0
0375723e,0,0,0,0,0,0,0,0,0,0,0,0,0,0,0
03bd0bf4,8,2,3,5,0,5,5,0,7,7,0,5,13,23,0
03df04ff,0,0,0,0,0,0,1,1,0,0,0,1,1,3,0
042d286e,4,3,2,1,1,0,4,4,4,0,4,0,4,3,0
042e8a49,1,1,1,0,0,1,5,4,2,0,2,1,2,0,0
048a1cbc,5,3,3,2,0,1,1,0,4,0,4,7,12,1,0
04ac8285,0,0,0,0,0,0,0,0,0,0,0,0,0,0,0
0534149c,0,0,0,0,0,0,1,1,0,0,0,0,0,0,0
05439de2,9,6,1,7,1,4,13,9,8,3,5,16,25,23,1
05a84d52,8,6,2,3,3,2,3,1,10,2,8,2,10,7,0
05d548d8,22,16,12,8,2,8,13,5,5,2,3,11,33,22,1
061e8e23,2,2,0,1,1,1,1,0,1,0,1,2,4,0,0
06df8256,2,2,2,0,0,2,2,0,4,2,2,0,2,10,1
075fe5a3,1,1,1,0,0,1,3,2,2,0,2,5,6,11,1
07750704,3,2,1,2,0,2,5,3,3,0,3,4,7,4,0
07ab6542,1,1,0,1,0,0,0,0,1,0,1,2,3,0,0
08511d65,10,8,10,0,0,7,9,2,3,1,2,13,23,13,0
089550f5,8,5,4,4,0,1,3,2,6,2,4,8,16,18,2
08aa17d0,3,2,1,1,1,2,3,1,2,1,1,8,11,7,0
09586899,2,0,1,1,0,2,11,9,2,0,2,2,4,0,0
0959c2a2,5,5,3,2,0,4,8,4,3,0,3,5,10,2,0
099b9c78,0,0,0,0,0,0,0,0,0,0,0,0,0,0,0
0a6dbbf7,8,2,8,0,0,1,2,1,13,6,7,6,14,34,0
0a89e877,4,3,1,2,1,1,3,2,6,0,6,4,8,3,0
0ab1f153,10,6,5,2,3,4,10,6,1,0,1,3,13,1,0
0ac94a23,3,1,0,3,0,1,6,5,2,0,2,2,5,0,1
0acf0e1c,3,2,1,1,1,0,3,3,1,0,1,1,4,0,0
0aeeed3f,8,4,2,5,1,4,7,3,3,0,3,6,14,4,0
0b4f388a,4,2,0,4,0,0,4,4,5,0,5,1,5,0,0
0b5a292a,8,7,3,5,0,3,8,5,9,1,8,7,15,23,2
0b90bb97,1,1,1,0,0,0,4,4,2,0,2,0,1,2,0
0c2ac3cb,2,2,0,1,1,1,1,0,2,0,2,0,2,0,0
0d10333c,6,4,2,4,0,1,4,3,0,0,0,8,14,1,0
0d267745,9,4,4,5,0,7,9,2,4,3,1,6,15,25,1
0d82903c,16,8,12,2,2,8,14,6,10,4,6,11,27,19,0
0e100630,16,10,12,4,0,9,11,2,9,2,7,1,17,7,1
0e21fc3c,2,1,1,0,1,2,7,5,1,0,1,2,4,0,0
0e61c46b,1,0,1,0,0,0,1,1,0,0,0,0,1,1,0
0e6bc38c,1,1,1,0,0,0,0,0,0,0,0,0,1,0,0
0ef89a37,6,3,1,3,2,5,15,10,10,1,9,10,16,1,0
0f5e0b8a,7,5,3,4,0,4,9,5,6,1,5,2,9,10,0
0f888175,3,1,1,1,1,2,2,0,0,0,0,2,5,2,0
101da2b5,13,9,3,9,1,3,9,6,11,7,4,19,32,17,1
106bca06,4,1,2,2,0,3,7,4,4,0,4,5,9,3,0
111c3236,2,1,1,1,0,1,6,5,4,1,3,5,7,4,1
119b9a8e,12,9,7,4,1,4,8,4,4,3,1,16,28,37,3
11b9265b,1,0,1,0,0,0,0,0,0,0,0,0,1,0,0
11fd2b75,4,3,0,3,1,1,4,3,6,1,5,2,6,4,0
129af0db,1,1,1,0,0,0,0,0,3,0,3,1,2,0,0
12c50af5,0,0,0,0,0,0,0,0,0,0,0,0,0,0,0
12e6d21a,6,1,3,1,2,1,1,0,1,0,1,0,6,1,0
13ac19de,8,6,3,3,2,1,3,2,5,1,4,2,10,1,0
13c44fc5,0,0,0,0,0,0,0,0,0,0,0,0,0,2,0
1432d037,1,1,0,1,0,1,1,0,1,0,1,0,1,0,0
1453e3cf,0,0,0,0,0,0,0,0,0,0,0,0,0,0,0
1467af0d,25,16,8,12,5,9,20,11,10,3,7,5,30,5,0
149895bf,7,4,3,4,0,0,1,1,6,0,6,0,7,1,0
14b8fcdf,2,1,1,1,0,1,2,1,5,4,1,6,8,11,1
14e8e9d7,1,1,1,0,0,0,0,0,0,0,0,0,1,3,0
15eb04ec,9,8,3,5,1,3,16,13,6,2,4,7,16,7,0
163bbd4a,3,2,1,2,0,0,2,2,2,0,2,1,4,3,0
16657b95,16,8,3,11,2,4,15,11,11,2,9,7,23,6,0
16b9d5cf,2,2,1,1,0,1,2,1,3,2,1,5,7,23,0
1840e36d,0,0,0,0,0,0,0,0,0,0,0,0,0,2,1
1880614f,2,2,2,0,0,0,2,2,3,0,3,3,5,0,0
19053e31,2,0,0,2,0,1,5,4,2,0,2,1,3,0,0
1971591f,0,0,0,0,0,0,0,0,1,0,1,0,0,0,0
19cda00b,6,4,4,2,0,2,11,9,5,1,4,6,12,6,1
19e4dca5,11,9,6,5,0,1,3,2,7,4,3,9,20,28,0
19e4eab9,11,8,9,1,1,5,12,7,9,6,3,10,21,25,0
1a2935f6,3,3,2,1,0,3,3,0,2,1,1,1,4,11,0
1a6b7ea4,16,8,11,5,0,5,13,8,7,3,4,9,25,16,0
1a6f2a66,0,0,0,0,0,0,1,1,0,0,0,1,1,0,0
1a992676,4,4,1,1,2,1,5,4,1,0,1,1,5,1,0
1adcf39e,10,5,7,3,0,4,7,3,6,1,5,13,23,15,1
1b7ec703,0,0,0,0,0,0,0,0,1,1,0,1,1,0,0
1bacc518,27,16,14,11,2,12,30,18,12,3,9,19,46,22,2
1bebde9d,0,0,0,0,0,0,0,0,0,0,0,0,0,1,0
1bf33a9a,6,5,2,3,1,1,6,5,4,0,4,3,9,3,0
1d1691ad,5,5,5,0,0,4,4,0,3,2,1,1,6,2,0
1d8e9add,4,1,4,0,0,4,5,1,6,4,2,3,7,15,1
1ddbb0da,0,0,0,0,0,0,1,1,0,0,0,1,1,7,0
1e26e376,0,0,0,0,0,0,0,0,0,0,0,0,0,2,0
1e43fad8,0,0,0,0,0,0,1,1,0,0,0,0,0,1,2
1f9328da,3,0,0,3,0,0,4,4,2,0,2,1,4,2,0
1fb1c435,1,0,0,1,0,0,3,3,1,0,1,1,2,2,0
21512407,17,10,11,5,1,8,15,7,7,1,6,11,28,11,1
21a66f6a,9,6,0,7,2,1,3,2,4,1,3,2,11,7,0
2319ebe3,7,5,4,3,0,1,5,4,6,2,4,6,13,9,0
2327c29e,3,2,1,1,1,0,0,0,2,0,2,0,3,2,0
2475dcc6,12,7,3,4,5,2,16,14,15,1,14,6,18,6,0
24b98f95,1,1,1,0,0,0,1,1,0,0,0,2,3,1,0
24fc70d3,7,3,6,1,0,5,6,1,7,6,1,10,17,17,0
2696b6a9,1,1,1,0,0,0,1,1,0,0,0,0,1,1,0
2784f898,23,14,15,7,1,11,16,5,10,4,6,17,40,43,1
27f0fcda,0,0,0,0,0,0,1,1,2,0,2,1,1,3,0
28b1f3ce,20,13,7,9,4,6,15,9,10,0,10,5,25,5,1
28eea0fc,11,5,8,2,1,2,11,9,14,4,10,13,24,21,0
292a652a,5,3,5,0,0,3,4,1,9,5,4,13,18,14,1
2946f9a1,11,8,9,2,0,7,12,5,7,2,5,12,23,13,0
29733c72,4,2,2,0,2,2,6,4,2,0,2,0,4,4,0
2973d8ff,3,2,0,2,1,0,1,1,3,0,3,1,4,1,0
29c02c9f,1,1,1,0,0,0,0,0,0,0,0,0,1,0,0
2a8683b9,9,6,5,4,0,4,7,3,8,5,3,6,15,7,0
2acd49b9,20,16,11,8,1,7,15,8,2,1,1,10,30,5,0
2b114be3,6,5,0,4,2,1,6,5,3,1,2,2,8,2,0
2b5527c4,4,1,2,2,0,2,5,3,0,0,0,0,4,4,0
2b622f01,12,7,3,6,3,4,7,3,8,0,8,7,19,1,0
2b8360f1,2,2,1,1,0,2,3,1,0,0,0,0,2,2,0
2bcc6d52,0,0,0,0,0,0,2,2,2,0,2,0,0,0,0
2c0f8e9e,3,3,1,1,1,0,2,2,5,2,3,1,4,0,0
2c20f2fb,0,0,0,0,0,0,0,0,0,0,0,0,0,0,0
2c44a35d,3,2,2,0,1,1,3,2,2,0,2,4,7,4,0
2d24d7a2,0,0,0,0,0,0,0,0,0,0,0,0,0,0,0
2d3f7367,0,0,0,0,0,0,0,0,0,0,0,0,0,0,0
2d61d13a,17,9,7,10,0,7,10,3,3,2,1,13,30,12,1
2db2fd7b,7,5,1,4,2,4,5,1,4,3,1,10,17,17,0
2e06f387,1,0,0,1,0,1,3,2,1,1,0,1,2,6,0
2e4f5f03,30,14,18,9,3,19,28,9,13,2,11,7,37,25,1
2e7ff968,0,0,0,0,0,0,0,0,0,0,0,0,0,0,0
2f3452eb,4,3,3,1,0,2,3,1,0,0,0,1,5,4,0
2f557579,1,1,0,0,1,0,4,4,1,0,1,1,2,0,0
2f7acede,16,8,1,13,2,8,11,3,8,3,5,7,23,6,1
2f895007,0,0,0,0,0,0,1,1,0,0,0,0,0,0,0
2f90f6b8,24,14,9,11,4,14,24,10,15,1,14,9,33,13,0
2f965a72,0,0,0,0,0,0,0,0,0,0,0,0,0,2,0
30223b33,0,0,0,0,0,0,0,0,0,0,0,0,0,0,0
30941e96,7,4,4,2,1,5,9,4,11,7,4,10,17,26,0
30f5ffa9,24,18,19,5,0,14,22,8,3,2,1,2,26,25,0
314f2124,3,2,3,0,0,0,0,0,2,1,1,3,6,7,0
3189f61a,18,8,8,9,1,5,13,8,4,2,2,5,23,8,0
31c69ef1,7,6,3,4,0,4,5,1,4,3,1,8,15,17,1
321f83a2,0,0,0,0,0,0,1,1,3,0,3,1,1,1,0
32c0491f,10,7,7,3,0,5,6,1,3,1,2,4,14,9,0
3353737a,7,6,4,3,0,5,7,2,4,2,2,10,17,8,0
335fa267,14,9,8,5,1,7,10,3,4,0,4,12,26,13,0
33b8d077,17,7,12,5,0,2,12,10,10,2,8,9,26,6,0
346d51d9,10,6,3,6,1,5,7,2,2,0,2,3,13,3,0
34c3b935,0,0,0,0,0,0,0,0,0,0,0,0,0,2,0
34e38ddf,0,0,0,0,0,0,0,0,0,0,0,0,0,2,0
356c9002,0,0,0,0,0,0,2,2,3,0,3,0,0,4,0
3626daea,1,1,0,0,1,0,0,0,1,0,1,0,1,0,0
36a3ff67,16,8,3,8,5,3,7,4,8,1,7,11,27,7,0
3708e9fa,6,6,4,2,0,0,0,0,1,0,1,4,10,1,0
375622c5,0,0,0,0,0,0,1,1,0,0,0,0,0,0,0
37f606f0,1,0,0,1,0,1,1,0,2,0,2,0,1,0,0
38ac43d3,0,0,0,0,0,0,2,2,1,0,1,0,0,1,0
392a7aea,16,9,5,9,2,2,14,12,3,0,3,4,20,4,0
39769cff,0,0,0,0,0,0,0,0,0,0,0,0,0,0,0
3984a078,2,2,0,2,0,2,2,0,1,0,1,1,3,1,0
3b15ef2d,2,2,2,0,0,1,1,0,0,0,0,2,4,2,0
3b61c9ec,3,3,2,1,0,1,1,0,0,0,0,0,3,1,0
3b8674e6,15,11,8,6,1,2,9,7,10,2,8,9,24,7,1
3b9858f5,3,2,3,0,0,1,4,3,3,2,1,12,15,21,0
3bb7b8b4,0,0,0,0,0,0,0,0,0,0,0,2,2,1,1
3bb7f478,2,1,1,0,1,0,3,3,2,0,2,0,2,8,0
3c6089ab,9,6,2,6,1,0,6,6,9,1,8,5,14,3,0
3cefcaef,7,5,5,1,1,3,6,3,4,1,3,9,16,18,0
3d50bcdb,0,0,0,0,0,0,0,0,0,0,0,0,0,0,0
3e96f3e7,0,0,0,0,0,0,1,1,0,0,0,0,0,11,1
3eb22ec9,15,6,5,7,3,4,14,10,4,1,3,8,23,2,0
3eed9821,1,1,0,1,0,0,0,0,2,1,1,0,1,0,0
3ef0fa48,0,0,0,0,0,0,0,0,1,0,1,0,0,1,0
3f65d5ce,0,0,0,0,0,0,0,0,0,0,0,0,0,1,0
41df88b8,0,0,0,0,0,0,0,0,0,0,0,0,0,0,0
41f32541,8,6,1,5,2,3,6,3,4,2,2,6,14,8,0
42276181,0,0,0,0,0,0,0,0,0,0,0,1,1,0,0
42ec696a,0,0,0,0,0,0,0,0,0,0,0,0,0,0,1
42fd9c7f,1,0,0,1,0,0,3,3,0,0,0,1,2,0,0
433dc9a2,12,8,5,7,0,3,8,5,4,1,3,10,22,24,0
436a9dd0,7,2,3,2,2,0,3,3,4,1,3,2,9,3,0
43a166b4,0,0,0,0,0,0,1,1,1,0,1,1,1,0,0
43b78598,2,1,1,1,0,0,0,0,2,0,2,2,4,9,0
43cd8b69,0,0,0,0,0,0,0,0,0,0,0,2,2,2,0
44781702,8,4,5,2,1,4,10,6,11,3,8,10,18,20,0
44ac04e9,15,8,6,8,1,5,17,12,7,2,5,4,19,7,0
44eb9093,11,6,6,5,0,3,9,6,1,0,1,6,17,4,0
4515f00d,2,1,2,0,0,2,2,0,1,0,1,1,3,0,0
45af8a54,2,2,1,1,0,0,2,2,0,0,0,5,7,1,0
4601e194,11,8,6,4,1,5,13,8,11,5,6,17,28,30,2
46a8347f,1,0,1,0,0,1,1,0,0,0,0,3,4,5,0
47064058,0,0,0,0,0,0,1,1,0,0,0,0,0,2,0
47af88b8,9,7,8,1,0,5,6,1,17,8,9,11,20,37,1
47fd5136,1,1,0,1,0,0,1,1,6,5,1,6,7,16,0
481c9ece,9,5,8,1,0,5,12,7,13,7,6,8,17,37,0
4887118d,0,0,0,0,0,0,1,1,1,0,1,1,1,0,0
48a2b92a,3,1,1,2,0,1,1,0,0,0,0,0,3,1,0
48b28bfd,2,0,1,1,0,0,2,2,2,0,2,3,5,1,1
48b3dd60,12,11,2,7,3,3,6,3,4,2,2,2,14,3,1
49296448,11,6,7,2,2,4,9,5,9,2,7,12,23,8,0
493924a7,20,12,16,4,0,9,16,7,7,2,5,3,23,9,0
4958bfb2,9,6,5,4,0,3,6,3,4,3,1,8,17,10,2
497228f9,11,6,8,3,0,5,7,2,4,0,4,10,21,13,0
4a5a45c7,7,4,2,5,0,1,11,10,8,0,8,5,12,4,0
4a6914ff,0,0,0,0,0,0,1,1,0,0,0,0,0,0,0
4b6960d2,7,3,1,4,2,2,4,2,6,1,5,5,12,10,0
4b803b3c,3,3,3,0,0,1,1,0,1,0,1,10,13,17,0
4bd414c1,2,1,1,1,0,0,0,0,5,5,0,8,10,29,0
4c370d81,12,8,2,6,4,3,16,13,11,0,11,2,14,3,1
4c3a6744,8,6,2,3,3,4,5,1,4,1,3,2,10,2,0
4c45cdc2,0,0,0,0,0,0,2,2,1,0,1,1,1,2,0
4c5b714f,13,7,4,9,0,3,6,3,5,0,5,3,16,3,0
4c6facae,12,6,5,6,1,4,8,4,7,2,5,9,21,10,0
4cc82fe1,13,10,10,1,2,6,8,2,8,4,4,12,25,47,0
4d034881,4,3,0,2,2,0,6,6,2,0,2,2,6,1,0
4d224fe8,14,9,8,5,1,5,14,9,15,6,9,13,27,8,0
4d3e9033,0,0,0,0,0,0,1,1,0,0,0,0,0,0,0
4d982baf,3,3,2,0,1,2,4,2,4,1,3,1,4,1,0
4dbd0916,8,4,1,7,0,2,7,5,6,1,5,3,11,4,0
4dbdf7f7,7,3,3,3,1,4,8,4,4,1,3,4,11,6,0
4dedd469,5,4,3,2,0,2,4,2,5,4,1,6,11,26,1
4e133a88,1,1,1,0,0,0,0,0,6,1,5,1,2,4,0
4e204552,2,1,0,2,0,0,3,3,0,0,0,3,5,1,0
4e358a2d,9,7,6,2,1,4,8,4,10,8,2,8,17,26,1
4f1e6a0b,10,7,1,6,3,5,14,9,13,0,13,3,13,3,0
4f28a6ff,28,19,16,12,0,13,19,6,17,11,6,8,36,40,1
4fa7cb9b,1,1,1,0,0,0,1,1,3,0,3,1,2,2,0
5042e5c2,0,0,0,0,0,0,2,2,0,0,0,2,2,0,0
5064d4c1,4,2,2,0,2,1,2,1,1,0,1,1,5,5,0
509a4ccb,1,0,1,0,0,0,0,0,0,0,0,0,1,0,0
50c1ff86,7,3,6,1,0,3,4,1,6,1,5,11,18,14,0
50ccf47d,10,8,3,5,2,4,11,7,4,1,3,13,23,23,0
50dc94ce,26,17,4,17,5,8,16,8,14,1,13,14,40,8,0
5148dcc5,1,1,0,1,0,1,2,1,4,0,4,2,3,1,0
51a3c4c8,13,8,10,2,1,7,11,4,9,6,3,21,34,61,0
51a56075,0,0,0,0,0,0,0,0,3,1,2,2,2,1,0
51cf8561,8,7,2,4,2,3,6,3,6,1,5,11,19,9,0
51dbeea9,10,7,6,4,0,4,12,8,7,2,5,5,15,13,1
526541e5,1,1,1,0,0,0,2,2,6,2,4,2,3,25,0
5271c8f1,6,5,3,2,1,3,5,2,0,0,0,1,7,1,0
527f063d,0,0,0,0,0,0,2,2,3,0,3,4,4,4,0
529f49ab,8,6,2,3,3,2,9,7,5,3,2,11,19,5,0
52ec54d0,7,5,4,2,1,2,5,3,11,9,2,12,19,27,0
532d2690,3,2,2,1,0,2,9,7,3,2,1,7,10,6,0
53e07d0b,3,1,1,1,1,0,1,1,2,1,1,0,3,1,0
549c6ba7,1,1,0,0,1,1,1,0,0,0,0,0,1,1,0
54b4dc4e,7,4,3,4,0,0,10,10,7,1,6,4,11,2,0
54e4866f,1,0,1,0,0,0,1,1,0,0,0,0,1,0,0
54f2d108,2,1,2,0,0,1,3,2,1,0,1,0,2,1,0
55126f3b,14,6,6,7,1,8,22,14,4,0,4,7,21,9,0
555d5edd,3,1,3,0,0,1,2,1,0,0,0,1,4,0,0
55abe554,15,12,9,3,3,6,10,4,2,0,2,3,18,5,0
5631b735,8,6,6,2,0,3,13,10,9,0,9,16,24,10,0
56b5d64e,8,6,6,0,2,2,7,5,5,0,5,6,14,2,0
56f7a928,14,9,6,6,2,5,12,7,7,2,5,10,24,7,1
580d52dd,12,7,2,7,3,3,6,3,6,1,5,7,19,15,1
5832ebfe,5,4,1,4,0,2,4,2,3,2,1,9,14,18,0
58a160e1,0,0,0,0,0,0,2,2,0,0,0,0,0,0,0
58a9a4d9,12,7,6,4,2,7,16,9,6,1,5,6,18,2,0
58ce23e5,2,1,0,2,0,1,6,5,0,0,0,1,3,0,0
58eee997,0,0,0,0,0,0,0,0,0,0,0,1,1,0,0
591477c9,5,5,3,2,0,0,2,2,6,6,0,4,9,21,0
5939baa2,22,13,13,8,1,13,16,3,9,1,8,11,33,9,0
5a2cb25d,4,2,3,1,0,4,5,1,6,1,5,4,8,6,0
5ab0ea87,41,21,14,25,2,14,31,17,14,3,11,15,56,11,1
5afafbfe,0,0,0,0,0,0,0,0,0,0,0,0,0,1,0
5b54bf3b,2,1,0,2,0,0,2,2,5,1,4,3,5,8,0
5c2b4f07,8,6,4,4,0,1,7,6,8,1,7,9,17,14,0
5c4dc0ff,0,0,0,0,0,0,0,0,2,0,2,0,0,2,0
5cb1d026,15,11,9,6,0,6,18,12,7,3,4,17,32,20,0
5cdddffa,19,11,8,10,1,6,10,4,6,2,4,12,31,7,0
5d0d1ec7,7,7,2,4,1,2,3,1,4,3,1,10,17,17,0
5d4f7d61,2,1,1,1,0,0,2,2,1,1,0,1,3,3,0
5d5219b1,2,2,0,1,1,1,4,3,4,0,4,2,4,0,1
5dfc6ad5,11,9,5,6,0,5,9,4,8,2,6,7,18,6,0
5e1028e5,15,8,7,6,2,7,13,6,7,0,7,2,17,1,0
5e861944,5,4,3,1,1,1,10,9,1,0,1,3,8,2,0
5e8936be,0,0,0,0,0,0,0,0,0,0,0,1,1,0,1
5eae500a,3,1,1,1,1,2,4,2,1,0,1,0,3,5,0
5eecec3d,5,3,2,3,0,3,3,0,6,3,3,7,12,13,0
5f424f35,5,5,2,3,0,2,7,5,4,0,4,7,12,4,0
6025fab1,8,4,3,4,1,4,12,8,1,0,1,7,15,0,0
603116a7,4,4,2,1,1,2,6,4,5,0,5,2,6,5,0
60359288,2,1,2,0,0,2,3,1,2,1,1,0,2,8,0
603cb947,1,0,0,1,0,0,4,4,1,0,1,2,3,2,0
615c4d8f,3,2,3,0,0,0,7,7,1,0,1,1,4,1,0
6190474d,0,0,0,0,0,0,0,0,0,0,0,1,1,0,0
61b0b44d,1,0,1,0,0,0,2,2,0,0,0,0,1,0,0
61f63784,11,7,10,1,0,7,10,3,5,3,2,11,22,31,0
6228469d,8,1,5,3,0,3,14,11,11,4,7,6,14,8,0
63d17038,0,0,0,0,0,0,0,0,0,0,0,0,0,1,0
6421ec64,1,0,0,0,1,0,2,2,3,0,3,1,2,2,0
6434f10d,9,7,3,4,2,4,7,3,9,4,5,12,21,12,0
66116290,2,2,0,1,1,0,2,2,1,0,1,0,2,2,0
6622454d,28,17,7,14,7,10,33,23,14,1,13,14,42,6,0
6639e500,2,1,0,1,1,1,3,2,3,0,3,1,3,1,0
67b3d74b,16,11,10,6,0,6,13,7,15,3,12,14,30,22,0
67cdbc0e,25,12,13,10,2,5,13,8,8,1,7,10,35,5,0
6822ea0c,2,1,1,1,0,1,2,1,0,0,0,2,4,3,0
6853490f,0,0,0,0,0,0,0,0,0,0,0,0,0,0,0
691bef82,23,11,12,9,2,9,19,10,22,10,12,20,43,45,0
691f64f5,1,0,1,0,0,1,2,1,2,0,2,0,1,1,0
69384e5d,5,3,2,3,0,0,4,4,2,2,0,2,7,2,0
6938d79b,8,4,4,4,0,2,4,2,6,3,3,6,14,9,1
6941883f,2,1,1,1,0,2,5,3,1,1,0,1,3,2,0
69960ac3,2,2,1,1,0,0,3,3,1,1,0,8,10,14,0
6a189491,0,0,0,0,0,0,0,0,0,0,0,0,0,0,0
6a829019,14,10,7,6,1,7,14,7,9,4,5,11,25,21,0
6bd05d38,0,0,0,0,0,0,0,0,0,0,0,0,0,0,2
6c7762c3,1,1,0,1,0,1,3,2,2,0,2,5,6,0,1
6c811eb7,2,2,2,0,0,0,3,3,0,0,0,0,2,1,0
6cafd68d,1,0,1,0,0,1,3,2,5,2,3,2,3,5,0
6ce1f46f,17,10,3,9,5,5,22,17,4,2,2,9,26,3,4
6ceef869,5,4,3,2,0,3,5,2,3,3,0,3,8,14,0
6e5497ca,3,1,3,0,0,0,0,0,0,0,0,0,3,0,0
6e592fa4,14,12,8,4,2,3,8,5,7,1,6,8,22,22,0
6ec6fde0,7,4,6,1,0,3,4,1,4,2,2,1,8,3,1
6f51e382,0,0,0,0,0,0,0,0,0,0,0,0,0,3,3
6f639ec7,2,2,2,0,0,1,5,4,3,0,3,2,4,4,0
6fdac234,9,6,6,3,0,3,8,5,3,0,3,4,13,10,0
6fe90922,10,6,4,5,1,5,11,6,10,1,9,11,21,16,0
70cf63ca,14,8,5,9,0,7,13,6,3,0,3,4,18,7,0
70d74ece,2,2,0,1,1,0,1,1,1,0,1,2,4,8,0
70d8e84c,0,0,0,0,0,0,0,0,0,0,0,0,0,0,0
7111d552,6,4,3,2,1,2,3,1,2,0,2,0,6,0,0
715bf047,6,4,4,2,0,2,4,2,7,0,7,5,11,4,0
716e7308,0,0,0,0,0,0,0,0,0,0,0,0,0,0,0
71ec39ef,21,13,8,13,0,7,21,14,10,3,7,4,25,10,0
7230b807,2,1,2,0,0,0,1,1,1,0,1,1,3,0,0
7272a72a,7,6,2,3,2,2,3,1,3,1,2,2,9,4,0
73000a79,4,2,2,1,1,2,3,1,2,0,2,0,4,3,0
731e29b8,1,0,0,0,1,0,0,0,0,0,0,0,1,0,0
732b0cf9,0,0,0,0,0,0,0,0,0,0,0,1,1,0,0
733e7ad8,5,3,5,0,0,2,3,1,3,1,2,5,10,9,0
73d6a176,0,0,0,0,0,0,1,1,0,0,0,0,0,0,0
74419746,0,0,0,0,0,0,1,1,1,0,1,1,1,2,0
7460ca0d,7,4,4,2,1,4,9,5,7,0,7,2,9,1,0
746fec7d,1,0,1,0,0,0,0,0,1,0,1,0,1,0,0
74bafc9c,7,3,5,2,0,4,8,4,0,0,0,1,8,0,0
77d7c96f,12,9,3,8,1,5,5,0,5,0,5,4,16,7,0
77e84962,9,6,4,4,1,1,5,4,6,1,5,10,19,3,0
78841da9,6,2,2,3,1,2,12,10,2,0,2,6,12,4,0
79019bf4,13,8,12,1,0,6,16,10,12,5,7,7,20,22,0
79083382,3,2,3,0,0,2,2,0,4,1,3,2,5,13,0
791abba1,7,5,6,1,0,2,7,5,9,5,4,12,19,23,1
79370f8c,1,1,1,0,0,1,5,4,2,0,2,0,1,3,0
79c90e45,10,7,5,5,0,5,10,5,6,2,4,4,14,22,0
7a11550b,8,1,6,1,1,3,8,5,1,0,1,6,14,14,0
7a20d90a,2,0,2,0,0,1,3,2,3,1,2,3,5,4,0
7a2e46a8,0,0,0,0,0,0,0,0,0,0,0,1,1,2,1
7aac47fe,6,4,6,0,0,5,9,4,2,2,0,5,11,4,0
7b18b6db,6,6,5,1,0,2,4,2,5,4,1,11,17,15,1
7b4c1f6e,2,2,1,0,1,0,1,1,1,1,0,0,2,0,0
7b9ecf02,0,0,0,0,0,0,0,0,0,0,0,0,0,0,0
7ba6d84e,1,0,1,0,0,1,1,0,0,0,0,0,1,1,1
7bcc0708,3,1,2,1,0,1,2,1,0,0,0,0,3,0,0
7c0000fd,2,1,1,1,0,2,3,1,0,0,0,1,3,2,0
7c1a0c67,13,10,9,3,1,10,14,4,5,2,3,13,26,21,0
7c9fa389,0,0,0,0,0,0,0,0,2,1,1,1,1,3,0
7cab69b5,5,4,4,1,0,0,2,2,2,0,2,6,11,20,0
7d9397f8,3,2,1,2,0,1,2,1,0,0,0,0,3,0,0
7ec7738e,5,3,2,2,1,4,9,5,4,1,3,1,6,8,0
7f3b388c,27,21,9,17,1,12,34,22,5,0,5,12,39,15,0
7f609bfc,5,4,3,1,1,1,3,2,4,1,3,1,6,1,1
7f97771d,18,9,7,9,2,3,7,4,7,2,5,20,38,10,0
7fb301af,0,0,0,0,0,0,0,0,0,0,0,0,0,0,0
807e869a,7,4,3,3,1,5,8,3,3,0,3,2,9,4,0
80f36c88,8,4,4,4,0,2,8,6,0,0,0,5,13,3,0
8104e41e,0,0,0,0,0,0,0,0,0,0,0,0,0,0,0
810e3c74,4,2,1,2,1,1,6,5,7,0,7,0,4,0,0
816192f0,8,4,7,1,0,2,3,1,2,1,1,1,9,4,0
819b3158,9,6,1,7,1,4,13,9,5,0,5,8,17,5,0
824bd41a,8,4,8,0,0,2,6,4,6,6,0,10,18,28,0
82b1198a,2,1,2,0,0,2,2,0,0,0,0,0,2,4,0
82dbf623,2,0,0,1,1,1,4,3,0,0,0,0,2,10,0
8387afe6,6,5,3,2,1,2,4,2,3,1,2,8,14,6,0
8454388c,2,1,0,0,2,2,3,1,4,1,3,6,8,3,0
85613cf0,1,1,0,1,0,0,2,2,2,0,2,1,2,2,0
85686f86,1,0,1,0,0,0,1,1,0,0,0,0,1,0,0
862fa9fb,1,0,1,0,0,0,1,1,3,2,1,4,5,19,0
8637e09a,0,0,0,0,0,0,0,0,0,0,0,0,0,2,0
864163f3,5,1,2,1,2,0,1,1,2,0,2,0,5,3,0
8652a85c,1,0,1,0,0,0,1,1,2,0,2,1,2,3,0
867239d3,5,2,2,3,0,0,6,6,12,2,10,6,11,5,0
8696bc90,0,0,0,0,0,0,0,0,0,0,0,0,0,1,0
86dd16a8,9,5,8,1,0,5,7,2,3,0,3,6,15,13,0
86dd77d1,4,1,1,2,1,1,4,3,8,2,6,6,10,15,1
86e7deaf,7,4,4,3,0,1,3,2,12,6,6,11,18,47,0
873ce3a2,5,4,1,3,1,1,4,3,4,0,4,0,5,2,0
874d7a32,20,14,10,9,1,8,14,6,15,2,13,6,26,4,0
87575fd9,11,6,4,7,0,4,8,4,5,0,5,5,16,11,0
8778c910,0,0,0,0,0,0,1,1,0,0,0,0,0,4,1
8794e251,8,4,4,4,0,2,2,0,5,0,5,3,11,4,0
881ef58c,1,0,0,0,1,0,1,1,0,0,0,0,1,0,0
88a359d4,1,1,0,1,0,1,4,3,1,0,1,1,2,0,0
88a9ea33,8,4,3,4,1,1,11,10,6,1,5,4,12,1,0
88c89891,6,5,3,3,0,4,7,3,2,0,2,7,13,13,0
88e357ef,14,8,6,4,4,4,14,10,9,2,7,6,20,2,0
892d5bb1,9,5,1,7,1,3,9,6,8,1,7,1,10,10,0
89565ac5,4,2,3,1,0,1,1,0,5,2,3,2,6,7,0
89ac64a6,13,7,8,4,1,4,5,1,3,1,2,9,22,15,0
89b2c8a9,2,0,1,0,1,1,7,6,1,0,1,0,2,1,0
89d10e53,11,6,4,6,1,6,10,4,7,3,4,7,18,16,0
89f951b5,9,4,3,5,1,3,9,6,19,3,16,19,28,8,1
8a7a5ad7,1,1,0,0,1,1,2,1,1,0,1,1,2,9,0
8aafd64f,2,2,1,1,0,1,1,0,1,0,1,0,2,0,0
8b788c01,4,3,1,3,0,2,2,0,4,0,4,1,5,4,0
8d3d3b0a,1,0,0,1,0,0,1,1,1,0,1,0,1,0,0
8d78e732,2,1,0,2,0,0,4,4,8,0,8,6,8,5,0
8e088e04,0,0,0,0,0,0,0,0,0,0,0,2,2,0,0
8e34b9f5,7,4,6,1,0,3,4,1,3,2,1,3,10,24,0
8f62b6ee,0,0,0,0,0,0,0,0,0,0,0,0,0,2,1
8f696594,0,0,0,0,0,0,2,2,3,1,2,1,1,0,0
8fd9996f,14,8,6,8,0,5,12,7,11,7,4,14,28,13,0
90d7dda6,7,1,3,3,1,2,6,4,3,0,3,6,13,2,0
9139bb12,1,1,0,1,0,0,3,3,1,0,1,2,3,0,0
92e7e919,14,8,7,5,2,5,24,19,13,1,12,5,19,8,0
935e6b8f,18,15,3,12,3,6,15,9,9,0,9,13,31,10,0
93a50d2c,3,1,3,0,0,3,9,6,4,2,2,3,6,4,0
947e036f,2,1,1,0,1,1,4,3,4,1,3,1,3,1,0
94b2001f,0,0,0,0,0,0,0,0,1,0,1,2,2,2,0
95a24690,1,0,0,1,0,1,2,1,1,0,1,0,1,0,0
96094cbc,2,2,0,2,0,0,3,3,5,0,5,2,4,1,0
960acc0a,13,10,6,4,3,6,10,4,7,2,5,2,15,7,0
96b03fe2,8,4,4,4,0,2,4,2,5,1,4,4,12,36,0
980522ec,9,5,2,3,4,4,9,5,14,2,12,12,21,10,0
984a5a64,0,0,0,0,0,0,2,2,2,1,1,0,0,0,1
9907b1c8,5,3,0,3,2,2,6,4,3,0,3,1,6,0,0
99813635,0,0,0,0,0,0,2,2,0,0,0,2,2,0,0
99de6b6f,1,0,1,0,0,1,2,1,0,0,0,1,2,5,1
9a1f2e1c,9,3,7,1,1,4,11,7,5,0,5,11,20,12,1
9ae9eaea,1,1,1,0,0,1,4,3,2,2,0,8,9,5,0
9bcd6455,0,0,0,0,0,0,1,1,1,0,1,0,0,0,0
9c94165b,15,10,8,7,0,9,12,3,11,1,10,9,24,18,0
9d12e142,0,0,0,0,0,0,0,0,0,0,0,0,0,2,0
9d60028d,4,3,1,3,0,1,6,5,1,0,1,2,6,2,0
9e1035f8,2,1,1,1,0,0,0,0,0,0,0,0,2,2,0
9efa1d25,15,6,2,8,5,4,10,6,1,0,1,3,18,4,0
9f84febe,3,2,2,1,0,2,3,1,1,1,0,1,4,3,2
9f8e9423,3,2,1,1,1,0,1,1,10,2,8,6,9,11,0
a022e78c,5,4,2,1,2,0,9,9,1,0,1,4,9,1,0
a0b4bb3e,4,4,2,2,0,2,5,3,1,0,1,2,6,0,0
a1232f4e,5,3,1,4,0,3,5,2,2,0,2,5,10,18,0
a190d597,0,0,0,0,0,0,1,1,0,0,0,1,1,2,0
a1c5b23e,1,0,0,1,0,1,1,0,2,0,2,2,3,1,0
a1d5bd30,8,6,2,2,4,2,9,7,8,0,8,2,10,10,0
a29b1131,4,3,1,2,1,2,5,3,1,0,1,3,7,2,0
a2abe631,0,0,0,0,0,0,0,0,0,0,0,0,0,2,1
a33a0dc0,5,2,1,3,1,1,5,4,3,0,3,1,6,4,0
a382462b,3,1,0,2,1,1,4,3,2,1,1,3,6,0,0
a3b0ed18,0,0,0,0,0,0,0,0,0,0,0,0,0,4,2
a3ddb1b9,10,6,2,5,3,0,13,13,7,1,6,5,15,4,0
a40d5a0c,3,3,2,0,1,2,3,1,3,0,3,3,6,0,0
a45eac1f,0,0,0,0,0,0,1,1,2,0,2,1,1,3,0
a4effc55,4,2,1,3,0,1,3,2,5,4,1,3,7,16,2
a5296e55,0,0,0,0,0,0,0,0,0,0,0,0,0,1,0
a5549ec1,1,1,1,0,0,1,1,0,0,0,0,0,1,2,0
a58bb1e1,2,0,1,1,0,1,5,4,2,0,2,5,7,2,0
a5db0bec,17,8,9,8,0,6,17,11,8,4,4,7,24,13,0
a6154613,7,4,0,3,4,3,13,10,3,0,3,1,8,9,0
a65ce836,4,1,0,3,1,2,6,4,5,1,4,8,12,8,0
a6951bf8,7,5,3,4,0,3,7,4,1,1,0,10,17,5,0
a69e4806,8,5,3,1,4,1,17,16,11,1,10,4,12,4,0
a7a9d95a,2,2,0,2,0,0,2,2,3,0,3,3,5,1,0
a8327abd,7,4,4,3,0,2,5,3,3,1,2,11,18,5,0
a8542814,14,10,6,8,0,2,10,8,13,1,12,7,21,7,0
a8741470,2,1,2,0,0,0,0,0,1,0,1,6,8,7,0
a9aa0d1d,7,6,3,3,1,2,10,8,10,0,10,11,18,2,0
a9dc785c,0,0,0,0,0,0,0,0,0,0,0,0,0,1,2
aa8e289e,14,7,6,6,2,2,10,8,9,2,7,4,18,9,0
aae44006,0,0,0,0,0,0,0,0,0,0,0,0,0,0,0
ab6928f2,3,2,1,2,0,1,2,1,2,0,2,2,5,8,0
abb3bb95,8,5,4,4,0,3,9,6,11,4,7,7,15,13,0
abe66106,11,5,3,6,2,2,5,3,7,0,7,2,13,2,0
ac1f056e,1,1,0,1,0,0,1,1,0,0,0,0,1,1,0
ac3fb1be,2,2,2,0,0,2,2,0,5,5,0,7,9,14,0
ac861941,3,3,1,1,1,2,4,2,5,1,4,4,7,9,0
ad10eae0,4,3,3,1,0,4,7,3,5,1,4,6,10,13,0
ad6df2d5,18,10,10,6,2,7,27,20,10,1,9,16,34,6,0
adfc9123,12,8,7,5,0,4,8,4,13,9,4,12,24,56,1
ae4e2852,4,2,1,1,2,2,3,1,0,0,0,6,10,6,0
aeed5c06,1,0,0,1,0,0,0,0,0,0,0,0,1,0,0
aef6e670,15,8,8,6,1,4,7,3,2,1,1,12,27,17,0
afa0d4e0,8,5,1,7,0,0,2,2,3,1,2,4,12,7,0
afb0c500,0,0,0,0,0,0,0,0,0,0,0,0,0,1,0
b05e2dbd,9,6,8,1,0,7,9,2,3,1,2,5,14,14,0
b1062a37,3,0,3,0,0,1,2,1,2,2,0,7,10,30,0
b19db005,2,1,0,1,1,1,3,2,2,0,2,1,3,0,0
b1f4086c,25,17,15,8,2,16,24,8,2,0,2,7,32,14,0
b20f5a66,10,8,10,0,0,5,7,2,12,5,7,8,18,23,0
b217ef29,13,8,9,3,1,8,14,6,10,3,7,14,27,38,0
b233e8e4,1,0,1,0,0,0,0,0,1,1,0,3,4,3,0
b2db927b,0,0,0,0,0,0,0,0,0,0,0,0,0,1,0
b3325a30,15,11,5,9,1,7,13,6,7,0,7,6,21,0,0
b400bde0,10,4,4,2,4,4,16,12,6,0,6,7,17,5,0
b4825073,2,1,0,2,0,0,1,1,0,0,0,3,5,1,0
b65c42cf,3,1,2,1,0,1,3,2,2,0,2,2,5,9,0
b66315ae,2,1,1,1,0,0,2,2,5,0,5,1,3,6,0
b6964eb6,12,8,10,1,1,7,9,2,11,8,3,9,21,40,0
b6a6e0a7,2,1,0,1,1,0,0,0,1,0,1,0,2,1,0
b6b2b820,1,0,1,0,0,0,1,1,1,0,1,0,1,0,0
b74277a0,37,24,18,16,3,19,29,10,15,2,13,21,58,18,1
b7ca5c51,8,7,5,3,0,2,4,2,11,5,6,9,17,23,0
b7e7937d,0,0,0,0,0,0,0,0,0,0,0,1,1,0,0
b853e0ad,11,7,8,3,0,5,18,13,10,2,8,5,16,5,0
ba23a904,12,3,6,6,0,4,8,4,7,7,0,18,30,33,0
bafcf742,7,6,6,1,0,4,13,9,6,5,1,13,20,13,0
bd4f5f94,3,1,3,0,0,0,2,2,5,1,4,5,8,11,0
bd6351cd,15,10,8,7,0,8,15,7,3,0,3,6,21,12,0
be927d03,11,5,5,6,0,5,6,1,4,2,2,7,18,16,0
beb391dd,6,2,5,0,1,3,3,0,2,1,1,1,7,1,0
bece776f,12,5,5,6,1,1,5,4,7,0,7,3,15,1,0
beda9675,0,0,0,0,0,0,0,0,0,0,0,0,0,0,0
bef09ca8,0,0,0,0,0,0,1,1,0,0,0,0,0,0,0
bfae110f,2,1,1,0,1,1,1,0,2,0,2,0,2,5,0
c0617e2b,0,0,0,0,0,0,0,0,5,0,5,1,1,1,0
c0c7ff58,11,9,4,6,1,5,8,3,4,1,3,7,18,7,0
c0cddebe,15,10,5,8,2,4,9,5,9,2,7,11,26,8,0
c14bc029,13,6,4,6,3,3,15,12,9,1,8,12,25,10,1
c17bfb65,11,7,5,4,2,6,10,4,5,1,4,4,15,2,0
c2111b45,1,1,1,0,0,1,1,0,2,1,1,3,4,4,0
c24544c7,12,6,7,5,0,2,6,4,10,1,9,7,19,9,0
c2e41cfb,0,0,0,0,0,0,0,0,0,0,0,0,0,0,1
c3a8bcd8,22,7,10,11,1,11,25,14,8,1,7,16,38,13,0
c3ee18ef,7,3,4,3,0,3,3,0,2,1,1,6,13,19,0
c43e5e7e,4,1,1,3,0,0,9,9,6,1,5,2,6,5,0
c46fa34c,5,2,2,3,0,2,8,6,3,0,3,0,5,10,0
c47541e0,6,3,3,2,1,3,3,0,4,1,3,2,8,4,0
c4987edc,0,0,0,0,0,0,0,0,1,0,1,1,1,6,0
c5adc293,1,1,1,0,0,0,0,0,0,0,0,0,1,0,0
c5bdb6e3,4,1,2,0,2,1,5,4,3,0,3,1,5,1,0
c5fd13e9,5,3,5,0,0,2,2,0,2,2,0,4,9,10,0
c6056d58,11,6,8,3,0,4,5,1,2,1,1,7,18,32,0
c67cd65c,2,2,1,1,0,1,4,3,3,0,3,4,6,8,0
c691bfe2,20,14,9,9,2,2,8,6,10,2,8,5,25,5,1
c707411f,9,8,5,4,0,2,6,4,12,9,3,10,19,30,1
c7526c18,15,8,6,7,2,5,9,4,7,2,5,5,20,12,0
c7842dab,2,1,1,0,1,2,6,4,0,0,0,1,3,1,0
c886b062,1,1,0,1,0,1,2,1,2,1,1,3,4,7,0
c8bfb695,1,0,0,1,0,0,0,0,2,2,0,0,1,16,0
c8c60119,0,0,0,0,0,0,0,0,0,0,0,2,2,2,0
c8e65157,8,4,8,0,0,5,7,2,10,6,4,13,21,47,0
c906ce0f,7,5,6,1,0,3,7,4,2,1,1,3,10,7,1
c952f633,6,3,4,1,1,1,2,1,3,0,3,2,8,4,0
c9cb972b,0,0,0,0,0,0,0,0,0,0,0,0,0,1,0
c9e99e49,4,4,3,1,0,1,4,3,6,1,5,3,7,1,0
ca3e2783,0,0,0,0,0,0,0,0,0,0,0,0,0,0,0
cbbfa2e7,1,1,0,1,0,0,1,1,1,1,0,0,1,1,0
cc1a0c57,0,0,0,0,0,0,1,1,0,0,0,0,0,2,2
cc700722,39,22,15,24,0,11,34,23,6,0,6,5,44,4,1
cc83b74d,4,3,0,4,0,1,5,4,0,0,0,2,6,0,0
cc86b9a3,11,7,6,5,0,5,9,4,5,1,4,5,16,1,0
ccbbe661,6,5,2,4,0,1,4,3,1,0,1,2,8,6,1
ccc66d00,0,0,0,0,0,0,0,0,2,0,2,1,1,0,0
ccd88b8e,7,4,7,0,0,1,3,2,2,0,2,0,7,2,0
cce181df,16,10,10,5,1,9,16,7,8,3,5,13,29,11,0
cd1acf9d,21,10,11,6,4,13,19,6,8,1,7,18,39,22,1
cd1b2304,0,0,0,0,0,0,0,0,0,0,0,0,0,0,0
ce9e8024,6,4,4,2,0,1,1,0,4,2,2,8,14,12,0
cea4ee8f,9,5,3,4,2,3,11,8,5,1,4,6,15,7,0
cf182add,17,12,11,5,1,4,9,5,8,3,5,7,24,17,0
cf8ef0a1,4,1,2,1,1,0,1,1,3,0,3,1,5,4,0
cfd8d664,12,10,9,3,0,10,11,1,7,1,6,11,23,10,0
cff7dcb0,8,5,3,4,1,1,8,7,4,2,2,0,8,12,0
d003e213,15,10,10,5,0,6,13,7,1,0,1,5,20,8,0
d02e0cab,4,1,1,3,0,2,7,5,3,1,2,4,8,1,0
d04b94db,16,12,7,8,1,9,14,5,8,0,8,6,22,10,2
d072a976,8,5,5,3,0,2,6,4,6,4,2,7,15,18,0
d0d79694,0,0,0,0,0,0,1,1,1,1,0,1,1,6,0
d0d8dd44,6,3,4,2,0,4,4,0,8,6,2,7,13,18,1
d1273f09,20,17,9,9,2,5,20,15,16,2,14,11,31,18,0
d1661819,2,2,2,0,0,0,1,1,0,0,0,1,3,5,0
d2110326,8,5,7,0,1,3,3,0,4,3,1,5,13,12,0
d2448564,4,1,4,0,0,2,3,1,5,0,5,3,7,0,0
d28b8f40,7,4,6,1,0,4,7,3,9,2,7,15,22,34,0
d2bff301,3,1,2,1,0,1,2,1,1,1,0,3,6,7,0
d3272fba,1,1,0,1,0,0,1,1,0,0,0,2,3,0,0
d38174c3,0,0,0,0,0,0,0,0,0,0,0,0,0,0,0
d3aaad90,4,2,3,1,0,1,4,3,0,0,0,3,7,3,0
d4931a5a,0,0,0,0,0,0,1,1,1,0,1,0,0,2,0
d49f3e6b,2,1,2,0,0,1,5,4,1,0,1,2,4,1,0
d4aa40b8,4,2,3,1,0,2,6,4,9,0,9,8,12,17,0
d5980989,1,0,0,1,0,0,1,1,1,0,1,0,1,0,0
d5c04323,10,9,6,3,1,4,7,3,7,6,1,7,17,12,1
d5f2f82b,11,6,3,7,1,2,5,3,7,2,5,11,22,14,0
d6e53a3a,16,12,11,3,2,5,13,8,12,8,4,15,31,49,0
d70ce98e,10,10,1,4,5,3,7,4,6,0,6,3,13,0,0
d7c09951,9,4,5,2,2,3,8,5,7,2,5,10,19,9,0
d83bbc54,4,2,3,1,0,3,7,4,1,1,0,4,8,3,0
d849ef0f,5,2,4,1,0,3,5,2,3,0,3,7,12,3,0
d8b97bb3,1,0,1,0,0,0,0,0,1,0,1,2,3,2,0
d93c2511,9,6,7,2,0,0,1,1,3,0,3,3,12,3,0
d9565625,4,2,1,3,0,1,6,5,3,1,2,2,6,10,0
d9a5d930,2,2,2,0,0,1,8,7,3,0,3,1,3,4,0
d9d43555,1,0,1,0,0,0,0,0,0,0,0,0,1,0,0
da59a197,0,0,0,0,0,0,0,0,0,0,0,0,0,0,0
da7b447d,11,7,8,3,0,3,7,4,5,4,1,11,22,26,0
da974c7b,14,9,9,5,0,7,10,3,10,7,3,12,26,24,0
dab0da1c,1,1,1,0,0,1,2,1,2,0,2,1,2,0,0
dad4b285,14,8,10,4,0,8,11,3,5,2,3,9,23,6,0
db4ed67b,4,2,1,3,0,2,12,10,4,0,4,7,11,2,1
db750822,1,1,0,1,0,0,1,1,0,0,0,2,3,2,0
dbf053da,4,3,0,4,0,1,2,1,7,0,7,1,5,2,0
dc62fbee,7,6,3,2,2,3,9,6,3,0,3,3,10,0,0
de40e38c,3,2,3,0,0,2,4,2,5,1,4,3,6,6,0
de5b5570,22,8,14,8,0,9,17,8,12,0,12,15,37,10,0
dea698d9,3,3,1,2,0,0,7,7,2,1,1,3,6,6,0
dead55e5,9,8,6,1,2,1,3,2,3,0,3,1,10,1,0
def899bd,4,2,1,3,0,0,4,4,6,5,1,7,11,12,0
df69b544,9,7,6,1,2,3,10,7,3,0,3,4,13,7,0
dff153a4,1,1,1,0,0,0,1,1,1,0,1,0,1,0,0
e06683ca,12,8,4,7,1,3,3,0,9,7,2,10,22,58,2
e0900238,7,3,4,3,0,2,5,3,10,1,9,4,11,6,0
e0921a4f,6,3,0,4,2,1,4,3,9,0,9,2,8,2,1
e0991c04,1,1,1,0,0,1,4,3,0,0,0,0,1,2,0
e0d3e18d,12,6,7,4,1,4,6,2,4,1,3,3,15,4,0
e162b013,4,2,4,0,0,1,2,1,2,1,1,4,8,14,0
e16dd48e,1,0,1,0,0,1,1,0,2,1,1,2,3,5,0
e204ec12,6,5,0,6,0,0,5,5,6,1,5,2,8,1,0
e26f559f,4,1,3,1,0,3,6,3,1,0,1,2,6,3,0
e2716bd0,11,6,2,6,3,1,6,5,8,0,8,7,18,4,0
e288d4b3,15,9,8,6,1,3,11,8,9,1,8,9,24,12,0
e2dde94c,10,6,3,5,2,4,6,2,5,1,4,2,12,3,0
e33c06cf,6,5,3,3,0,2,3,1,9,3,6,9,15,19,0
e342ad68,11,3,2,1,8,4,8,4,3,0,3,4,15,1,1
e38f1636,4,2,3,1,0,1,3,2,10,9,1,6,10,37,0
e3d0b0c4,10,4,7,3,0,2,6,4,8,7,1,18,28,56,0
e4086af3,3,3,1,1,1,2,2,0,3,0,3,0,3,3,0
e40d028b,0,0,0,0,0,0,1,1,0,0,0,1,1,1,1
e42d61c7,9,7,5,4,0,5,14,9,7,1,6,4,13,3,0
e46012d4,3,2,2,0,1,0,5,5,6,1,5,2,5,1,0
e4ed2628,11,10,8,2,1,6,8,2,7,0,7,16,27,3,1
e50623a0,1,1,0,1,0,1,1,0,0,0,0,2,3,2,0
e6ad16b2,12,9,5,5,2,5,15,10,1,0,1,4,16,8,0
e6bc67d7,5,1,0,2,3,2,5,3,3,0,3,2,7,0,0
e73c9bb2,12,7,7,4,1,3,11,8,12,5,7,16,28,32,0
e7986081,2,2,0,2,0,0,0,0,4,1,3,1,3,3,0
e7d59f4f,1,1,1,0,0,1,2,1,0,0,0,2,3,0,0
e7ee38c3,0,0,0,0,0,0,0,0,0,0,0,0,0,2,0
e85fb9b8,8,6,7,1,0,6,9,3,8,6,2,10,18,36,1
e90dc1d5,6,4,0,2,4,1,1,0,4,0,4,2,8,0,0
e97150c0,1,1,0,1,0,0,0,0,0,0,0,0,1,7,0
e9c0c1b2,0,0,0,0,0,0,0,0,0,0,0,0,0,4,3
ead61f73,2,1,2,0,0,0,0,0,5,2,3,4,6,1,0
eb58eef0,12,6,4,4,4,4,9,5,7,1,6,2,14,4,0
eb7822d7,13,7,8,5,0,7,13,6,13,5,8,7,20,10,1
eba1e557,4,3,2,1,1,1,1,0,3,0,3,5,9,3,0
ebc56869,0,0,0,0,0,0,0,0,0,0,0,0,0,0,0
ecada4fc,0,0,0,0,0,0,0,0,0,0,0,0,0,0,0
ed1e53f3,1,1,1,0,0,0,6,6,1,0,1,0,1,2,0
ed87a229,0,0,0,0,0,0,2,2,1,0,1,0,0,0,0
ed90babd,0,0,0,0,0,0,1,1,1,0,1,0,0,0,0
eda40760,4,1,3,1,0,1,4,3,6,0,6,4,8,20,0
ee3519f5,14,11,5,8,1,6,18,12,9,5,4,6,20,6,0
ee8508c0,0,0,0,0,0,0,0,0,0,0,0,0,0,1,0
ee93c1a9,4,2,2,1,1,3,3,0,9,0,9,5,9,6,0
eed332df,5,2,1,4,0,0,1,1,2,0,2,3,8,6,0
f00de885,1,0,1,0,0,1,1,0,0,0,0,0,1,3,0
f0661424,36,20,9,20,7,14,27,13,17,3,14,20,56,27,1
f08490a6,0,0,0,0,0,0,0,0,0,0,0,1,1,2,0
f0da930c,5,3,3,2,0,3,4,1,4,3,1,7,12,29,0
f0fc9d0e,3,2,1,2,0,1,1,0,2,0,2,0,3,0,0
f209b81e,3,2,3,0,0,0,6,6,4,0,4,1,4,3,0
f25c8e3a,13,8,3,9,1,7,13,6,4,1,3,5,18,3,0
f2d063ec,11,9,4,7,0,5,14,9,10,1,9,5,16,11,0
f35430a4,20,16,17,3,0,10,15,5,3,3,0,12,32,27,1
f36c432f,0,0,0,0,0,0,0,0,0,0,0,0,0,0,0
f4eb377b,0,0,0,0,0,0,0,0,0,0,0,1,1,1,1
f5b6fb78,11,7,4,2,5,0,4,4,8,1,7,7,18,23,0
f5deef4c,4,3,1,3,0,3,7,4,6,3,3,9,13,31,0
f61c7c4e,7,4,3,3,1,3,12,9,5,0,5,7,14,1,0
f6ac68c1,1,1,0,1,0,1,1,0,2,1,1,0,1,1,0
f6db3bd5,0,0,0,0,0,0,1,1,0,0,0,0,0,0,0
f7036e1c,1,0,0,1,0,0,1,1,5,1,4,0,1,0,0
f76d7a41,1,0,0,1,0,1,2,1,0,0,0,0,1,1,1
f7b10c66,0,0,0,0,0,0,0,0,0,0,0,0,0,1,1
f7d50789,11,7,11,0,0,6,15,9,17,12,5,12,23,44,2
f7ee69fb,4,0,1,3,0,4,4,0,3,0,3,2,6,0,0
f956479d,1,0,0,1,0,0,0,0,0,0,0,0,1,1,0
f99fe221,8,4,7,1,0,6,9,3,4,1,3,9,17,6,0
f9c927de,9,5,3,6,0,6,12,6,5,1,4,1,10,3,0
fa274d97,11,6,5,4,2,5,7,2,3,1,2,6,17,6,2
fa661778,9,9,1,8,0,1,2,1,1,0,1,3,12,7,0
fb517645,1,0,1,0,0,1,1,0,1,0,1,0,1,0,0
fb938d24,15,12,6,6,3,6,10,4,7,1,6,8,23,1,0
fbb23472,10,6,4,5,1,6,20,14,5,1,4,8,18,5,0
fbffc4b1,2,1,1,1,0,0,1,1,4,2,2,1,3,5,0
fc4f85b1,3,2,1,2,0,0,3,3,4,3,1,9,12,21,0
fc62f087,12,8,5,6,1,5,7,2,10,5,5,8,20,21,0
fd4ee68b,8,8,3,5,0,5,9,4,9,6,3,3,11,3,0
fd51b456,12,10,3,6,3,5,7,2,4,0,4,1,13,2,0
fdd60087,9,5,9,0,0,5,8,3,0,0,0,2,11,17,0
fe2d2289,0,0,0,0,0,0,1,1,0,0,0,0,0,0,0
fe2db476,13,8,7,3,3,8,17,9,7,2,5,10,23,10,0
fe641c1a,6,5,3,3,0,3,6,3,6,2,4,8,14,7,0
fed17f5a,14,11,8,4,2,6,8,2,4,1,3,1,15,2,0
ff0ab48c,2,0,1,1,0,1,4,3,6,3,3,6,8,10,0
ff182fdc,5,4,2,1,2,2,3,1,1,0,1,1,6,1,0
ffbbc83b,14,5,12,2,0,5,16,11,4,1,3,11,25,4,0
