id,MP,Min,90s,Starts,Compl,Subs,unSub,PPM,onG,onGA,+/-,onxG,onxGA,xG+/-,MinGK,MPGK,StartsGK,90sGK
00459419,31,2313,25,28,14,3,1,1,34,48,-14,25.4,36.5,-11.1,0,0,0,0
008a6e6d,19,1451,16,16,16,3,11,2,31,15,16,30.6,12.9,17.7,0,0,0,0
00963611,3,195,2,3,2,0,0,1,6,3,3,3.2,2.1,1.1,0,0,0,0
01226327,35,3135,34,35,32,0,0,0,34,49,-15,37.0,39.1,-2.0,0,0,0,0
02b29014,37,3324,36,37,36,0,0,1,44,63,-19,43.5,50.5,-7.0,0,0,0,0
032f894e,12,702,7,9,4,3,5,0,3,10,-7,4.8,10.1,-5.3,0,0,0,0
0356cf4f,3,39,0,0,0,3,7,1,0,2,-2,0.6,0.8,-0.2,0,0,0,0
0420d84f,12,1035,11,12,11,0,0,1,14,12,2,13.4,12.4,1.0,0,0,0,0
0442183b,3,174,1,2,1,1,2,0,0,1,-1,1.7,1.6,0.2,0,0,0,0
07802f7f,8,267,3,3,0,5,9,1,3,0,3,5.6,1.0,4.6,0,0,0,0
08aa17d0,31,2740,30,31,28,0,1,2,57,22,35,45.4,33.0,12.4,0,0,0,0
099e666f,19,1590,17,17,17,2,5,1,27,31,-4,19.3,29.7,-10.4,0,0,0,0
0a16eb36,0,0,0,0,0,0,2,0,0,0,0,0.0,0.0,0.0,0,0,0,0
0a6cb1b1,0,0,0,0,0,0,5,0,0,0,0,0.0,0.0,0.0,0,0,0,0
0bb6d386,0,0,0,0,0,0,4,0,0,0,0,0.0,0.0,0.0,0,0,0,0
0c61c77c,1,16,0,0,0,1,4,0,0,1,-1,0.4,0.5,-0.1,0,0,0,0
0cc5f4a5,2,16,0,0,0,2,2,3,0,0,0,0.3,0.0,0.3,0,0,0,0
0d267745,34,2967,33,33,31,1,1,2,90,25,65,68.9,21.4,47.5,0,0,0,0
0db5d2c8,38,3420,38,38,38,0,0,0,28,58,-30,31.3,48.5,-17.2,0,0,0,0
0e6bc38c,30,2314,25,26,18,4,1,0,28,45,-17,25.3,36.7,-11.4,0,0,0,0
0ef89a37,14,1109,12,13,5,1,1,1,29,14,15,23.2,11.5,11.7,0,0,0,0
10072610,3,226,2,2,2,1,35,3,8,1,7,3.9,1.7,2.2,226,3,2,2
101da2b5,34,2881,32,33,28,1,0,2,89,24,65,66.2,19.6,46.5,0,0,0,0
10331f88,0,0,0,0,0,0,2,0,0,0,0,0.0,0.0,0.0,0,0,0,0
10b9fa99,1,11,0,0,0,1,11,3,0,1,-1,0.0,0.2,-0.2,0,0,0,0
111c3236,22,1741,19,21,15,1,3,2,55,17,38,42.4,11.4,31.0,0,0,0,0
1148323a,2,180,2,2,2,0,8,1,7,6,1,3.5,3.2,0.4,180,2,2,2
119b9a8e,9,806,9,9,8,0,5,3,28,5,23,18.0,4.0,14.0,0,0,0,0
11b9265b,16,1266,14,14,14,2,8,1,28,19,9,25.9,15.6,10.3,0,0,0,0
129af0db,31,2061,22,24,12,7,0,1,38,19,19,34.8,19.2,15.7,0,0,0,0
12aa7661,28,2382,26,26,24,2,4,1,30,47,-17,32.6,36.7,-4.1,0,0,0,0
136e7649,0,0,0,0,0,0,7,0,0,0,0,0.0,0.0,0.0,0,0,0,0
142741bb,0,0,0,0,0,0,12,0,0,0,0,0.0,0.0,0.0,0,0,0,0
14a96e1c,0,0,0,0,0,0,5,0,0,0,0,0.0,0.0,0.0,0,0,0,0
156bb589,0,0,0,0,0,0,4,0,0,0,0,0.0,0.0,0.0,0,0,0,0
15ea812b,31,2790,31,31,31,0,0,1,31,30,1,26.7,40.5,-13.7,0,0,0,0
15f3ec41,2,29,0,0,0,2,2,0,0,1,-1,0.7,0.2,0.5,0,0,0,0
15fd5593,7,251,2,3,0,4,5,1,3,6,-3,2.8,2.4,0.4,0,0,0,0
16380240,26,2163,24,24,21,2,1,1,48,36,12,44.7,32.6,12.2,0,0,0,0
1695c659,4,31,0,0,0,4,9,0,1,2,-1,1.9,1.5,0.4,0,0,0,0
16ceb862,29,1001,11,7,3,22,2,3,19,11,8,20.0,10.3,9.8,0,0,0,0
1840e36d,35,3150,35,35,35,0,0,1,56,34,22,50.1,30.9,19.3,3150,35,35,35
184e4970,27,2219,24,25,19,2,8,1,26,49,-23,25.2,39.5,-14.2,0,0,0,0
189cee7b,28,1548,17,16,9,12,3,0,21,36,-15,16.1,27.7,-11.6,0,0,0,0
18b896d6,27,2338,26,25,25,2,9,2,46,22,24,37.8,19.5,18.3,0,0,0,0
18e96f64,5,235,2,2,1,3,10,0,2,4,-2,2.3,5.6,-3.4,0,0,0,0
1931bde9,33,2137,23,26,10,7,1,1,16,36,-20,18.3,28.5,-10.2,0,0,0,0
199ff86e,1,26,0,0,0,1,0,0,0,0,0,1.5,0.0,1.4,0,0,0,0
19b8b0b9,26,1280,14,13,8,13,5,1,13,23,-10,14.3,21.4,-7.1,0,0,0,0
19ba6c6d,28,1855,20,21,12,7,6,0,14,32,-18,18.7,24.1,-5.4,0,0,0,0
19e50035,0,0,0,0,0,0,6,0,0,0,0,0.0,0.0,0.0,0,0,0,0
1a160ea3,20,1525,16,17,14,3,8,0,15,31,-16,16.9,28.2,-11.4,0,0,0,0
1a2935f6,29,2127,23,24,22,5,5,2,54,24,30,42.8,22.0,20.8,0,0,0,0
1a4ef233,8,487,5,6,4,2,11,1,7,7,0,6.8,6.9,-0.1,0,0,0,0
1ae30132,13,1125,12,13,12,0,20,1,8,13,-5,10.2,18.3,-8.1,0,0,0,0
1b780599,6,481,5,6,4,0,6,0,6,15,-9,5.5,12.0,-6.5,0,0,0,0
1b7ec703,15,549,6,7,1,8,6,2,9,8,1,11.5,5.6,5.9,0,0,0,0
1bebde9d,1,90,1,1,1,0,36,1,1,1,0,1.2,0.8,0.4,90,1,1,1
1bf811d4,5,248,2,2,1,3,7,1,4,7,-3,2.4,4.1,-1.7,0,0,0,0
1c0eea98,0,0,0,0,0,0,8,0,0,0,0,0.0,0.0,0.0,0,0,0,0
1c24aacf,0,0,0,0,0,0,3,0,0,0,0,0.0,0.0,0.0,0,0,0,0
1c7012b8,26,1430,15,15,12,11,10,1,24,29,-5,15.8,24.8,-9.0,0,0,0,0
1cb49278,27,2086,23,23,18,4,9,1,37,23,14,34.3,19.3,15.0,0,0,0,0
1d387eee,15,429,4,4,1,11,12,0,1,11,-10,3.4,10.1,-6.7,0,0,0,0
1d6ac165,30,998,11,7,4,23,7,1,12,16,-4,10.8,14.3,-3.5,0,0,0,0
1d8c99b0,25,1868,20,21,16,4,0,0,16,29,-13,17.0,30.2,-13.2,0,0,0,0
1e0b6a73,32,2705,30,31,28,1,0,1,36,47,-11,32.6,48.0,-15.4,0,0,0,0
1e26e376,1,90,1,1,1,0,29,3,1,0,1,0.4,0.6,-0.2,90,1,1,1
1ecb65be,20,1221,13,13,11,7,10,2,19,17,2,16.1,16.700000000000003,-0.6000000000000001,0,0,0,0
1ef37668,31,2718,30,30,27,1,1,0,29,50,-21,28.7,47.2,-18.6,0,0,0,0
1f9a3a04,13,1049,11,11,11,2,1,0,7,14,-7,8.9,15.6,-6.7,0,0,0,0
20b104bc,27,2071,23,22,20,5,1,1,24,38,-14,21.9,35.9,-14.0,0,0,0,0
210d9ecb,2,96,1,1,1,1,8,0,0,5,-5,0.4,3.1,-2.7,0,0,0,0
21512407,24,1914,21,21,18,3,11,1,37,21,16,33.2,22.4,10.7,0,0,0,0
21a66e33,4,207,2,2,1,2,1,0,2,1,1,2.1,2.4,-0.3,0,0,0,0
21a66f6a,37,3076,34,35,26,2,0,2,65,34,31,57.6,29.8,27.7,0,0,0,0
2219083d,0,0,0,0,0,0,1,0,0,0,0,0.0,0.0,0.0,0,0,0,0
22551915,21,1830,20,20,19,1,14,1,20,30,-10,20.3,30.3,-10.1,0,0,0,0
230255f5,0,0,0,0,0,0,1,0,0,0,0,0.0,0.0,0.0,0,0,0,0
2475dcc6,36,2791,31,34,11,2,2,1,32,43,-11,33.6,36.9,-3.3,0,0,0,0
24fae784,4,268,3,3,2,1,5,0,0,4,-4,2.3,4.0,-1.7,0,0,0,0
25b166d0,15,494,5,3,1,12,11,0,4,13,-9,6.9,12.5,-5.6,0,0,0,0
25f50295,24,1944,21,24,16,0,13,1,17,27,-10,18.4,31.2,-12.8,0,0,0,0
2649ff32,12,527,5,5,3,7,8,2,10,7,3,9.3,5.1,4.2,0,0,0,0
26679cdf,19,745,8,8,3,11,7,1,3,14,-11,6.5,14.7,-8.2,0,0,0,0
2691c772,36,2165,24,21,14,15,1,1,26,23,3,23.0,32.6,-9.6,0,0,0,0
26f6dca8,27,2042,22,23,14,4,0,1,30,44,-14,22.2,34.4,-12.2,0,0,0,0
27d7453c,16,849,9,9,3,7,6,1,6,8,-2,6.8,11.3,-4.5,0,0,0,0
282f75f3,38,3420,38,38,38,0,0,1,34,54,-20,37.0,50.8,-13.8,0,0,0,0
285a3d44,27,2371,26,27,26,0,2,1,26,40,-14,25.7,41.1,-15.5,0,0,0,0
286f5a8e,0,0,0,0,0,0,2,0,0,0,0,0.0,0.0,0.0,0,0,0,0
29733c72,28,1922,21,23,7,5,8,2,34,10,24,33.4,16.6,16.8,0,0,0,0
2973d8ff,12,360,4,3,1,9,9,2,11,7,4,4.8,3.6,1.2,0,0,0,0
2acd49b9,32,1386,15,15,6,17,5,2,27,18,9,25.1,12.5,12.6,0,0,0,0
2afc7272,29,2237,24,25,20,4,6,1,32,42,-10,28.0,40.1,-12.1,0,0,0,0
2b114be3,32,2419,26,27,18,5,2,2,72,22,50,53.2,17.5,35.6,0,0,0,0
2b471f99,25,1720,19,20,12,5,6,1,18,31,-13,19.4,26.5,-7.1,0,0,0,0
2b622f01,6,210,2,2,0,4,6,1,6,6,0,3.9,3.3,0.5,0,0,0,0
2b91cf8e,20,1746,19,19,19,1,14,1,21,30,-9,22.5,30.0,-7.5,0,0,0,0
2baec6ce,1,1,0,0,0,1,3,3,0,0,0,0.0,0.0,0.0,0,0,0,0
2c0f8e9e,31,2546,28,29,18,2,1,3,48,32,16,44.6,30.5,14.2,0,0,0,0
2ce2508a,36,3080,34,35,32,1,1,1,42,52,-10,46.8,45.8,1.0,0,0,0,0
2e4f5f03,22,1940,21,22,19,0,5,2,53,18,35,43.3,15.9,27.4,0,0,0,0
2f4c5a52,13,960,10,11,7,2,11,1,10,13,-3,8.7,15.2,-6.4,0,0,0,0
2f72f79e,36,3149,35,36,31,0,0,0,26,50,-24,28.4,53.3,-24.9,0,0,0,0
2f7acede,16,774,8,9,5,7,5,2,16,9,7,12.1,8.9,3.3,0,0,0,0
2f8d27bc,0,0,0,0,0,0,1,0,0,0,0,0.0,0.0,0.0,0,0,0,0
2f90f6b8,32,1775,19,16,13,16,5,2,40,25,15,36.0,19.4,16.6,0,0,0,0
2ff964a0,29,1911,21,22,8,7,0,2,32,30,2,25.1,29.6,-4.5,0,0,0,0
30871c08,0,0,0,0,0,0,1,0,0,0,0,0.0,0.0,0.0,0,0,0,0
31dce0c8,1,1,0,0,0,1,2,0,0,0,0,0.0,0.0,0.0,0,0,0,0
3201b03d,28,2306,25,27,20,1,2,1,40,41,-1,32.7,31.3,1.4,0,0,0,0
3233eefd,25,2065,22,23,21,2,5,1,24,39,-15,22.1,34.5,-12.4,0,0,0,0
32e7ce92,19,1710,19,19,19,0,19,2,40,14,26,36.1,13.6,22.5,1710,19,19,19
3312f911,24,1745,19,21,15,3,3,1,22,30,-8,26.6,24.7,1.9,0,0,0,0
33508c78,32,2307,25,25,15,7,4,1,40,26,14,37.9,22.8,15.1,0,0,0,0
34ccf6fa,0,0,0,0,0,0,37,0,0,0,0,0.0,0.0,0.0,0,0,0,0
3515d404,30,1716,19,20,10,10,7,0,20,29,-9,19.4,21.0,-1.5,0,0,0,0
356a9a62,12,797,8,10,7,2,7,1,15,16,-1,13.8,13.5,0.3,0,0,0,0
3680d723,2,150,1,2,1,0,0,2,4,3,1,2.6,2.8,-0.2,0,0,0,0
36c2ca73,18,1620,18,18,18,0,19,0,17,26,-9,16.2,19.9,-3.7,1620,18,18,18
3727dd3c,30,2270,25,25,20,5,3,1,25,28,-3,26.7,35.4,-8.7,0,0,0,0
37c408cc,0,0,0,0,0,0,1,0,0,0,0,0.0,0.0,0.0,0,0,0,0
381d7d54,16,478,5,4,2,12,4,1,10,10,0,8.0,7.4,0.7,0,0,0,0
3831b9fe,28,2460,27,28,26,0,1,1,29,27,2,23.2,35.5,-12.3,0,0,0,0
38aefb74,4,79,0,0,0,4,4,0,0,2,-2,0.9,2.2,-1.3,0,0,0,0
38c7feef,35,1734,19,17,7,18,0,3,46,27,19,34.9,19.5,15.4,0,0,0,0
38df681f,0,0,0,0,0,0,2,0,0,0,0,0.0,0.0,0.0,0,0,0,0
3925dbd6,6,95,1,0,0,6,4,1,4,0,4,2.0,1.0,1.0,0,0,0,0
3935e52e,27,2147,23,25,19,2,9,1,49,30,19,45.4,28.5,17.0,0,0,0,0
39583cfd,7,435,4,5,0,2,0,1,3,3,0,4.8,3.5,1.3,0,0,0,0
3a24769f,2,129,1,2,0,0,6,0,0,4,-4,1.4,2.8,-1.4,0,0,0,0
3a949a25,12,1080,12,12,12,0,1,1,15,11,4,15.2,13.8,1.4,1080,12,12,12
3bb625ac,14,845,9,9,3,5,5,0,11,20,-9,7.0,18.2,-11.3,0,0,0,0
3bb7b8b4,36,3194,35,36,35,0,1,2,99,26,73,74.7,22.1,52.6,3194,36,36,35
3be1a627,1,58,0,1,0,0,2,3,0,1,-1,0.5,1.0,-0.5,0,0,0,0
3c066877,1,21,0,0,0,1,4,3,0,0,0,0.2,0.1,0.0,0,0,0,0
3ca7254a,31,1523,16,17,4,14,4,1,29,14,15,21.0,15.2,5.8,0,0,0,0
3cefa66a,20,1397,15,15,10,5,4,0,12,26,-14,13.3,25.2,-12.0,0,0,0,0
3e5e4e63,34,2767,30,31,29,3,3,1,37,53,-16,30.9,50.9,-20.0,0,0,0,0
3e61e488,0,0,0,0,0,0,1,0,0,0,0,0.0,0.0,0.0,0,0,0,0
3e9e06cb,28,2510,27,28,26,0,1,0,24,39,-15,25.9,34.6,-8.7,0,0,0,0
3ea50f67,3,10,0,0,0,3,3,1,1,0,1,0.6,0.0,0.6,0,0,0,0
3eb22ec9,35,1533,17,15,9,20,3,2,46,10,36,32.0,10.6,21.4,0,0,0,0
3f2587ee,0,0,0,0,0,0,1,0,0,0,0,0.0,0.0,0.0,0,0,0,0
3f2d59fe,27,2273,25,25,23,2,3,1,51,30,21,46.8,30.9,15.9,0,0,0,0
3fe6bd8c,20,1602,17,19,17,1,2,1,19,18,1,21.3,24.6,-3.3,0,0,0,0
407feb71,5,55,0,0,0,5,5,2,2,1,1,1.1,0.9,0.2,0,0,0,0
41017ad5,0,0,0,0,0,0,1,0,0,0,0,0.0,0.0,0.0,0,0,0,0
4115ce4e,5,426,4,5,3,0,9,1,5,5,0,4.4,2.8,1.6,0,0,0,0
41fb0f4e,0,0,0,0,0,0,8,0,0,0,0,0.0,0.0,0.0,0,0,0,0
422862ea,6,447,5,5,3,1,0,1,7,7,0,6.0,7.2,-1.2,0,0,0,0
43458538,33,2453,27,27,18,6,0,1,31,38,-7,27.9,42.0,-14.0,0,0,0,0
434ad289,2,19,0,0,0,2,3,1,0,0,0,0.0,0.4,-0.4,0,0,0,0
435c44b3,0,0,0,0,0,0,1,0,0,0,0,0.0,0.0,0.0,0,0,0,0
436a9dd0,26,1268,14,13,7,13,7,2,20,14,6,15.5,19.0,-3.6,0,0,0,0
43a166b4,1,10,0,0,0,1,1,1,0,1,-1,0.1,0.8,-0.7,0,0,0,0
4468ec10,35,1697,18,17,6,18,3,1,25,35,-10,22.1,25.9,-3.8,0,0,0,0
44781702,29,2324,25,26,24,3,7,2,47,20,27,44.4,21.6,22.8,0,0,0,0
450ab6fc,33,2928,32,32,31,1,1,1,33,31,2,37.2,41.6,-4.4,0,0,0,0
4535e4bb,38,3420,38,38,38,0,0,1,34,54,-20,37.0,50.8,-13.8,3420,38,38,38
453f566a,4,170,1,1,0,3,0,1,2,2,0,1.9,1.8,0.1,0,0,0,0
45963054,37,3247,36,37,26,0,0,1,52,57,-5,47.7,45.9,1.8,0,0,0,0
45da6694,23,1820,20,21,17,2,12,0,21,37,-16,22.7,28.2,-5.5,0,0,0,0
466fb2c5,0,0,0,0,0,0,1,0,0,0,0,0.0,0.0,0.0,0,0,0,0
46b5375e,1,9,0,0,0,1,16,3,0,0,0,0.0,0.0,0.0,0,0,0,0
46ee5234,33,2827,31,32,27,1,0,0,23,44,-21,31.2,39.8,-8.7,0,0,0,0
47a34c4f,13,867,9,11,5,2,11,1,18,12,6,16.8,12.2,4.7,0,0,0,0
47b7e3af,36,3067,34,34,29,2,0,0,25,52,-27,28.0,43.6,-15.6,0,0,0,0
4806ec67,38,3420,38,38,38,0,0,1,44,58,-14,40.5,52.4,-11.9,3420,38,38,38
4830e0af,5,220,2,2,0,3,8,0,1,5,-4,1.6,3.0,-1.4,0,0,0,0
495945ef,19,1111,12,12,10,7,19,1,16,17,-1,13.4,17.1,-3.7,0,0,0,0
49b05a83,7,135,1,1,0,6,18,1,2,3,-1,2.5,0.7,1.8,0,0,0,0
4a537185,13,614,6,8,0,5,5,0,7,17,-10,5.8,13.4,-7.6,0,0,0,0
4ab53cdb,37,2812,31,31,13,6,1,0,24,41,-17,28.6,38.3,-9.7,0,0,0,0
4ae7add0,0,0,0,0,0,0,2,0,0,0,0,0.0,0.0,0.0,0,0,0,0
4b40d9ca,35,3115,34,34,34,1,3,1,31,35,-4,29.3,46.2,-17.0,3115,35,34,34
4b511457,34,2897,32,34,28,0,3,0,27,47,-20,32.0,40.0,-7.9,0,0,0,0
4c370d81,37,2763,30,32,12,5,1,2,73,32,41,61.2,28.5,32.6,0,0,0,0
4cde5509,5,106,1,1,0,4,3,2,1,2,-1,2.2,1.0,1.2,0,0,0,0
4d034881,25,1963,21,22,13,3,4,2,63,12,51,45.8,13.1,32.7,0,0,0,0
4e9a0555,24,1624,18,20,7,4,1,1,22,11,11,17.0,23.0,-6.0,0,0,0,0
4f974391,36,3069,34,35,30,1,1,1,45,60,-15,34.5,47.8,-13.3,0,0,0,0
4fb9c88f,0,0,0,0,0,0,1,0,0,0,0,0.0,0.0,0.0,0,0,0,0
5167c97e,1,4,0,0,0,1,6,3,0,0,0,0.0,0.0,0.0,0,0,0,0
51a3caf1,5,228,2,3,1,2,7,0,3,10,-7,1.0,6.7,-5.7,0,0,0,0
51b41c5c,30,2130,23,24,19,6,4,1,22,38,-16,23.4,31.7,-8.3,0,0,0,0
51cf8561,8,532,5,6,3,2,12,3,16,3,13,10.6,3.4,7.2,0,0,0,0
52105203,17,1435,15,16,15,1,2,0,16,26,-10,23.7,20.1,3.6,0,0,0,0
5271c8f1,7,363,4,4,3,3,1,2,14,1,13,9.2,2.5,6.7,0,0,0,0
53538b39,30,1406,15,14,8,16,8,0,8,21,-13,12.9,21.5,-8.7,0,0,0,0
53af52f3,33,2965,32,33,32,0,0,1,49,47,2,44.7,39.6,5.1,2965,33,33,32
53cad200,37,3330,37,37,37,0,1,1,61,38,23,52.9,33.8,19.1,0,0,0,0
54dd7308,0,0,0,0,0,0,1,0,0,0,0,0.0,0.0,0.0,0,0,0,0
5515376c,0,0,0,0,0,0,1,0,0,0,0,0.0,0.0,0.0,0,0,0,0
5540c9dc,38,3386,37,38,37,0,0,0,30,55,-25,35.6,47.8,-12.2,0,0,0,0
562eed5c,17,1452,16,17,15,0,3,1,14,27,-13,14.9,19.4,-4.5,0,0,0,0
56f6f826,3,200,2,2,2,1,28,1,1,5,-4,2.0,2.9,-0.9,0,0,0,0
57c433c8,14,306,3,0,0,14,4,1,5,11,-6,4.5,7.8,-3.3,0,0,0,0
57df7a11,27,1870,20,21,13,6,5,1,27,29,-2,21.2,27.3,-6.1,0,0,0,0
580d52dd,27,1641,18,20,11,7,6,0,13,30,-17,15.8,23.3,-7.5,0,0,0,0
59bf127b,29,2126,23,24,20,5,5,2,37,20,17,31.4,21.5,9.9,0,0,0,0
59e6e5bf,32,1882,20,18,13,14,1,1,26,29,-3,23.9,29.0,-5.1,0,0,0,0
5a1900a4,37,2570,28,28,20,9,1,0,18,39,-21,24.4,44.3,-20.0,0,0,0,0
5a4280b1,16,1440,16,16,16,0,22,1,14,21,-7,13.0,22.4,-9.4,0,0,0,0
5acc4a10,23,1542,17,18,13,5,13,1,15,29,-14,18.5,23.3,-4.8,0,0,0,0
5b54bf3b,5,260,2,2,0,3,6,0,3,3,0,2.4,4.9,-2.5,0,0,0,0
5bddccc9,19,1329,14,17,6,2,1,1,12,23,-11,12.3,18.6,-6.3,0,0,0,0
5be28712,6,366,4,4,3,2,16,1,9,7,2,7.3,5.1,2.1,0,0,0,0
5c2b4f07,17,1429,15,16,14,1,13,2,35,12,23,30.5,9.7,20.8,0,0,0,0
5dbefa9d,30,1845,20,19,11,11,4,1,20,41,-21,20.9,34.4,-13.5,0,0,0,0
5eae500a,34,2867,31,33,30,1,0,2,63,26,37,49.6,35.6,14.0,0,0,0,0
5eebbfdf,13,1023,11,13,6,0,4,1,13,9,4,14.2,12.0,2.2,0,0,0,0
5eecec3d,18,1302,14,16,11,2,4,2,44,11,33,30.7,8.5,22.2,0,0,0,0
5f09991f,28,2184,24,25,21,3,8,1,31,38,-7,32.2,34.7,-2.5,0,0,0,0
601ef102,15,453,5,3,0,12,3,0,9,12,-3,7.1,8.5,-1.5,0,0,0,0
61abe9b6,15,707,7,8,4,7,0,0,3,8,-5,5.5,9.7,-4.1,0,0,0,0
6265208f,30,1712,19,19,4,11,4,1,20,25,-5,18.5,26.2,-7.7,0,0,0,0
62a0089e,3,37,0,0,0,3,5,1,1,0,1,1.0,0.8,0.2,0,0,0,0
636f1a28,0,0,0,0,0,0,25,0,0,0,0,0.0,0.0,0.0,0,0,0,0
63d17038,1,90,1,1,1,0,1,3,1,0,1,0.9,0.8,0.0,90,1,1,1
6421ec64,36,3039,33,36,26,0,1,0,30,58,-28,31.6,54.3,-22.7,0,0,0,0
64b08de7,4,205,2,3,0,1,0,0,0,6,-6,1.6,5.3,-3.7,0,0,0,0
653ee42d,36,3240,36,36,36,0,0,1,34,50,-16,34.9,48.1,-13.2,0,0,0,0
67d23ab0,33,2452,27,27,17,6,3,1,22,39,-17,24.4,29.3,-4.9,0,0,0,0
6813ac34,37,3289,36,37,35,0,0,1,45,62,-17,34.3,50.6,-16.3,0,0,0,0
68796d61,27,1324,14,17,2,10,2,1,25,19,6,21.2,18.7,2.5,0,0,0,0
691bef82,7,362,4,4,3,3,11,3,11,0,11,8.3,2.5,5.9,0,0,0,0
6992791d,19,1286,14,17,5,2,0,1,18,22,-4,14.0,24.2,-10.2,0,0,0,0
6adbc307,22,1980,22,22,21,0,5,0,19,33,-14,21.2,27.9,-6.7,0,0,0,0
6b47c5db,33,2898,32,33,30,0,0,1,46,44,2,41.4,39.5,1.9,0,0,0,0
6c679c6d,33,2421,26,27,16,6,1,1,28,29,-1,26.5,30.9,-4.4,0,0,0,0
6c7762c3,0,0,0,0,0,0,16,0,0,0,0,0.0,0.0,0.0,0,0,0,0
6c96b263,4,168,1,1,1,3,2,1,0,4,-4,0.5,4.1,-3.6,0,0,0,0
6ca5ec4b,26,1830,20,22,5,4,10,1,36,26,10,35.6,25.5,10.2,0,0,0,0
6cc47ae1,6,224,2,3,0,3,6,0,3,8,-5,3.3,5.6,-2.3,0,0,0,0
6cdd8245,23,1902,21,22,17,1,0,1,30,31,-1,27.4,27.7,-0.3,0,0,0,0
6d6f09dc,6,163,1,1,0,5,4,0,1,2,-1,1.8,1.1,0.7,0,0,0,0
6dfd5af0,24,1307,14,16,3,8,7,1,12,21,-9,13.0,22.3,-9.3,0,0,0,0
6ea97fd5,0,0,0,0,0,0,1,0,0,0,0,0.0,0.0,0.0,0,0,0,0
6eaed4eb,24,2103,23,24,23,0,4,1,24,32,-8,23.5,32.0,-8.6,0,0,0,0
6fd8a334,11,769,8,7,6,4,18,1,10,14,-4,10.8,10.0,0.8,0,0,0,0
715fc0fe,16,851,9,11,2,5,4,0,9,14,-5,10.1,12.4,-2.3,0,0,0,0
71672fa0,34,3039,33,34,33,0,1,1,64,48,16,60.3,43.1,17.3,3039,34,34,33
71ef519e,35,2804,31,32,21,3,3,1,35,35,0,36.5,41.4,-4.9,0,0,0,0
72c812f3,33,2751,30,32,24,1,1,1,38,42,-4,32.1,40.1,-8.1,0,0,0,0
7314bba4,37,3292,36,37,35,0,0,1,32,52,-20,35.1,48.2,-13.1,0,0,0,0
73489527,24,1997,22,24,12,0,0,1,18,17,1,15.9,28.6,-12.8,0,0,0,0
7358a89a,0,0,0,0,0,0,2,0,0,0,0,0.0,0.0,0.0,0,0,0,0
7391c2d9,14,1179,13,13,13,1,8,0,9,18,-9,10.6,19.4,-8.9,0,0,0,0
73d9bdc7,31,1567,17,14,10,17,4,0,18,27,-9,20.4,31.8,-11.4,0,0,0,0
7494bea9,0,0,0,0,0,0,3,0,0,0,0,0.0,0.0,0.0,0,0,0,0
74b2cd7e,32,2880,32,32,32,0,5,1,43,60,-17,32.0,49.5,-17.5,0,0,0,0
74e12f1e,38,3420,38,38,38,0,0,1,36,39,-3,32.3,51.2,-18.9,0,0,0,0
7527558b,28,1540,17,16,8,12,3,1,20,31,-11,20.8,26.4,-5.7,0,0,0,0
758dd7f0,21,1758,19,20,18,1,17,0,17,31,-14,16.5,32.4,-15.9,0,0,0,0
75f2c59f,32,1624,18,18,6,14,0,1,23,34,-11,22.8,24.1,-1.3,0,0,0,0
76b5cbbd,0,0,0,0,0,0,4,0,0,0,0,0.0,0.0,0.0,0,0,0,0
76c131da,9,229,2,2,0,7,10,4,2,2,0,2.1,2.6,-0.6,0,0,0,0
76dd1480,27,2259,25,25,20,2,2,1,31,40,-9,26.3,37.5,-11.3,0,0,0,0
76eca7e2,27,2430,27,27,27,0,9,1,29,41,-12,35.9,36.8,-0.9,2430,27,27,27
76fa5f80,1,71,0,1,0,0,16,0,0,2,-2,0.2,1.0,-0.7,0,0,0,0
78549904,0,0,0,0,0,0,35,0,0,0,0,0.0,0.0,0.0,0,0,0,0
78803d03,25,2016,22,23,19,2,10,1,16,23,-7,18.6,28.6,-10.1,0,0,0,0
78b8ac63,11,276,3,2,0,9,2,0,3,5,-2,3.3,5.3,-2.0,0,0,0,0
7914b9fe,27,2086,23,24,22,3,7,1,35,24,11,33.5,22.5,11.0,0,0,0,0
7a11550b,23,1902,21,21,21,2,6,1,47,22,25,41.1,18.6,22.5,0,0,0,0
7a1f2c08,12,442,4,4,4,8,17,1,3,6,-3,6.2,6.9,-0.7,0,0,0,0
7ad65188,0,0,0,0,0,0,1,0,0,0,0,0.0,0.0,0.0,0,0,0,0
7b4de647,38,3420,38,38,38,0,0,1,45,61,-16,38.8,59.2,-20.4,3420,38,38,38
7ba6d84e,37,3330,37,37,37,0,0,2,67,28,39,55.3,40.1,15.2,3330,37,37,37
7bb5f40e,30,2093,23,23,13,7,1,0,24,32,-8,23.1,26.2,-3.1,0,0,0,0
7bc34048,17,1243,13,14,10,3,5,0,10,27,-17,11.9,22.0,-10.1,0,0,0,0
7c104bb7,7,159,1,1,0,6,10,1,7,6,1,3.7,3.6,0.1,0,0,0,0
7c2a398c,3,198,2,3,1,0,0,1,4,3,1,4.4,3.8,0.6,0,0,0,0
7c4243d4,11,754,8,9,4,2,9,0,4,16,-12,6.3,13.2,-7.0,0,0,0,0
7ca2d989,1,90,1,1,1,0,37,1,1,1,0,0.2,1.3,-1.1,90,1,1,1
7ca9f0f0,2,46,0,0,0,2,4,0,0,0,0,0.4,0.4,0.0,0,0,0,0
7d2d3329,8,378,4,4,2,4,0,0,6,9,-3,6.8,5.8,1.0,0,0,0,0
7d41b619,25,1856,20,20,19,5,11,1,20,29,-9,19.3,31.5,-12.3,0,0,0,0
7dbbe367,25,1923,21,22,16,3,0,0,20,35,-15,21.9,26.4,-4.5,0,0,0,0
7edfbb8a,0,0,0,0,0,0,3,0,0,0,0,0.0,0.0,0.0,0,0,0,0
7ef24097,0,0,0,0,0,0,3,0,0,0,0,0.0,0.0,0.0,0,0,0,0
7f4f3e49,35,2596,28,30,19,5,0,0,29,49,-20,26.9,43.6,-16.8,0,0,0,0
7fe90ccd,22,1098,12,12,5,10,9,2,21,15,6,21.7,11.6,10.1,0,0,0,0
7fec31a0,28,1947,21,21,19,7,10,1,30,41,-11,23.0,34.2,-11.1,0,0,0,0
80c31c97,32,2817,31,32,31,0,1,1,48,52,-4,40.9,41.7,-0.8,0,0,0,0
810e3c74,33,1817,20,20,3,13,4,2,41,18,23,29.6,23.2,6.4,0,0,0,0
819aa8e7,36,2492,27,28,15,8,2,1,33,28,5,33.3,33.1,0.2,0,0,0,0
819b3158,30,1517,16,15,9,15,4,2,44,14,30,32.9,12.5,20.4,0,0,0,0
81b906e7,0,0,0,0,0,0,3,0,0,0,0,0.0,0.0,0.0,0,0,0,0
82b1198a,5,381,4,4,4,1,29,2,10,3,7,8.0,4.7,3.2,381,5,4,4
82dbf623,16,238,2,1,0,15,13,1,5,2,3,7.7,4.5,3.2,0,0,0,0
82e34b69,29,1844,20,20,13,9,1,0,24,28,-4,26.4,23.9,2.5,0,0,0,0
8309b068,1,90,1,1,1,0,8,0,0,2,-2,0.5,1.6,-1.1,0,0,0,0
833fb62e,8,278,3,3,0,5,4,1,1,7,-6,1.6,4.7,-3.0,0,0,0,0
8397a50c,4,201,2,3,1,1,4,1,1,5,-4,1.0,3.7,-2.7,0,0,0,0
839c14e1,32,2794,31,32,29,0,0,1,31,44,-13,33.5,35.2,-1.7,0,0,0,0
84e6ea11,0,0,0,0,0,0,6,0,0,0,0,0.0,0.0,0.0,0,0,0,0
85b011bb,15,1292,14,14,14,1,17,1,12,24,-12,15.5,18.7,-3.2,1292,15,14,14
861e0116,5,335,3,4,3,1,1,0,2,6,-4,1.9,5.6,-3.7,0,0,0,0
864a3eba,0,0,0,0,0,0,1,0,0,0,0,0.0,0.0,0.0,0,0,0,0
867239d3,27,2148,23,25,19,2,0,2,48,20,28,39.1,25.8,13.3,0,0,0,0
86dd77d1,32,2785,30,32,29,0,4,2,87,22,65,64.8,19.6,45.2,0,0,0,0
87449a74,1,20,0,0,0,1,2,0,0,2,-2,0.0,1.0,-1.0,0,0,0,0
87575fd9,16,683,7,5,4,11,0,2,19,1,18,13.8,7.4,6.5,0,0,0,0
875898c7,28,2520,28,28,28,0,6,0,27,42,-15,26.3,33.6,-7.3,0,0,0,0
87935cf3,19,1600,17,18,17,1,2,1,24,23,1,26.0,22.0,4.1,0,0,0,0
8816329f,28,1784,19,19,12,9,0,1,17,22,-5,20.6,24.4,-3.8,0,0,0,0
881e5db7,0,0,0,0,0,0,9,0,0,0,0,0.0,0.0,0.0,0,0,0,0
885b7aa7,0,0,0,0,0,0,3,0,0,0,0,0.0,0.0,0.0,0,0,0,0
88ced02c,0,0,0,0,0,0,1,0,0,0,0,0.0,0.0,0.0,0,0,0,0
892d5bb1,36,2950,32,34,22,2,0,1,49,51,-2,42.0,40.5,1.5,0,0,0,0
89cbc961,4,121,1,1,0,3,3,1,2,2,0,1.3,1.8,-0.5,0,0,0,0
89d10e53,10,800,8,9,6,1,10,2,18,14,4,14.0,10.9,3.1,0,0,0,0
89e4b358,7,523,5,5,5,2,2,0,2,6,-4,5.3,4.3,1.0,0,0,0,0
8a7ff278,19,1613,17,19,16,0,4,1,16,25,-9,23.2,20.3,2.9,0,0,0,0
8aa5f52c,28,2210,24,24,21,4,5,1,26,45,-19,25.3,33.3,-8.0,0,0,0,0
8aadeaef,1,7,0,0,0,1,5,3,1,0,1,0.1,0.0,0.1,0,0,0,0
8abd0c03,12,994,11,12,10,0,5,1,18,17,1,14.2,13.9,0.3,0,0,0,0
8ae9869d,37,3265,36,37,35,0,0,1,28,53,-25,30.1,46.6,-16.5,0,0,0,0
8aec0537,38,2928,32,35,11,3,0,1,34,46,-12,34.0,40.1,-6.0,0,0,0,0
8b04d6c1,23,1670,18,19,14,4,8,0,18,30,-12,16.6,21.2,-4.6,0,0,0,0
8b0d6fe9,3,164,1,1,1,2,5,1,2,3,-1,1.5,2.3,-0.8,0,0,0,0
8b6e0db2,1,5,0,0,0,1,0,1,0,0,0,0.0,0.0,0.0,0,0,0,0
8b788c01,30,1582,17,18,5,12,4,2,34,13,21,27.0,22.1,4.9,0,0,0,0
8b8e759d,3,16,0,0,0,3,3,2,0,0,0,0.1,0.1,0.0,0,0,0,0
8b9ebd03,36,1890,21,20,11,16,1,1,35,19,16,28.0,16.9,11.1,0,0,0,0
8bfcc23b,0,0,0,0,0,0,2,0,0,0,0,0.0,0.0,0.0,0,0,0,0
8cceca90,9,547,6,7,3,2,10,0,4,14,-10,4.5,11.8,-7.3,0,0,0,0
8d228291,24,1037,11,10,3,14,1,0,14,15,-1,15.3,10.5,4.8,0,0,0,0
8d3c902d,33,2799,31,32,27,1,0,1,41,57,-16,29.5,43.8,-14.3,0,0,0,0
8d62d31a,0,0,0,0,0,0,1,0,0,0,0,0.0,0.0,0.0,0,0,0,0
8df7a2fb,29,2610,29,29,29,0,0,1,27,27,0,24.9,39.6,-14.6,0,0,0,0
8e65a5e5,11,990,11,11,11,0,18,1,16,14,2,17.6,11.4,6.1,990,11,11,11
8f160d73,0,0,0,0,0,0,3,0,0,0,0,0.0,0.0,0.0,0,0,0,0
8f62b6ee,36,3240,36,36,36,0,0,2,72,35,37,62.7,32.3,30.4,3240,36,36,36
8f866fe8,28,1081,12,11,3,17,10,0,13,17,-4,12.4,13.5,-1.2,0,0,0,0
8f898ba8,7,450,5,5,2,2,1,0,5,8,-3,4.5,6.0,-1.5,0,0,0,0
90f87966,8,688,7,8,6,0,5,1,9,11,-2,7.3,8.7,-1.3,0,0,0,0
914ab9a1,28,2330,25,27,24,1,1,1,31,43,-12,30.5,34.8,-4.3,0,0,0,0
91b43c98,0,0,0,0,0,0,1,0,0,0,0,0.0,0.0,0.0,0,0,0,0
91bdc54a,2,33,0,0,0,2,9,1,0,1,-1,0.0,1.0,-1.0,0,0,0,0
92232aad,0,0,0,0,0,0,1,0,0,0,0,0.0,0.0,0.0,0,0,0,0
9228b07c,33,1900,21,20,8,13,2,1,27,24,3,22.3,25.9,-3.6,0,0,0,0
92e7e919,37,2317,25,27,7,10,1,2,56,18,38,45.9,21.5,24.3,0,0,0,0
9306d5ea,30,2398,26,29,17,1,2,0,20,39,-19,21.1,35.6,-14.5,0,0,0,0
9319781b,0,0,0,0,0,0,1,0,0,0,0,0.0,0.0,0.0,0,0,0,0
9328b835,38,3420,38,38,38,0,0,0,28,56,-28,31.6,58.6,-27.0,3420,38,38,38
935e6b8f,27,2171,24,25,21,2,4,1,52,21,31,42.6,21.9,20.7,0,0,0,0
939bc634,38,3420,38,38,38,0,0,0,28,58,-30,31.3,48.5,-17.2,3420,38,38,38
93ee387c,4,156,1,2,1,2,17,1,1,3,-2,3.2,2.2,0.9,0,0,0,0
94b2001f,23,1349,15,13,11,10,13,2,40,11,29,30.1,11.1,19.0,0,0,0,0
960acc0a,13,1138,12,13,11,0,0,0,10,17,-7,10.0,21.9,-12.0,0,0,0,0
96b99d13,0,0,0,0,0,0,1,0,0,0,0,0.0,0.0,0.0,0,0,0,0
96bb8cc2,15,1277,14,15,13,0,0,1,14,12,2,9.6,19.8,-10.2,0,0,0,0
96e0490d,8,444,4,5,4,3,9,2,5,3,2,4.5,6.1,-1.6,0,0,0,0
97572117,29,2310,25,25,23,4,8,0,23,40,-17,24.8,33.0,-8.2,0,0,0,0
977ffc24,18,625,6,5,1,13,14,0,8,15,-7,8.0,12.4,-4.4,0,0,0,0
980522ec,37,3218,35,37,29,0,0,2,71,33,38,62.2,31.8,30.4,0,0,0,0
984a5a64,3,189,2,2,2,1,11,3,8,4,4,4.5,2.2,2.3,0,0,0,0
987718f5,29,2044,22,23,16,6,6,0,18,30,-12,17.4,32.9,-15.4,0,0,0,0
989d5705,34,2331,25,29,13,5,1,1,17,28,-11,19.0,35.1,-16.1,0,0,0,0
98be0d02,24,1238,13,12,5,12,12,0,9,30,-21,11.2,21.9,-10.6,0,0,0,0
99246027,0,0,0,0,0,0,1,0,0,0,0,0.0,0.0,0.0,0,0,0,0
99813635,12,308,3,1,0,11,2,2,4,1,3,4.6,1.4,3.2,0,0,0,0
9a104dee,14,986,11,12,5,2,2,1,10,13,-3,11.8,12.8,-1.0,0,0,0,0
9a8c6673,6,166,1,1,0,5,10,1,2,9,-7,0.9,5.4,-4.4,0,0,0,0
9a9c05db,26,2295,25,25,25,1,8,1,28,26,2,22.1,32.9,-10.8,0,0,0,0
9aa186b2,23,1674,18,19,16,4,10,0,13,28,-15,16.2,22.9,-6.7,0,0,0,0
9aacb284,20,985,10,11,4,9,11,1,11,17,-6,10.8,15.8,-4.9,0,0,0,0
9c318325,20,1193,13,12,10,8,6,1,27,16,11,22.2,16.5,5.8,0,0,0,0
9c74fa25,0,0,0,0,0,0,3,0,0,0,0,0.0,0.0,0.0,0,0,0,0
9c94165b,11,790,8,8,7,3,10,2,14,2,12,12.4,6.7,5.7,0,0,0,0
9d107085,35,3002,33,34,30,1,1,1,36,50,-14,31.9,51.7,-19.8,0,0,0,0
9d597f08,2,32,0,0,0,2,10,0,0,1,-1,0.3,1.1,-0.8,0,0,0,0
9dab6e3b,3,270,3,3,3,0,26,0,3,7,-4,2.6,4.8,-2.1,270,3,3,3
9dbb75ca,32,2202,24,26,10,6,1,1,51,28,23,46.9,27.4,19.5,0,0,0,0
9e525177,7,627,7,7,6,0,7,1,10,10,0,9.7,10.2,-0.5,0,0,0,0
9e53837d,3,180,2,2,1,1,13,1,0,7,-7,1.3,4.8,-3.5,0,0,0,0
9e5c080a,0,0,0,0,0,0,1,0,0,0,0,0.0,0.0,0.0,0,0,0,0
9f472354,30,1582,17,15,5,15,3,1,18,28,-10,20.5,24.0,-3.6,0,0,0,0
9f736ed2,32,1995,22,22,8,10,3,1,27,33,-6,23.2,32.2,-9.0,0,0,0,0
9fa0a0b8,1,71,0,1,0,0,2,0,0,1,-1,0.2,0.6,-0.4,0,0,0,0
9feb8f24,36,3139,34,36,33,0,1,0,30,55,-25,33.6,52.2,-18.6,0,0,0,0
a0666d3e,15,990,11,11,2,4,2,0,13,16,-3,12.1,12.1,0.1,0,0,0,0
a1232f4e,13,1001,11,11,11,2,5,2,24,6,18,17.9,11.9,6.0,0,0,0,0
a179d516,3,270,3,3,3,0,35,1,6,4,2,4.2,2.9,1.3,270,3,3,3
a1d5bd30,35,1813,20,17,7,18,2,2,34,16,18,29.1,19.3,9.8,0,0,0,0
a32204c9,4,71,0,0,0,4,6,0,1,3,-2,1.0,1.4,-0.4,0,0,0,0
a350680b,0,0,0,0,0,0,8,0,0,0,0,0.0,0.0,0.0,0,0,0,0
a36d4785,3,25,0,0,0,3,9,2,0,0,0,0.0,0.7,-0.6,0,0,0,0
a39bb753,34,2422,26,28,11,6,1,1,43,27,16,40.8,23.8,17.0,0,0,0,0
a3b03921,2,82,0,1,0,1,3,0,1,2,-1,1.0,0.6,0.5,0,0,0,0
a3f1897f,0,0,0,0,0,0,3,0,0,0,0,0.0,0.0,0.0,0,0,0,0
a440d8ca,6,438,4,5,3,1,7,1,7,8,-1,5.4,7.4,-2.0,0,0,0,0
a498e276,24,1834,20,20,16,4,5,1,23,31,-8,21.1,27.2,-6.1,0,0,0,0
a53649b7,3,20,0,0,0,3,8,0,0,1,-1,0.3,0.4,-0.1,0,0,0,0
a634b9d2,2,180,2,2,2,0,11,0,2,3,-1,2.0,2.2,-0.2,0,0,0,0
a65ce836,26,2091,23,24,19,2,3,2,56,29,27,46.5,23.7,22.8,0,0,0,0
a67a09fb,25,1921,21,21,20,4,11,1,34,35,-1,28.0,29.1,-1.1,0,0,0,0
a681b7b7,0,0,0,0,0,0,2,0,0,0,0,0.0,0.0,0.0,0,0,0,0
a6951bf8,7,169,1,1,0,6,12,2,2,6,-4,3.3,4.3,-1.0,0,0,0,0
a6de6361,4,305,3,4,3,0,7,1,5,4,1,3.1,5.0,-1.9,305,4,4,3
a6e316c1,20,1318,14,15,12,5,14,0,16,30,-14,17.3,21.2,-4.0,0,0,0,0
a7b41270,0,0,0,0,0,0,1,0,0,0,0,0.0,0.0,0.0,0,0,0,0
a9142dc3,21,1596,17,17,15,4,9,0,12,29,-17,26.4,24.6,1.8,0,0,0,0
aa51343f,5,138,1,2,0,3,3,0,2,8,-6,1.2,4.5,-3.3,0,0,0,0
aa5859cb,33,1820,20,18,15,15,2,0,14,34,-20,14.7,26.8,-12.0,0,0,0,0
aa8e289e,12,576,6,7,3,5,5,1,4,12,-8,6.1,8.0,-1.9,0,0,0,0
ab070c55,31,2240,24,24,21,7,0,1,27,36,-9,36.3,33.1,3.3,0,0,0,0
ab651565,31,1945,21,22,13,9,4,0,14,31,-17,21.0,26.0,-5.1,0,0,0,0
ab7263c1,2,109,1,1,0,1,7,1,1,0,1,1.3,0.7,0.6,0,0,0,0
abe66106,25,843,9,7,0,18,0,2,21,12,9,18.0,10.2,7.9,0,0,0,0
ac05f970,21,1354,15,16,8,5,0,1,13,23,-10,13.1,20.3,-7.2,0,0,0,0
ac7d7378,9,458,5,5,3,4,18,0,3,15,-12,3.2,7.6,-4.4,0,0,0,0
ac861941,34,2824,31,32,27,2,3,2,59,30,29,53.8,26.5,27.3,0,0,0,0
ad1ffcfd,19,1410,15,17,10,2,10,1,26,23,3,16.8,20.4,-3.6,0,0,0,0
ad7b19ef,31,2376,26,28,13,3,2,1,32,36,-4,39.2,30.3,8.8,0,0,0,0
ae0a7ddf,34,2845,31,31,31,3,1,1,33,37,-4,35.9,40.6,-4.7,0,0,0,0
af721f98,22,1087,12,10,4,12,8,1,20,23,-3,17.7,18.8,-1.1,0,0,0,0
aff418dc,11,411,4,5,1,6,21,0,2,7,-5,5.4,8.0,-2.5,0,0,0,0
b070482d,9,55,0,0,0,9,11,0,1,3,-2,1.9,2.2,-0.3,0,0,0,0
b0c71810,26,1219,13,11,3,15,6,0,18,24,-6,14.8,17.4,-2.6,0,0,0,0
b1313ec4,18,1333,14,15,9,3,8,1,7,15,-8,8.6,23.7,-15.0,0,0,0,0
b170cfa2,0,0,0,0,0,0,1,0,0,0,0,0.0,0.0,0.0,0,0,0,0
b18095b6,22,1909,21,22,20,0,1,1,22,34,-12,23.0,26.5,-3.5,0,0,0,0
b1b25949,16,1440,16,16,16,0,6,1,14,21,-7,15.6,22.8,-7.2,1440,16,16,16
b217ef29,25,1997,22,22,22,3,1,2,53,27,26,46.8,21.8,24.9,0,0,0,0
b27b49b4,7,148,1,1,1,6,10,0,1,2,-1,1.5,2.5,-1.1,0,0,0,0
b28bbd58,36,3120,34,35,26,1,1,1,39,48,-9,47.9,42.8,5.1,0,0,0,0
b2bc3b1f,29,2549,28,28,26,1,0,1,42,31,11,44.3,30.7,13.6,0,0,0,0
b318a643,36,2767,30,32,23,4,1,0,25,48,-23,27.6,40.1,-12.5,0,0,0,0
b3379356,0,0,0,0,0,0,11,0,0,0,0,0.0,0.0,0.0,0,0,0,0
b3576b7c,0,0,0,0,0,0,3,0,0,0,0,0.0,0.0,0.0,0,0,0,0
b400bde0,33,2587,28,29,19,4,1,2,82,23,59,63.1,17.1,46.0,0,0,0,0
b581987a,16,751,8,7,3,9,5,1,14,12,2,11.2,9.9,1.4,0,0,0,0
b63f4077,17,611,6,5,1,12,4,1,5,12,-7,6.5,12.7,-6.2,0,0,0,0
b66315ae,29,1668,18,19,5,10,3,2,54,12,42,41.5,10.2,31.3,0,0,0,0
b6964eb6,29,2536,28,28,28,1,6,2,46,24,22,36.2,32.7,3.5,0,0,0,0
b7084daf,0,0,0,0,0,0,1,0,0,0,0,0.0,0.0,0.0,0,0,0,0
b73e459a,0,0,0,0,0,0,30,0,0,0,0,0.0,0.0,0.0,0,0,0,0
b7d082af,31,2041,22,23,14,8,6,1,26,27,-1,27.5,32.5,-4.9,0,0,0,0
b827d5b3,34,2538,28,30,19,4,1,1,35,39,-4,35.6,34.9,0.7,0,0,0,0
b92dd711,5,302,3,4,0,1,2,0,2,1,1,4.1,3.1,1.0,0,0,0,0
b98570d1,34,2674,29,30,25,4,0,0,22,41,-19,28.3,36.7,-8.3,0,0,0,0
b9fbae28,34,2994,33,34,30,0,0,1,54,32,22,48.8,28.1,20.7,0,0,0,0
ba1e04b3,21,1563,17,18,14,3,4,1,18,29,-11,16.5,23.6,-7.1,0,0,0,0
ba23a904,36,3203,35,36,34,0,0,1,67,31,36,59.6,30.6,29.0,0,0,0,0
bb5fbd2b,36,1851,20,18,10,18,2,1,11,29,-18,16.8,28.3,-11.5,0,0,0,0
bcf30f17,4,131,1,1,1,3,6,1,0,4,-4,2.1,2.8,-0.7,0,0,0,0
bd1d1cbb,2,98,1,1,1,1,9,1,1,0,1,1.3,1.2,0.1,0,0,0,0
bd8a7d05,10,537,6,7,1,3,7,0,5,7,-2,5.9,6.5,-0.6,0,0,0,0
bda6ffd4,16,903,10,9,6,7,18,0,5,17,-12,8.3,12.9,-4.6,0,0,0,0
bddd8ba3,0,0,0,0,0,0,1,0,0,0,0,0.0,0.0,0.0,0,0,0,0
be927d03,30,2442,27,28,21,2,2,1,44,26,18,37.0,31.8,5.3,0,0,0,0
beaec218,0,0,0,0,0,0,3,0,0,0,0,0.0,0.0,0.0,0,0,0,0
bf54c8cc,13,311,3,4,0,9,2,0,1,8,-7,2.6,7.7,-5.1,0,0,0,0
c0e27d1a,10,840,9,9,8,1,3,1,17,13,4,10.5,11.1,-0.6,0,0,0,0
c204f844,10,236,2,1,0,9,18,2,6,2,4,4.8,3.6,1.2,0,0,0,0
c24dba2a,31,1498,16,16,4,15,7,1,19,30,-11,20.3,24.1,-3.8,0,0,0,0
c3e39f12,20,1800,20,20,20,0,18,0,20,30,-10,23.7,25.3,-1.6,1800,20,20,20
c5942695,4,139,1,1,0,3,7,0,1,2,-1,0.4,2.9,-2.6,0,0,0,0
c596fcb0,28,1981,22,23,9,5,1,1,27,33,-6,25.2,30.7,-5.6,0,0,0,0
c5b7c315,30,2560,28,29,27,1,4,1,30,46,-16,29.2,40.7,-11.6,0,0,0,0
c5bdb6e3,3,145,1,2,0,1,4,2,3,3,0,1.7,2.3,-0.5,0,0,0,0
c5f13182,6,221,2,2,0,4,2,1,2,5,-3,1.5,2.2,-0.7,0,0,0,0
c61f1719,13,1050,11,12,11,1,3,1,18,19,-1,13.3,17.0,-3.7,0,0,0,0
c6896eab,23,1588,17,19,10,4,8,1,13,26,-13,15.9,24.5,-8.7,0,0,0,0
c691bfe2,29,2190,24,28,9,1,3,1,53,20,33,49.4,17.4,31.9,0,0,0,0
c76c717c,0,0,0,0,0,0,8,0,0,0,0,0.0,0.0,0.0,0,0,0,0
c7aee75b,1,1,0,0,0,1,2,0,0,0,0,0.0,0.0,0.0,0,0,0,0
c81d773d,0,0,0,0,0,0,7,0,0,0,0,0.0,0.0,0.0,0,0,0,0
c908a1bc,0,0,0,0,0,0,3,0,0,0,0,0.0,0.0,0.0,0,0,0,0
c92e1a31,21,830,9,7,0,14,11,0,15,17,-2,15.4,8.8,6.6,0,0,0,0
c951a6df,26,1374,15,15,8,11,8,1,12,25,-13,15.3,24.0,-8.8,0,0,0,0
ca2bc3df,32,1984,22,23,11,9,3,1,26,32,-6,25.6,29.4,-3.8,0,0,0,0
ca9178af,8,198,2,1,0,7,6,1,0,2,-2,2.6,1.9,0.7,0,0,0,0
caa1a7f0,1,9,0,0,0,1,0,1,0,0,0,0.5,0.5,0.0,0,0,0,0
caffaf5a,24,2051,22,23,21,1,8,0,22,31,-9,25.6,27.0,-1.4,0,0,0,0
cb4f24c6,19,1710,19,19,19,0,16,0,18,39,-21,17.5,26.8,-9.2,1710,19,19,19
cc2d7ad5,11,950,10,10,10,1,18,0,6,12,-6,8.6,15.7,-7.1,0,0,0,0
cc70a1d5,35,3150,35,35,35,0,0,0,32,61,-29,33.8,57.7,-23.9,3150,35,35,35
ccd1bb4d,0,0,0,0,0,0,2,0,0,0,0,0.0,0.0,0.0,0,0,0,0
cd1acf9d,19,1573,17,18,14,1,16,1,39,17,22,33.8,15.7,18.1,0,0,0,0
cda0b317,0,0,0,0,0,0,30,0,0,0,0,0.0,0.0,0.0,0,0,0,0
cde3309f,10,900,10,10,10,0,25,0,10,15,-5,10.9,15.9,-5.0,900,10,10,10
ce4246f5,34,2888,32,32,31,2,0,0,33,50,-17,32.2,49.7,-17.5,0,0,0,0
ce5143da,28,1194,13,12,5,16,2,1,20,21,-1,20.1,16.6,3.5,0,0,0,0
ce9c203e,1,75,0,1,0,0,2,3,2,1,1,1.6,2.1,-0.6,0,0,0,0
cea4ee8f,36,2958,32,34,18,2,0,2,63,28,35,54.1,25.7,28.5,0,0,0,0
cee31595,33,2431,27,27,18,6,2,1,34,35,-1,37.1,31.4,5.7,0,0,0,0
cf15bbb1,23,1521,16,17,11,6,5,1,16,21,-5,20.1,20.9,-0.7,0,0,0,0
cfd5e123,25,2236,24,25,23,0,2,1,25,36,-11,26.4,31.3,-4.9,0,0,0,0
cfe6238d,15,1306,14,15,12,0,1,0,10,18,-8,11.9,21.8,-10.0,0,0,0,0
d0042ab9,15,1184,13,13,13,2,12,1,16,14,2,14.6,15.9,-1.3,0,0,0,0
d07e3b41,14,587,6,5,1,9,1,0,11,12,-1,9.8,8.8,1.1,0,0,0,0
d080ed5e,24,1347,15,14,8,10,7,0,14,18,-4,15.5,18.6,-3.1,0,0,0,0
d0b3ceb9,37,3330,37,37,37,0,0,0,30,55,-25,36.3,46.6,-10.3,3330,37,37,37
d2424d1b,24,1853,20,20,16,4,8,1,32,30,2,29.2,24.8,4.4,0,0,0,0
d24e154c,0,0,0,0,0,0,3,0,0,0,0,0.0,0.0,0.0,0,0,0,0
d2bff301,17,1394,15,17,14,0,5,2,37,12,25,29.4,10.6,18.8,0,0,0,0
d2fd7c14,0,0,0,0,0,0,6,0,0,0,0,0.0,0.0,0.0,0,0,0,0
d328a254,16,764,8,8,4,8,4,1,7,11,-4,7.2,11.3,-4.1,0,0,0,0
d368feb8,38,3420,38,38,38,0,0,0,28,56,-28,31.6,58.6,-27.0,0,0,0,0
d3ce0e89,0,0,0,0,0,0,1,0,0,0,0,0.0,0.0,0.0,0,0,0,0
d436eb94,19,1710,19,19,19,0,18,1,44,24,20,36.7,20.2,16.6,1710,19,19,19
d4cb83cc,28,2243,24,26,23,2,2,1,48,29,19,48.7,27.9,20.8,0,0,0,0
d56543a0,26,2004,22,23,15,3,9,1,25,38,-13,23.0,32.2,-9.2,0,0,0,0
d596e193,24,2128,23,24,23,0,9,1,32,40,-8,29.5,33.1,-3.6,2128,24,24,23
d5dd5f1f,13,1057,11,12,10,1,0,1,26,15,11,19.5,15.6,3.9,0,0,0,0
d6f88a1d,12,761,8,9,5,3,3,1,13,18,-5,10.5,11.5,-1.0,0,0,0,0
d73892ac,0,0,0,0,0,0,1,0,0,0,0,0.0,0.0,0.0,0,0,0,0
d7492450,15,1195,13,12,10,3,13,1,16,21,-5,15.5,18.7,-3.2,0,0,0,0
d790907f,22,1252,13,14,7,8,10,1,15,26,-11,15.0,22.3,-7.300000000000001,0,0,0,0
d79a8c87,12,822,9,9,8,3,6,1,14,17,-3,15.1,15.8,-0.7,0,0,0,0
d822a850,4,275,3,3,3,1,29,0,0,7,-7,1.8,5.4,-3.6,275,4,3,3
d8931174,38,3420,38,38,38,0,0,1,56,60,-4,50.0,48.1,1.9,0,0,0,0
d93c2511,13,634,7,7,6,6,10,2,8,3,5,7.3,5.9,1.4,0,0,0,0
d9cfca3d,23,596,6,4,0,19,9,1,16,16,0,8.8,11.0,-2.2,0,0,0,0
da052c14,36,2852,31,33,22,3,0,0,26,49,-23,27.9,48.3,-20.4,0,0,0,0
da2b8db3,1,17,0,0,0,1,1,0,0,1,-1,0.0,0.7,-0.7,0,0,0,0
da7b447d,31,2534,28,29,26,2,1,2,53,21,32,46.8,23.2,23.6,0,0,0,0
db975607,0,0,0,0,0,0,1,0,0,0,0,0.0,0.0,0.0,0,0,0,0
dc6f5bdd,12,866,9,10,5,2,7,1,22,14,8,15.3,12.5,2.8,0,0,0,0
dd0daf32,26,1716,19,20,5,6,1,3,38,17,21,33.2,21.7,11.4,0,0,0,0
de112b84,25,1148,12,13,5,12,11,0,10,25,-15,12.0,22.7,-10.7,0,0,0,0
def899bd,23,1973,21,23,21,0,3,1,37,11,26,34.6,21.2,13.4,0,0,0,0
df540668,8,456,5,6,2,2,13,0,3,12,-9,4.1,8.9,-4.8,0,0,0,0
e06683ca,26,2254,25,25,25,1,3,2,40,28,12,39.4,23.1,16.3,0,0,0,0
e0900238,18,846,9,8,6,10,2,2,20,11,9,16.1,11.9,4.3,0,0,0,0
e0991c04,9,640,7,8,5,1,11,2,13,8,5,7.9,11.5,-3.7,0,0,0,0
e0bc6fdc,5,280,3,3,2,2,7,1,3,4,-1,4.1,3.2,0.9,0,0,0,0
e150254d,0,0,0,0,0,0,3,0,0,0,0,0.0,0.0,0.0,0,0,0,0
e2716bd0,29,2430,27,28,20,1,1,2,79,18,61,56.7,17.0,39.6,0,0,0,0
e342ad68,36,2907,32,34,17,2,0,1,77,30,47,64.3,27.0,37.3,0,0,0,0
e3a5814e,15,914,10,8,8,7,11,1,17,16,1,14.3,14.3,0.0,0,0,0,0
e46012d4,37,3073,34,36,22,1,1,2,93,22,71,69.8,19.2,50.6,0,0,0,0
e514ab62,2,166,1,2,1,0,4,0,2,6,-4,1.8,4.0,-2.2,0,0,0,0
e58a03c6,35,1958,21,23,8,12,1,1,19,31,-12,23.2,32.1,-8.8,0,0,0,0
e5d01ecf,23,1713,19,19,13,4,1,1,27,34,-7,23.4,28.0,-4.6,0,0,0,0
e61b8aee,38,3260,36,37,30,1,0,1,72,50,22,64.4,46.9,17.5,0,0,0,0
e726e11e,28,2110,23,25,14,3,5,1,38,20,18,30.4,21.2,9.2,0,0,0,0
e76cb9cc,9,672,7,7,5,2,3,1,8,11,-3,8.4,11.2,-2.7,0,0,0,0
e77dc3b2,21,596,6,5,3,16,14,2,11,4,7,12.6,4.6,8.0,0,0,0,0
e7ca0439,28,2387,26,27,25,1,6,1,40,32,8,39.4,30.4,9.0,0,0,0,0
e860c42f,34,3030,33,34,31,0,1,0,26,50,-24,25.4,52.0,-26.6,0,0,0,0
e9208654,24,1904,21,21,15,3,12,0,15,31,-16,15.5,27.6,-12.1,0,0,0,0
e92cd3f7,4,360,4,4,4,0,5,0,4,9,-5,3.3,7.4,-4.1,0,0,0,0
e97fd090,24,1874,20,21,17,3,0,1,28,30,-2,29.9,26.7,3.2,0,0,0,0
eaeca114,38,3353,37,37,36,1,0,1,44,59,-15,37.9,56.9,-19.0,0,0,0,0
eb58eef0,33,2387,26,27,21,6,2,2,60,23,37,50.7,25.4,25.2,0,0,0,0
eb7822d7,36,3118,34,35,33,1,0,2,64,26,38,51.9,37.1,14.8,0,0,0,0
ebd0a048,13,993,11,11,7,2,2,1,14,15,-1,16.5,12.7,3.8,0,0,0,0
ec7e6ad1,26,1920,21,22,15,4,9,1,22,23,-1,23.1,25.1,-2.0,0,0,0,0
ec9a28ce,20,1124,12,11,9,9,6,1,10,22,-12,8.9,18.1,-9.1,0,0,0,0
ed083afd,0,0,0,0,0,0,2,0,0,0,0,0.0,0.0,0.0,0,0,0,0
ed1e53f3,5,49,0,0,0,5,8,3,4,1,3,2.1,0.2,1.9,0,0,0,0
eed56f6c,14,289,3,2,0,12,7,2,2,4,-2,3.5,5.5,-2.0,0,0,0,0
ef619b0b,24,1846,20,21,16,3,0,1,42,25,17,42.8,23.0,19.8,0,0,0,0
efe6f6ac,3,163,1,2,1,1,5,0,0,9,-9,1.7,4.5,-2.8,0,0,0,0
f0021247,13,1022,11,12,6,1,1,1,13,14,-1,9.8,15.3,-5.5,0,0,0,0
f07be45a,31,2268,25,27,7,4,3,1,30,33,-3,25.9,31.8,-5.9,0,0,0,0
f15a50e8,22,1119,12,12,6,10,12,0,8,23,-15,9.5,14.0,-4.5,0,0,0,0
f1e8372d,24,1088,12,11,2,13,2,0,18,21,-3,12.2,20.8,-8.6,0,0,0,0
f23f9d20,0,0,0,0,0,0,33,0,0,0,0,0.0,0.0,0.0,0,0,0,0
f2428fd4,0,0,0,0,0,0,1,0,0,0,0,0.0,0.0,0.0,0,0,0,0
f25b010f,30,2676,29,30,29,0,4,0,24,44,-20,23.0,47.0,-23.9,0,0,0,0
f2f29dda,35,2192,24,25,10,10,1,1,25,36,-11,26.3,29.0,-2.7,0,0,0,0
f3709655,1,83,0,1,0,0,3,3,3,2,1,1.7,1.9,-0.3,0,0,0,0
f3945e07,0,0,0,0,0,0,6,0,0,0,0,0.0,0.0,0.0,0,0,0,0
f42456eb,1,18,0,0,0,1,9,1,1,1,0,0.8,1.0,-0.2,0,0,0,0
f4290206,33,2855,31,33,28,0,1,1,48,30,18,44.0,26.7,17.3,0,0,0,0
f520049f,11,622,6,6,5,5,15,4,15,7,8,13.9,6.7,7.2,0,0,0,0
f522d7ec,0,0,0,0,0,0,2,0,0,0,0,0.0,0.0,0.0,0,0,0,0
f573a8bf,0,0,0,0,0,0,6,0,0,0,0,0.0,0.0,0.0,0,0,0,0
f586779e,31,1726,19,15,9,16,2,0,15,31,-16,16.9,31.8,-14.8,0,0,0,0
f5b114ca,0,0,0,0,0,0,2,0,0,0,0,0.0,0.0,0.0,0,0,0,0
f5deef4c,17,1285,14,13,13,4,9,2,26,14,12,21.4,17.0,4.4,0,0,0,0
f5e6d08d,21,1570,17,17,15,4,6,1,15,29,-14,18.0,23.5,-5.5,0,0,0,0
f5efb153,25,2225,24,25,23,0,1,1,46,32,14,44.6,29.5,15.1,0,0,0,0
f631c17f,15,367,4,2,0,13,10,0,6,12,-6,4.8,5.6,-0.8,0,0,0,0
f6d7d690,2,8,0,0,0,2,12,2,0,0,0,0.1,0.3,-0.2,0,0,0,0
f72293fc,35,2833,31,32,23,3,1,1,29,33,-4,26.8,41.9,-15.1,0,0,0,0
f76e6b4e,19,1710,19,19,19,0,19,1,30,29,1,19.2,28.4,-9.2,1710,19,19,19
f7d50789,14,1178,13,13,13,1,1,1,25,13,12,20.7,10.1,10.6,0,0,0,0
f7ee69fb,28,1879,20,21,8,7,2,1,41,22,19,36.2,21.2,15.0,0,0,0,0
f874dd44,35,3051,33,34,33,1,0,1,67,44,23,61.4,41.9,19.5,0,0,0,0
f8fcd2a5,28,2270,25,26,22,2,1,0,21,38,-17,26.5,30.8,-4.3,0,0,0,0
fa031b34,38,2823,31,32,22,6,0,1,31,54,-23,36.1,45.3,-9.2,0,0,0,0
fad4d5e8,0,0,0,0,0,0,4,0,0,0,0,0.0,0.0,0.0,0,0,0,0
faf55ce4,17,1323,14,14,13,3,4,0,17,32,-15,15.4,28.9,-13.5,0,0,0,0
fb2dec57,21,827,9,8,2,13,5,0,5,14,-9,10.6,13.0,-2.3,0,0,0,0
fc166e49,1,14,0,0,0,1,4,0,0,0,0,0.0,0.3,-0.3,0,0,0,0
fd3f57ce,10,645,7,6,4,4,9,0,0,14,-14,8.7,9.6,-0.9,0,0,0,0
fdd85f94,35,3119,34,35,33,0,0,1,31,50,-19,33.8,45.4,-11.6,0,0,0,0
fe012aca,1,17,0,1,0,0,0,0,0,0,0,0.0,0.0,0.0,0,0,0,0
fefce889,0,0,0,0,0,0,8,0,0,0,0,0.0,0.0,0.0,0,0,0,0
ff527768,29,2400,26,28,23,1,4,1,35,45,-10,23.2,38.0,-14.9,0,0,0,0
ff9fcd4d,14,998,11,12,6,2,2,0,8,12,-4,9.4,13.3,-3.9,0,0,0,0
ffec9769,16,381,4,3,1,13,7,2,6,4,2,5.3,3.5,1.8,0,0,0,0
