id,MP,Min,90s,Starts,Compl,Subs,unSub,onG,onGA,+/-,onxG,onxGA,xG+/-,MinGK,MPGK,StartsGK,90sGK
00459419,28,1990,22,24,10,4,0,28,33,-5,27.4,33.4,-6.0,0,0,0,0
00963611,4,148,1,3,0,1,3,1,1,0,2.9,2.4,0.5,0,0,0,0
01226327,24,2160,24,24,24,0,1,26,42,-16,32.1,34.2,-2.1,0,0,0,0
02b29014,35,3062,34,34,33,1,0,51,56,-5,45.3,52.8,-7.5,0,0,0,0
0356cf4f,0,0,0,0,0,0,1,0,0,0,0.0,0.0,0.0,0,0,0,0
03e48abb,2,75,0,0,0,2,6,1,1,0,0.9,1.0,-0.1,0,0,0,0
0420d84f,29,2558,28,29,27,0,3,43,30,13,37.3,34.4,2.9,0,0,0,0
0442183b,18,1254,13,14,10,4,3,22,26,-4,20.2,20.2,0.0,0,0,0,0
059948df,3,112,1,1,1,2,7,1,1,0,1.0,2.7,-1.7,0,0,0,0
074d8166,2,23,0,0,0,2,2,2,2,0,1.0,1.2,-0.2,0,0,0,0
07802f7f,24,1651,18,23,5,1,2,23,27,-4,25.2,20.5,4.7,0,0,0,0
07ace8c3,3,52,0,0,0,3,5,0,1,-1,1.3,0.5,0.8,0,0,0,0
08452314,19,1020,11,12,3,7,5,11,16,-5,8.6,18.5,-9.9,0,0,0,0
08aa17d0,6,466,5,5,4,1,3,7,5,2,9.5,4.8,4.7,0,0,0,0
099e666f,10,791,8,8,7,2,6,8,15,-7,9.4,10.6,-1.2,0,0,0,0
09fec029,34,3039,33,34,33,0,0,28,63,-35,37.4,54.8,-17.4,0,0,0,0
0bad4516,34,3060,34,34,34,0,2,44,38,6,49.5,36.5,13.0,0,0,0,0
0bb6d386,0,0,0,0,0,0,6,0,0,0,0.0,0.0,0.0,0,0,0,0
0beeb166,0,0,0,0,0,0,1,0,0,0,0.0,0.0,0.0,0,0,0,0
0d267745,18,1236,13,14,13,4,17,36,7,29,35.2,7.5,27.6,0,0,0,0
0d4ceb32,13,318,3,3,0,10,21,6,7,-1,4.2,8.1,-3.9,0,0,0,0
0d85a4e8,7,630,7,7,7,0,15,10,20,-10,7.6,15.4,-7.8,630,7,7,7
0db5d2c8,24,2147,23,24,23,0,7,11,38,-27,16.9,32.8,-15.9,0,0,0,0
0f7533cd,27,1424,15,16,7,11,11,19,30,-11,17.6,25.9,-8.3,0,0,0,0
10072610,0,0,0,0,0,0,2,0,0,0,0.0,0.0,0.0,0,0,0,0
101da2b5,29,2377,26,27,21,2,0,70,15,55,61.2,18.4,42.8,0,0,0,0
10b9fa99,0,0,0,0,0,0,4,0,0,0,0.0,0.0,0.0,0,0,0,0
10efd0e1,32,2244,24,27,14,5,2,26,54,-28,30.2,44.3,-14.1,0,0,0,0
111c3236,11,725,8,8,5,3,6,22,9,13,18.9,8.4,10.5,0,0,0,0
119b9a8e,35,3057,34,34,33,1,1,88,21,67,73.2,22.5,50.7,0,0,0,0
11b9265b,2,154,1,2,1,0,16,5,2,3,3.0,1.6,1.4,0,0,0,0
129af0db,16,941,10,11,4,5,1,15,11,4,15.5,10.1,5.4,0,0,0,0
12aa7661,28,2393,26,27,25,1,3,37,39,-2,36.0,39.6,-3.6,0,0,0,0
12c50af5,4,71,0,0,0,4,4,1,1,0,0.1,2.0,-1.9,0,0,0,0
1598599e,31,2092,23,23,19,8,4,31,29,2,30.1,28.0,2.1,0,0,0,0
15d561fa,1,18,0,0,0,1,4,0,0,0,0.5,0.2,0.3,0,0,0,0
15ea812b,35,3086,34,35,34,0,1,42,63,-21,41.3,55.5,-14.2,0,0,0,0
15f3ec41,10,393,4,4,1,6,3,10,5,5,7.8,4.1,3.8,0,0,0,0
16380240,24,1735,19,20,10,4,3,35,24,11,29.6,26.2,3.4,0,0,0,0
165bed61,5,245,2,3,0,2,4,4,2,2,2.5,4.2,-1.7,0,0,0,0
16ceb862,27,847,9,7,2,20,9,24,5,19,19.5,8.9,10.6,0,0,0,0
17370b95,22,1752,19,19,18,3,12,17,29,-12,16.5,23.6,-7.1,0,0,0,0
17695062,0,0,0,0,0,0,3,0,0,0,0.0,0.0,0.0,0,0,0,0
1770bd68,17,754,8,9,1,8,14,12,9,3,10.2,10.6,-0.3,0,0,0,0
178ae8f8,33,2355,26,29,9,4,0,32,29,3,35.1,27.1,8.0,0,0,0,0
189cee7b,25,1334,14,14,2,11,4,27,20,7,20.7,24.2,-3.5,0,0,0,0
18b896d6,33,2871,31,33,30,0,2,50,35,15,46.4,31.7,14.7,0,0,0,0
18b999f4,7,108,1,0,0,7,14,0,3,-3,0.5,3.0,-2.5,0,0,0,0
1900032e,23,2027,22,23,20,0,7,29,31,-2,26.1,31.5,-5.4,0,0,0,0
1931bde9,5,405,4,5,3,0,5,2,6,-4,2.9,4.2,-1.3,0,0,0,0
1961b2aa,27,1980,22,24,15,3,0,28,28,0,28.8,30.7,-1.9,0,0,0,0
19b8b0b9,2,39,0,0,0,2,2,1,2,-1,0.7,0.6,0.1,0,0,0,0
19ba6c6d,31,1778,19,19,8,12,2,12,36,-24,14.5,26.1,-11.6,0,0,0,0
19e50035,0,0,0,0,0,0,15,0,0,0,0.0,0.0,0.0,0,0,0,0
1a2935f6,13,986,11,11,10,2,6,30,7,23,21.5,8.7,12.7,0,0,0,0
1a4ef233,9,641,7,7,6,2,1,10,9,1,7.0,8.2,-1.2,0,0,0,0
1ae30132,19,1670,18,19,17,0,12,22,27,-5,23.8,28.0,-4.2,0,0,0,0
1b7ec703,18,509,5,4,3,14,17,17,5,12,10.7,6.3,4.4,0,0,0,0
1b84dbe1,35,2965,32,33,31,2,1,46,38,8,44.1,38.7,5.4,0,0,0,0
1bebde9d,2,180,2,2,2,0,4,2,4,-2,1.6,3.0,-1.4,180,2,2,2
1c7012b8,34,3003,33,34,32,0,2,47,47,0,41.8,55.8,-14.0,0,0,0,0
1cb49278,8,617,6,6,6,2,22,16,7,9,13.0,5.6,7.4,0,0,0,0
1d6ac165,20,915,10,10,2,10,4,8,20,-12,8.6,21.2,-12.7,0,0,0,0
1d8c99b0,18,1302,14,14,10,4,6,17,20,-3,15.5,20.6,-5.1,0,0,0,0
1e0b6a73,17,1229,13,13,12,4,1,19,24,-5,17.7,20.4,-2.7,0,0,0,0
1e26e376,0,0,0,0,0,0,29,0,0,0,0.0,0.0,0.0,0,0,0,0
1ecb65be,37,2119,23,24,8,13,1,36,33,3,27.8,29.2,-1.4,0,0,0,0
1f9a3a04,32,2716,30,32,26,0,2,20,65,-45,23.0,50.2,-27.2,0,0,0,0
20b104bc,25,2066,23,25,18,0,0,37,32,5,34.6,30.9,3.6,0,0,0,0
21166ff4,6,372,4,4,3,2,9,5,4,1,8.0,4.9,3.2,0,0,0,0
21512407,27,2276,25,26,23,1,4,43,23,20,35.2,29.7,5.4,0,0,0,0
21a66f6a,28,2424,26,27,23,1,0,50,31,19,38.7,33.7,5.1,0,0,0,0
230255f5,0,0,0,0,0,0,1,0,0,0,0.0,0.0,0.0,0,0,0,0
24396398,13,375,4,3,2,10,13,8,6,2,6.0,8.0,-2.1,0,0,0,0
2513a588,20,986,11,10,3,10,10,14,21,-7,15.1,19.9,-4.8,0,0,0,0
2628fd2b,32,2836,31,31,31,1,6,61,42,19,51.6,46.6,5.1,2835,32,31,31
2642bf6c,38,3420,38,38,38,0,0,34,69,-35,42.4,61.5,-19.1,3420,38,38,38
2649ff32,0,0,0,0,0,0,1,0,0,0,0.0,0.0,0.0,0,0,0,0
26679cdf,18,940,10,9,7,9,19,8,17,-9,6.9,20.2,-13.3,0,0,0,0
2691c772,37,2388,26,26,16,11,1,35,41,-6,34.9,39.2,-4.4,0,0,0,0
2696b6a9,2,38,0,0,0,2,1,0,1,-1,1.2,0.5,0.7,0,0,0,0
26f6dca8,10,686,7,8,4,2,0,13,12,1,8.9,14.3,-5.4,0,0,0,0
2797fc1d,0,0,0,0,0,0,1,0,0,0,0.0,0.0,0.0,0,0,0,0
282f75f3,36,3151,35,36,34,0,0,31,55,-24,32.0,55.2,-23.2,0,0,0,0
28300a16,0,0,0,0,0,0,13,0,0,0,0.0,0.0,0.0,0,0,0,0
2876eaa3,2,28,0,0,0,2,5,0,2,-2,0.1,0.4,-0.3,0,0,0,0
28b40c9c,26,2047,22,25,20,1,5,18,49,-31,24.6,39.4,-14.8,0,0,0,0
28d596a0,36,3240,36,36,36,0,2,61,39,22,56.4,35.4,21.1,3240,36,36,36
2928dca2,38,3420,38,38,38,0,0,47,46,1,52.1,42.1,10.1,0,0,0,0
29733c72,22,1289,14,16,5,6,11,28,15,13,23.1,19.5,3.5,0,0,0,0
2973d8ff,11,750,8,9,1,2,3,18,11,7,12.4,9.6,2.8,0,0,0,0
2acd49b9,29,2330,25,27,19,2,1,45,28,17,35.9,33.5,2.4,0,0,0,0
2afc7272,13,723,8,8,5,5,2,15,10,5,13.1,12.4,0.7,0,0,0,0
2b114be3,31,1867,20,21,11,10,6,54,14,40,49.8,14.2,35.7,0,0,0,0
2b471f99,21,1613,17,18,13,3,2,16,37,-21,21.8,27.7,-5.9,0,0,0,0
2b622f01,32,2121,23,25,12,7,4,40,18,22,34.4,27.5,6.8,0,0,0,0
2b91cf8e,11,858,9,9,8,2,9,9,15,-6,7.7,14.7,-7.0,0,0,0,0
2c0f8e9e,20,880,9,9,1,11,3,19,10,9,16.5,14.9,1.6,0,0,0,0
2ce2508a,38,3420,38,38,38,0,0,51,53,-2,47.6,50.1,-2.5,0,0,0,0
2e4f5f03,36,3216,35,36,33,0,1,81,20,61,68.2,27.0,41.1,0,0,0,0
2f4c5a52,25,1997,22,24,12,1,2,20,39,-19,24.8,30.6,-5.7,0,0,0,0
2f6ec02a,0,0,0,0,0,0,3,0,0,0,0.0,0.0,0.0,0,0,0,0
2f7acede,26,1597,17,17,14,9,2,34,17,17,25.1,20.7,4.4,0,0,0,0
2f90f6b8,31,1789,19,19,11,12,2,45,12,33,38.1,15.1,23.0,0,0,0,0
2ff964a0,16,1215,13,14,10,2,0,12,22,-10,10.9,24.5,-13.6,0,0,0,0
31dce0c8,3,39,0,0,0,3,2,1,0,1,0.4,0.5,-0.1,0,0,0,0
3201b03d,6,292,3,3,1,3,7,4,4,0,3.9,3.8,0.1,0,0,0,0
321a71a7,26,2250,25,25,23,1,8,27,53,-26,29.9,44.0,-14.1,0,0,0,0
3233eefd,7,331,3,4,3,3,6,5,2,3,5.5,2.4,3.1,0,0,0,0
32e7ce92,0,0,0,0,0,0,1,0,0,0,0.0,0.0,0.0,0,0,0,0
32f60ed8,26,663,7,5,0,21,10,10,12,-2,12.7,10.5,2.2,0,0,0,0
3312f911,30,1670,18,18,11,12,4,23,26,-3,24.1,28.0,-4.0,0,0,0,0
33508c78,6,180,2,1,1,5,9,2,2,0,3.7,0.8,2.9,0,0,0,0
33af5b9e,32,2141,23,23,13,9,3,18,46,-28,25.6,41.8,-16.2,0,0,0,0
34ccf6fa,12,1080,12,12,12,0,26,20,18,2,17.5,17.9,-0.4,1080,12,12,12
3515d404,26,1945,21,21,19,5,9,28,41,-13,27.2,33.3,-6.0,0,0,0,0
356a9a62,3,185,2,2,1,1,9,2,5,-3,1.6,4.5,-3.0,0,0,0,0
35e413f1,0,0,0,0,0,0,1,0,0,0,0.0,0.0,0.0,0,0,0,0
3626f7d9,23,2013,22,23,22,0,4,33,32,1,30.0,33.9,-3.9,0,0,0,0
36c2ca73,25,2250,25,25,25,0,8,28,44,-16,30.7,36.8,-6.1,2250,25,25,25
3727dd3c,16,948,10,10,8,6,7,11,13,-2,11.4,14.7,-3.3,0,0,0,0
3730fcbc,28,1959,21,22,16,6,3,14,40,-26,21.7,39.1,-17.4,0,0,0,0
381d7d54,4,29,0,0,0,4,3,0,2,-2,0.1,1.5,-1.3,0,0,0,0
3831b9fe,3,228,2,3,1,0,12,3,6,-3,3.2,2.5,0.6,0,0,0,0
38c7feef,2,21,0,0,0,2,1,1,0,1,1.8,0.0,1.8,0,0,0,0
3925dbd6,37,3280,36,37,35,0,0,33,78,-45,39.7,64.0,-24.2,0,0,0,0
3935e52e,24,1887,21,22,16,2,5,37,29,8,32.3,29.2,3.2,0,0,0,0
39583cfd,30,2066,23,26,6,4,0,34,29,5,29.2,32.4,-3.1,0,0,0,0
3a24769f,27,1245,13,13,3,14,9,28,13,15,23.8,10.9,12.9,0,0,0,0
3a949a25,38,3420,38,38,38,0,0,42,48,-6,39.1,53.6,-14.5,3420,38,38,38
3bb7b8b4,38,3420,38,38,38,0,0,95,23,72,84.3,24.7,59.6,3420,38,38,38
3be1a627,1,38,0,0,0,1,3,1,2,-1,1.5,0.6,0.9,0,0,0,0
3ca7254a,31,1778,19,21,9,10,2,31,19,12,29.9,18.6,11.4,0,0,0,0
3e5e4e63,31,2786,31,31,30,0,0,48,56,-8,44.4,47.8,-3.5,0,0,0,0
3ea50f67,16,1004,11,11,3,5,1,19,16,3,21.0,11.2,9.8,0,0,0,0
3eb22ec9,36,2854,31,31,27,5,1,78,22,56,69.6,22.3,47.3,0,0,0,0
3f2587ee,0,0,0,0,0,0,2,0,0,0,0.0,0.0,0.0,0,0,0,0
3f2d59fe,31,2611,29,31,25,0,4,51,40,11,45.7,43.1,2.6,0,0,0,0
3fe6bd8c,26,1990,22,21,20,5,2,23,27,-4,19.8,30.3,-10.5,0,0,0,0
4047c976,13,693,7,5,3,8,4,5,17,-12,10.5,12.7,-2.2,0,0,0,0
4115ce4e,25,2151,23,24,23,1,1,32,37,-5,28.8,34.1,-5.2,0,0,0,0
41cc19c2,6,67,0,0,0,6,4,2,1,1,2.2,1.1,1.1,0,0,0,0
41fb0f4e,8,338,3,3,1,5,11,8,5,3,6.7,5.9,0.8,0,0,0,0
422862ea,9,270,3,3,1,6,11,1,7,-6,3.0,5.5,-2.5,0,0,0,0
43458538,35,2961,32,34,20,1,0,48,57,-9,44.1,46.5,-2.5,0,0,0,0
436a9dd0,22,1403,15,16,9,6,3,33,18,15,27.5,20.8,6.7,0,0,0,0
43a166b4,12,371,4,4,1,8,13,11,2,9,7.8,2.9,4.9,0,0,0,0
44361ade,4,34,0,0,0,4,4,1,1,0,0.6,1.5,-0.9,0,0,0,0
4468ec10,34,1985,22,23,5,11,1,32,29,3,31.8,23.6,8.2,0,0,0,0
44781702,27,1844,20,20,18,7,7,36,26,10,29.5,23.8,5.6,0,0,0,0
449949f4,0,0,0,0,0,0,1,0,0,0,0.0,0.0,0.0,0,0,0,0
44bfb6c5,35,3007,33,34,31,1,2,41,43,-2,45.9,36.7,9.2,0,0,0,0
450ab6fc,32,2745,30,32,29,0,1,29,36,-7,30.7,41.9,-11.2,0,0,0,0
4535e4bb,34,3060,34,34,34,0,0,31,55,-24,32.4,53.2,-20.9,3060,34,34,34
45963054,34,2726,30,30,17,4,0,45,36,9,44.5,34.9,9.6,0,0,0,0
45ab2170,0,0,0,0,0,0,1,0,0,0,0.0,0.0,0.0,0,0,0,0
45da6694,18,1520,16,17,15,1,4,26,22,4,17.1,24.8,-7.8,0,0,0,0
45db685d,37,3156,35,37,28,0,1,57,37,20,52.8,34.6,18.2,0,0,0,0
46b5375e,1,1,0,0,0,1,0,0,0,0,0.1,0.0,0.1,0,0,0,0
4701e130,1,1,0,0,0,1,0,0,0,0,0.0,0.0,0.0,0,0,0,0
47a34c4f,8,380,4,5,1,3,21,7,5,2,6.0,5.9,0.1,0,0,0,0
47b7e3af,29,2330,25,25,24,4,0,18,48,-30,20.8,38.5,-17.6,0,0,0,0
47e0ce24,0,0,0,0,0,0,12,0,0,0,0.0,0.0,0.0,0,0,0,0
4806ec67,38,3420,38,38,38,0,0,54,46,8,49.7,45.7,4.0,3420,38,38,38
4830e0af,2,48,0,1,0,1,0,1,3,-2,0.6,1.5,-0.9,0,0,0,0
4871d0e8,0,0,0,0,0,0,1,0,0,0,0.0,0.0,0.0,0,0,0,0
495945ef,34,2824,31,31,30,3,3,44,55,-11,39.0,48.7,-9.7,0,0,0,0
49deb548,0,0,0,0,0,0,2,0,0,0,0.0,0.0,0.0,0,0,0,0
4b3f2936,0,0,0,0,0,0,2,0,0,0,0.0,0.0,0.0,0,0,0,0
4b511457,31,2136,23,25,15,6,2,29,37,-8,28.2,35.0,-6.8,0,0,0,0
4b6bcb0d,2,69,0,1,0,1,2,2,1,1,0.4,1.8,-1.4,0,0,0,0
4c370d81,34,2607,29,31,15,3,0,65,15,50,55.6,20.2,35.4,0,0,0,0
4d034881,33,2459,27,31,8,2,1,72,15,57,58.9,17.7,41.2,0,0,0,0
4d5a9185,0,0,0,0,0,0,3,0,0,0,0.0,0.0,0.0,0,0,0,0
4e015693,1,1,0,0,0,1,1,0,0,0,0.0,0.0,0.0,0,0,0,0
4e229bf9,0,0,0,0,0,0,5,0,0,0,0.0,0.0,0.0,0,0,0,0
4e9a0555,38,2588,28,29,13,9,0,35,49,-14,34.1,42.7,-8.6,0,0,0,0
4f974391,20,1589,17,18,16,2,7,21,26,-5,19.7,25.2,-5.5,0,0,0,0
4fb9c88f,0,0,0,0,0,0,1,0,0,0,0.0,0.0,0.0,0,0,0,0
50b51fac,7,245,2,2,2,5,0,1,4,-3,2.8,3.7,-1.0,0,0,0,0
51b41c5c,14,834,9,10,7,4,5,16,9,7,12.5,6.4,6.1,0,0,0,0
51cf8561,14,1151,12,14,12,0,7,29,4,25,27.3,5.4,22.0,0,0,0,0
52105203,10,663,7,7,7,3,9,16,10,6,10.5,11.0,-0.5,0,0,0,0
52611641,34,2382,26,24,20,10,0,55,38,17,41.0,38.0,3.0,0,0,0,0
5271c8f1,10,900,10,10,10,0,1,29,6,23,22.7,7.2,15.5,0,0,0,0
531a4aa8,23,1712,19,20,14,3,1,27,29,-2,22.2,25.9,-3.7,0,0,0,0
5343eb4e,17,524,5,5,1,12,10,6,10,-4,7.4,9.8,-2.4,0,0,0,0
53af52f3,38,3420,38,38,38,0,0,51,48,3,52.4,43.7,8.7,3420,38,38,38
53cad200,38,3402,37,38,37,0,0,63,39,24,58.5,36.1,22.4,0,0,0,0
5534217d,28,2474,27,28,27,0,1,25,52,-27,30.2,42.7,-12.5,0,0,0,0
56f7a928,13,1086,12,13,7,0,0,19,14,5,19.0,12.2,6.8,0,0,0,0
57df7a11,23,1759,19,19,18,4,12,31,29,2,27.9,33.6,-5.6,0,0,0,0
58eee997,3,117,1,1,1,2,0,1,2,-1,2.6,2.1,0.5,0,0,0,0
59e6e5bf,35,1784,19,19,13,16,2,29,26,3,27.5,21.7,5.8,0,0,0,0
5a4280b1,6,514,5,5,5,1,23,4,9,-5,4.7,9.8,-5.1,0,0,0,0
5a7301ae,19,1467,16,17,13,2,8,22,21,1,22.4,20.4,2.0,0,0,0,0
5acc4a10,33,2944,32,33,30,0,0,44,48,-4,39.9,49.3,-9.4,0,0,0,0
5bddccc9,20,1182,13,13,7,7,10,4,30,-26,9.7,23.3,-13.5,0,0,0,0
5c0c30cc,0,0,0,0,0,0,1,0,0,0,0.0,0.0,0.0,0,0,0,0
5c2b4f07,8,564,6,6,4,2,11,12,9,3,9.8,7.5,2.3,0,0,0,0
5cec2487,25,2167,24,24,24,1,0,25,41,-16,23.3,37.7,-14.4,0,0,0,0
5e508d0d,19,753,8,7,2,12,6,8,19,-11,9.6,17.2,-7.6,0,0,0,0
5ea8ef20,33,2149,23,23,19,10,4,47,32,15,38.1,32.9,5.2,0,0,0,0
5eae500a,32,2136,23,22,18,10,1,38,38,0,35.8,33.9,1.9,0,0,0,0
5eebbfdf,25,1348,15,14,7,11,3,14,18,-4,15.3,22.0,-6.7,0,0,0,0
5eecec3d,24,1764,19,20,18,4,10,48,15,33,41.5,14.9,26.7,0,0,0,0
5ef608f7,1,45,0,1,0,0,1,0,0,0,0.2,0.5,-0.3,0,0,0,0
5f0241b2,29,2610,29,29,29,0,6,23,56,-33,31.5,49.0,-17.4,2610,29,29,29
5f09991f,36,3195,35,36,33,0,2,44,46,-2,44.1,46.3,-2.2,0,0,0,0
601ef102,2,24,0,0,0,2,5,0,1,-1,0.7,0.6,0.0,0,0,0,0
603e4f0b,0,0,0,0,0,0,1,0,0,0,0.0,0.0,0.0,0,0,0,0
60740e70,0,0,0,0,0,0,1,0,0,0,0.0,0.0,0.0,0,0,0,0
6250083a,8,220,2,2,0,6,13,4,1,3,2.3,4.4,-2.1,0,0,0,0
6265208f,16,596,6,5,4,11,12,3,15,-12,5.2,12.7,-7.5,0,0,0,0
63d17038,3,270,3,3,3,0,32,4,2,2,5.0,3.1,2.0,270,3,3,3
6421ec64,24,1064,11,11,4,13,13,34,6,28,24.1,9.6,14.5,0,0,0,0
6438d426,16,1251,13,15,5,1,0,14,26,-12,17.6,25.5,-7.9,0,0,0,0
645a3363,2,27,0,0,0,2,1,0,1,-1,0.5,0.5,0.0,0,0,0,0
64b08de7,1,15,0,0,0,1,6,0,0,0,0.0,0.0,0.0,0,0,0,0
653ee42d,30,2485,27,29,26,1,1,26,45,-19,26.3,44.5,-18.2,0,0,0,0
65585e3a,12,552,6,6,1,6,6,2,16,-14,3.9,11.4,-7.5,0,0,0,0
6639e500,15,599,6,6,1,9,9,8,13,-5,8.9,9.6,-0.7,0,0,0,0
6813ac34,26,2092,23,23,20,3,7,35,35,0,30.8,33.4,-2.7,0,0,0,0
68796d61,21,288,3,1,0,20,8,7,4,3,4.8,4.1,0.7,0,0,0,0
68dc0dac,16,793,8,8,3,8,8,8,10,-2,12.2,9.3,2.9,0,0,0,0
692e9958,0,0,0,0,0,0,1,0,0,0,0.0,0.0,0.0,0,0,0,0
6992791d,23,1031,11,11,3,12,0,12,24,-12,15.4,17.4,-2.0,0,0,0,0
6a189491,1,5,0,0,0,1,2,0,0,0,0.0,0.2,-0.2,0,0,0,0
6a39bd42,0,0,0,0,0,0,1,0,0,0,0.0,0.0,0.0,0,0,0,0
6aa3e78b,35,2300,25,26,19,9,1,23,60,-37,28.7,48.8,-20.1,0,0,0,0
6adbc307,24,1700,18,19,17,5,8,18,35,-17,21.7,28.4,-6.7,0,0,0,0
6b47c5db,38,3296,36,37,33,1,0,48,47,1,49.4,42.4,6.9,0,0,0,0
6bb2c084,22,1517,16,16,9,6,4,13,32,-19,18.3,29.3,-11.0,0,0,0,0
6c203af0,28,1774,19,17,11,11,6,16,32,-16,16.9,30.8,-13.8,0,0,0,0
6c679c6d,30,1837,20,18,10,12,4,20,38,-18,17.7,34.6,-16.9,0,0,0,0
6c753e99,0,0,0,0,0,0,1,0,0,0,0.0,0.0,0.0,0,0,0,0
6c7762c3,12,888,9,10,9,2,11,22,11,11,15.9,14.4,1.5,0,0,0,0
6ca5ec4b,35,1970,21,22,7,13,1,42,32,10,37.8,30.9,6.9,0,0,0,0
6cafd68d,5,362,4,4,4,1,1,3,10,-7,3.1,7.1,-4.0,0,0,0,0
6cc47ae1,26,1236,13,12,7,14,9,11,21,-10,14.9,20.6,-5.6,0,0,0,0
6cdd8245,13,478,5,4,3,9,2,6,7,-1,5.7,12.7,-7.0,0,0,0,0
6d5701f2,13,892,9,10,9,3,6,15,13,2,14.9,15.9,-1.1,0,0,0,0
6d6f09dc,7,212,2,2,0,5,3,4,6,-2,4.2,2.8,1.3,0,0,0,0
6eaed4eb,12,1054,11,12,11,0,1,16,13,3,14.1,14.7,-0.5,0,0,0,0
711a6e59,0,0,0,0,0,0,1,0,0,0,0.0,0.0,0.0,0,0,0,0
71672fa0,7,584,6,7,6,0,29,12,9,3,8.4,7.6,0.8,585,7,7,6
71a08f97,15,841,9,10,5,5,4,10,26,-16,7.2,19.6,-12.4,0,0,0,0
71ef519e,36,2928,32,35,21,1,0,35,40,-5,31.9,44.1,-12.2,0,0,0,0
723ba189,1,45,0,0,0,1,1,0,1,-1,0.1,0.7,-0.6,0,0,0,0
72a0fb65,38,3376,37,37,37,1,0,34,67,-33,42.1,59.8,-17.7,0,0,0,0
72c812f3,33,2822,31,32,28,1,0,41,31,10,41.2,37.4,3.9,0,0,0,0
7314bba4,35,3087,34,35,34,0,0,32,54,-22,32.7,54.1,-21.4,0,0,0,0
73489527,6,448,5,6,2,0,3,3,14,-11,3.2,11.8,-8.5,0,0,0,0
7391c2d9,0,0,0,0,0,0,1,0,0,0,0.0,0.0,0.0,0,0,0,0
73b1d65b,0,0,0,0,0,0,2,0,0,0,0.0,0.0,0.0,0,0,0,0
73d9bdc7,6,92,1,0,0,6,3,3,3,0,4.2,2.0,2.2,0,0,0,0
74947a21,0,0,0,0,0,0,1,0,0,0,0.0,0.0,0.0,0,0,0,0
74b2cd7e,24,1874,20,20,20,4,12,24,36,-12,23.5,39.2,-15.7,0,0,0,0
74e12f1e,37,3312,36,37,36,0,0,43,63,-20,43.2,58.9,-15.7,0,0,0,0
758dd7f0,18,1101,12,12,10,6,17,14,16,-2,13.4,17.6,-4.2,0,0,0,0
75a72a99,35,3123,34,35,33,0,3,46,45,1,47.5,39.4,8.2,0,0,0,0
75f2c59f,33,2815,31,33,23,0,0,42,53,-11,42.1,47.9,-5.8,0,0,0,0
76bca47e,0,0,0,0,0,0,2,0,0,0,0.0,0.0,0.0,0,0,0,0
76c131da,1,5,0,0,0,1,2,1,0,1,0.6,0.0,0.6,0,0,0,0
76dd1480,38,3117,34,36,17,2,0,51,41,10,46.9,40.2,6.7,0,0,0,0
76eca7e2,18,1576,17,17,17,1,15,16,26,-10,19.4,23.3,-3.9,1575,18,17,17
76fa5f80,6,403,4,4,2,2,11,7,9,-2,6.1,9.1,-3.0,0,0,0,0
77128f7e,1,3,0,0,0,1,1,0,0,0,0.0,0.0,0.0,0,0,0,0
78803d03,14,1131,12,14,9,0,9,10,17,-7,11.2,19.1,-7.9,0,0,0,0
78e68b4d,8,594,6,5,5,3,18,7,10,-3,5.9,8.7,-2.7,0,0,0,0
7914b9fe,2,24,0,0,0,2,8,0,0,0,0.5,0.3,0.2,0,0,0,0
7956236f,0,0,0,0,0,0,2,0,0,0,0.0,0.0,0.0,0,0,0,0
79b0d6a0,37,3329,37,37,36,0,0,45,46,-1,49.3,41.5,7.8,3330,37,37,37
79c0821a,32,1735,19,21,2,11,4,26,19,7,26.1,20.9,5.2,0,0,0,0
7a11550b,16,1063,11,12,11,4,2,17,4,13,20.8,9.6,11.2,0,0,0,0
7a1f2c08,0,0,0,0,0,0,17,0,0,0,0.0,0.0,0.0,0,0,0,0
7a2e46a8,38,3420,38,38,38,0,0,89,22,67,73.7,28.8,44.9,3420,38,38,38
7b4de647,24,2160,24,24,24,0,12,32,47,-15,32.4,35.7,-3.2,2160,24,24,24
7ba6d84e,38,3420,38,38,38,0,0,65,54,11,61.4,50.6,10.8,3420,38,38,38
7c104bb7,21,618,6,3,2,18,9,13,8,5,12.4,8.7,3.7,0,0,0,0
7d2d3329,9,595,6,7,4,2,4,5,4,1,6.0,9.4,-3.3,0,0,0,0
7d41b619,18,1439,16,16,15,2,12,16,37,-21,15.9,26.3,-10.4,0,0,0,0
7d675f6f,0,0,0,0,0,0,1,0,0,0,0.0,0.0,0.0,0,0,0,0
7eb67dad,28,1948,21,19,15,9,10,17,42,-25,22.0,37.3,-15.3,0,0,0,0
7f3b388c,28,2017,22,21,19,7,6,56,14,42,45.8,17.4,28.4,0,0,0,0
7fe90ccd,4,128,1,1,1,3,19,1,0,1,2.0,0.8,1.2,0,0,0,0
7fec31a0,25,1739,19,19,15,6,1,32,33,-1,30.8,28.8,2.0,0,0,0,0
80c31c97,22,1925,21,21,19,1,9,28,26,2,28.3,24.7,3.6,0,0,0,0
810e3c74,27,1663,18,19,7,8,2,35,26,9,33.3,23.0,10.3,0,0,0,0
819aa8e7,37,2917,32,34,19,3,1,40,35,5,34.8,41.6,-6.8,0,0,0,0
819b3158,31,2137,23,23,17,8,1,60,15,45,50.6,14.9,35.7,0,0,0,0
82726be5,0,0,0,0,0,0,2,0,0,0,0.0,0.0,0.0,0,0,0,0
82dbf623,20,694,7,6,3,14,10,14,8,6,12.4,10.7,1.6,0,0,0,0
82e34b69,32,2545,28,28,21,4,0,42,44,-2,35.5,43.8,-8.3,0,0,0,0
833fb62e,0,0,0,0,0,0,1,0,0,0,0.0,0.0,0.0,0,0,0,0
8397a50c,5,143,1,2,1,3,8,1,4,-3,0.7,3.5,-2.8,0,0,0,0
839c14e1,18,1495,16,16,15,2,0,15,31,-16,18.8,24.8,-6.0,0,0,0,0
849c826a,9,459,5,5,1,4,0,5,6,-1,5.2,6.6,-1.4,0,0,0,0
862a1c15,10,759,8,9,4,1,0,11,11,0,11.3,9.2,2.0,0,0,0,0
867239d3,35,3006,33,34,28,1,2,56,43,13,55.4,40.8,14.6,0,0,0,0
86dd77d1,33,2779,30,30,29,3,4,73,17,56,65.2,19.9,45.3,0,0,0,0
874125a3,3,166,1,2,1,1,2,7,3,4,5.5,2.0,3.5,0,0,0,0
87575fd9,14,752,8,6,6,8,3,14,14,0,11.6,12.0,-0.5,0,0,0,0
875898c7,13,1170,13,13,13,0,4,10,24,-14,16.8,19.4,-2.7,0,0,0,0
87935cf3,27,2416,26,27,26,0,0,29,35,-6,32.2,33.9,-1.7,0,0,0,0
87f7500e,13,877,9,9,8,4,1,9,23,-14,9.5,19.2,-9.7,0,0,0,0
8816329f,28,1493,16,15,8,13,5,19,18,1,14.5,24.0,-9.5,0,0,0,0
892d5bb1,27,1343,14,14,5,13,10,36,9,27,34.0,8.1,25.9,0,0,0,0
89d10e53,26,1798,20,20,14,6,5,35,16,19,28.5,25.4,3.1,0,0,0,0
89e4b358,36,3096,34,35,31,1,1,49,54,-5,44.4,52.9,-8.5,0,0,0,0
8a08491a,14,1085,12,13,5,1,1,16,15,1,16.0,11.5,4.5,0,0,0,0
8a7ff278,7,552,6,6,6,1,25,17,14,3,10.5,8.7,1.8,0,0,0,0
8aa5f52c,26,1927,21,20,20,6,10,29,32,-3,24.6,29.9,-5.3,0,0,0,0
8ae9869d,37,3260,36,37,35,0,0,19,71,-52,27.6,57.7,-30.1,0,0,0,0
8aec0537,25,1864,20,24,9,1,0,18,31,-13,21.4,26.6,-5.1,0,0,0,0
8b04d6c1,31,2760,30,31,27,0,2,39,58,-19,38.2,45.3,-7.1,0,0,0,0
8b788c01,27,1621,18,18,7,9,3,30,25,5,28.2,24.3,3.8,0,0,0,0
8b9ebd03,32,2097,23,26,9,6,5,38,25,13,33.5,23.2,10.3,0,0,0,0
8d228291,25,983,10,11,0,14,10,11,17,-6,12.5,17.0,-4.4,0,0,0,0
8d3c902d,31,1899,21,21,13,10,3,25,30,-5,23.0,28.1,-5.1,0,0,0,0
8df7a2fb,38,3420,38,38,38,0,0,45,68,-23,44.4,62.1,-17.7,0,0,0,0
8e65a5e5,1,90,1,1,1,0,4,3,4,-1,0.7,2.6,-1.9,90,1,1,1
8e9caf48,0,0,0,0,0,0,2,0,0,0,0.0,0.0,0.0,0,0,0,0
8f62b6ee,33,2970,33,33,33,0,0,61,33,28,48.2,41.0,7.2,2970,33,33,33
8f866fe8,12,476,5,4,2,8,0,3,12,-9,6.2,8.5,-2.2,0,0,0,0
914ab9a1,21,1586,17,19,16,2,10,23,26,-3,25.0,29.3,-4.3,0,0,0,0
91b43c98,1,1,0,0,0,1,7,0,1,-1,0.0,0.1,-0.1,0,0,0,0
9228b07c,16,980,10,10,9,6,20,13,19,-6,11.2,14.6,-3.4,0,0,0,0
92e7e919,31,2039,22,23,7,8,2,47,22,25,34.9,25.7,9.2,0,0,0,0
9306d5ea,29,2367,26,29,19,0,2,13,44,-31,20.8,38.9,-18.1,0,0,0,0
9319781b,1,62,0,1,0,0,0,0,1,-1,0.3,2.2,-1.9,0,0,0,0
9328b835,38,3420,38,38,38,0,0,52,55,-3,47.6,61.9,-14.3,3420,38,38,38
935e6b8f,32,1987,22,21,14,11,1,47,14,33,38.6,16.9,21.6,0,0,0,0
939bc634,31,2778,30,30,30,1,3,18,54,-36,22.0,44.1,-22.1,2777,31,30,30
94b2001f,11,807,9,9,8,2,15,19,7,12,20.2,6.2,14.0,0,0,0,0
96bb8cc2,16,720,8,6,2,10,5,8,17,-9,11.1,13.2,-2.1,0,0,0,0
96e0490d,6,443,4,5,4,1,10,5,8,-3,4.7,7.1,-2.4,0,0,0,0
97333cf5,29,1432,15,16,3,13,5,21,26,-5,17.7,23.9,-6.2,0,0,0,0
979b811d,23,693,7,6,0,17,9,10,11,-1,11.4,9.0,2.4,0,0,0,0
980522ec,35,2774,30,30,27,5,1,58,37,21,45.8,40.5,5.3,0,0,0,0
984a5a64,6,376,4,4,4,2,17,13,4,9,6.5,6.3,0.2,0,0,0,0
989d5705,32,2063,22,25,12,7,6,24,44,-20,23.5,37.5,-14.0,0,0,0,0
98be0d02,4,79,0,0,0,4,5,0,2,-2,0.5,2.0,-1.5,0,0,0,0
99813635,13,468,5,5,0,8,11,14,3,11,10.3,2.2,8.1,0,0,0,0
99aa1a84,0,0,0,0,0,0,36,0,0,0,0.0,0.0,0.0,0,0,0,0
99b1d0e6,14,938,10,10,4,4,13,17,18,-1,14.8,15.8,-1.0,0,0,0,0
9a104dee,25,1059,11,10,4,15,11,21,17,4,16.4,14.1,2.3,0,0,0,0
9a28eba4,29,902,10,8,0,21,8,9,13,-4,14.4,12.2,2.3,0,0,0,0
9a9c05db,21,1750,19,19,19,2,14,23,41,-18,20.6,34.1,-13.5,0,0,0,0
9aa186b2,24,1842,20,19,16,5,9,11,36,-25,14.5,30.5,-16.0,0,0,0,0
9aacb284,0,0,0,0,0,0,3,0,0,0,0.0,0.0,0.0,0,0,0,0
9b5ce51a,30,2506,27,29,23,1,2,42,49,-7,40.9,38.9,2.1,0,0,0,0
9c318325,8,392,4,4,3,4,1,7,10,-3,7.3,8.3,-1.0,0,0,0,0
9c74fa25,11,715,7,9,4,2,16,5,20,-15,4.6,16.0,-11.4,0,0,0,0
9c94165b,29,2591,28,29,28,0,0,52,39,13,47.8,37.8,10.0,0,0,0,0
9d107085,21,1585,17,17,15,4,4,25,34,-9,21.1,25.0,-3.9,0,0,0,0
9dab6e3b,0,0,0,0,0,0,9,0,0,0,0.0,0.0,0.0,0,0,0,0
9dbb75ca,35,2502,27,27,18,8,2,51,31,20,40.1,38.3,1.9,0,0,0,0
9dc69d38,11,561,6,4,4,7,3,7,14,-7,8.1,9.4,-1.4,0,0,0,0
9e525177,35,3134,34,35,34,0,0,45,46,-1,43.1,46.0,-2.9,0,0,0,0
9f1893b9,36,3043,33,36,25,0,0,48,49,-1,43.5,54.6,-11.0,0,0,0,0
9f4647e9,33,2220,24,25,15,8,3,32,33,-1,30.4,37.4,-7.0,0,0,0,0
9f472354,26,1272,14,12,2,14,2,16,24,-8,18.5,21.6,-3.1,0,0,0,0
9f736ed2,19,797,8,9,2,10,12,11,23,-12,10.7,16.7,-6.0,0,0,0,0
9fbbcf39,19,1149,12,12,10,7,15,18,17,1,15.6,15.5,0.1,0,0,0,0
a0666d3e,32,2418,26,31,12,1,0,32,39,-7,32.5,38.1,-5.6,0,0,0,0
a0961a90,0,0,0,0,0,0,1,0,0,0,0.0,0.0,0.0,0,0,0,0
a1232f4e,12,638,7,8,5,4,9,14,13,1,10.0,10.4,-0.3,0,0,0,0
a179d516,2,180,2,2,2,0,36,2,0,2,2.1,1.0,1.1,180,2,2,2
a1d5bd30,33,2334,25,26,11,7,2,45,35,10,43.0,28.6,14.4,0,0,0,0
a2b105e0,9,687,7,8,6,1,6,11,9,2,8.9,11.0,-2.1,0,0,0,0
a300ac7e,15,475,5,4,0,11,9,11,13,-2,5.5,8.7,-3.2,0,0,0,0
a39bb753,37,2923,32,32,24,5,0,52,35,17,50.4,31.2,19.1,0,0,0,0
a3b03921,2,64,0,1,0,1,4,1,1,0,1.2,2.1,-0.9,0,0,0,0
a48da055,12,417,4,4,1,8,6,2,12,-10,2.8,11.8,-9.0,0,0,0,0
a4ac4b8f,36,3167,35,36,34,0,0,40,41,-1,47.9,38.0,9.9,0,0,0,0
a53649b7,5,67,0,0,0,5,14,3,3,0,1.9,2.7,-0.8,0,0,0,0
a5ca9127,0,0,0,0,0,0,4,0,0,0,0.0,0.0,0.0,0,0,0,0
a62da625,0,0,0,0,0,0,1,0,0,0,0.0,0.0,0.0,0,0,0,0
a67a09fb,3,207,2,2,2,1,29,2,5,-3,2.4,2.8,-0.4,0,0,0,0
a6de6361,19,1710,19,19,19,0,19,28,27,1,26.5,27.2,-0.7,1710,19,19,19
a712ca2b,33,2970,33,33,33,0,5,48,43,5,42.6,51.4,-8.8,0,0,0,0
a8748947,31,2194,24,24,13,7,1,22,51,-29,24.7,40.5,-15.9,0,0,0,0
a9142dc3,12,793,8,10,6,2,4,10,18,-8,9.5,17.8,-8.2,0,0,0,0
aa1a8c7e,22,986,11,10,3,12,6,6,25,-19,8.9,20.0,-11.1,0,0,0,0
aa5859cb,23,1068,11,10,6,13,4,3,23,-20,8.9,20.0,-11.1,0,0,0,0
aaf1bf05,21,1412,15,16,9,5,5,9,37,-28,11.2,28.4,-17.3,0,0,0,0
ab070c55,16,814,9,9,3,7,4,11,13,-2,12.5,15.1,-2.6,0,0,0,0
ab13a5aa,20,1754,19,20,19,0,17,32,23,9,27.6,24.2,3.3,1755,20,20,19
ab4b3e35,34,2116,23,25,4,9,1,29,19,10,28.9,26.6,2.3,0,0,0,0
ab651565,38,3270,36,36,28,2,0,43,58,-15,45.5,50.5,-5.0,0,0,0,0
abe66106,19,974,10,9,2,10,3,18,12,6,15.0,13.7,1.3,0,0,0,0
ac05f970,33,2103,23,22,15,11,2,29,30,-1,29.2,41.6,-12.4,0,0,0,0
ac861941,20,1506,16,18,12,2,4,26,18,8,25.0,24.0,1.0,0,0,0,0
ad1ffcfd,8,229,2,3,1,5,9,3,4,-1,4.2,2.8,1.4,0,0,0,0
ae0a7ddf,29,2473,27,28,25,1,5,28,40,-12,27.4,41.8,-14.4,0,0,0,0
af245161,2,180,2,2,2,0,17,1,5,-4,2.3,3.9,-1.6,180,2,2,2
af341b88,20,1544,17,17,16,3,11,17,26,-9,20.5,30.3,-9.8,0,0,0,0
af69e7f0,28,2345,26,27,21,1,4,22,53,-31,28.3,46.4,-18.1,0,0,0,0
af721f98,18,994,11,12,2,6,3,8,13,-5,12.1,16.3,-4.2,0,0,0,0
afef14da,4,132,1,0,0,4,6,1,4,-3,0.6,3.5,-2.8,0,0,0,0
b017b770,2,13,0,0,0,2,8,0,0,0,0.5,0.1,0.4,0,0,0,0
b170cfa2,0,0,0,0,0,0,1,0,0,0,0.0,0.0,0.0,0,0,0,0
b18095b6,6,375,4,5,3,1,25,8,6,2,4.9,6.2,-1.3,0,0,0,0
b217ef29,22,1537,17,17,17,5,9,41,12,29,30.9,12.0,18.8,0,0,0,0
b28bbd58,38,3009,33,34,21,4,0,41,46,-5,42.1,41.9,0.3,0,0,0,0
b2bc3b1f,34,3036,33,34,29,0,0,48,49,-1,41.4,43.1,-1.7,0,0,0,0
b2d03887,32,2569,28,31,20,1,1,25,53,-28,28.0,46.3,-18.3,0,0,0,0
b2d31e83,0,0,0,0,0,0,14,0,0,0,0.0,0.0,0.0,0,0,0,0
b30c7426,29,1817,20,22,7,7,4,17,32,-15,26.0,26.6,-0.6,0,0,0,0
b318a643,32,2603,28,30,22,2,3,37,31,6,30.7,38.6,-7.9,0,0,0,0
b400bde0,34,2771,30,31,22,3,4,75,19,56,63.2,19.7,43.4,0,0,0,0
b4b2f632,20,985,10,11,3,9,6,11,18,-7,12.4,18.9,-6.5,0,0,0,0
b561db50,38,3111,34,36,20,2,0,44,40,4,47.0,37.6,9.3,0,0,0,0
b581987a,12,461,5,3,1,9,4,4,7,-3,5.9,9.8,-3.9,0,0,0,0
b66315ae,29,1036,11,8,4,21,7,28,11,17,28.5,8.8,19.7,0,0,0,0
b682dcf6,25,2198,24,25,24,0,3,44,33,11,38.3,33.1,5.2,0,0,0,0
b6964eb6,24,2127,23,24,23,0,4,35,36,-1,35.3,31.8,3.5,0,0,0,0
b73e459a,1,90,1,1,1,0,7,1,1,0,0.7,0.6,0.1,90,1,1,1
b7d082af,29,2166,24,24,20,5,3,21,32,-11,22.2,35.8,-13.6,0,0,0,0
b827d5b3,27,1625,18,18,8,9,2,17,17,0,19.9,23.1,-3.2,0,0,0,0
b853e0ad,17,1041,11,13,5,4,15,18,19,-1,19.2,15.9,3.2,0,0,0,0
b937e490,17,710,7,7,4,10,19,14,9,5,13.8,9.1,4.8,0,0,0,0
b9fbae28,36,3092,34,36,32,0,1,57,38,19,52.1,33.8,18.3,0,0,0,0
ba1e04b3,24,1128,12,12,7,12,10,14,21,-7,14.2,20.2,-5.9,0,0,0,0
ba23a904,22,1911,21,22,18,0,1,33,23,10,32.6,27.3,5.3,0,0,0,0
bb5fbd2b,35,2463,27,30,16,5,1,26,40,-14,28.8,42.7,-14.0,0,0,0,0
bb91617c,0,0,0,0,0,0,26,0,0,0,0.0,0.0,0.0,0,0,0,0
bc7dc64d,1,8,0,0,0,1,2,1,0,1,0.1,0.0,0.1,0,0,0,0
bcfb0142,1,62,0,1,0,0,23,1,3,-2,1.2,1.1,0.1,0,0,0,0
be4fede9,3,88,1,1,0,2,8,0,4,-4,0.7,4.8,-4.1,0,0,0,0
be927d03,30,2569,28,28,27,2,6,50,43,7,45.6,38.2,7.4,0,0,0,0
bf3aeb61,0,0,0,0,0,0,1,0,0,0,0.0,0.0,0.0,0,0,0,0
bf8fad51,0,0,0,0,0,0,11,0,0,0,0.0,0.0,0.0,0,0,0,0
c067631c,15,1086,12,12,10,3,8,12,16,-4,13.2,23.8,-10.6,0,0,0,0
c0e27d1a,36,3238,36,36,35,0,2,60,36,24,55.9,34.8,21.1,0,0,0,0
c24dba2a,29,1366,15,13,5,16,1,23,23,0,18.5,27.7,-9.2,0,0,0,0
c2846353,2,84,0,1,0,1,5,0,3,-3,2.5,1.8,0.8,0,0,0,0
c3e39f12,1,90,1,1,1,0,4,0,3,-3,0.5,1.9,-1.4,90,1,1,1
c4e180f0,0,0,0,0,0,0,1,0,0,0,0.0,0.0,0.0,0,0,0,0
c596fcb0,30,2528,28,29,21,1,0,48,47,1,42.7,40.7,2.0,0,0,0,0
c5b7c315,33,2969,33,33,32,0,2,50,39,11,42.1,40.7,1.4,0,0,0,0
c6896eab,29,2057,22,23,17,6,4,13,55,-42,16.0,42.9,-26.9,0,0,0,0
c691bfe2,36,3077,34,35,25,1,0,79,21,58,65.9,25.3,40.6,0,0,0,0
c73ada83,1,1,0,0,0,1,1,0,0,0,0.0,0.0,0.0,0,1,0,0
c8387671,2,20,0,0,0,2,3,0,1,-1,0.1,0.7,-0.6,0,0,0,0
c8aa95da,24,1999,22,22,17,2,7,30,23,7,26.4,30.1,-3.7,0,0,0,0
c908a1bc,0,0,0,0,0,0,1,0,0,0,0.0,0.0,0.0,0,0,0,0
c92e1a31,30,941,10,9,3,21,6,17,16,1,16.1,12.8,3.3,0,0,0,0
c951a6df,25,1859,20,21,15,4,4,27,25,2,21.1,28.1,-7.0,0,0,0,0
ca2bc3df,15,795,8,9,4,6,3,11,10,1,7.5,13.5,-6.0,0,0,0,0
caa1a7f0,6,137,1,1,0,5,0,3,3,0,2.7,2.0,0.7,0,0,0,0
caffaf5a,17,1518,16,17,15,0,12,26,29,-3,23.1,22.0,1.1,0,0,0,0
cb4f24c6,19,1710,19,19,19,0,19,17,41,-24,17.9,34.8,-17.0,1710,19,19,19
cc2d7ad5,38,3243,36,35,35,3,0,43,64,-21,42.0,60.3,-18.3,0,0,0,0
cd1acf9d,29,2462,27,27,20,2,4,67,14,53,58.8,21.2,37.6,0,0,0,0
cde3309f,0,0,0,0,0,0,23,0,0,0,0.0,0.0,0.0,0,0,0,0
ce4246f5,32,2612,29,29,28,3,2,40,39,1,38.1,33.3,4.8,0,0,0,0
ce5143da,8,153,1,1,0,7,2,6,3,3,2.6,3.3,-0.6,0,0,0,0
cea4ee8f,25,1825,20,22,10,3,0,32,21,11,28.7,22.1,6.5,0,0,0,0
cee31595,38,3058,34,36,21,2,0,44,49,-5,41.0,43.6,-2.6,0,0,0,0
cf15bbb1,3,98,1,1,1,2,7,1,4,-3,1.8,2.4,-0.6,0,0,0,0
cf623c78,28,2055,22,21,19,7,2,15,45,-30,19.3,36.0,-16.7,0,0,0,0
cfb29823,14,445,4,4,0,10,2,4,14,-10,6.5,8.7,-2.2,0,0,0,0
cfd5e123,22,1808,20,19,19,3,16,18,34,-16,19.8,38.2,-18.4,0,0,0,0
d0042ab9,5,408,4,4,4,1,3,7,9,-2,4.7,6.4,-1.7,0,0,0,0
d0706b27,0,0,0,0,0,0,1,0,0,0,0.0,0.0,0.0,0,0,0,0
d07e3b41,1,54,0,1,0,0,2,0,1,-1,0.8,0.8,0.0,0,0,0,0
d0b3ceb9,38,3420,38,38,38,0,0,52,59,-7,48.2,59.2,-11.0,3420,38,38,38
d0f72bf1,1,1,0,0,0,1,5,0,0,0,0.0,0.0,0.0,0,0,0,0
d1c509d9,1,1,0,0,0,1,0,0,0,0,0.1,0.3,-0.2,0,0,0,0
d2424d1b,36,3240,36,36,36,0,0,50,43,7,50.3,41.5,8.8,0,0,0,0
d2583bce,27,1998,22,21,17,6,2,21,41,-20,24.4,34.0,-9.7,0,0,0,0
d2bff301,17,1224,13,13,10,4,9,36,7,29,31.8,7.4,24.4,0,0,0,0
d328a254,27,2188,24,25,19,2,1,15,43,-28,17.5,34.2,-16.6,0,0,0,0
d368feb8,15,1131,12,13,11,2,4,8,26,-18,11.3,23.9,-12.6,0,0,0,0
d3ce0e89,0,0,0,0,0,0,38,0,0,0,0.0,0.0,0.0,0,0,0,0
d436eb94,0,0,0,0,0,0,37,0,0,0,0.0,0.0,0.0,0,0,0,0
d4cb83cc,22,1861,20,21,20,1,4,44,24,20,34.3,29.2,5.1,0,0,0,0
d557d734,38,3144,34,35,29,3,0,41,41,0,46.0,38.2,7.9,0,0,0,0
d56543a0,38,3166,35,35,25,3,0,52,64,-12,51.2,51.3,-0.1,0,0,0,0
d596e193,0,0,0,0,0,0,38,0,0,0,0.0,0.0,0.0,0,0,0,0
d5dd5f1f,36,2726,30,30,19,6,0,58,42,16,50.4,44.3,6.1,0,0,0,0
d6f88a1d,2,88,1,1,0,1,2,0,1,-1,0.5,1.4,-0.9,0,0,0,0
d7492450,13,1111,12,12,12,1,21,17,21,-4,16.6,19.7,-3.1,0,0,0,0
d79a8c87,10,807,9,9,8,1,4,23,10,13,13.5,13.0,0.5,0,0,0,0
d822a850,7,552,6,7,6,0,26,3,21,-18,6.1,16.2,-10.1,553,7,7,6
d8931174,31,2596,28,31,28,0,1,36,40,-4,38.3,33.7,4.6,0,0,0,0
d93c2511,16,867,9,9,8,7,7,12,18,-6,12.4,13.7,-1.3,0,0,0,0
d9565625,16,1013,11,12,6,4,6,21,18,3,20.1,16.9,3.2,0,0,0,0
d9ba39fc,12,612,6,5,3,7,15,5,19,-14,6.1,12.9,-6.8,0,0,0,0
d9cfca3d,24,368,4,1,1,23,10,3,15,-12,5.1,9.1,-3.9,0,0,0,0
da052c14,20,1181,13,14,3,6,16,15,13,2,14.0,15.5,-1.5,0,0,0,0
da23d58d,7,135,1,0,0,7,12,4,0,4,5.1,0.8,4.2,0,0,0,0
da7b447d,23,1942,21,22,20,1,7,32,22,10,28.9,26.2,2.7,0,0,0,0
da8b19e2,1,90,1,1,1,0,36,2,0,2,2.8,0.6,2.2,90,1,1,1
dc008610,23,881,9,8,0,15,5,7,14,-7,8.2,14.4,-6.2,0,0,0,0
dc10b26c,7,630,7,7,7,0,20,5,17,-12,7.9,11.0,-3.1,0,0,0,0
dc31b84c,1,90,1,1,1,0,10,1,3,-2,0.2,2.5,-2.2,0,0,0,0
dc3a9a0d,19,743,8,8,2,11,7,6,13,-7,14.5,8.5,6.0,0,0,0,0
dc4cae05,30,2261,25,29,10,1,3,41,41,0,36.0,35.2,0.8,0,0,0,0
dc6f5bdd,31,2588,28,29,28,2,2,26,52,-26,33.2,45.7,-12.5,0,0,0,0
dc936144,30,2639,29,30,28,0,7,25,50,-25,32.7,49.1,-16.5,0,0,0,0
dccefdd4,0,0,0,0,0,0,1,0,0,0,0.0,0.0,0.0,0,0,0,0
dd0daf32,25,1641,18,19,11,6,3,33,26,7,32.3,24.6,7.7,0,0,0,0
de0f152c,14,1004,11,11,9,3,24,15,20,-5,12.2,19.4,-7.2,0,0,0,0
de112b84,9,302,3,3,0,6,7,1,8,-7,3.4,4.6,-1.2,0,0,0,0
def899bd,18,1263,14,15,12,3,4,29,17,12,26.5,17.7,8.8,0,0,0,0
e06683ca,38,3384,37,38,37,0,0,89,22,67,73.6,28.8,44.8,0,0,0,0
e082af5b,12,1080,12,12,12,0,26,17,18,-1,15.7,16.4,-0.7,1080,12,12,12
e0900238,13,516,5,4,2,9,7,8,4,4,8.8,7.4,1.4,0,0,0,0
e0991c04,5,212,2,2,0,3,6,4,5,-1,4.0,4.5,-0.5,0,0,0,0
e0bc6fdc,10,663,7,7,7,3,6,10,11,-1,10.0,7.4,2.7,0,0,0,0
e2533c20,28,2266,25,27,18,1,3,23,40,-17,27.6,37.7,-10.1,0,0,0,0
e2716bd0,33,2401,26,28,13,5,2,60,14,46,57.0,15.5,41.5,0,0,0,0
e28868f3,33,2771,30,32,22,1,1,37,39,-2,39.1,34.3,4.8,0,0,0,0
e342ad68,38,3250,36,37,24,1,0,83,20,63,69.0,27.1,41.9,0,0,0,0
e3a5814e,16,987,11,11,8,5,7,17,17,0,15.6,18.7,-3.1,0,0,0,0
e3e6502a,5,37,0,0,0,5,7,0,3,-3,0.6,1.7,-1.0,0,0,0,0
e46012d4,19,975,10,11,4,8,1,28,3,25,24.8,6.2,18.6,0,0,0,0
e514ab62,16,1186,13,13,11,3,12,18,25,-7,15.3,22.7,-7.4,0,0,0,0
e5c107a1,0,0,0,0,0,0,2,0,0,0,0.0,0.0,0.0,0,0,0,0
e5d01ecf,29,2049,22,22,19,7,2,30,40,-10,31.4,38.3,-6.9,0,0,0,0
e608ed4c,4,360,4,4,4,0,25,4,5,-1,2.9,5.9,-3.0,360,4,4,4
e61b8aee,29,2498,27,29,25,0,2,54,37,17,45.9,39.5,6.3,0,0,0,0
e726e11e,2,28,0,0,0,2,2,0,1,-1,0.5,0.1,0.4,0,0,0,0
e77dc3b2,10,347,3,2,0,8,1,6,5,1,8.0,6.5,1.4,0,0,0,0
e7ca0439,29,2560,28,29,26,0,0,35,37,-2,33.2,34.1,-0.9,0,0,0,0
e9208654,15,1141,12,13,11,2,10,11,35,-24,10.6,26.3,-15.6,0,0,0,0
e9241b40,0,0,0,0,0,0,1,0,0,0,0.0,0.0,0.0,0,0,0,0
e92cd3f7,12,185,2,0,0,12,5,2,3,-1,4.6,3.6,1.0,0,0,0,0
e97fd090,24,998,11,6,3,18,2,22,9,13,19.6,9.2,10.4,0,0,0,0
eaeca114,38,3411,37,38,37,0,0,56,70,-14,53.3,57.1,-3.9,0,0,0,0
eb58eef0,35,2725,30,32,19,3,0,69,16,53,58.0,23.5,34.4,0,0,0,0
eb7822d7,28,2436,27,28,23,0,2,50,37,13,45.5,36.6,8.9,0,0,0,0
eba42d2b,29,1416,15,15,3,14,6,27,24,3,20.7,19.0,1.7,0,0,0,0
ec9a28ce,5,96,1,1,0,4,5,0,1,-1,0.5,1.4,-0.9,0,0,0,0
ecbb3fdf,24,1641,18,21,7,3,4,16,43,-27,17.8,31.7,-13.9,0,0,0,0
ed1e53f3,13,335,3,3,1,10,16,9,0,9,9.6,2.0,7.6,0,0,0,0
ee38d9c5,36,2831,31,35,15,1,1,42,44,-2,41.7,36.2,5.5,0,0,0,0
ef619b0b,28,1331,14,14,4,14,3,32,13,19,20.7,20.1,0.6,0,0,0,0
f13d02a6,25,1341,14,16,2,9,13,16,19,-3,18.6,14.0,4.5,0,0,0,0
f13d0f83,0,0,0,0,0,0,4,0,0,0,0.0,0.0,0.0,0,0,0,0
f1e8372d,4,25,0,0,0,4,16,0,2,-2,0.8,1.3,-0.5,0,0,0,0
f25b010f,19,1484,16,17,15,2,10,18,24,-6,16.8,26.5,-9.7,0,0,0,0
f25c8e3a,25,1390,15,16,5,9,7,36,8,28,31.6,11.4,20.2,0,0,0,0
f2f29dda,38,2508,27,30,16,8,0,27,45,-18,26.6,42.6,-16.0,0,0,0,0
f4290206,31,2759,30,31,29,0,1,52,28,24,48.4,29.3,19.2,0,0,0,0
f522d7ec,17,609,6,6,0,11,6,6,13,-7,8.2,13.8,-5.6,0,0,0,0
f573a8bf,30,1052,11,9,3,21,3,14,21,-7,16.7,17.1,-0.4,0,0,0,0
f5a00fa4,38,3032,33,35,24,3,0,41,39,2,44.7,36.8,7.9,0,0,0,0
f5deef4c,30,2601,28,29,27,1,2,46,40,6,45.7,38.4,7.3,0,0,0,0
f5e6d08d,1,13,0,0,0,1,3,0,0,0,0.0,0.2,-0.2,0,0,0,0
f5efb153,17,1331,14,13,12,4,2,27,23,4,25.0,22.0,3.0,0,0,0,0
f72293fc,29,1752,19,19,13,10,2,24,39,-15,23.8,33.9,-10.1,0,0,0,0
f76e6b4e,0,0,0,0,0,0,38,0,0,0,0.0,0.0,0.0,0,0,0,0
f7750aa0,31,2594,28,29,28,2,3,28,62,-34,32.2,51.3,-19.1,0,0,0,0
f7d50789,34,2922,32,33,30,1,3,56,31,25,46.7,37.0,9.7,0,0,0,0
f7ee69fb,10,515,5,7,2,3,0,10,6,4,7.3,6.8,0.4,0,0,0,0
f874dd44,19,1533,17,18,15,1,0,36,21,15,24.7,20.4,4.3,0,0,0,0
f8fcd2a5,24,1996,22,21,19,3,10,33,26,7,30.5,23.6,7.0,0,0,0,0
fa031b34,35,2665,29,32,15,3,0,38,34,4,40.4,35.8,4.6,0,0,0,0
fc15fb84,21,1591,17,19,9,2,4,22,25,-3,21.9,25.4,-3.5,0,0,0,0
fc166e49,0,0,0,0,0,0,2,0,0,0,0.0,0.0,0.0,0,0,0,0
fd3f57ce,11,395,4,5,3,6,13,0,9,-9,3.3000000000000003,5.199999999999999,-1.9,0,0,0,0
fd5888a0,16,476,5,3,1,13,11,3,13,-10,5.1,10.3,-5.2,0,0,0,0
fdd85f94,30,2546,28,30,25,0,0,27,45,-18,26.9,41.4,-14.5,0,0,0,0
fe558029,2,180,2,2,2,0,0,4,5,-1,3.3,3.6,-0.3,180,2,2,2
fed96827,13,850,9,10,8,3,2,15,17,-2,14.6,14.0,0.5,0,0,0,0
fefce889,0,0,0,0,0,0,38,0,0,0,0.0,0.0,0.0,0,0,0,0
ff527768,31,2291,25,29,10,2,4,40,30,10,33.8,38.5,-4.7,0,0,0,0
ff9fcd4d,30,2081,23,26,11,4,7,17,40,-23,19.5,33.8,-14.3,0,0,0,0
