id,MP,Min,90s,Starts,Compl,Subs,unSub,PPM,onG,onGA,+/-,onxG,onxGA,xG+/-,MinGK,MPGK,StartsGK,90sGK
007b39a5,26,1384,15,14,6,12,2,0,10,32,-22,10.4,26.9,-16.5,0,0,0,0
00963611,0,0,0,0,0,0,3,0,0,0,0,0.0,0.0,0.0,0,0,0,0
01226327,32,2742,30,31,29,1,2,1,43,44,-1,45.5,38.6,6.9,0,0,0,0
016ff750,13,480,5,4,1,9,0,1,4,13,-9,3.8,9.9,-6.1,0,0,0,0
01ba3996,0,0,0,0,0,0,3,0,0,0,0,0.0,0.0,0.0,0,0,0,0
02b29014,37,3156,35,36,25,1,0,0,33,61,-28,45.3,52.0,-6.7,0,0,0,0
0313a347,25,2039,22,24,19,1,13,1,23,39,-16,24.1,39.6,-15.5,0,0,0,0
03622183,11,101,1,0,0,11,2,2,3,0,3,4.5,1.2,3.3,0,0,0,0
0420d84f,27,1839,20,21,15,6,6,1,19,28,-9,24.6,28.3,-3.8,0,0,0,0
04e195ee,4,51,0,0,0,4,8,1,2,1,1,0.7,1.1,-0.4,0,0,0,0
0666f848,0,0,0,0,0,0,4,0,0,0,0,0.0,0.0,0.0,0,0,0,0
0745b37d,36,2886,32,33,22,3,1,0,24,59,-35,32.7,54.7,-21.9,0,0,0,0
07666c20,5,436,4,4,4,1,8,1,3,6,-3,3.7,7.3,-3.7,436,5,4,4
07802f7f,38,2804,31,32,15,6,0,1,42,44,-2,45.0,38.8,6.2,0,0,0,0
08452314,10,311,3,3,0,7,9,1,4,4,0,3.6,3.9,-0.2,0,0,0,0
0bad4516,16,937,10,10,6,6,7,2,12,17,-5,14.4,14.2,0.0999999999999998,0,0,0,0
0beeb166,0,0,0,0,0,0,3,0,0,0,0,0.0,0.0,0.0,0,0,0,0
0d267745,24,1715,19,18,17,6,12,2,51,21,30,45.4,20.2,25.2,0,0,0,0
0d4ceb32,19,819,9,7,2,12,9,1,13,7,6,10.3,11.0,-0.6,0,0,0,0
0df2b165,34,2458,27,26,21,8,1,1,27,29,-2,31.1,38.8,-7.6,0,0,0,0
10072610,4,347,3,3,3,1,27,1,7,7,0,5.4,5.7,-0.3,347,4,3,3
101da2b5,30,2397,26,26,21,4,6,2,63,26,37,60.0,26.9,33.0,0,0,0,0
111c3236,16,1190,13,13,10,3,1,1,17,24,-7,20.6,16.5,4.1,0,0,0,0
119b9a8e,15,1097,12,14,6,1,2,2,36,5,31,34.3,10.1,24.2,0,0,0,0
1265a93a,24,1515,16,16,13,8,5,1,26,23,3,29.4,15.7,13.7,0,0,0,0
12aa7661,14,1025,11,11,9,3,7,0,8,28,-20,12.5,20.5,-8.1,0,0,0,0
136e7649,0,0,0,0,0,0,8,0,0,0,0,0.0,0.0,0.0,0,0,0,0
1598599e,7,291,3,4,1,3,7,1,5,3,2,7.0,3.5,3.5,0,0,0,0
15d561fa,0,0,0,0,0,0,5,0,0,0,0,0.0,0.0,0.0,0,0,0,0
15ea812b,38,3420,38,38,38,0,0,1,43,50,-7,47.4,49.8,-2.4,0,0,0,0
15ea94de,21,647,7,5,1,16,4,0,1,11,-10,7.2,10.8,-3.7,0,0,0,0
15f3ec41,22,863,9,7,4,15,3,1,17,14,3,18.1,10.4,7.7,0,0,0,0
16380240,18,1438,16,18,7,0,4,1,24,20,4,19.4,21.9,-2.5,0,0,0,0
165cf989,0,0,0,0,0,0,2,0,0,0,0,0.0,0.0,0.0,0,0,0,0
16ceb862,18,993,11,12,0,6,7,1,20,16,4,19.1,9.9,9.2,0,0,0,0
16fa6881,20,636,7,6,2,14,9,0,5,19,-14,7.5,12.7,-5.1,0,0,0,0
17370b95,14,679,7,7,4,7,9,1,6,17,-11,8.3,11.5,-3.3,0,0,0,0
17695062,2,97,1,1,0,1,2,0,0,0,0,0.6,0.9,-0.3,0,0,0,0
1770bd68,0,0,0,0,0,0,1,0,0,0,0,0.0,0.0,0.0,0,0,0,0
178ae8f8,34,2284,25,27,6,7,0,1,26,28,-2,33.1,25.4,7.7,0,0,0,0
17d4507a,38,3345,37,38,36,0,0,1,39,39,0,41.7,48.7,-7.0,0,0,0,0
189cee7b,2,107,1,1,0,1,0,0,1,4,-3,1.2,3.8,-2.6,0,0,0,0
18b896d6,20,1710,19,19,18,1,3,1,33,24,9,33.8,16.0,17.8,0,0,0,0
1900032e,19,1497,16,17,15,2,12,1,22,26,-4,24.5,20.5,4.0,0,0,0,0
1961b2aa,19,1458,16,17,13,2,0,1,15,20,-5,17.6,18.3,-0.6,0,0,0,0
1a2935f6,10,777,8,9,8,1,10,2,19,11,8,15.4,9.4,6.0,0,0,0,0
1aa84968,38,3242,36,38,25,0,0,1,33,37,-4,39.1,47.2,-8.1,0,0,0,0
1ae30132,21,1890,21,21,21,0,10,1,26,19,7,28.5,25.6,2.9,0,0,0,0
1b138e25,0,0,0,0,0,0,2,0,0,0,0,0.0,0.0,0.0,0,0,0,0
1b84dbe1,35,3030,33,35,30,0,1,1,37,49,-12,42.1,42.3,-0.2,0,0,0,0
1bebde9d,0,0,0,0,0,0,9,0,0,0,0,0.0,0.0,0.0,0,0,0,0
1bf33a9a,25,1722,19,19,8,6,4,1,38,28,10,36.0,20.8,15.1,0,0,0,0
1bf811d4,17,1293,14,15,13,2,9,0,15,23,-8,17.2,21.2,-4.0,0,0,0,0
1c7012b8,38,3420,38,38,38,0,0,1,49,62,-13,48.6,63.8,-15.2,0,0,0,0
1cb49278,21,1751,19,21,18,0,14,1,37,33,4,36.3,21.7,14.7,0,0,0,0
1d8c99b0,3,137,1,1,0,2,2,0,0,6,-6,0.9,2.6,-1.7,0,0,0,0
1e0b6a73,15,969,10,10,9,5,4,0,7,21,-14,10.5,20.1,-9.6,0,0,0,0
1e26e376,0,0,0,0,0,0,35,0,0,0,0,0.0,0.0,0.0,0,0,0,0
1e43fad8,1,21,0,1,0,0,19,0,0,1,-1,0.1,0.9,-0.8,21,1,1,0
1ecb65be,25,1287,14,17,1,8,3,1,21,19,2,22.2,16.4,5.8,0,0,0,0
1ef37668,24,1878,20,21,17,3,12,1,22,35,-13,25.4,27.0,-1.6,0,0,0,0
1fdec858,8,47,0,0,0,8,10,0,2,2,0,1.6,1.3,0.3,0,0,0,0
1fdfd6da,0,0,0,0,0,0,9,0,0,0,0,0.0,0.0,0.0,0,0,0,0
20b104bc,24,2055,22,24,19,0,0,0,23,40,-17,27.6,36.7,-9.1,0,0,0,0
21166ff4,34,3036,33,34,33,0,1,1,63,33,30,54.6,40.3,14.2,0,0,0,0
21a66f6a,29,2587,28,29,26,0,0,1,49,36,13,35.1,36.1,-0.9,0,0,0,0
21a866b7,0,0,0,0,0,0,1,0,0,0,0,0.0,0.0,0.0,0,0,0,0
22551915,0,0,0,0,0,0,3,0,0,0,0,0.0,0.0,0.0,0,0,0,0
247e5cfc,0,0,0,0,0,0,1,0,0,0,0,0.0,0.0,0.0,0,0,0,0
254147d4,18,928,10,10,4,8,3,1,15,13,2,17.9,12.2,5.6,0,0,0,0
2628fd2b,30,2649,29,30,29,0,0,1,40,39,1,36.5,42.7,-6.2,2649,30,30,29
2649ff32,5,317,3,5,0,0,11,1,2,11,-9,2.5,9.3,-6.7,0,0,0,0
2691c772,19,1352,15,17,5,2,0,1,19,21,-2,18.2,15.4,2.8,0,0,0,0
2696b6a9,3,37,0,0,0,3,4,2,0,0,0,0.6,0.1,0.5,0,0,0,0
26d3b5be,0,0,0,0,0,0,2,0,0,0,0,0.0,0.0,0.0,0,0,0,0
26f6dca8,24,1379,15,14,6,10,8,0,17,30,-13,23.2,32.9,-9.7,0,0,0,0
27c01749,24,1258,14,14,0,10,4,1,17,22,-5,17.9,19.4,-1.5,0,0,0,0
282f75f3,36,3230,35,36,35,0,0,1,38,50,-12,43.8,50.4,-6.6,0,0,0,0
28d596a0,33,2970,33,33,33,0,5,1,61,47,14,62.6,34.8,27.8,2970,33,33,33
291e3ec3,12,228,2,1,0,11,5,0,0,9,-9,1.6,5.9,-4.3,0,0,0,0
2928dca2,38,3420,38,38,38,0,0,1,51,40,11,54.1,38.0,16.1,0,0,0,0
29733c72,19,758,8,8,2,11,19,1,9,8,1,13.1,8.0,5.1,0,0,0,0
2973d8ff,16,239,2,1,0,15,12,1,5,8,-3,5.8,3.4,2.4,0,0,0,0
2acd49b9,29,2452,27,28,23,1,0,1,44,31,13,30.7,34.9,-4.2,0,0,0,0
2afc7272,27,1352,15,14,8,13,7,0,18,30,-12,18.0,25.4,-7.4,0,0,0,0
2b114be3,1,12,0,0,0,1,2,3,0,0,0,0.2,0.0,0.2,0,0,0,0
2b16cb1a,26,1863,20,23,9,3,1,1,26,22,4,22.0,34.4,-12.4,0,0,0,0
2b1c4abd,9,139,1,0,0,9,19,0,2,3,-1,2.7,1.4,1.2,0,0,0,0
2b622f01,35,2242,24,25,11,10,2,1,40,29,11,32.9,32.5,0.4,0,0,0,0
2b91cf8e,14,1186,13,14,11,0,4,1,13,14,-1,10.4,24.1,-13.8,0,0,0,0
2baec6ce,5,189,2,2,2,3,9,1,1,3,-2,1.9,3.1,-1.2,0,0,0,0
2bd83368,11,440,4,4,0,7,5,1,4,6,-2,5.1,7.2,-2.1,0,0,0,0
2bed3eab,13,793,8,8,6,5,7,2,23,7,16,20.9,8.0,12.8,0,0,0,0
2ce2508a,31,2513,27,28,24,3,1,1,22,38,-16,24.1,41.7,-17.7,0,0,0,0
2d5f03bf,17,1430,15,16,15,1,1,0,13,27,-14,17.1,25.5,-8.4,0,0,0,0
2e4f5f03,36,3111,34,34,30,2,0,2,80,31,49,64.7,33.3,31.5,0,0,0,0
2f7acede,31,2221,24,26,16,5,5,1,37,31,6,29.1,35.7,-6.6,0,0,0,0
2f90f6b8,22,937,10,9,7,13,5,2,26,9,17,20.8,8.9,11.9,0,0,0,0
2ff964a0,16,496,5,4,3,12,10,1,3,15,-12,4.4,10.0,-5.5,0,0,0,0
30040f5d,0,0,0,0,0,0,1,0,0,0,0,0.0,0.0,0.0,0,0,0,0
305a3820,0,0,0,0,0,0,1,0,0,0,0,0.0,0.0,0.0,0,0,0,0
307ea3b6,0,0,0,0,0,0,1,0,0,0,0,0.0,0.0,0.0,0,0,0,0
30941e96,6,423,4,4,4,2,9,2,11,7,4,11.4,4.9,6.5,0,0,0,0
30e81a88,0,0,0,0,0,0,1,0,0,0,0,0.0,0.0,0.0,0,0,0,0
312626c1,33,2916,32,32,32,1,0,1,35,28,7,37.9,41.5,-3.6,0,0,0,0
3189f61a,12,751,8,8,6,4,2,0,7,16,-9,7.0,14.4,-7.4,0,0,0,0
3233eefd,6,244,2,2,2,4,30,2,5,6,-1,3.7,4.8,-1.2,0,0,0,0
32f60ed8,7,129,1,1,0,6,19,1,2,2,0,2.4,3.1,-0.8,0,0,0,0
3312f911,17,1036,11,11,5,6,2,1,11,16,-5,10.1,16.2,-6.1,0,0,0,0
34ccf6fa,0,0,0,0,0,0,38,0,0,0,0,0.0,0.0,0.0,0,0,0,0
3515d404,38,3420,38,38,38,0,0,1,51,60,-9,56.1,52.8,3.3,0,0,0,0
3626f7d9,17,1177,13,13,13,4,21,1,12,24,-12,14.9,23.5,-8.6,0,0,0,0
3631ad41,5,440,4,5,4,0,2,0,5,8,-3,5.5,8.1,-2.6,0,0,0,0
36c2ca73,28,2520,28,28,28,0,8,1,42,35,7,41.7,37.2,4.5,2520,28,28,28
3727dd3c,26,2119,23,25,19,1,6,1,29,34,-5,25.4,41.9,-16.5,0,0,0,0
38c7feef,30,1485,16,17,0,13,4,2,35,12,23,27.6,17.4,10.2,0,0,0,0
38ceb24a,31,2011,22,22,10,9,3,0,23,34,-11,27.4,32.9,-5.5,0,0,0,0
3935e52e,26,1701,18,19,14,7,3,1,28,26,2,25.5,23.1,2.4,0,0,0,0
394854c4,38,3420,38,38,38,0,0,1,39,39,0,43.0,51.0,-7.9,0,0,0,0
39583cfd,28,2098,23,25,11,3,0,0,22,33,-11,27.7,35.5,-7.8,0,0,0,0
3a24769f,21,1103,12,13,4,8,7,2,27,14,13,26.8,11.0,15.8,0,0,0,0
3a74f92b,0,0,0,0,0,0,1,0,0,0,0,0.0,0.0,0.0,0,0,0,0
3a949a25,38,3420,38,38,38,0,0,1,38,58,-20,35.5,65.6,-30.1,3420,38,38,38
3ae14ed1,34,1950,21,20,5,14,3,0,22,28,-6,20.6,37.7,-17.1,0,0,0,0
3bb7b8b4,35,3071,34,35,34,0,0,2,95,28,67,86.6,30.5,56.1,3071,35,35,34
3ca7254a,11,661,7,8,5,3,13,1,10,12,-2,12.9,7.3,5.6,0,0,0,0
3d50bcdb,29,852,9,6,1,23,7,1,12,15,-3,15.7,13.5,2.2,0,0,0,0
3e1550ee,0,0,0,0,0,0,10,0,0,0,0,0.0,0.0,0.0,0,0,0,0
3e5e4e63,29,2428,27,28,25,1,3,0,30,47,-17,32.7,44.4,-11.7,0,0,0,0
3e9e06cb,29,2361,26,26,25,3,5,0,25,49,-24,36.3,40.9,-4.6,0,0,0,0
3ea50f67,36,2083,23,24,4,12,2,1,38,24,14,38.1,27.9,10.2,0,0,0,0
3eb22ec9,34,2030,22,23,13,11,3,2,57,24,33,57.0,20.3,36.7,0,0,0,0
3eeda7dd,0,0,0,0,0,0,4,0,0,0,0,0.0,0.0,0.0,0,0,0,0
3f072a68,5,37,0,0,0,5,3,0,0,2,-2,0.9,1.1,-0.2,0,0,0,0
3f2587ee,0,0,0,0,0,0,4,0,0,0,0,0.0,0.0,0.0,0,0,0,0
3f2d59fe,15,1207,13,13,12,2,3,1,21,17,4,16.1,20.3,-4.2,0,0,0,0
3faa1780,12,695,7,8,1,4,4,0,2,18,-16,6.1,16.1,-10.0,0,0,0,0
3fe6bd8c,16,1228,13,14,11,2,3,1,14,20,-6,10.7,21.0,-10.4,0,0,0,0
4115ce4e,34,3057,34,34,33,0,2,1,43,57,-14,50.1,48.9,1.2,0,0,0,0
41cc19c2,6,96,1,0,0,6,7,1,3,2,1,2.1,1.7,0.5,0,0,0,0
41fb0f4e,4,22,0,0,0,4,12,0,1,2,-1,0.6,1.1,-0.5,0,0,0,0
41ff002d,1,7,0,0,0,1,11,0,0,0,0,0.1,0.2,-0.1,0,0,0,0
422862ea,22,930,10,10,4,12,13,1,11,14,-3,13.7,17.1,-3.4,0,0,0,0
424595d5,0,0,0,0,0,0,12,0,0,0,0,0.0,0.0,0.0,0,0,0,0
43439614,38,3090,34,37,25,1,0,1,35,36,-1,37.8,46.4,-8.6,0,0,0,0
43458538,26,2011,22,24,13,2,0,0,23,37,-14,28.5,35.2,-6.7,0,0,0,0
4357f557,2,7,0,0,0,2,1,1,0,0,0,0.1,0.0,0.1,0,0,0,0
435c44b3,0,0,0,0,0,0,3,0,0,0,0,0.0,0.0,0.0,0,0,0,0
43a166b4,28,717,8,7,0,21,9,2,23,12,11,14.2,10.9,3.3,0,0,0,0
4468ec10,21,622,6,3,0,18,11,1,16,6,10,11.0,6.3,4.8,0,0,0,0
44781702,18,1431,15,16,13,2,6,1,24,19,5,19.2,21.2,-2.0,0,0,0,0
44bfb6c5,38,3056,34,35,27,3,0,1,48,35,13,49.1,33.5,15.6,0,0,0,0
450ab6fc,24,2076,23,24,21,0,0,1,24,31,-7,23.2,39.6,-16.3,0,0,0,0
4535e4bb,38,3420,38,38,38,0,0,1,39,54,-15,45.4,55.0,-9.5,3420,38,38,38
45963054,35,3033,33,34,32,1,0,1,58,38,20,53.3,41.2,12.2,0,0,0,0
45ab2170,2,33,0,0,0,2,0,0,0,1,-1,0.1,0.4,-0.3,0,0,0,0
45da6694,8,607,6,7,5,1,4,1,5,5,0,8.4,6.7,1.7,0,0,0,0
45db685d,31,2379,26,27,19,4,4,1,45,40,5,48.0,27.0,21.0,0,0,0,0
45e17712,3,59,0,1,0,2,6,0,0,6,-6,0.3,3.6,-3.3,0,0,0,0
466fb2c5,37,3330,37,37,37,0,0,0,40,62,-22,44.4,60.2,-15.8,3330,37,37,37
471f16b3,37,2968,33,32,29,5,1,0,17,63,-46,31.8,57.5,-25.6,0,0,0,0
47327321,0,0,0,0,0,0,2,0,0,0,0,0.0,0.0,0.0,0,0,0,0
47369df8,10,805,8,9,8,1,3,1,8,10,-2,7.8,11.5,-3.7,0,0,0,0
47760615,0,0,0,0,0,0,3,0,0,0,0,0.0,0.0,0.0,0,0,0,0
47b7e3af,31,2085,23,25,14,6,5,1,19,31,-12,25.0,33.4,-8.3,0,0,0,0
47ed3795,0,0,0,0,0,0,3,0,0,0,0,0.0,0.0,0.0,0,0,0,0
4806ec67,38,3420,38,38,38,0,0,1,44,56,-12,50.8,48.3,2.5,3420,38,38,38
486b08b3,0,0,0,0,0,0,1,0,0,0,0,0.0,0.0,0.0,0,0,0,0
4879f8cb,0,0,0,0,0,0,9,0,0,0,0,0.0,0.0,0.0,0,0,0,0
48a5a5d6,14,663,7,6,5,8,10,1,7,9,-2,8.4,11.2,-2.8,0,0,0,0
495945ef,35,3150,35,35,35,0,0,1,42,39,3,44.0,44.2,-0.3,0,0,0,0
4ab53cdb,36,2016,22,20,13,16,0,1,28,34,-6,30.5,30.8,-0.3,0,0,0,0
4b3f2936,0,0,0,0,0,0,1,0,0,0,0,0.0,0.0,0.0,0,0,0,0
4b40d9ca,38,3420,38,38,38,0,0,1,43,50,-7,47.4,49.8,-2.4,3420,38,38,38
4b511457,30,1860,20,20,13,10,8,1,23,38,-15,27.7,33.3,-5.6,0,0,0,0
4bcf39f6,37,2766,30,30,20,7,1,1,33,36,-3,39.5,45.1,-5.6,0,0,0,0
4bd00a50,0,0,0,0,0,0,3,0,0,0,0,0.0,0.0,0.0,0,0,0,0
4c370d81,38,2988,33,34,14,4,0,2,75,26,49,62.2,31.9,30.3,0,0,0,0
4c5b714f,25,1824,20,18,15,7,6,1,27,30,-3,29.9,23.4,6.5,0,0,0,0
4d034881,24,1452,16,18,8,6,2,2,44,18,26,39.5,16.2,23.2,0,0,0,0
4d90ce8c,0,0,0,0,0,0,3,0,0,0,0,0.0,0.0,0.0,0,0,0,0
4e015693,1,9,0,0,0,1,6,3,0,1,-1,0.4,0.1,0.2,0,0,0,0
4e9a0555,32,2437,27,29,17,3,0,1,27,33,-6,35.3,36.0,-0.6,0,0,0,0
4f187520,0,0,0,0,0,0,6,0,0,0,0,0.0,0.0,0.0,0,0,0,0
4f974391,31,2727,30,31,28,0,0,0,41,51,-10,38.7,49.6,-10.9,0,0,0,0
4fb9c88f,6,126,1,1,0,5,10,2,4,1,3,2.6,0.5,2.1,0,0,0,0
4fdf1fd9,17,1447,16,15,14,2,4,0,20,32,-12,21.7,32.9,-11.2,0,0,0,0
507c7bdf,14,1186,13,14,7,0,0,2,28,6,22,20.8,11.6,9.2,0,0,0,0
50b51fac,6,117,1,1,0,5,12,1,3,2,1,1.8,3.2,-1.3,0,0,0,0
515ebe8d,0,0,0,0,0,0,2,0,0,0,0,0.0,0.0,0.0,0,0,0,0
51a19d04,2,159,1,1,1,1,18,0,1,6,-5,3.2,3.6,-0.4,159,2,1,1
51b41c5c,15,1001,11,12,6,3,4,0,15,20,-5,18.7,14.0,4.7,0,0,0,0
51cf8561,19,1276,14,13,11,6,5,1,34,13,21,34.2,15.9,18.3,0,0,0,0
52105203,16,1266,14,14,13,2,15,1,10,14,-4,14.8,19.8,-5.0,0,0,0,0
52611641,29,1512,16,17,8,12,4,1,23,23,0,19.5,24.9,-5.5,0,0,0,0
5271c8f1,19,1492,16,18,12,1,8,2,49,13,36,40.1,13.7,26.4,0,0,0,0
531a4aa8,11,779,8,10,4,1,10,0,9,20,-11,11.2,14.3,-3.0,0,0,0,0
5343eb4e,8,212,2,2,1,6,9,0,1,7,-6,1.8,5.6,-3.9,0,0,0,0
53af52f3,38,3420,38,38,38,0,0,1,67,41,26,62.2,45.5,16.7,3420,38,38,38
53cad200,36,3229,35,36,35,0,2,1,67,53,14,63.1,37.3,25.8,0,0,0,0
548e5d9f,0,0,0,0,0,0,1,0,0,0,0,0.0,0.0,0.0,0,0,0,0
54b6eed9,0,0,0,0,0,0,3,0,0,0,0,0.0,0.0,0.0,0,0,0,0
54d9b72d,0,0,0,0,0,0,1,0,0,0,0,0.0,0.0,0.0,0,0,0,0
5526deb1,1,16,0,0,0,1,5,3,1,0,1,0.4,0.1,0.4,0,0,0,0
552aa16c,16,1130,12,14,4,2,14,0,12,25,-13,12.3,19.5,-7.2,0,0,0,0
558807c0,19,1549,17,17,14,2,9,0,20,27,-7,20.1,27.6,-7.5,0,0,0,0
562eed5c,0,0,0,0,0,0,3,0,0,0,0,0.0,0.0,0.0,0,0,0,0
56f7a928,37,2828,31,32,21,5,1,1,57,35,22,52.0,38.8,13.2,0,0,0,0
57df7a11,17,937,10,10,7,7,7,1,7,18,-11,10.3,20.7,-10.4,0,0,0,0
57e3f0c7,31,2010,22,22,11,9,6,1,38,30,8,29.8,34.6,-4.8,0,0,0,0
58eee997,31,1320,14,12,3,19,6,1,35,13,22,25.5,12.4,13.0,0,0,0,0
59d93937,3,26,0,0,0,3,4,0,1,2,-1,1.1,0.2,0.9,0,0,0,0
59e6e5bf,36,2626,29,30,20,6,2,1,36,43,-7,40.3,38.4,1.9,0,0,0,0
5a4280b1,8,564,6,6,6,2,21,1,7,5,2,8.0,7.5,0.5,0,0,0,0
5a7301ae,38,2795,31,32,27,6,0,1,41,34,7,43.9,29.6,14.3,0,0,0,0
5acc4a10,30,2627,29,30,25,0,0,1,29,48,-19,37.4,43.7,-6.3,0,0,0,0
5c2b4f07,33,2700,30,31,23,2,2,1,51,32,19,38.6,39.4,-0.8,0,0,0,0
5cbd1eb0,4,195,2,2,2,2,7,0,1,4,-3,1.9,2.5,-0.6,0,0,0,0
5cdddffa,21,1009,11,12,2,9,6,1,17,17,0,13.0,17.3,-4.2,0,0,0,0
5cec2487,27,1896,21,23,13,4,7,1,19,32,-13,25.3,31.9,-6.6,0,0,0,0
5d8d7454,25,2041,22,22,19,3,6,1,29,36,-7,27.8,43.3,-15.4,0,0,0,0
5e105217,9,393,4,4,0,5,5,2,8,4,4,8.0,4.4,3.6,0,0,0,0
5e253986,0,0,0,0,0,0,4,0,0,0,0,0.0,0.0,0.0,0,0,0,0
5e74d6c8,17,1006,11,11,6,6,12,1,20,10,10,19.7,11.1,8.5,0,0,0,0
5ea8ef20,24,1748,19,19,15,5,5,1,24,31,-7,23.9,28.7,-4.8,0,0,0,0
5eebbfdf,0,0,0,0,0,0,1,0,0,0,0,0.0,0.0,0.0,0,0,0,0
5eecec3d,16,1122,12,12,11,4,5,2,33,16,17,28.4,11.9,16.5,0,0,0,0
5f09991f,29,2507,27,29,25,0,0,1,21,38,-17,28.3,42.3,-14.0,0,0,0,0
5f1d07f6,7,585,6,7,6,0,1,0,1,13,-12,3.8,11.2,-7.4,0,0,0,0
603e4f0b,1,17,0,0,0,1,2,0,0,1,-1,0.0,0.1,-0.1,0,0,0,0
615ef733,18,1031,11,11,9,7,14,0,11,28,-17,12.4,24.5,-12.1,0,0,0,0
62437b4f,7,74,0,0,0,7,7,0,1,3,-2,0.1,2.5,-2.5,0,0,0,0
6250083a,7,77,0,1,0,6,17,2,0,1,-1,0.3,2.2,-1.9,0,0,0,0
62d7ef38,0,0,0,0,0,0,7,0,0,0,0,0.0,0.0,0.0,0,0,0,0
636b64cd,11,366,4,3,1,8,13,1,5,5,0,5.5,4.1,1.5,0,0,0,0
6385ebfb,2,180,2,2,2,0,15,0,2,5,-3,2.9,4.5,-1.6,180,2,2,2
63d17038,18,1613,17,17,17,1,20,1,25,26,-1,23.6,23.2,0.4,1613,18,17,17
6421ec64,7,185,2,2,1,5,10,2,6,2,4,3.5,3.1,0.4,0,0,0,0
6434f10d,35,2486,27,29,21,6,1,2,75,27,48,65.3,24.9,40.4,0,0,0,0
645a3363,2,21,0,0,0,2,3,1,0,1,-1,0.2,0.2,0.0,0,0,0,0
64b08de7,33,1680,18,16,11,17,5,1,15,29,-14,18.3,26.4,-8.1,0,0,0,0
653ee42d,33,2530,28,28,24,5,2,1,31,42,-11,33.9,40.7,-6.9,0,0,0,0
6613c819,13,1040,11,12,10,1,0,1,18,18,0,15.5,15.5,0.0,0,0,0,0
6639e500,25,1484,16,18,5,7,7,1,24,16,8,25.1,16.9,8.2,0,0,0,0
66b76d44,36,2464,27,28,19,8,0,0,21,52,-31,28.6,45.6,-17.0,0,0,0,0
6813ac34,10,592,6,6,5,4,19,0,5,14,-9,8.3,12.6,-4.3,0,0,0,0
692e9958,0,0,0,0,0,0,1,0,0,0,0,0.0,0.0,0.0,0,0,0,0
6956ff08,0,0,0,0,0,0,3,0,0,0,0,0.0,0.0,0.0,0,0,0,0
6992791d,15,712,7,7,1,8,4,0,9,17,-8,11.8,11.0,0.7,0,0,0,0
6a39bd42,0,0,0,0,0,0,6,0,0,0,0,0.0,0.0,0.0,0,0,0,0
6a471ee8,0,0,0,0,0,0,4,0,0,0,0,0.0,0.0,0.0,0,0,0,0
6aa3e78b,6,342,3,4,3,2,13,1,5,5,0,5.4,3.9,1.5,0,0,0,0
6abefdff,0,0,0,0,0,0,10,0,0,0,0,0.0,0.0,0.0,0,0,0,0
6adbc307,28,2451,27,27,25,1,6,1,38,38,0,39.0,38.8,0.2,0,0,0,0
6b47c5db,32,2674,29,29,26,3,0,1,56,32,24,49.8,36.4,13.4,0,0,0,0
6bd603db,2,136,1,1,1,1,0,2,1,0,1,0.9,1.8,-0.9,0,0,0,0
6c203af0,22,1259,14,15,4,7,7,1,8,18,-10,13.8,21.4,-7.6,0,0,0,0
6c7762c3,4,68,0,1,0,3,7,1,0,3,-3,0.9,0.6,0.2,0,0,0,0
6ca5ec4b,25,1596,17,19,6,6,5,1,23,30,-7,22.4,24.8,-2.4,0,0,0,0
6cc47ae1,2,86,1,1,0,1,1,1,1,1,0,0.4,1.4,-1.0,0,0,0,0
6cdd8245,18,971,10,11,8,7,2,0,7,26,-19,13.2,21.4,-8.2,0,0,0,0
6d5701f2,29,2284,25,25,23,4,2,1,29,37,-8,35.1,31.9,3.1,0,0,0,0
6e33125f,6,277,3,3,1,3,16,0,3,8,-5,3.8,6.5,-2.7,0,0,0,0
6eaed4eb,6,442,4,4,3,2,6,0,5,10,-5,5.1,10.4,-5.3,0,0,0,0
6f7d826d,36,2612,29,28,24,8,1,0,29,51,-22,32.0,52.8,-20.8,0,0,0,0
70e9afd8,0,0,0,0,0,0,2,0,0,0,0,0.0,0.0,0.0,0,0,0,0
71ef519e,18,1315,14,14,9,4,2,1,11,19,-8,15.0,21.9,-6.9,0,0,0,0
728e9b2e,0,0,0,0,0,0,8,0,0,0,0,0.0,0.0,0.0,0,0,0,0
7314bba4,19,1238,13,12,12,7,13,1,13,18,-5,14.6,18.5,-3.9,0,0,0,0
7399c7a8,6,504,5,6,5,0,5,0,4,11,-7,5.1,9.5,-4.4,0,0,0,0
73b1d65b,0,0,0,0,0,0,2,0,0,0,0,0.0,0.0,0.0,0,0,0,0
74b2cd7e,31,2786,31,31,30,0,5,1,45,44,1,40.1,50.3,-10.2,0,0,0,0
74e12f1e,30,2613,29,30,24,0,0,1,31,41,-10,36.1,38.3,-2.2,0,0,0,0
75566759,30,2338,26,28,13,2,3,0,17,44,-27,22.0,43.6,-21.5,0,0,0,0
758dd7f0,21,1599,17,18,15,3,5,1,19,21,-2,17.4,26.5,-9.0,0,0,0,0
75a72a99,28,2520,28,28,28,0,0,1,56,27,29,45.9,33.8,12.2,0,0,0,0
75f2c59f,28,1648,18,17,5,11,5,0,15,27,-12,23.0,25.7,-2.7,0,0,0,0
76c131da,1,3,0,0,0,1,0,3,1,0,1,0.1,0.1,0.1,0,0,0,0
76dd1480,35,2560,28,28,19,7,0,1,35,45,-10,38.7,36.9,1.8,0,0,0,0
76eca7e2,3,270,3,3,3,0,34,0,2,8,-6,2.6,7.2,-4.7,270,3,3,3
76fa5f80,4,241,2,1,1,3,17,0,1,6,-5,3.1,5.7,-2.6,0,0,0,0
774cf58b,36,3240,36,36,36,0,0,0,23,71,-48,34.6,62.1,-27.5,0,0,0,0
77cf6852,17,1020,11,11,7,6,14,1,13,23,-10,10.3,19.0,-8.8,0,0,0,0
78b8ac63,36,2113,23,24,7,12,2,1,22,25,-3,27.5,32.3,-4.8,0,0,0,0
78e68b4d,0,0,0,0,0,0,4,0,0,0,0,0.0,0.0,0.0,0,0,0,0
78e87179,2,11,0,0,0,2,1,0,0,1,-1,0.2,0.2,0.0,0,0,0,0
7914b9fe,25,2167,24,25,24,0,2,1,20,35,-15,22.9,37.8,-14.9,0,0,0,0
7956236f,9,771,8,8,8,1,29,1,16,9,7,10.5,12.6,-2.1,771,9,8,8
79b0d6a0,38,3420,38,38,38,0,0,1,51,40,11,54.1,38.0,16.1,3420,38,38,38
79bc4c45,13,594,6,6,4,7,17,2,9,4,5,8.0,7.6,0.4,0,0,0,0
79c0821a,31,2073,23,23,15,8,3,1,40,37,3,39.8,24.0,15.8,0,0,0,0
79c84d1c,13,917,10,11,4,2,0,1,15,13,2,17.0,11.3,5.7,0,0,0,0
79ca3e23,10,724,8,9,3,1,3,0,3,9,-6,9.6,12.0,-2.4,0,0,0,0
7a11550b,28,2004,22,22,21,6,9,2,53,16,37,42.2,20.9,21.4,0,0,0,0
7a1f2c08,17,769,8,7,4,10,11,1,7,9,-2,7.6,13.7,-6.1,0,0,0,0
7a2e46a8,29,2543,28,29,27,0,0,2,61,23,38,50.0,27.3,22.7,2543,29,29,28
7ba2eaa9,29,939,10,9,1,20,6,1,19,12,7,17.1,11.8,5.3,0,0,0,0
7ba6d84e,38,3420,38,38,38,0,0,1,66,36,30,62.2,37.7,24.5,3420,38,38,38
7c39363f,0,0,0,0,0,0,3,0,0,0,0,0.0,0.0,0.0,0,0,0,0
7ca9f0f0,9,250,2,2,0,7,14,1,1,2,-1,4.1,4.2,0.0,0,0,0,0
7d2d3329,20,893,9,10,4,10,9,1,16,12,4,11.4,9.9,1.5,0,0,0,0
7d41b619,5,235,2,2,1,3,24,1,2,6,-4,4.1,7.0,-3.0,0,0,0,0
7edfbb8a,15,1291,14,15,13,0,12,1,27,18,9,26.6,14.4,12.2,0,0,0,0
7f3b388c,28,2079,23,22,21,6,2,2,50,26,24,41.0,25.8,15.2,0,0,0,0
7fcc71d8,9,289,3,3,0,6,4,1,4,0,4,5.6,1.8,3.8,0,0,0,0
7fec31a0,24,1264,14,14,7,10,3,0,10,23,-13,15.1,24.0,-8.9,0,0,0,0
80c31c97,11,436,4,4,4,7,24,2,9,6,3,10.6,4.8,5.9,0,0,0,0
810e3c74,22,935,10,9,0,13,4,1,16,14,2,18.3,11.1,7.2,0,0,0,0
819aa8e7,33,2004,22,26,4,7,5,1,36,25,11,36.3,22.9,13.4,0,0,0,0
819b3158,31,2020,22,21,16,10,5,2,50,28,22,49.7,26.0,23.6,0,0,0,0
82726be5,0,0,0,0,0,0,1,0,0,0,0,0.0,0.0,0.0,0,0,0,0
82927de4,36,2172,24,24,7,12,1,1,34,35,-1,31.6,37.8,-6.3,0,0,0,0
82e34b69,27,2225,24,26,16,1,2,0,27,39,-12,32.7,34.3,-1.6,0,0,0,0
8397a50c,33,2902,32,33,32,0,0,0,36,53,-17,38.3,53.2,-14.9,0,0,0,0
839c14e1,21,1555,17,19,12,2,4,3,23,20,3,23.2,20.0,3.1,0,0,0,0
83d074ff,9,352,3,4,0,5,1,1,4,6,-2,4.7,5.2,-0.5,0,0,0,0
849c826a,23,991,11,10,2,13,1,1,11,17,-6,14.3,17.5,-3.2,0,0,0,0
862a1c15,36,3021,33,35,21,1,1,1,35,48,-13,31.7,57.5,-25.8,0,0,0,0
86695068,27,1134,12,12,0,15,7,1,24,17,7,20.0,19.2,0.8,0,0,0,0
867239d3,16,1204,13,13,10,3,0,1,31,9,22,24.8,12.0,12.7,0,0,0,0
86dd77d1,29,2392,26,28,22,1,7,2,75,24,51,65.5,26.2,39.3,0,0,0,0
87935cf3,14,931,10,11,8,3,2,1,7,21,-14,9.4,17.9,-8.6,0,0,0,0
8816329f,19,749,8,6,3,13,9,1,4,15,-11,4.6,15.4,-10.8,0,0,0,0
892d5bb1,33,1944,21,21,12,12,5,2,65,15,50,54.6,19.8,34.8,0,0,0,0
89d10e53,23,1756,19,20,14,3,5,2,23,28,-5,21.7,29.0,-7.300000000000001,0,0,0,0
89e4b358,29,2488,27,28,26,1,7,0,25,37,-12,32.7,36.9,-4.2,0,0,0,0
8a08585e,0,0,0,0,0,0,1,0,0,0,0,0.0,0.0,0.0,0,0,0,0
8a7ff278,29,2382,26,27,24,2,0,1,20,36,-16,26.4,37.4,-11.0,0,0,0,0
8aa5f52c,20,1513,16,15,14,5,9,0,16,33,-17,19.6,33.5,-13.9,0,0,0,0
8aec0537,29,1796,20,22,8,7,9,1,21,32,-11,24.4,29.0,-4.5,0,0,0,0
8b04d6c1,33,2752,30,30,29,3,1,1,39,51,-12,45.5,42.4,3.2,0,0,0,0
8b788c01,32,2624,29,31,14,1,0,1,56,27,29,48.0,29.4,18.7,0,0,0,0
8b9ebd03,36,2600,28,29,18,7,0,1,52,35,17,53.7,28.3,25.5,0,0,0,0
8c44e37b,2,18,0,0,0,2,3,0,0,2,-2,0.0,1.3,-1.3,0,0,0,0
8d3c902d,35,2528,28,29,14,6,3,1,24,36,-12,27.8,41.9,-14.0,0,0,0,0
8df7a2fb,32,2880,32,32,32,0,0,1,36,45,-9,39.5,42.7,-3.2,0,0,0,0
8eaf6aea,0,0,0,0,0,0,2,0,0,0,0,0.0,0.0,0.0,0,0,0,0
8f62b6ee,21,1807,20,21,20,0,0,1,36,21,15,24.2,31.0,-6.7,1807,21,21,20
8f817fc7,0,0,0,0,0,0,1,0,0,0,0,0.0,0.0,0.0,0,0,0,0
9050ddc4,19,1493,16,18,12,1,2,1,18,24,-6,14.5,31.4,-16.9,0,0,0,0
90f91999,28,2312,25,27,21,1,0,0,29,41,-12,32.3,41.6,-9.3,0,0,0,0
914ab9a1,27,2250,25,26,23,1,7,1,29,35,-6,33.4,33.9,-0.5,0,0,0,0
91c975a0,2,35,0,0,0,2,2,0,0,2,-2,0.6,1.7,-1.2,0,0,0,0
9228b07c,30,2027,22,23,16,7,6,1,21,34,-13,25.8,31.5,-5.7,0,0,0,0
9260926b,11,759,8,8,7,3,9,0,8,20,-12,9.1,18.6,-9.5,0,0,0,0
92e7e919,30,2476,27,28,16,2,0,1,48,31,17,37.6,37.9,-0.3,0,0,0,0
9319781b,3,270,3,3,3,0,6,1,5,3,2,3.2,3.1,0.1,0,0,0,0
9328b835,25,2117,23,25,23,0,0,1,36,34,2,32.2,36.8,-4.6,2117,25,25,23
935e6b8f,30,2238,24,26,16,4,1,2,54,14,40,45.1,22.7,22.4,0,0,0,0
939bc634,0,0,0,0,0,0,13,0,0,0,0,0.0,0.0,0.0,0,0,0,0
9460aaed,9,685,7,7,4,2,4,0,7,16,-9,9.1,14.3,-5.2,0,0,0,0
9674002f,37,2867,31,32,20,5,1,1,60,44,16,56.7,31.8,24.9,0,0,0,0
96b99d13,0,0,0,0,0,0,4,0,0,0,0,0.0,0.0,0.0,0,0,0,0
96bb8cc2,17,454,5,5,0,12,13,1,7,10,-3,7.4,8.0,-0.6,0,0,0,0
97220da2,1,5,0,0,0,1,0,3,0,0,0,0.0,0.0,0.0,0,0,0,0
97333cf5,30,1715,19,19,7,11,2,1,32,25,7,27.8,28.0,-0.2,0,0,0,0
980522ec,20,1097,12,10,6,10,3,1,20,18,2,14.1,18.2,-4.1,0,0,0,0
984a5a64,13,944,10,10,8,3,4,3,19,12,7,16.3,13.8,2.5,0,0,0,0
989d5705,24,1931,21,22,16,2,4,1,25,30,-5,29.7,29.9,-0.2,0,0,0,0
99813635,15,382,4,3,0,12,11,2,9,5,4,8.0,4.3,3.7,0,0,0,0
9a104dee,10,468,5,4,1,6,11,2,3,6,-3,5.9,7.4,-1.5,0,0,0,0
9a28eba4,37,2605,28,27,18,10,1,1,44,33,11,43.7,28.6,15.1,0,0,0,0
9a3a436e,0,0,0,0,0,0,1,0,0,0,0,0.0,0.0,0.0,0,0,0,0
9a526299,2,15,0,0,0,2,15,0,1,0,1,0.9,0.2,0.8,0,0,0,0
9a71e978,0,0,0,0,0,0,1,0,0,0,0,0.0,0.0,0.0,0,0,0,0
9a9c05db,17,1530,17,17,17,0,9,1,17,31,-14,18.9,24.1,-5.3,0,0,0,0
9b5ce51a,33,2703,30,31,24,2,1,1,34,48,-14,34.6,46.6,-12.0,0,0,0,0
9c318325,8,215,2,2,0,6,8,1,2,5,-3,2.1,3.7,-1.7,0,0,0,0
9c94165b,24,1733,19,20,15,4,0,1,38,15,23,32.0,18.4,13.6,0,0,0,0
9d107085,2,126,1,2,1,0,1,1,2,2,0,1.8,2.8,-1.1,0,0,0,0
9d9a71c1,1,1,0,0,0,1,2,0,0,0,0,0.0,0.1,-0.1,0,0,0,0
9dab6e3b,0,0,0,0,0,0,3,0,0,0,0,0.0,0.0,0.0,0,0,0,0
9dbb75ca,30,1874,20,22,9,8,4,1,36,25,11,27.4,29.6,-2.2,0,0,0,0
9deaf2c8,18,548,6,4,0,14,3,0,6,7,-1,8.4,6.3,2.1,0,0,0,0
9e525177,35,3070,34,34,32,1,1,1,63,33,30,56.9,33.2,23.7,0,0,0,0
9f1893b9,25,1497,16,20,6,5,4,0,21,27,-6,19.8,27.8,-8.0,0,0,0,0
9f351459,10,335,3,4,0,6,11,0,1,5,-4,3.2,5.7,-2.5,0,0,0,0
9f4647e9,24,1509,16,17,7,7,4,0,20,33,-13,17.1,32.4,-15.2,0,0,0,0
9f472354,26,1395,15,15,2,11,5,1,21,20,1,21.9,18.3,3.6,0,0,0,0
9f736ed2,2,50,0,0,0,2,6,0,0,1,-1,0.7,1.2,-0.5,0,0,0,0
9f7c837d,30,2644,29,30,28,0,1,0,21,62,-41,28.2,52.9,-24.7,0,0,0,0
9fbbcf39,33,2705,30,31,28,2,2,1,41,34,7,45.9,28.0,17.8,0,0,0,0
a0666d3e,30,2252,25,27,13,3,3,0,23,46,-23,29.7,39.7,-10.0,0,0,0,0
a07579ee,1,16,0,0,0,1,7,1,1,0,1,0.1,0.3,-0.2,0,0,0,0
a1232f4e,4,150,1,1,1,3,10,2,5,1,4,2.0,2.2,-0.2,0,0,0,0
a179d516,5,450,5,5,5,0,33,1,8,7,1,6.6,3.8,2.8,450,5,5,5
a1d5bd30,31,2643,29,31,19,0,0,1,56,29,27,50.3,28.6,21.7,0,0,0,0
a1f3f5a0,0,0,0,0,0,0,2,0,0,0,0,0.0,0.0,0.0,0,0,0,0
a29b1131,14,704,7,8,2,6,0,1,11,9,2,9.5,13.8,-4.3,0,0,0,0
a2b105e0,23,1378,15,14,11,9,3,1,15,26,-11,11.3,24.5,-13.2,0,0,0,0
a3b03921,29,857,9,8,1,21,6,1,16,16,0,13.1,16.9,-3.8,0,0,0,0
a4ac4b8f,22,1979,22,22,21,0,1,1,26,15,11,28.3,21.1,7.2,0,0,0,0
a4fe8cda,12,297,3,3,0,9,8,1,6,6,0,5.5,6.2,-0.7,0,0,0,0
a53649b7,13,633,7,7,2,6,1,1,8,8,0,7.3,11.5,-4.2,0,0,0,0
a5ca9127,0,0,0,0,0,0,3,0,0,0,0,0.0,0.0,0.0,0,0,0,0
a62da625,0,0,0,0,0,0,14,0,0,0,0,0.0,0.0,0.0,0,0,0,0
a67a09fb,11,772,8,8,7,3,5,1,15,10,5,15.9,10.3,5.6,0,0,0,0
a6de6361,20,1794,19,20,19,0,0,1,26,35,-9,25.4,39.8,-14.4,1794,20,20,19
a6e316c1,8,361,4,4,0,4,8,1,6,8,-2,5.2,3.4,1.8,0,0,0,0
a712ca2b,32,2766,30,31,30,1,4,1,39,54,-15,41.1,53.0,-11.9,0,0,0,0
a772eba6,0,0,0,0,0,0,6,0,0,0,0,0.0,0.0,0.0,0,0,0,0
a8a3d139,1,7,0,1,0,0,12,0,0,0,0,0.0,0.1,-0.1,7,1,1,0
a9142dc3,3,136,1,2,1,1,0,2,3,1,2,2.7,1.7,1.1,0,0,0,0
aa54ec6f,2,113,1,2,1,0,0,1,1,0,1,1.3,1.6,-0.3,0,0,0,0
aa6f2f2c,0,0,0,0,0,0,15,0,0,0,0,0.0,0.0,0.0,0,0,0,0
ab070c55,24,1261,14,13,6,11,3,1,11,18,-7,14.8,23.7,-8.9,0,0,0,0
ab13a5aa,35,3150,35,35,35,0,0,1,29,42,-13,33.3,49.8,-16.5,3150,35,35,35
ab4b3e35,27,1280,14,15,3,12,6,1,14,12,2,18.3,13.8,4.5,0,0,0,0
ab651565,32,2762,30,32,24,0,0,1,43,51,-8,45.8,41.5,4.3,0,0,0,0
abe66106,25,1215,13,12,4,13,2,1,22,12,10,17.1,22.0,-4.9,0,0,0,0
ac05f970,24,1768,19,19,12,5,0,1,31,30,1,27.5,29.9,-2.4,0,0,0,0
ac861941,19,1344,14,15,13,4,13,1,26,23,3,21.7,22.1,-0.4,0,0,0,0
ad1f61f3,19,1188,13,12,10,7,3,1,19,18,1,18.6,18.6,0.1,0,0,0,0
ad7cd1fa,0,0,0,0,0,0,3,0,0,0,0,0.0,0.0,0.0,0,0,0,0
ae0a7ddf,16,938,10,10,8,6,9,1,9,18,-9,11.1,21.2,-10.1,0,0,0,0
af102dc3,0,0,0,0,0,0,1,0,0,0,0,0.0,0.0,0.0,0,0,0,0
af721f98,3,22,0,0,0,3,1,1,0,2,-2,0.2,1.3,-1.2,0,0,0,0
b017b770,4,27,0,0,0,4,8,0,0,2,-2,0.9,1.6,-0.8,0,0,0,0
b0b4fd3e,36,3233,35,36,35,0,0,0,39,63,-24,42.6,62.7,-20.1,0,0,0,0
b0c71810,20,764,8,8,1,12,7,0,10,17,-7,15.1,14.2,0.9,0,0,0,0
b105919e,1,20,0,0,0,1,0,3,0,0,0,0.1,0.1,0.0,0,0,0,0
b18095b6,8,404,4,4,2,4,19,1,7,8,-1,8.5,6.3,2.2,0,0,0,0
b1b25949,0,0,0,0,0,0,1,0,0,0,0,0.0,0.0,0.0,0,0,0,0
b217ef29,9,703,7,8,7,1,7,2,15,5,10,12.0,7.7,4.3,0,0,0,0
b28bbd58,24,1294,14,14,8,10,5,1,8,23,-15,11.6,22.3,-10.7,0,0,0,0
b2bc3b1f,38,3280,36,37,36,1,0,1,31,46,-15,34.9,53.8,-18.9,0,0,0,0
b2d03887,1,6,0,0,0,1,10,0,0,0,0,0.2,0.1,0.1,0,0,0,0
b2d31e83,34,2880,32,33,31,1,0,1,32,42,-10,37.6,45.5,-7.9,0,0,0,0
b400bde0,33,2651,29,30,19,3,3,2,71,31,40,70.1,30.0,40.0,0,0,0,0
b51f8aee,0,0,0,0,0,0,1,0,0,0,0,0.0,0.0,0.0,0,0,0,0
b547f08c,1,1,0,0,0,1,3,0,0,0,0,0.0,0.1,-0.1,0,0,0,0
b561db50,38,3236,36,37,20,1,0,1,48,36,12,50.2,32.7,17.5,0,0,0,0
b581987a,19,632,7,4,3,15,2,1,9,10,-1,6.6,13.3,-6.8,0,0,0,0
b606638c,24,1180,13,14,0,10,10,0,13,32,-19,13.5,26.4,-12.9,0,0,0,0
b63e789d,30,2516,28,28,26,2,0,1,26,30,-4,32.0,40.6,-8.6,0,0,0,0
b66315ae,34,2030,22,21,12,13,1,2,64,14,50,57.6,18.0,39.6,0,0,0,0
b682dcf6,19,1696,18,19,18,0,13,1,27,25,2,24.8,26.7,-1.9,0,0,0,0
b827d5b3,20,867,9,9,2,11,16,1,16,11,5,15.3,12.0,3.2,0,0,0,0
b853e0ad,29,2163,24,23,21,6,5,1,35,26,9,39.1,25.4,13.7,0,0,0,0
b937e490,16,652,7,6,4,10,18,1,10,6,4,11.8,6.3,5.5,0,0,0,0
b9fbae28,22,1732,19,20,17,2,0,1,28,25,3,31.3,17.9,13.4,0,0,0,0
ba115a40,32,2266,25,24,20,8,1,1,31,41,-10,32.0,44.6,-12.5,0,0,0,0
ba23a904,23,1645,18,19,16,4,11,1,27,24,3,21.1,27.7,-6.5,0,0,0,0
ba3ca78f,8,687,7,7,7,1,12,0,8,17,-9,9.7,15.1,-5.4,687,8,7,7
bb5fbd2b,19,1143,12,11,3,8,6,0,15,15,0,14.8,19.9,-5.1,0,0,0,0
bc7dc64d,26,1753,19,19,10,7,6,1,22,18,4,20.6,26.5,-5.9,0,0,0,0
bcfb0142,0,0,0,0,0,0,11,0,0,0,0,0.0,0.0,0.0,0,0,0,0
bd6351cd,17,1208,13,13,12,4,17,2,35,11,24,32.5,11.0,21.5,0,0,0,0
bdedffac,7,539,6,5,5,2,20,0,4,12,-8,6.7,8.1,-1.4,539,7,5,6
be927d03,12,955,10,10,9,2,8,1,12,10,2,16.4,10.9,5.5,0,0,0,0
bf3aeb61,0,0,0,0,0,0,6,0,0,0,0,0.0,0.0,0.0,0,0,0,0
bf59c794,1,13,0,0,0,1,1,0,0,0,0,0.2,0.0,0.2,0,0,0,0
bf8fad51,18,1545,17,17,17,1,2,0,14,34,-20,17.8,30.7,-12.9,0,0,0,0
bf9c0749,0,0,0,0,0,0,2,0,0,0,0,0.0,0.0,0.0,0,0,0,0
bfae110f,21,1782,19,21,13,0,0,1,26,31,-5,23.9,38.4,-14.5,0,0,0,0
bfdb33aa,28,2028,22,22,14,6,2,0,24,35,-11,32.5,31.9,0.6,0,0,0,0
c0027d2d,9,575,6,6,5,3,13,1,7,11,-4,4.8,11.1,-6.3,0,0,0,0
c0617e2b,24,1692,18,18,6,6,4,1,29,21,8,21.6,27.4,-5.7,0,0,0,0
c067631c,27,2237,24,25,23,2,1,1,35,39,-4,32.8,42.0,-9.3,0,0,0,0
c0e27d1a,33,2809,31,32,30,1,3,1,47,38,9,40.5,46.6,-6.1,0,0,0,0
c13c24c8,2,7,0,0,0,2,11,1,0,0,0,0.0,0.0,0.0,0,0,0,0
c17bfb65,38,2683,29,32,11,6,0,1,23,46,-23,25.5,51.0,-25.4,0,0,0,0
c1949191,4,300,3,2,2,2,5,1,3,6,-3,3.2,4.9,-1.7,0,0,0,0
c2111b45,2,163,1,1,1,1,10,0,3,6,-3,2.6,4.0,-1.4,0,0,0,0
c24dba2a,23,755,8,7,2,16,14,0,6,17,-11,11.8,14.1,-2.3,0,0,0,0
c2f9d19f,14,1091,12,11,10,3,13,0,11,25,-14,12.2,20.2,-8.0,0,0,0,0
c35e99d8,0,0,0,0,0,0,1,0,0,0,0,0.0,0.0,0.0,0,0,0,0
c3e39f12,0,0,0,0,0,0,1,0,0,0,0,0.0,0.0,0.0,0,0,0,0
c40b6180,31,2668,29,31,29,0,5,1,29,44,-15,36.3,45.7,-9.3,0,0,0,0
c596fcb0,35,2908,32,32,27,3,0,0,36,53,-17,37.5,54.5,-17.1,0,0,0,0
c5b7c315,31,2559,28,28,28,3,6,1,32,42,-10,36.3,38.0,-1.7,0,0,0,0
c5bdb6e3,17,631,7,7,1,10,10,1,9,7,2,7.6,10.6,-3.1,0,0,0,0
c691bfe2,35,2747,30,31,19,4,1,2,66,28,38,54.0,29.3,24.8,0,0,0,0
c6dc9ecd,31,1646,18,20,2,11,3,0,21,32,-11,23.0,31.3,-8.3,0,0,0,0
c8387671,2,8,0,0,0,2,10,3,0,0,0,0.2,0.0,0.2,0,0,0,0
c8aa95da,22,1672,18,18,15,4,10,0,14,37,-23,15.3,33.9,-18.6,0,0,0,0
c92e1a31,20,960,10,12,2,8,9,1,18,9,9,20.7,11.0,9.7,0,0,0,0
c931d9f9,33,2287,25,26,15,7,4,1,33,29,4,37.7,26.0,11.7,0,0,0,0
c951a6df,29,2223,24,26,20,3,2,1,26,32,-6,25.6,43.1,-17.6,0,0,0,0
ca9178af,0,0,0,0,0,0,10,0,0,0,0,0.0,0.0,0.0,0,0,0,0
caa1a7f0,21,665,7,8,0,13,10,1,12,12,0,9.8,11.3,-1.5,0,0,0,0
caffaf5a,8,560,6,6,6,2,15,1,5,18,-13,8.2,11.9,-3.7,0,0,0,0
cb4f24c6,0,0,0,0,0,0,29,0,0,0,0,0.0,0.0,0.0,0,0,0,0
cc2d7ad5,24,1945,21,22,20,2,6,1,24,18,6,24.8,29.4,-4.5,0,0,0,0
cc3b8e78,0,0,0,0,0,0,1,0,0,0,0,0.0,0.0,0.0,0,0,0,0
cd1acf9d,38,3175,35,35,31,3,0,2,80,32,48,65.7,36.7,29.0,0,0,0,0
cd3112d5,0,0,0,0,0,0,1,0,0,0,0,0.0,0.0,0.0,0,0,0,0
cd4256d3,0,0,0,0,0,0,1,0,0,0,0,0.0,0.0,0.0,0,0,0,0
cde3309f,0,0,0,0,0,0,37,0,0,0,0,0.0,0.0,0.0,0,0,0,0
cdf0f2db,0,0,0,0,0,0,1,0,0,0,0,0.0,0.0,0.0,0,0,0,0
ce4246f5,28,2344,26,25,24,3,7,1,47,37,10,45.3,27.6,17.6,0,0,0,0
ce5143da,18,822,9,8,4,10,2,0,9,15,-6,14.6,12.7,1.9,0,0,0,0
cea4ee8f,25,1847,20,21,12,4,3,1,32,25,7,29.5,31.2,-1.7,0,0,0,0
cee31595,37,3090,34,37,22,0,0,1,30,38,-8,31.7,49.9,-18.3,0,0,0,0
cfd5e123,4,59,0,0,0,4,0,1,0,3,-3,0.7,1.9,-1.3,0,0,0,0
d0042ab9,27,2054,22,24,22,3,7,1,30,34,-4,32.5,27.9,4.7,0,0,0,0
d0706b27,0,0,0,0,0,0,3,0,0,0,0,0.0,0.0,0.0,0,0,0,0
d0b3ceb9,38,3420,38,38,38,0,0,0,36,64,-28,48.9,58.1,-9.3,3420,38,38,38
d0b6129f,14,943,10,12,5,2,0,1,11,11,0,9.3,11.8,-2.5,0,0,0,0
d0f72bf1,3,185,2,2,2,1,30,1,1,2,-1,1.8,2.9,-1.1,0,0,0,0
d2424d1b,27,2373,26,27,25,0,1,1,48,26,22,41.4,33.7,7.7,0,0,0,0
d2d74d9c,5,112,1,0,0,5,4,0,1,4,-3,0.6,2.5,-1.9,0,0,0,0
d328a254,34,2530,28,29,19,5,1,0,31,41,-10,33.4,45.3,-11.9,0,0,0,0
d3ce0e89,0,0,0,0,0,0,38,0,0,0,0,0.0,0.0,0.0,0,0,0,0
d484c261,1,90,1,1,1,0,7,1,1,1,0,2.5,0.7,1.8,0,0,0,0
d4cb83cc,3,270,3,3,3,0,0,2,4,4,0,2.9,4.4,-1.5,0,0,0,0
d557d734,36,2839,31,32,26,4,1,1,45,31,14,46.9,29.5,17.4,0,0,0,0
d56543a0,28,2067,23,21,19,7,0,0,22,34,-12,26.6,38.7,-12.1,0,0,0,0
d596e193,0,0,0,0,0,0,38,0,0,0,0,0.0,0.0,0.0,0,0,0,0
d5dd5f1f,36,3136,34,35,31,1,0,1,51,44,7,43.4,49.9,-6.5,0,0,0,0
d7492450,19,1549,17,17,14,2,11,1,18,16,2,15.5,26.6,-11.0,0,0,0,0
d7553721,28,1492,16,15,7,13,4,1,24,18,6,20.9,23.5,-2.7,0,0,0,0
d79a8c87,8,581,6,6,5,2,10,1,11,9,2,8.0,10.2,-2.3,0,0,0,0
d7e24aa1,0,0,0,0,0,0,2,0,0,0,0,0.0,0.0,0.0,0,0,0,0
d8931174,38,3420,38,38,38,0,0,1,66,36,30,62.2,37.7,24.5,0,0,0,0
d93c2511,27,1772,19,20,13,7,2,1,28,20,8,30.6,20.3,10.3,0,0,0,0
d9565625,4,67,0,1,0,3,4,1,0,1,-1,1.2,1.1,0.1,0,0,0,0
d9ba39fc,27,2332,25,27,23,0,10,1,31,38,-7,30.2,39.2,-9.0,0,0,0,0
d9cfca3d,30,1240,13,11,0,19,3,1,20,15,5,17.0,20.0,-3.0,0,0,0,0
da052c14,37,3148,35,37,23,0,1,1,28,45,-17,32.5,51.1,-18.5,0,0,0,0
da7b447d,29,2431,27,27,26,2,6,1,49,37,12,36.7,39.8,-3.1,0,0,0,0
da8b19e2,0,0,0,0,0,0,38,0,0,0,0,0.0,0.0,0.0,0,0,0,0
dae8623e,14,943,10,11,5,3,0,0,7,18,-11,11.0,16.2,-5.1,0,0,0,0
dbe56a33,28,1815,20,22,6,6,1,1,23,18,5,24.7,24.8,-0.1,0,0,0,0
dc008610,3,73,0,1,0,2,0,1,2,0,2,1.3,0.7,0.6,0,0,0,0
dc4cae05,9,506,5,8,0,1,0,0,6,12,-6,5.0,7.5,-2.5,0,0,0,0
dc6f5bdd,14,1102,12,13,11,1,5,1,16,15,1,15.2,11.9,3.3,0,0,0,0
dc7f8a28,0,0,0,0,0,0,2,0,0,0,0,0.0,0.0,0.0,0,0,0,0
dd0daf32,3,112,1,1,0,2,1,1,2,0,2,2.1,0.4,1.6,0,0,0,0
dd323728,6,230,2,3,0,3,9,2,5,2,3,3.2,1.9,1.3,0,0,0,0
de0f152c,26,1821,20,20,16,6,3,1,18,31,-13,26.8,28.5,-1.7,0,0,0,0
de5b5570,29,1836,20,19,10,10,5,0,24,37,-13,23.9,38.9,-15.0,0,0,0,0
debe38a0,36,3187,35,36,34,0,0,1,36,30,6,40.8,45.8,-5.0,0,0,0,0
def899bd,2,135,1,2,1,0,10,0,0,3,-3,1.4,1.6,-0.2,0,0,0,0
df10e27c,6,194,2,2,1,4,5,2,8,3,5,4.1,2.0,2.1,0,0,0,0
e06683ca,38,3420,38,38,38,0,0,2,85,33,52,68.9,37.7,31.2,0,0,0,0
e082af5b,10,900,10,10,10,0,28,0,9,25,-16,14.4,15.6,-1.2,900,10,10,10
e0900238,2,25,0,0,0,2,2,1,0,2,-2,0.2,0.5,-0.3,0,0,0,0
e0991c04,3,122,1,1,1,2,5,1,1,2,-1,1.2,1.3,-0.1,0,0,0,0
e0bc6fdc,15,1024,11,13,10,2,7,1,13,21,-8,20.9,11.6,9.3,0,0,0,0
e2716bd0,27,1826,20,22,10,5,6,2,59,15,44,49.5,18.9,30.7,0,0,0,0
e28868f3,35,2887,32,33,27,2,1,1,42,35,7,43.8,33.0,10.8,0,0,0,0
e2dde94c,7,68,0,0,0,7,8,1,2,1,1,2.7,1.6,1.2,0,0,0,0
e342ad68,34,2876,32,33,20,1,3,2,68,26,42,58.9,31.2,27.8,0,0,0,0
e358587b,12,1080,12,12,12,0,4,1,11,20,-9,12.1,19.8,-7.7,1080,12,12,12
e3a5814e,20,1386,15,15,14,5,8,1,22,21,1,19.3,22.7,-3.4,0,0,0,0
e46012d4,35,2791,31,32,20,3,1,2,87,22,65,79.2,26.1,53.1,0,0,0,0
e514ab62,28,2291,25,27,22,1,2,1,30,40,-10,31.7,45.3,-13.6,0,0,0,0
e58a03c6,20,850,9,10,2,10,7,0,14,15,-1,11.0,13.6,-2.5,0,0,0,0
e5a76dfe,36,3240,36,36,36,0,0,1,36,33,3,41.6,47.3,-5.7,3240,36,36,36
e5d01ecf,28,2237,24,26,20,2,3,0,23,46,-23,32.4,40.7,-8.3,0,0,0,0
e608ed4c,0,0,0,0,0,0,38,0,0,0,0,0.0,0.0,0.0,0,0,0,0
e61b8aee,31,2586,28,30,25,1,0,1,47,31,16,38.9,41.7,-2.8,0,0,0,0
e7434f04,2,180,2,2,2,0,25,0,3,6,-3,1.5,3.7,-2.3,180,2,2,2
e75750a3,16,676,7,9,2,7,7,1,7,6,1,7.7,10.2,-2.5,0,0,0,0
e77dc3b2,32,1651,18,17,10,15,6,0,22,39,-17,21.8,29.2,-7.4,0,0,0,0
e7ca0439,18,1582,17,18,16,0,3,0,15,23,-8,13.8,27.3,-13.5,0,0,0,0
e8832875,3,25,0,0,0,3,6,0,1,1,0,0.4,0.8,-0.5,0,0,0,0
e8c9f4e9,25,1051,11,10,0,15,11,1,11,10,1,12.2,14.4,-2.2,0,0,0,0
e9254eec,15,1262,14,14,13,1,3,0,12,25,-13,15.3,22.5,-7.2,0,0,0,0
e95726c1,0,0,0,0,0,0,4,0,0,0,0,0.0,0.0,0.0,0,0,0,0
e97fd090,7,208,2,2,0,5,4,2,4,3,1,4.6,4.1,0.5,0,0,0,0
e9971f2d,6,525,5,6,5,0,9,0,6,7,-1,6.4,13.3,-6.9,0,0,0,0
eaeca114,29,2503,27,29,27,0,1,0,30,46,-16,32.7,44.9,-12.2,0,0,0,0
eb58eef0,37,2935,32,35,20,2,0,2,74,28,46,57.9,34.1,23.8,0,0,0,0
eb7822d7,21,1581,17,18,13,3,6,1,36,13,23,28.1,16.4,11.7,0,0,0,0
eba42d2b,17,655,7,6,1,11,16,0,5,11,-6,6.7,11.8,-5.1,0,0,0,0
ebd0a048,1,6,0,0,0,1,5,0,0,0,0,0.0,0.0,0.0,0,0,0,0
ecf44e09,6,117,1,0,0,6,6,0,1,6,-5,1.9,4.3,-2.4,0,0,0,0
ed1e53f3,23,901,10,9,4,14,13,2,34,7,27,21.8,9.3,12.5,0,0,0,0
ed33f42d,0,0,0,0,0,0,3,0,0,0,0,0.0,0.0,0.0,0,0,0,0
ee38d9c5,31,2624,29,29,23,2,0,1,51,26,25,46.9,35.0,11.9,0,0,0,0
ef66b362,0,0,0,0,0,0,2,0,0,0,0,0.0,0.0,0.0,0,0,0,0
efb9215a,28,2304,25,25,21,3,9,0,14,56,-42,22.0,49.3,-27.2,0,0,0,0
f08490a6,14,630,7,6,2,8,5,0,4,12,-8,5.7,11.5,-5.8,0,0,0,0
f1e94cd6,1,3,0,0,0,1,2,3,0,0,0,0.1,0.0,0.1,0,0,0,0
f234c188,0,0,0,0,0,0,4,0,0,0,0,0.0,0.0,0.0,0,0,0,0
f23f9d20,36,3240,36,36,36,0,0,0,25,68,-43,33.7,62.0,-28.3,3240,36,36,36
f25b010f,32,2620,29,29,28,3,4,1,33,42,-9,30.0,51.8,-21.8,0,0,0,0
f25c8e3a,18,815,9,9,1,9,9,2,19,8,11,15.6,6.8,8.8,0,0,0,0
f2bf1b0f,30,1111,12,12,0,18,6,1,17,17,0,20.0,17.7,2.3,0,0,0,0
f2f29dda,23,797,8,7,2,16,14,1,12,10,2,11.1,11.1,0.0,0,0,0,0
f31def1e,8,639,7,7,7,1,6,0,11,15,-4,10.9,11.7,-0.7,0,0,0,0
f4290206,18,1430,15,15,12,3,9,2,39,18,21,31.8,15.7,16.1,0,0,0,0
f4765c97,0,0,0,0,0,0,4,0,0,0,0,0.0,0.0,0.0,0,0,0,0
f4e433d4,9,620,6,7,3,2,2,4,7,8,-1,8.4,9.2,-0.7999999999999998,0,0,0,0
f573a8bf,5,70,0,0,0,5,7,0,0,3,-3,0.5,2.3,-1.7,0,0,0,0
f586779e,34,2215,24,25,9,9,0,1,45,34,11,46.3,27.5,18.8,0,0,0,0
f5a00fa4,38,3108,34,34,30,4,0,1,46,36,10,47.6,35.0,12.6,0,0,0,0
f5deef4c,35,3092,34,35,33,0,0,1,61,32,29,57.3,34.0,23.2,0,0,0,0
f5e6d08d,1,56,0,1,0,0,1,1,0,0,0,1.3,0.3,1.0,0,0,0,0
f63d8a4b,37,2489,27,30,9,7,0,0,18,54,-36,26.2,49.2,-23.1,0,0,0,0
f72293fc,12,621,6,6,1,6,3,1,11,7,4,11.0,7.4,3.6,0,0,0,0
f76e6b4e,11,875,9,9,9,2,27,3,24,10,14,18.9,10.5,8.4,875,11,9,9
f7d50789,33,2957,32,33,32,0,5,1,53,39,14,40.7,45.3,-4.7,0,0,0,0
f833a830,10,249,2,2,0,8,7,1,4,2,2,5.0,2.5,2.5,0,0,0,0
f874dd44,15,1158,12,13,10,2,5,1,20,18,2,15.5,20.4,-4.9,0,0,0,0
f8e588df,0,0,0,0,0,0,2,0,0,0,0,0.0,0.0,0.0,0,0,0,0
f8fcd2a5,38,3383,37,38,35,0,0,1,64,40,24,59.7,45.0,14.7,0,0,0,0
fa031b34,36,3070,34,36,26,0,0,1,39,51,-12,44.5,41.2,3.3,0,0,0,0
fa38722f,1,3,0,0,0,1,8,0,0,0,0,0.0,0.0,0.0,0,0,0,0
fb614c44,13,1012,11,11,11,2,25,1,16,14,2,19.3,12.5,6.8,0,0,0,0
fc027d02,3,267,3,3,2,0,0,1,2,4,-2,5.0,2.6,2.5,0,0,0,0
fc15fb84,38,3338,37,38,31,0,0,1,41,48,-7,46.6,47.2,-0.6,0,0,0,0
fcab00a0,27,1534,17,18,4,9,10,1,20,29,-9,21.4,26.3,-4.9,0,0,0,0
fce2302c,15,989,11,12,6,3,4,1,18,16,2,12.4,19.0,-6.6,0,0,0,0
fdd85f94,35,2829,31,32,28,3,1,1,33,46,-13,37.4,44.6,-7.2,0,0,0,0
fe558029,1,90,1,1,1,0,1,0,0,3,-3,0.4,2.0,-1.7,90,1,1,1
fe8e6fa1,10,195,2,2,0,8,19,1,2,6,-4,2.4,4.5,-2.1,0,0,0,0
fed96827,12,912,10,10,10,2,11,0,6,19,-13,10.0,16.0,-6.0,0,0,0,0
fefce889,0,0,0,0,0,0,24,0,0,0,0,0.0,0.0,0.0,0,0,0,0
ff527768,33,2674,29,32,19,1,2,1,41,44,-3,36.0,48.7,-12.8,0,0,0,0
ff97076d,0,0,0,0,0,0,1,0,0,0,0,0.0,0.0,0.0,0,0,0,0
ffa90327,34,2051,22,26,9,8,3,0,26,48,-22,29.8,42.3,-12.4,0,0,0,0
