,id,MP,Min,90s,Starts,Compl,Subs,unSub,PPM,onG,onGA,+/-,onxG,onxGA,xG+/-,MinGK,MPGK,StartsGK,90sGK
0,007414dd,0,0,0,0,0,0,1,0,0,0,0,0.0,0.0,0.0,3240,36,36,36
1,00f0482f,1,16,0,0,0,1,1,0,0,0,0,0.1,0.0,0.1,90,1,1,1
2,01226327,4,337,3,4,3,0,5,0,5,7,-2,5.4,6.5,-1.0,360,4,4,4
3,012c975a,0,0,0,0,0,0,1,0,0,0,0,0.0,0.0,0.0,1080,12,12,12
4,01962d0d,20,746,8,5,2,15,11,0,11,25,-14,13.0,20.0,-7.1,270,3,3,3
5,02aed921,0,0,0,0,0,0,3,0,0,0,0,0.0,0.0,0.0,765,9,8,8
6,02b29014,30,2537,28,29,27,1,1,1,33,47,-14,29.6,39.3,-9.7,180,2,2,2
7,0313a347,29,2477,27,29,24,0,3,1,36,41,-5,30.3,35.3,-5.0,720,8,8,8
8,0420d84f,30,2656,29,30,28,0,4,1,34,50,-16,30.7,41.7,-11.0,2340,26,26,26
9,0442183b,16,1351,15,15,15,1,17,1,19,12,7,18.3,13.7,4.6,3330,37,37,37
10,0562b7f1,28,1564,17,18,6,10,7,1,25,19,6,22.5,19.2,3.3,3330,37,37,37
11,05e8ca6d,3,27,0,0,0,3,9,1,1,0,1,0.2,0.8,-0.6,1080,12,12,12
12,06791660,0,0,0,0,0,0,1,0,0,0,0,0.0,0.0,0.0,1710,19,19,19
13,0745b37d,37,3253,36,37,29,0,0,0,22,79,-57,29.8,72.1,-42.4,2340,26,26,26
14,076bb352,1,10,0,0,0,1,10,0,0,1,-1,0.0,0.4,-0.4,3420,38,38,38
15,07802f7f,30,1898,21,22,7,8,3,1,29,26,3,26.3,24.3,2.0,2655,30,30,29
16,08288a57,0,0,0,0,0,0,1,0,0,0,0,0.0,0.0,0.0,810,9,9,9
17,099e666f,15,1018,11,11,9,4,22,0,10,24,-14,12.1,21.5,-9.4,180,2,2,2
18,0b33f6ad,34,2972,33,33,32,1,2,1,42,57,-15,41.2,49.8,-8.6,180,2,2,2
19,0d4ceb32,22,679,7,5,1,17,0,1,7,7,0,8.8,10.2,-1.5,36,1,0,0
20,0d85a4e8,0,0,0,0,0,0,7,0,0,0,0,0.0,0.0,0.0,2610,29,29,29
21,0db5d2c8,8,518,5,6,5,2,6,1,8,10,-2,7.3,7.5,-0.2,360,4,4,4
22,0ef89a37,19,1329,14,16,5,3,0,1,21,17,4,19.6,18.3,1.3,3420,38,38,38
23,0f134faf,31,1601,17,19,8,12,4,1,15,30,-15,21.5,24.7,-3.2,180,2,2,2
24,0f933743,5,427,4,5,4,0,11,0,1,9,-8,3.0,10.2,-7.2,3240,36,36,36
25,1000a059,1,4,0,0,0,1,8,0,0,0,0,0.0,0.0,0.0,1530,17,17,17
26,101da2b5,19,964,10,10,7,9,19,2,34,12,22,25.8,10.4,15.4,3060,34,34,34
27,111c3236,11,662,7,8,2,3,5,1,6,6,0,6.1,8.9,-2.9,3384,38,38,37
28,112c495e,18,1169,13,14,10,4,19,0,5,27,-22,11.8,23.8,-12.0,90,1,1,1
29,1137759d,31,2083,23,25,9,6,2,1,25,35,-10,25.2,29.0,-3.8,3150,35,35,35
30,1148323a,0,0,0,0,0,0,9,0,0,0,0,0.0,0.0,0.0,3240,36,36,36
31,119b9a8e,33,2828,31,33,27,0,2,2,87,23,64,74.7,19.8,54.9,3060,34,34,34
32,11ff3d56,23,1023,11,10,7,13,12,1,13,21,-8,13.3,17.4,-4.1,2160,24,24,24
33,1265a93a,26,1864,20,22,17,4,1,1,41,21,20,38.4,16.3,22.1,135,2,1,1
34,132a82f1,7,630,7,7,7,0,2,1,13,7,6,9.4,8.8,0.6,3285,37,37,36
35,1544f145,34,2467,27,29,14,5,1,1,39,35,4,32.9,32.2,0.7,3329,37,37,37
36,1598599e,14,1032,11,12,7,2,3,1,19,15,4,11.4,15.6,-4.2,3330,37,37,37
37,15ea812b,35,3106,34,35,34,0,0,0,30,51,-21,37.0,52.7,-15.7,90,1,1,1
38,15f3ec41,15,962,10,11,3,4,7,1,24,8,16,18.8,8.2,10.6,90,1,1,1
39,16264a81,8,660,7,8,4,0,11,2,13,6,7,10.1,7.2,2.9,90,1,1,1
40,165cf989,0,0,0,0,0,0,11,0,0,0,0,0.0,0.0,0.0,90,1,1,1
41,169fd162,30,1816,20,20,4,10,1,1,19,22,-3,17.4,33.4,-16.0,360,4,4,4
42,172e52d8,37,3321,36,37,36,0,0,1,46,56,-10,44.1,48.0,-4.0,0,0,0,0
43,17695062,33,1921,21,21,10,12,2,1,28,28,0,30.5,29.0,1.5,0,0,0,0
44,1770bd68,18,852,9,7,4,11,13,0,6,16,-10,8.3,16.1,-7.8,0,0,0,0
45,17734ea0,1,7,0,0,0,1,2,3,1,0,1,1.0,0.0,1.0,0,0,0,0
46,178ae8f8,35,2364,26,27,10,8,1,2,58,19,39,57.3,23.5,33.8,0,0,0,0
47,17d45fb2,7,334,3,4,0,3,9,0,4,9,-5,4.3,8.8,-4.5,0,0,0,0
48,182a8b9d,0,0,0,0,0,0,11,0,0,0,0,0.0,0.0,0.0,0,0,0,0
49,185321d3,0,0,0,0,0,0,3,0,0,0,0,0.0,0.0,0.0,0,0,0,0
50,18b896d6,34,3035,33,34,33,0,1,1,68,27,41,57.1,28.1,29.0,0,0,0,0
51,1900032e,10,567,6,6,5,4,15,1,12,16,-4,11.0,13.2,-2.2,0,0,0,0
52,192d4c3d,0,0,0,0,0,0,5,0,0,0,0,0.0,0.0,0.0,0,0,0,0
53,1961b2aa,14,619,6,7,2,7,7,1,10,19,-9,7.6,12.7,-5.1,0,0,0,0
54,197640fd,27,2127,23,22,20,5,2,1,42,30,12,31.8,34.3,-2.6,0,0,0,0
55,19a12bed,19,1623,18,18,15,1,0,0,10,37,-27,16.9,28.5,-11.6,0,0,0,0
56,19a9cb70,1,9,0,0,0,1,3,3,0,0,0,0.5,0.3,0.2,0,0,0,0
57,19e50035,4,360,4,4,4,0,1,0,5,12,-7,3.9,10.1,-6.2,0,0,0,0
58,19f4d211,1,5,0,0,0,1,8,3,0,0,0,0.0,0.2,-0.1,0,0,0,0
59,1a4ef233,28,2123,23,23,22,5,6,1,35,40,-5,26.0,36.3,-10.3,0,0,0,0
60,1ae30132,0,0,0,0,0,0,32,0,0,0,0,0.0,0.0,0.0,0,0,0,0
61,1b280c66,0,0,0,0,0,0,1,0,0,0,0,0.0,0.0,0.0,0,0,0,0
62,1b4f1169,19,1134,12,12,9,7,18,1,11,12,-1,17.5,14.2,3.3,0,0,0,0
63,1b84dbe1,29,2439,27,29,26,0,1,2,37,42,-5,34.1,37.3,-3.3,0,0,0,0
64,1bf33a9a,22,1290,14,13,9,9,5,1,27,10,17,23.4,10.8,12.5,0,0,0,0
65,1bf811d4,15,1027,11,11,10,4,6,0,7,27,-20,10.1,24.7,-14.6,0,0,0,0
66,1c0eea98,12,1080,12,12,12,0,25,0,10,28,-18,11.4,22.6,-11.2,0,0,0,0
67,1c7012b8,36,3179,35,35,35,1,0,1,56,49,7,46.3,48.8,-2.6,0,0,0,0
68,1cb49278,19,1496,16,17,15,2,9,2,38,11,27,25.9,14.8,11.1,0,0,0,0
69,1d5c9842,0,0,0,0,0,0,1,0,0,0,0,0.0,0.0,0.0,0,0,0,0
70,1d5cab82,18,996,11,12,5,6,6,1,18,13,5,14.6,12.9,1.7,0,0,0,0
71,1daec722,35,3089,34,35,32,0,0,1,37,39,-2,42.5,38.7,3.8,0,0,0,0
72,1e159d70,0,0,0,0,0,0,5,0,0,0,0,0.0,0.0,0.0,0,0,0,0
73,1ecb65be,9,379,4,5,0,4,14,1,7,8,-1,4.2,6.7,-2.5,0,0,0,0
74,1ef37668,12,730,8,8,7,4,13,0,7,5,2,7.7,10.2,-2.5,0,0,0,0
75,1fb1c435,31,2265,25,27,16,4,2,1,25,37,-12,28.1,41.2,-13.1,0,0,0,0
76,21166ff4,28,2497,27,28,27,0,8,1,41,44,-3,31.8,42.5,-10.7,0,0,0,0
77,21512407,6,429,4,5,3,1,1,2,8,5,3,6.3,5.7,0.6,0,0,0,0
78,21945a9e,1,4,0,0,0,1,23,3,0,0,0,0.0,0.4,-0.4,0,0,0,0
79,21a66f6a,37,3232,35,36,35,1,0,1,66,40,26,58.2,36.2,22.0,0,0,0,0
80,2294d430,0,0,0,0,0,0,1,0,0,0,0,0.0,0.0,0.0,0,0,0,0
81,230f0471,0,0,0,0,0,0,6,0,0,0,0,0.0,0.0,0.0,0,0,0,0
82,235a62f8,2,146,1,2,0,0,11,0,0,3,-3,0.8,1.7,-0.9,0,0,0,0
83,2389cdc2,38,3377,37,38,35,0,0,1,52,50,2,43.6,46.6,-3.0,0,0,0,0
84,240c8ab6,1,1,0,0,0,1,1,0,0,0,0,0.0,0.1,-0.1,0,0,0,0
85,24f59bb2,24,1711,19,19,11,5,1,0,18,49,-31,20.8,37.2,-16.4,0,0,0,0
86,24fae784,21,1692,18,19,17,2,4,1,15,23,-8,17.7,28.4,-10.7,0,0,0,0
87,2500cef9,30,1284,14,12,5,18,3,1,20,22,-2,17.0,16.6,0.5,0,0,0,0
88,254147d4,12,457,5,5,2,7,10,1,4,10,-6,7.2,8.7,-1.5,0,0,0,0
89,257b20e1,0,0,0,0,0,0,1,0,0,0,0,0.0,0.0,0.0,0,0,0,0
90,2628fd2b,4,360,4,4,4,0,29,0,1,9,-8,3.1,9.2,-6.1,0,0,0,0
91,2691c772,23,808,9,8,2,15,7,0,6,19,-13,9.9,14.7,-4.8,0,0,0,0
92,26d3b5be,1,61,0,1,0,0,6,1,0,0,0,0.1,2.5,-2.4,0,0,0,0
93,26f6dca8,30,1786,19,19,7,11,6,1,32,29,3,28.5,29.9,-1.5,0,0,0,0
94,27c01749,4,156,1,1,0,3,5,1,2,1,1,2.8,1.9,0.9,0,0,0,0
95,27f4f772,0,0,0,0,0,0,7,0,0,0,0,0.0,0.0,0.0,0,0,0,0
96,282679b4,33,2073,23,26,7,7,4,0,24,52,-28,28.1,42.4,-14.3,0,0,0,0
97,282f75f3,29,2573,28,29,28,0,1,1,32,32,0,35.3,32.9,2.4,0,0,0,0
98,28300a16,1,90,1,1,1,0,32,0,0,2,-2,0.4,0.7,-0.3,0,0,0,0
99,2886c9b5,22,910,10,9,3,13,10,1,15,15,0,10.7,11.0,-0.3,0,0,0,0
100,28d596a0,4,360,4,4,4,0,34,1,6,2,4,4.4,2.7,1.7,0,0,0,0
101,291e3ec3,17,625,6,6,3,11,6,0,7,11,-4,7.2,12.2,-5.0,0,0,0,0
102,2928dca2,38,3361,37,38,35,0,0,1,37,43,-6,36.6,56.5,-19.9,0,0,0,0
103,2944f86f,20,1045,11,12,1,8,6,1,12,19,-7,11.3,15.8,-4.4,0,0,0,0
104,296904e8,0,0,0,0,0,0,1,0,0,0,0,0.0,0.0,0.0,0,0,0,0
105,29733c72,7,235,2,2,0,5,22,1,4,4,0,3.4,3.2,0.2,0,0,0,0
106,2acd49b9,36,3220,35,36,35,0,1,0,31,73,-42,38.3,61.8,-23.5,0,0,0,0
107,2b16cb1a,35,2804,31,31,20,4,0,1,35,54,-19,29.8,50.0,-20.2,0,0,0,0
108,2b622f01,34,1775,19,19,6,15,2,1,29,21,8,30.3,21.5,8.9,0,0,0,0
109,2b91cf8e,13,1014,11,12,10,1,4,0,14,26,-12,9.6,19.4,-9.7,0,0,0,0
110,2baec6ce,9,508,5,6,5,3,8,1,6,10,-4,4.5,8.1,-3.6,0,0,0,0
111,2bc28bb9,2,66,0,1,0,1,7,2,1,1,0,0.7,2.4,-1.7,0,0,0,0
112,2bd83368,35,2285,25,25,14,10,2,0,24,40,-16,26.5,33.8,-7.4,0,0,0,0
113,2c44a35d,33,2581,28,30,17,3,0,0,28,59,-31,30.0,46.7,-16.7,0,0,0,0
114,2ce2508a,15,774,8,9,1,6,14,1,13,16,-3,11.2,7.9,3.4,0,0,0,0
115,2cf03378,0,0,0,0,0,0,1,0,0,0,0,0.0,0.0,0.0,0,0,0,0
116,2d5f03bf,3,157,1,2,0,1,10,0,0,8,-8,1.0,5.2,-4.2,0,0,0,0
117,2d61d13a,11,922,10,11,9,0,8,0,4,25,-21,8.0,18.7,-10.7,0,0,0,0
118,2d760d7b,1,45,0,0,0,1,5,0,0,3,-3,0.1,1.9,-1.9,0,0,0,0
119,2e4f5f03,29,2537,28,29,25,0,4,2,71,20,51,64.8,26.3,38.5,0,0,0,0
120,2e590065,0,0,0,0,0,0,5,0,0,0,0,0.0,0.0,0.0,0,0,0,0
121,2f6ec02a,19,912,10,11,3,8,17,0,8,24,-16,9.4,20.9,-11.6,0,0,0,0
122,2f7acede,19,912,10,9,6,10,16,1,15,15,0,17.7,12.4,5.3,0,0,0,0
123,2f8d27bc,1,9,0,0,0,1,3,0,0,0,0,0.0,0.5,-0.5,0,0,0,0
124,2f90f6b8,24,853,9,9,4,15,8,2,27,6,21,21.3,8.8,12.5,0,0,0,0
125,2f965a72,1,90,1,1,1,0,37,0,0,1,-1,0.3,1.9,-1.6,0,0,0,0
126,2fba6108,21,1214,13,14,5,7,3,1,20,17,3,18.0,16.4,1.6,0,0,0,0
127,2ff964a0,28,1551,17,17,8,11,7,1,11,25,-14,16.4,26.7,-10.3,0,0,0,0
128,30d4a2e5,13,1055,11,12,10,1,4,1,14,17,-3,11.7,12.9,-1.2,0,0,0,0
129,30db8574,11,835,9,9,7,2,14,1,9,14,-5,11.8,13.8,-2.1,0,0,0,0
130,31822f8c,2,70,0,1,0,1,0,0,0,1,-1,0.4,0.9,-0.5,0,0,0,0
131,31c69ef1,29,2402,26,27,24,2,2,2,69,18,51,62.9,18.7,44.1,0,0,0,0
132,32f60ed8,2,9,0,0,0,2,1,0,0,0,0,0.3,0.1,0.3,0,0,0,0
133,3312f911,32,1851,20,20,13,12,4,1,23,19,4,25.3,23.6,1.7,0,0,0,0
134,3353737a,25,1916,21,22,13,3,6,1,32,25,7,31.1,22.9,8.2,0,0,0,0
135,33887998,34,3060,34,34,34,0,0,1,70,31,39,59.0,30.6,28.4,0,0,0,0
136,33a68b9b,0,0,0,0,0,0,4,0,0,0,0,0.0,0.0,0.0,0,0,0,0
137,3423f250,35,2915,32,34,26,1,0,1,34,68,-34,37.2,57.5,-20.3,0,0,0,0
138,345fc437,0,0,0,0,0,0,4,0,0,0,0,0.0,0.0,0.0,0,0,0,0
139,3515d404,36,3215,35,36,34,0,0,1,40,63,-23,41.3,57.0,-15.7,0,0,0,0
140,35be8087,3,141,1,1,0,2,3,0,0,6,-6,1.6,4.7,-3.1,0,0,0,0
141,35e413f1,32,2880,32,32,32,0,2,1,52,35,17,52.4,33.4,19.0,0,0,0,0
142,3631ad41,16,903,10,9,5,7,17,0,8,19,-11,9.5,20.6,-11.1,0,0,0,0
143,36c2ca73,17,1530,17,17,17,0,1,0,16,27,-11,20.9,25.0,-4.2,0,0,0,0
144,3727dd3c,24,1983,22,22,19,2,1,1,28,30,-2,23.1,29.7,-6.6,0,0,0,0
145,387e1d35,0,0,0,0,0,0,14,0,0,0,0,0.0,0.0,0.0,0,0,0,0
146,38c7feef,17,785,8,9,0,8,12,2,15,7,8,19.1,7.0,12.1,0,0,0,0
147,38ceb24a,34,2805,31,32,23,2,1,1,33,33,0,39.0,36.3,2.7,0,0,0,0
148,3935e52e,2,91,1,1,1,1,2,1,0,5,-5,0.2,4.4,-4.2,0,0,0,0
149,3a233281,18,761,8,7,3,11,2,0,12,13,-1,10.4,6.3,4.0,0,0,0,0
150,3a24769f,6,179,2,1,0,5,21,2,10,2,8,6.6,0.7,5.9,0,0,0,0
151,3a949a25,26,2340,26,26,26,0,3,1,29,35,-6,27.6,35.6,-7.9,0,0,0,0
152,3ae14ed1,1,11,0,0,0,1,3,0,0,1,-1,0.4,0.3,0.1,0,0,0,0
153,3b8674e6,17,1361,15,16,10,1,0,1,36,12,24,27.2,12.9,14.3,0,0,0,0
154,3bb7b8b4,37,3330,37,37,37,0,0,2,97,26,71,86.5,23.7,62.8,0,0,0,0
155,3c33f9d9,12,504,5,6,0,6,12,0,1,12,-11,3.5,7.9,-4.4,0,0,0,0
156,3d46127c,0,0,0,0,0,0,9,0,0,0,0,0.0,0.0,0.0,0,0,0,0
157,3d50bcdb,1,1,0,0,0,1,0,1,0,0,0,0.1,0.3,-0.3,0,0,0,0
158,3dcef539,1,17,0,0,0,1,7,0,1,0,1,0.1,0.2,-0.1,0,0,0,0
159,3e1550ee,0,0,0,0,0,0,18,0,0,0,0,0.0,0.0,0.0,0,0,0,0
160,3e9e06cb,34,2754,30,30,28,4,3,1,48,42,6,40.8,44.1,-3.3,0,0,0,0
161,3ea50f67,32,2101,23,24,13,8,3,1,38,30,8,31.2,33.8,-2.6,0,0,0,0
162,3eb22ec9,35,2857,31,33,27,2,3,2,75,23,52,69.1,21.4,47.7,0,0,0,0
163,3f70db80,1,36,0,0,0,1,37,3,3,0,3,1.5,0.2,1.2,0,0,0,0
164,3faa1780,19,769,8,7,2,12,7,0,3,16,-13,10.3,13.4,-3.1,0,0,0,0
165,3fe6bd8c,3,198,2,2,1,1,13,2,1,1,0,1.9,2.2,-0.3,0,0,0,0
166,407db0d5,4,41,0,0,0,4,14,1,1,0,1,0.4,0.5,-0.1,0,0,0,0
167,4115ce4e,31,2629,29,30,26,1,6,1,33,52,-19,34.8,45.0,-10.2,0,0,0,0
168,4125cb98,0,0,0,0,0,0,1,0,0,0,0,0.0,0.0,0.0,0,0,0,0
169,41d3704d,0,0,0,0,0,0,5,0,0,0,0,0.0,0.0,0.0,0,0,0,0
170,41ff002d,0,0,0,0,0,0,4,0,0,0,0,0.0,0.0,0.0,0,0,0,0
171,420d7c7d,26,2272,25,26,23,0,0,0,30,66,-36,30.8,50.9,-20.0,0,0,0,0
172,42130443,1,90,1,1,1,0,29,3,2,0,2,2.1,0.9,1.2,0,0,0,0
173,430e09c0,0,0,0,0,0,0,4,0,0,0,0,0.0,0.0,0.0,0,0,0,0
174,4315f30d,8,546,6,6,4,2,21,2,6,7,-1,4.2,6.0,-1.8,0,0,0,0
175,43309491,0,0,0,0,0,0,1,0,0,0,0,0.0,0.0,0.0,0,0,0,0
176,43458538,32,2248,25,27,20,5,1,0,23,47,-24,28.8,45.4,-16.6,0,0,0,0
177,43a166b4,7,133,1,0,0,7,11,2,11,0,11,6.1,0.4,5.8,0,0,0,0
178,4468ec10,34,2338,26,28,9,6,0,1,30,39,-9,27.9,32.1,-4.2,0,0,0,0
179,44781702,29,2538,28,28,26,1,8,1,57,30,27,50.0,27.9,22.1,0,0,0,0
180,44bfb6c5,33,2661,29,31,27,2,0,1,27,34,-7,28.3,46.4,-18.1,0,0,0,0
181,450ab6fc,26,2058,22,22,21,4,8,1,25,44,-19,20.3,41.2,-20.9,0,0,0,0
182,45685411,2,80,0,1,0,1,5,1,1,0,1,0.5,0.5,0.1,0,0,0,0
183,45963054,25,1806,20,20,15,5,2,1,37,27,10,26.6,32.7,-6.1,0,0,0,0
184,4596da74,1,23,0,0,0,1,16,0,0,1,-1,0.2,0.4,-0.3,0,0,0,0
185,45db685d,29,2273,25,26,18,3,7,2,53,16,37,44.7,17.1,27.6,0,0,0,0
186,4654e5f5,5,141,1,1,1,4,26,1,4,4,0,2.7,2.7,0.0,0,0,0,0
187,466fb2c5,34,3060,34,34,34,0,2,1,60,39,21,57.4,36.5,20.9,0,0,0,0
188,47188db7,0,0,0,0,0,0,1,0,0,0,0,0.0,0.0,0.0,0,0,0,0
189,471f16b3,31,2706,30,29,27,2,1,0,20,62,-42,25.9,61.3,-35.5,0,0,0,0
190,47369df8,35,2955,32,32,31,3,0,0,31,45,-14,34.0,50.1,-16.0,0,0,0,0
191,47a34c4f,14,806,9,8,8,6,19,1,20,17,3,15.7,13.8,1.9,0,0,0,0
192,4806ec67,35,3150,35,35,35,0,0,1,41,58,-17,38.7,49.5,-10.8,0,0,0,0
193,48a5a5d6,29,1860,20,21,9,8,7,1,34,25,9,33.8,21.9,12.0,0,0,0,0
194,495945ef,27,2287,25,26,23,1,0,0,20,40,-20,24.5,39.1,-14.7,0,0,0,0
195,49fe9070,21,1283,14,15,7,6,7,1,26,17,9,23.0,15.7,7.3,0,0,0,0
196,4a1a9578,13,958,10,11,4,2,3,2,25,4,21,25.5,7.6,17.8,0,0,0,0
197,4ab53cdb,29,1382,15,13,5,16,2,0,13,15,-2,18.9,20.8,-1.9,0,0,0,0
198,4b40d9ca,36,3240,36,36,36,0,0,0,32,47,-15,37.6,52.8,-15.2,0,0,0,0
199,4b511457,36,2889,32,34,21,2,1,1,40,52,-12,39.4,47.5,-8.1,0,0,0,0
200,4ba27cea,0,0,0,0,0,0,6,0,0,0,0,0.0,0.0,0.0,0,0,0,0
201,4bcf39f6,32,2276,25,25,19,7,5,1,25,31,-6,29.1,28.6,0.5,0,0,0,0
202,4c370d81,20,990,11,10,3,10,2,2,32,9,23,23.1,12.0,11.2,0,0,0,0
203,4d39152d,0,0,0,0,0,0,1,0,0,0,0,0.0,0.0,0.0,0,0,0,0
204,4d90ce8c,0,0,0,0,0,0,19,0,0,0,0,0.0,0.0,0.0,0,0,0,0
205,4e9a0555,34,2694,29,32,18,2,1,2,32,41,-9,30.3,39.7,-9.3,0,0,0,0
206,4eb2d015,0,0,0,0,0,0,3,0,0,0,0,0.0,0.0,0.0,0,0,0,0
207,4f242e0e,0,0,0,0,0,0,1,0,0,0,0,0.0,0.0,0.0,0,0,0,0
208,4f565d77,20,1596,17,18,16,2,3,1,18,25,-7,19.9,27.9,-8.0,0,0,0,0
209,4f974391,31,2726,30,31,29,0,0,1,44,38,6,38.6,41.0,-2.4,0,0,0,0
210,4fa62ae4,0,0,0,0,0,0,5,0,0,0,0,0.0,0.0,0.0,0,0,0,0
211,4fb9c88f,15,851,9,10,4,5,10,2,26,9,17,20.0,10.8,9.2,0,0,0,0
212,507c7bdf,36,3111,34,35,26,1,0,1,49,54,-5,50.6,48.9,1.7,0,0,0,0
213,50dc94ce,15,558,6,5,3,10,16,2,6,14,-8,6.6,10.4,-3.8,0,0,0,0
214,50e6dc35,22,1145,12,13,1,9,8,1,20,14,6,18.2,11.4,6.8,0,0,0,0
215,515ebe8d,0,0,0,0,0,0,4,0,0,0,0,0.0,0.0,0.0,0,0,0,0
216,51a19d04,0,0,0,0,0,0,6,0,0,0,0,0.0,0.0,0.0,0,0,0,0
217,51cf8561,15,1047,11,10,10,5,17,2,49,9,40,37.2,8.9,28.3,0,0,0,0
218,5271c8f1,1,78,0,1,0,0,1,0,0,1,-1,1.7,1.0,0.7,0,0,0,0
219,527f063d,15,766,8,7,4,8,0,1,13,10,3,12.5,10.8,1.6,0,0,0,0
220,529f49ab,24,2028,22,23,17,1,0,2,40,24,16,36.6,24.5,12.1,0,0,0,0
221,531a4aa8,5,370,4,3,3,2,29,0,2,7,-5,3.0,7.9,-4.9,0,0,0,0
222,536e58cc,0,0,0,0,0,0,3,0,0,0,0,0.0,0.0,0.0,0,0,0,0
223,53af52f3,37,3330,37,37,37,0,1,1,57,58,-1,45.3,57.9,-12.6,0,0,0,0
224,53cad200,27,2070,23,24,16,3,7,1,36,23,13,33.6,23.7,9.9,0,0,0,0
225,5515376c,20,1449,16,17,13,3,13,2,38,9,29,27.6,12.0,15.7,0,0,0,0
226,5526deb1,0,0,0,0,0,0,2,0,0,0,0,0.0,0.0,0.0,0,0,0,0
227,56f7a928,32,2631,29,29,24,3,1,1,52,42,10,40.1,41.1,-1.0,0,0,0,0
228,57c94db2,21,1240,13,12,11,9,15,1,17,27,-10,12.7,18.6,-5.9,0,0,0,0
229,57df7a11,13,650,7,6,4,7,16,1,7,12,-5,8.9,14.1,-5.3,0,0,0,0
230,57e3f0c7,20,696,7,5,5,15,15,1,11,9,2,13.3,9.9,3.4,0,0,0,0
231,58eee997,18,1271,14,16,4,2,3,1,22,18,4,21.8,17.7,4.1,0,0,0,0
232,59e3e314,0,0,0,0,0,0,8,0,0,0,0,0.0,0.0,0.0,0,0,0,0
233,59e6e5bf,17,1283,14,15,9,2,3,1,23,31,-8,18.9,21.6,-2.7,0,0,0,0
234,5a04fd92,32,2168,24,26,4,6,1,1,44,27,17,33.6,28.7,4.9,0,0,0,0
235,5a4280b1,6,410,4,4,4,2,24,0,3,7,-4,5.3,8.2,-2.9,0,0,0,0
236,5a7301ae,30,1950,21,21,17,9,7,1,23,29,-6,20.5,35.2,-14.7,0,0,0,0
237,5aaef9ef,26,1920,21,22,15,4,2,0,18,34,-16,22.4,33.2,-10.8,0,0,0,0
238,5b7381b5,0,0,0,0,0,0,15,0,0,0,0,0.0,0.0,0.0,0,0,0,0
239,5c74c0f5,28,2105,23,23,19,5,8,1,37,27,10,28.8,35.3,-6.4,0,0,0,0
240,5cb215fc,0,0,0,0,0,0,6,0,0,0,0,0.0,0.0,0.0,0,0,0,0
241,5cbd1eb0,36,3101,34,35,32,1,1,1,45,43,2,40.7,37.9,2.7,0,0,0,0
242,5cdddffa,9,484,5,6,1,3,6,1,6,11,-5,7.2,5.7,1.5,0,0,0,0
243,5d8d7454,0,0,0,0,0,0,1,0,0,0,0,0.0,0.0,0.0,0,0,0,0
244,5e105217,4,133,1,2,0,2,12,0,3,5,-2,1.1,2.9,-1.8,0,0,0,0
245,5e253986,0,0,0,0,0,0,4,0,0,0,0,0.0,0.0,0.0,0,0,0,0
246,5e74d6c8,26,2120,23,23,19,3,7,0,16,52,-36,19.4,49.3,-29.9,0,0,0,0
247,5eae500a,26,1589,17,16,11,10,3,1,33,14,19,26.7,16.7,10.0,0,0,0,0
248,5ed9b537,11,990,11,11,11,0,26,2,28,10,18,23.6,12.2,11.4,0,0,0,0
249,5eebbfdf,1,58,0,1,0,0,7,3,1,0,1,1.6,0.4,1.2,0,0,0,0
250,5eecec3d,14,1119,12,12,11,2,13,2,30,6,24,26.2,6.7,19.5,0,0,0,0
251,60344e4f,9,257,2,2,0,7,1,0,4,4,0,1.9,2.7,-0.9,0,0,0,0
252,6250083a,18,1350,15,14,12,4,1,1,21,13,8,20.9,16.0,4.9,0,0,0,0
253,6281b7ed,0,0,0,0,0,0,7,0,0,0,0,0.0,0.0,0.0,0,0,0,0
254,62d7ef38,2,180,2,2,2,0,34,2,7,2,5,4.6,1.7,2.9,0,0,0,0
255,6385ebfb,0,0,0,0,0,0,3,0,0,0,0,0.0,0.0,0.0,0,0,0,0
256,6434f10d,33,2884,32,33,29,0,2,2,83,22,61,73.9,18.3,55.6,0,0,0,0
257,653ee42d,3,124,1,1,1,2,16,1,0,0,0,1.1,1.0,0.1,0,0,0,0
258,65c3efa2,0,0,0,0,0,0,9,0,0,0,0,0.0,0.0,0.0,0,0,0,0
259,660e71be,0,0,0,0,0,0,4,0,0,0,0,0.0,0.0,0.0,0,0,0,0
260,6613c819,35,3062,34,34,33,1,1,1,51,46,5,42.8,49.1,-6.3,0,0,0,0
261,6622454d,23,1319,14,14,8,9,13,1,22,12,10,23.4,11.2,12.2,0,0,0,0
262,6639e500,0,0,0,0,0,0,1,0,0,0,0,0.0,0.0,0.0,0,0,0,0
263,66b76d44,35,1899,21,22,5,13,2,1,30,32,-2,23.8,27.4,-3.6,0,0,0,0
264,67ac5bb8,35,3063,34,35,31,0,0,1,61,37,24,58.2,35.0,23.3,0,0,0,0
265,67ca8566,34,2919,32,34,31,0,0,1,38,66,-28,39.2,57.2,-18.0,0,0,0,0
266,68c720b5,23,1413,15,17,10,6,14,0,12,31,-19,16.6,28.9,-12.3,0,0,0,0
267,68dc0dac,30,2042,22,23,12,7,5,1,24,35,-11,29.7,32.7,-3.0,0,0,0,0
268,6a471ee8,0,0,0,0,0,0,24,0,0,0,0,0.0,0.0,0.0,0,0,0,0
269,6a713852,37,3329,37,37,36,0,0,1,42,42,0,45.7,42.1,3.6,0,0,0,0
270,6aa3e78b,15,1047,11,13,4,2,7,2,25,11,14,20.0,11.3,8.7,0,0,0,0
271,6adbc307,11,811,9,9,8,2,11,0,8,19,-11,9.5,16.1,-6.6,0,0,0,0
272,6afaebf2,35,2905,32,34,22,1,1,1,41,47,-6,41.2,39.5,1.7,0,0,0,0
273,6b3e4b53,0,0,0,0,0,0,1,0,0,0,0,0.0,0.0,0.0,0,0,0,0
274,6b47c5db,19,1618,18,18,16,1,2,1,26,26,0,21.1,29.2,-8.1,0,0,0,0
275,6b625ac2,38,3384,37,38,37,0,0,1,39,79,-40,42.9,67.6,-24.7,0,0,0,0
276,6bd603db,3,67,0,1,0,2,13,0,1,2,-1,1.1,1.2,-0.1,0,0,0,0
277,6c17e046,23,987,11,7,4,16,4,0,10,26,-16,12.4,21.5,-9.1,0,0,0,0
278,6c203af0,26,2111,23,25,18,1,4,1,27,28,-1,28.7,26.5,2.2,0,0,0,0
279,6c6a3300,31,2229,24,25,11,6,1,0,21,56,-35,21.3,52.1,-30.8,0,0,0,0
280,6ca5ec4b,28,2035,22,22,15,6,7,1,27,38,-11,25.5,35.1,-9.6,0,0,0,0
281,6cc47ae1,1,23,0,0,0,1,8,1,0,0,0,0.3,0.2,0.1,0,0,0,0
282,6cdd8245,28,1616,18,20,5,8,6,0,20,38,-18,19.0,30.6,-11.6,0,0,0,0
283,6d5701f2,13,846,9,11,8,2,1,1,12,10,2,12.7,8.2,4.5,0,0,0,0
284,6df49f02,0,0,0,0,0,0,3,0,0,0,0,0.0,0.0,0.0,0,0,0,0
285,6dfd8f05,20,1623,18,18,14,2,15,1,21,33,-12,19.3,31.0,-11.8,0,0,0,0
286,6e7f1353,10,356,4,3,0,7,17,1,2,8,-6,2.7,5.6,-2.8,0,0,0,0
287,6f487e5d,0,0,0,0,0,0,3,0,0,0,0,0.0,0.0,0.0,0,0,0,0
288,6f711f67,1,13,0,0,0,1,6,0,0,0,0,0.3,0.1,0.1,0,0,0,0
289,6f7d826d,34,2715,30,31,22,3,0,1,43,38,5,37.1,39.2,-2.1,0,0,0,0
290,71b47ab9,25,1147,12,11,5,14,7,0,19,34,-15,15.9,20.8,-4.9,0,0,0,0
291,71ef519e,18,1337,14,14,13,4,12,0,15,37,-22,11.8,29.3,-17.5,0,0,0,0
292,7314bba4,18,1436,16,15,15,3,12,1,15,19,-4,16.0,18.1,-2.0,0,0,0,0
293,73b1d65b,0,0,0,0,0,0,2,0,0,0,0,0.0,0.0,0.0,0,0,0,0
294,74b2cd7e,11,921,10,11,10,0,0,2,21,11,10,16.6,11.0,5.6,0,0,0,0
295,74e12f1e,20,1670,18,20,14,0,18,1,19,26,-7,19.9,28.7,-8.8,0,0,0,0
296,75834acc,0,0,0,0,0,0,7,0,0,0,0,0.0,0.0,0.0,0,0,0,0
297,758dd7f0,19,1257,14,15,9,4,11,1,14,27,-13,11.1,23.4,-12.2,0,0,0,0
298,75a72a99,14,991,11,13,9,1,10,1,19,20,-1,15.0,15.4,-0.4,0,0,0,0
299,76eca7e2,2,180,2,2,2,0,36,0,2,6,-4,2.1,4.3,-2.2,0,0,0,0
300,774cf58b,34,2881,32,32,29,2,2,0,18,69,-51,25.5,60.0,-34.6,0,0,0,0
301,77cf6852,20,1634,18,18,12,2,15,1,21,20,1,19.1,23.5,-4.3,0,0,0,0
302,77e39b04,28,1336,14,16,1,12,9,1,13,15,-2,16.8,20.0,-3.2,0,0,0,0
303,77e84962,25,1534,17,17,5,8,1,2,43,7,36,42.7,10.9,31.9,0,0,0,0
304,79300479,36,2785,30,32,20,4,0,1,53,39,14,51.0,33.6,17.4,0,0,0,0
305,7956236f,36,3240,36,36,36,0,0,1,50,48,2,42.6,44.3,-1.8,0,0,0,0
306,79c0821a,25,1558,17,16,11,9,0,2,39,11,28,28.2,15.2,13.0,0,0,0,0
307,79c84d1c,36,2983,33,34,22,2,0,1,57,46,11,47.1,44.1,3.0,0,0,0,0
308,7a0ae4f0,0,0,0,0,0,0,1,0,0,0,0,0.0,0.0,0.0,0,0,0,0
309,7a11550b,8,331,3,4,3,4,21,2,7,3,4,8.9,2.3,6.7,0,0,0,0
310,7a1f2c08,3,118,1,1,0,2,15,0,2,5,-3,1.3,1.1,0.2,0,0,0,0
311,7a2e46a8,36,3240,36,36,36,0,0,2,87,24,63,84.1,32.1,52.0,0,0,0,0
312,7aa8adfe,2,13,0,0,0,2,5,0,0,0,0,0.2,0.0,0.2,0,0,0,0
313,7aee4dd3,6,450,5,4,4,2,6,1,6,6,0,6.5,5.8,0.7,0,0,0,0
314,7b4de647,3,270,3,3,3,0,35,1,2,8,-6,2.5,5.9,-3.4,0,0,0,0
315,7b5ab7f2,9,94,1,0,0,9,7,1,2,1,1,2.5,1.5,1.0,0,0,0,0
316,7b7de75a,0,0,0,0,0,0,9,0,0,0,0,0.0,0.0,0.0,0,0,0,0
317,7ba2eaa9,13,466,5,5,0,8,0,0,4,14,-10,4.6,10.4,-5.8,0,0,0,0
318,7ba6d84e,38,3420,38,38,38,0,0,1,57,57,0,55.8,53.0,2.8,0,0,0,0
319,7be10897,0,0,0,0,0,0,3,0,0,0,0,0.0,0.0,0.0,0,0,0,0
320,7c104bb7,26,1453,16,16,3,10,7,1,28,31,-3,22.6,27.0,-4.4,0,0,0,0
321,7d2d3329,6,285,3,4,1,2,25,1,4,4,0,3.1,8.2,-5.1,0,0,0,0
322,7e003182,1,15,0,0,0,1,22,0,0,0,0,0.4,0.0,0.4,0,0,0,0
323,7ed4921e,17,1390,15,15,15,2,11,0,19,30,-11,17.5,27.4,-9.9,0,0,0,0
324,7f3b388c,29,2314,25,26,21,3,1,2,62,18,44,60.7,23.5,37.2,0,0,0,0
325,7fcc71d8,26,1484,16,15,4,11,3,1,27,12,15,17.4,22.8,-5.4,0,0,0,0
326,7fec31a0,4,166,1,2,1,2,14,1,2,5,-3,1.3,3.3,-1.9,0,0,0,0
327,810e3c74,16,367,4,2,0,14,16,1,9,13,-4,5.5,8.2,-2.7,0,0,0,0
328,819aa8e7,14,445,4,6,0,8,18,1,9,12,-3,7.2,9.2,-2.0,0,0,0,0
329,819b3158,27,1857,20,20,15,7,8,2,62,10,52,51.7,13.0,38.7,0,0,0,0
330,82518f62,17,1034,11,11,7,6,0,2,13,13,0,13.1,14.2,-1.1,0,0,0,0
331,82927de4,36,2795,31,32,19,4,0,1,45,38,7,37.8,41.5,-3.7,0,0,0,0
332,82c215a0,7,209,2,1,1,6,16,0,4,4,0,4.3,4.2,0.1,0,0,0,0
333,82e34b69,2,25,0,0,0,2,0,1,0,1,-1,0.3,1.3,-1.0,0,0,0,0
334,830371be,0,0,0,0,0,0,1,0,0,0,0,0.0,0.0,0.0,0,0,0,0
335,8397a50c,36,3189,35,35,35,1,0,1,49,49,0,42.0,46.8,-4.9,0,0,0,0
336,839c14e1,21,1486,16,16,12,5,12,1,22,27,-5,26.4,23.1,3.2,0,0,0,0
337,83d074ff,33,2123,23,22,18,11,5,1,31,29,2,30.4,24.1,6.4,0,0,0,0
338,8449d35e,31,2298,25,27,13,4,1,1,35,37,-2,31.6,31.1,0.5,0,0,0,0
339,849c826a,19,316,3,1,0,18,16,1,3,4,-1,5.6,7.2,-1.6,0,0,0,0
340,84c5ceea,3,92,1,1,0,2,19,2,1,0,1,1.1,0.6,0.5,0,0,0,0
341,862a1c15,30,1716,19,19,5,11,6,1,16,32,-16,16.6,30.6,-14.0,0,0,0,0
342,86695068,0,0,0,0,0,0,3,0,0,0,0,0.0,0.0,0.0,0,0,0,0
343,867239d3,20,1349,15,16,9,4,0,1,26,22,4,25.6,17.8,7.8,0,0,0,0
344,86dd77d1,20,1755,19,20,19,0,7,2,42,14,28,43.0,11.9,31.1,0,0,0,0
345,86e7deaf,32,2650,29,28,26,4,4,1,59,28,31,52.8,26.2,26.6,0,0,0,0
346,87f12e30,1,4,0,0,0,1,4,0,0,0,0,0.0,0.0,0.0,0,0,0,0
347,892d5bb1,28,1498,16,15,10,13,8,2,44,14,30,43.1,11.7,31.4,0,0,0,0
348,8996350d,23,1645,18,20,10,3,1,0,13,40,-27,14.9,37.5,-22.6,0,0,0,0
349,89d10e53,8,689,7,7,6,1,7,0,5,16,-11,5.9,15.1,-9.2,0,0,0,0
350,89e4b358,31,2396,26,27,24,4,4,0,28,55,-27,31.0,45.8,-14.8,0,0,0,0
351,8a3c1dc7,34,2776,30,33,24,1,0,1,40,41,-1,38.4,39.7,-1.3,0,0,0,0
352,8a3ddcd2,0,0,0,0,0,0,4,0,0,0,0,0.0,0.0,0.0,0,0,0,0
353,8a7ff278,28,2487,27,27,27,1,5,1,37,37,0,35.1,30.2,5.0,0,0,0,0
354,8aadeaef,0,0,0,0,0,0,1,0,0,0,0,0.0,0.0,0.0,0,0,0,0
355,8aec0537,29,2038,22,24,14,5,6,1,19,24,-5,26.1,26.6,-0.5,0,0,0,0
356,8b04d6c1,36,3196,35,36,33,0,1,1,66,34,32,55.9,36.6,19.2,0,0,0,0
357,8b788c01,8,212,2,2,0,6,5,2,6,3,3,4.6,2.1,2.6,0,0,0,0
358,8c12f884,13,223,2,0,0,13,8,0,2,5,-3,2.4,4.7,-2.2,0,0,0,0
359,8d03ca5a,14,709,7,7,3,7,14,0,9,14,-5,9.2,11.9,-2.7,0,0,0,0
360,8d3c902d,27,1974,21,23,14,4,6,1,27,28,-1,24.2,25.8,-1.6,0,0,0,0
361,8d62d31a,3,89,1,0,0,3,29,2,0,3,-3,0.1,2.1,-2.0,0,0,0,0
362,8df7a2fb,21,1839,20,21,20,0,0,0,20,25,-5,18.3,28.4,-10.1,0,0,0,0
363,8ee48565,0,0,0,0,0,0,1,0,0,0,0,0.0,0.0,0.0,0,0,0,0
364,8f62b6ee,38,3420,38,38,38,0,0,1,69,40,29,61.2,39.3,21.9,0,0,0,0
365,903b6e8b,37,3285,36,37,36,0,1,1,37,40,-3,36.4,54.4,-18.0,0,0,0,0
366,90f91999,35,3090,34,35,32,0,0,1,45,48,-3,40.3,43.8,-3.5,0,0,0,0
367,914ab9a1,16,1193,13,12,12,4,15,0,10,30,-20,12.5,21.4,-8.9,0,0,0,0
368,9228b07c,6,234,2,2,1,4,9,0,3,9,-6,3.8,8.4,-4.6,0,0,0,0
369,92b4758e,19,1673,18,19,16,0,0,0,11,36,-25,16.9,27.8,-10.9,0,0,0,0
370,92e7e919,35,3006,33,35,20,0,0,1,65,30,35,54.7,32.4,22.3,0,0,0,0
371,9319781b,20,1397,15,16,13,4,12,1,23,18,5,20.8,23.9,-3.2,0,0,0,0
372,9328b835,37,3330,37,37,37,0,0,1,60,50,10,51.1,51.6,-0.5,0,0,0,0
373,935e6b8f,35,2597,28,29,18,6,0,2,73,22,51,66.8,25.1,41.7,0,0,0,0
374,937b36b1,0,0,0,0,0,0,1,0,0,0,0,0.0,0.0,0.0,0,0,0,0
375,939bc634,2,180,2,2,2,0,10,0,2,5,-3,3.4,2.5,0.8,0,0,0,0
376,93cf32a8,3,168,1,2,1,1,2,2,6,2,4,4.7,2.8,1.8,0,0,0,0
377,93feac6e,9,559,6,7,4,2,1,1,7,14,-7,7.8,11.4,-3.7,0,0,0,0
378,953c30b0,10,604,6,6,5,4,17,0,2,18,-16,5.2,13.6,-8.4,0,0,0,0
379,96593e89,2,20,0,0,0,2,11,3,1,0,1,1.6,0.0,1.5,0,0,0,0
380,9674002f,32,2363,26,27,20,5,3,1,56,25,31,45.1,23.2,21.9,0,0,0,0
381,97220da2,32,1975,21,21,6,11,0,1,26,37,-11,28.6,31.5,-3.0,0,0,0,0
382,97333cf5,25,1473,16,15,8,10,2,1,17,30,-13,19.1,29.4,-10.2,0,0,0,0
383,974b8e7f,0,0,0,0,0,0,2,0,0,0,0,0.0,0.0,0.0,0,0,0,0
384,980522ec,11,939,10,10,10,1,0,2,20,10,10,15.6,13.0,2.6,0,0,0,0
385,984a5a64,32,2633,29,29,27,3,5,1,33,49,-16,34.7,45.5,-10.7,0,0,0,0
386,989d5705,3,72,0,0,0,3,14,0,1,3,-2,0.8,1.7,-0.9,0,0,0,0
387,98ea5115,24,2160,24,24,24,0,0,1,33,27,6,31.2,29.4,1.8,0,0,0,0
388,99813635,24,1561,17,18,10,6,10,1,20,20,0,20.3,18.6,1.6,0,0,0,0
389,9a104dee,1,7,0,0,0,1,7,0,0,0,0,0.0,0.0,0.0,0,0,0,0
390,9a28eba4,20,1067,11,10,5,10,1,1,9,10,-1,13.5,16.3,-2.8,0,0,0,0
391,9a5675c9,0,0,0,0,0,0,1,0,0,0,0,0.0,0.0,0.0,0,0,0,0
392,9a71e978,8,308,3,4,3,4,21,0,0,5,-5,2.7,5.7,-3.0,0,0,0,0
393,9a9c05db,25,1772,19,20,17,5,12,1,18,30,-12,21.7,30.5,-8.8,0,0,0,0
394,9ae9eaea,18,1449,16,17,12,1,14,1,10,14,-4,16.4,20.5,-4.1,0,0,0,0
395,9b066938,0,0,0,0,0,0,2,0,0,0,0,0.0,0.0,0.0,0,0,0,0
396,9b398aea,23,1828,20,20,17,3,12,1,25,26,-1,18.6,33.6,-15.0,0,0,0,0
397,9bbef03e,0,0,0,0,0,0,2,0,0,0,0,0.0,0.0,0.0,0,0,0,0
398,9c94165b,20,1601,17,19,15,1,2,1,31,24,7,27.9,23.3,4.6,0,0,0,0
399,9d8cf204,0,0,0,0,0,0,3,0,0,0,0,0.0,0.0,0.0,0,0,0,0
400,9dbb75ca,30,1782,19,20,6,10,5,1,36,17,19,34.6,19.8,14.8,0,0,0,0
401,9dc96f10,0,0,0,0,0,0,1,0,0,0,0,0.0,0.0,0.0,0,0,0,0
402,9deaf2c8,1,12,0,0,0,1,5,0,0,0,0,0.1,0.0,0.1,0,0,0,0
403,9e1035f8,4,303,3,4,2,0,3,2,8,1,7,9.0,1.5,7.5,0,0,0,0
404,9e525177,20,1793,19,20,19,0,10,1,29,35,-6,28.5,30.7,-2.1,0,0,0,0
405,9f1938ab,22,1530,17,17,13,5,4,1,20,41,-21,21.1,33.6,-12.5,0,0,0,0
406,9f333379,14,336,3,3,0,11,16,0,0,9,-9,3.6,8.9,-5.3,0,0,0,0
407,9f472354,13,308,3,3,0,10,18,1,6,5,1,3.2,5.3,-2.1,0,0,0,0
408,9f7c837d,23,2029,22,23,21,0,1,0,21,39,-18,23.2,32.4,-9.1,0,0,0,0
409,9f8e9423,22,1831,20,20,20,2,2,1,30,22,8,31.8,25.6,6.3,0,0,0,0
410,9fbbcf39,31,2705,30,31,27,0,2,1,26,30,-4,28.8,44.4,-15.6,0,0,0,0
411,a011a1e9,0,0,0,0,0,0,3,0,0,0,0,0.0,0.0,0.0,0,0,0,0
412,a0666d3e,16,1053,11,13,5,3,15,1,17,16,1,14.9,15.6,-0.7,0,0,0,0
413,a1232f4e,4,217,2,3,1,1,17,1,5,4,1,5.5,4.8,0.7,0,0,0,0
414,a179d516,2,180,2,2,2,0,19,0,2,5,-3,1.3,3.0,-1.7,0,0,0,0
415,a182122b,0,0,0,0,0,0,6,0,0,0,0,0.0,0.0,0.0,0,0,0,0
416,a1d5bd30,25,1235,13,13,3,12,3,1,18,28,-10,18.2,23.1,-4.9,0,0,0,0
417,a1d95db3,0,0,0,0,0,0,1,0,0,0,0,0.0,0.0,0.0,0,0,0,0
418,a2081c6b,1,24,0,0,0,1,4,0,1,1,0,0.2,0.2,0.0,0,0,0,0
419,a29b1131,25,565,6,4,1,21,7,1,9,6,3,8.1,8.5,-0.4,0,0,0,0
420,a2b105e0,24,1464,16,15,12,9,13,1,19,29,-10,16.3,27.4,-11.2,0,0,0,0
421,a3b03921,29,2038,22,24,9,5,2,1,26,37,-11,22.4,32.1,-9.7,0,0,0,0
422,a3d94a58,22,1844,20,21,19,1,2,1,38,25,13,28.1,22.1,6.1,0,0,0,0
423,a48635b8,0,0,0,0,0,0,2,0,0,0,0,0.0,0.0,0.0,0,0,0,0
424,a4ac4b8f,10,900,10,10,10,0,14,0,13,20,-7,9.5,18.0,-8.6,0,0,0,0
425,a53649b7,21,835,9,8,4,13,5,1,18,18,0,16.0,12.6,3.4,0,0,0,0
426,a5ca9127,0,0,0,0,0,0,3,0,0,0,0,0.0,0.0,0.0,0,0,0,0
427,a65c844b,22,1176,13,13,10,9,16,1,25,19,6,21.8,17.0,4.8,0,0,0,0
428,a6de6361,0,0,0,0,0,0,14,0,0,0,0,0.0,0.0,0.0,0,0,0,0
429,a6fbfa77,0,0,0,0,0,0,1,0,0,0,0,0.0,0.0,0.0,0,0,0,0
430,a70182a5,0,0,0,0,0,0,3,0,0,0,0,0.0,0.0,0.0,0,0,0,0
431,a712ca2b,13,963,10,10,9,3,21,1,19,19,0,17.9,17.3,0.5,0,0,0,0
432,a731e8a0,0,0,0,0,0,0,14,0,0,0,0,0.0,0.0,0.0,0,0,0,0
433,a79abd8b,0,0,0,0,0,0,1,0,0,0,0,0.0,0.0,0.0,0,0,0,0
434,a7cf1541,0,0,0,0,0,0,2,0,0,0,0,0.0,0.0,0.0,0,0,0,0
435,a8a3d139,1,90,1,1,1,0,18,0,0,3,-3,1.2,1.3,-0.1,0,0,0,0
436,a8c0acb7,24,1995,22,23,17,1,3,1,28,31,-3,27.7,29.8,-2.1,0,0,0,0
437,a8c19eb8,19,1670,18,18,17,1,17,1,17,25,-8,22.3,27.5,-5.2,0,0,0,0
438,a8d4428b,26,1572,17,18,5,8,0,0,11,33,-22,14.3,29.1,-14.8,0,0,0,0
439,aa54ec6f,2,180,2,2,2,0,4,0,0,4,-4,1.6,4.3,-2.8,0,0,0,0
440,aa81d8f8,0,0,0,0,0,0,1,0,0,0,0,0.0,0.0,0.0,0,0,0,0
441,aa849a12,35,2639,29,32,20,3,2,0,31,68,-37,30.9,56.1,-25.2,0,0,0,0
442,aa8e289e,19,560,6,6,0,13,13,1,7,10,-3,8.3,11.9,-3.7,0,0,0,0
443,ab070c55,25,1145,12,11,6,14,12,1,16,20,-4,16.9,16.4,0.6,0,0,0,0
444,ab13a5aa,30,2655,29,30,29,0,5,1,38,33,5,37.7,31.9,5.9,0,0,0,0
445,ab651565,27,1833,20,20,14,7,3,0,25,33,-8,23.3,30.9,-7.6,0,0,0,0
446,ab77d10d,0,0,0,0,0,0,10,0,0,0,0,0.0,0.0,0.0,0,0,0,0
447,ac05f970,36,2971,33,34,23,2,1,1,55,43,12,45.8,43.7,2.1,0,0,0,0
448,ac0d576d,5,48,0,1,0,4,7,0,0,2,-2,0.5,1.1,-0.6,0,0,0,0
449,ac861941,35,3071,34,35,34,0,0,1,64,30,34,55.6,32.6,22.9,0,0,0,0
450,ace36a62,0,0,0,0,0,0,1,0,0,0,0,0.0,0.0,0.0,0,0,0,0
451,ad1f61f3,9,404,4,5,1,4,18,1,3,7,-4,3.5,7.0,-3.5,0,0,0,0
452,ae4fc6a4,13,605,6,6,2,7,12,1,6,8,-2,8.6,5.7,2.9,0,0,0,0
453,ae59b359,19,1102,12,12,6,7,7,1,19,27,-8,16.0,19.4,-3.4,0,0,0,0
454,aed3a70f,35,2952,32,33,28,2,0,1,46,48,-2,37.9,44.5,-6.5,0,0,0,0
455,af49fb14,0,0,0,0,0,0,2,0,0,0,0,0.0,0.0,0.0,0,0,0,0
456,afed6722,28,2202,24,25,22,3,0,1,25,42,-17,31.6,35.1,-3.5,0,0,0,0
457,b0b4fd3e,26,1914,21,22,15,4,8,2,52,8,44,51.1,11.1,40.0,0,0,0,0
458,b17008fc,0,0,0,0,0,0,7,0,0,0,0,0.0,0.0,0.0,0,0,0,0
459,b1b25949,0,0,0,0,0,0,9,0,0,0,0,0.0,0.0,0.0,0,0,0,0
460,b217ef29,31,2790,31,31,31,0,4,2,76,21,55,72.8,26.2,46.6,0,0,0,0
461,b28bbd58,21,1455,16,17,11,4,4,1,14,30,-16,16.2,23.5,-7.4,0,0,0,0
462,b2bc3b1f,33,2760,30,31,28,2,0,1,38,33,5,35.4,30.3,5.1,0,0,0,0
463,b2c66859,1,3,0,0,0,1,4,3,0,0,0,0.0,0.5,-0.4,0,0,0,0
464,b2d31e83,29,2462,27,28,26,1,3,3,30,30,0,31.0,32.3,-1.4,0,0,0,0
465,b2f9c73e,12,301,3,2,0,10,19,1,5,6,-1,4.3,6.0,-1.8,0,0,0,0
466,b318a643,20,790,8,8,5,12,10,0,8,16,-8,10.1,13.5,-3.4,0,0,0,0
467,b391383a,1,7,0,0,0,1,7,0,0,1,-1,0.1,0.1,0.0,0,0,0,0
468,b3af9be1,21,1679,18,20,16,1,1,1,30,20,10,27.4,22.1,5.3,0,0,0,0
469,b3cafda8,0,0,0,0,0,0,2,0,0,0,0,0.0,0.0,0.0,0,0,0,0
470,b3fa76c5,0,0,0,0,0,0,1,0,0,0,0,0.0,0.0,0.0,0,0,0,0
471,b400bde0,30,2128,23,23,17,7,7,2,64,17,47,57.5,16.9,40.7,0,0,0,0
472,b4390912,0,0,0,0,0,0,2,0,0,0,0,0.0,0.0,0.0,0,0,0,0
473,b561db50,34,2631,29,30,20,4,0,1,28,28,0,29.7,37.6,-7.9,0,0,0,0
474,b579e83d,9,401,4,4,3,5,3,0,3,8,-5,3.2,5.9,-2.7,0,0,0,0
475,b5bf1770,15,911,10,9,9,6,9,1,11,20,-9,9.2,17.6,-8.4,0,0,0,0
476,b660a486,0,0,0,0,0,0,4,0,0,0,0,0.0,0.0,0.0,0,0,0,0
477,b66315ae,28,1877,20,21,13,7,6,2,50,15,35,44.6,13.0,31.7,0,0,0,0
478,b827d5b3,17,1132,12,11,11,6,17,1,17,24,-7,13.3,24.6,-11.3,0,0,0,0
479,b853e0ad,28,2028,22,24,14,4,3,1,32,31,1,31.2,31.3,-0.2,0,0,0,0
480,b85c3273,0,0,0,0,0,0,5,0,0,0,0,0.0,0.0,0.0,0,0,0,0
481,b8d22478,4,222,2,2,1,2,7,0,1,6,-5,1.8,3.6,-1.9,0,0,0,0
482,b9403c99,1,14,0,0,0,1,4,0,0,1,-1,0.1,0.3,-0.1,0,0,0,0
483,b9fbae28,26,1773,19,21,11,5,1,1,34,19,15,30.8,15.5,15.3,0,0,0,0
484,ba08056d,0,0,0,0,0,0,3,0,0,0,0,0.0,0.0,0.0,0,0,0,0
485,bacf9d43,0,0,0,0,0,0,2,0,0,0,0,0.0,0.0,0.0,0,0,0,0
486,bb5fbd2b,31,1746,19,17,10,14,6,1,26,23,3,25.9,22.7,3.2,0,0,0,0
487,bba30585,28,2340,26,28,24,0,2,1,27,44,-17,28.1,42.3,-14.2,0,0,0,0
488,bbd67769,0,0,0,0,0,0,1,0,0,0,0,0.0,0.0,0.0,0,0,0,0
489,bc7dc64d,38,2978,33,36,16,2,0,1,53,39,14,54.1,38.0,16.1,0,0,0,0
490,bc914523,0,0,0,0,0,0,5,0,0,0,0,0.0,0.0,0.0,0,0,0,0
491,bc91e227,0,0,0,0,0,0,13,3,3,2,1,0.0,0.0,0.0,0,0,0,0
492,bca5c4a7,0,0,0,0,0,0,1,0,0,0,0,0.0,0.0,0.0,0,0,0,0
493,bcfb0142,28,2494,27,28,27,0,7,0,20,55,-35,24.2,52.2,-28.0,0,0,0,0
494,bd6351cd,36,3227,35,36,35,0,1,2,88,25,63,80.9,23.7,57.2,0,0,0,0
495,bd8afa3d,0,0,0,0,0,0,10,0,0,0,0,0.0,0.0,0.0,0,0,0,0
496,bd9553e6,0,0,0,0,0,0,8,0,0,0,0,0.0,0.0,0.0,0,0,0,0
497,bda82fc2,0,0,0,0,0,0,1,0,0,0,0,0.0,0.0,0.0,0,0,0,0
498,bdcc89ae,0,0,0,0,0,0,1,0,0,0,0,0.0,0.0,0.0,0,0,0,0
499,be927d03,24,1250,13,10,6,14,12,1,19,19,0,16.0,17.2,-1.2,0,0,0,0
500,beb391dd,26,1766,19,21,8,5,2,0,24,24,0,21.2,31.2,-10.0,0,0,0,0
501,bf8fad51,7,397,4,4,3,3,19,1,6,9,-3,5.4,6.5,-1.1,0,0,0,0
502,bfae110f,1,1,0,0,0,1,1,3,0,0,0,0.0,0.2,-0.1,0,0,0,0
503,bfc3b3a0,0,0,0,0,0,0,4,0,0,0,0,0.0,0.0,0.0,0,0,0,0
504,bfdb33aa,22,1861,20,21,17,1,0,0,15,40,-25,20.8,37.3,-16.5,0,0,0,0
505,c067631c,7,307,3,3,2,4,18,1,7,6,1,3.6,4.3,-0.7,0,0,0,0
506,c14bc029,10,480,5,5,3,5,23,2,14,6,8,10.0,5.7,4.2,0,0,0,0
507,c150b220,0,0,0,0,0,0,1,0,0,0,0,0.0,0.0,0.0,0,0,0,0
508,c17bfb65,35,2558,28,30,24,5,1,1,34,46,-12,31.0,40.0,-9.0,0,0,0,0
509,c1949191,6,388,4,4,3,2,20,0,6,14,-8,5.9,12.4,-6.5,0,0,0,0
510,c19a2df1,0,0,0,0,0,0,6,0,0,0,0,0.0,0.0,0.0,0,0,0,0
511,c2731c10,34,2845,31,33,26,1,0,1,41,38,3,37.6,34.0,3.6,0,0,0,0
512,c35e99d8,0,0,0,0,0,0,4,0,0,0,0,0.0,0.0,0.0,0,0,0,0
513,c393a6c4,5,382,4,4,4,1,9,0,3,9,-6,4.0,9.1,-5.1,0,0,0,0
514,c3e39f12,19,1710,19,19,19,0,14,1,25,35,-10,22.6,32.0,-9.3,0,0,0,0
515,c40b6180,22,1434,15,16,13,6,4,1,21,20,1,19.2,15.9,3.3,0,0,0,0
516,c4486bac,26,1141,12,12,4,14,2,1,18,14,4,16.3,13.2,3.1,0,0,0,0
517,c47541e0,9,220,2,1,0,8,10,0,2,3,-1,3.1,3.1,0.0,0,0,0,0
518,c4e87b8b,20,1450,16,17,7,3,0,1,14,20,-6,17.8,24.1,-6.3,0,0,0,0
519,c596fcb0,18,1386,15,16,11,2,0,0,16,32,-16,12.5,27.5,-15.0,0,0,0,0
520,c5b7c315,32,2792,31,31,29,1,4,1,36,54,-18,31.5,46.5,-15.0,0,0,0,0
521,c5bdb6e3,1,20,0,0,0,1,1,0,0,1,-1,0.5,0.7,-0.2,0,0,0,0
522,c691bfe2,34,2819,31,32,25,2,0,2,76,24,52,74.1,28.1,46.0,0,0,0,0
523,c73ada83,0,0,0,0,0,0,9,0,0,0,0,0.0,0.0,0.0,0,0,0,0
524,c8387671,6,346,3,4,2,2,6,2,7,2,5,10.3,3.6,6.7,0,0,0,0
525,c8aa95da,25,2158,24,25,22,0,13,1,26,32,-6,24.2,31.7,-7.5,0,0,0,0
526,c92e1a31,26,1264,14,13,4,13,9,1,18,25,-7,14.3,21.8,-7.5,0,0,0,0
527,c931d9f9,34,2492,27,31,18,3,1,4,36,49,-13,33.9,46.0,-12.0,0,0,0,0
528,c951a6df,14,1002,11,12,9,2,3,0,11,25,-14,8.2,20.1,-11.9,0,0,0,0
529,ca22ccb0,2,68,0,1,0,1,5,0,0,2,-2,0.5,1.0,-0.5,0,0,0,0
530,ca45605e,23,1159,12,13,2,10,13,1,20,20,0,17.6,17.6,-0.1,0,0,0,0
531,ca990d30,0,0,0,0,0,0,2,0,0,0,0,0.0,0.0,0.0,0,0,0,0
532,cc2d7ad5,31,2731,30,30,30,1,0,0,28,48,-20,34.0,47.2,-13.2,0,0,0,0
533,cc3b8e78,4,180,2,2,1,2,29,1,2,1,1,1.7,2.7,-1.0,0,0,0,0
534,cc700722,28,2183,24,25,17,3,5,1,26,38,-12,27.5,32.8,-5.4,0,0,0,0
535,cc70a1d5,9,765,8,8,8,1,29,1,12,13,-1,8.7,8.9,-0.2,0,0,0,0
536,cd1acf9d,32,2853,31,32,30,0,2,2,80,22,58,74.1,30.0,44.1,0,0,0,0
537,cd4256d3,3,146,1,1,0,2,13,1,3,4,-1,1.9,2.6,-0.8,0,0,0,0
538,cde3309f,8,720,8,8,8,0,26,0,10,15,-5,6.6,11.5,-4.9,0,0,0,0
539,ce048fb8,0,0,0,0,0,0,1,0,0,0,0,0.0,0.0,0.0,0,0,0,0
540,ce4246f5,24,2078,23,24,22,0,3,1,33,29,4,26.2,30.3,-4.2,0,0,0,0
541,ce5143da,25,1478,16,15,8,10,1,1,24,16,8,22.2,16.3,5.9,0,0,0,0
542,cea4ee8f,21,995,11,9,5,12,16,2,13,23,-10,12.3,19.7,-7.300000000000001,0,0,0,0
543,cee31595,21,1439,16,15,11,6,1,1,22,15,7,18.5,13.2,5.3,0,0,0,0
544,d0042ab9,25,2134,23,23,22,2,10,1,29,42,-13,26.2,36.4,-10.2,0,0,0,0
545,d01231f0,0,0,0,0,0,0,3,0,0,0,0,0.0,0.0,0.0,0,0,0,0
546,d01f8942,0,0,0,0,0,0,1,0,0,0,0,0.0,0.0,0.0,0,0,0,0
547,d04b94db,25,2131,23,25,19,0,4,1,24,18,6,24.4,32.7,-8.3,0,0,0,0
548,d0706b27,36,3222,35,36,35,0,1,1,49,43,6,44.8,37.6,7.2,0,0,0,0
549,d0b3ceb9,26,2340,26,26,26,0,2,0,24,49,-25,28.6,41.9,-13.3,0,0,0,0
550,d0f72bf1,30,2687,29,30,28,0,2,1,27,25,2,29.2,42.4,-13.1,0,0,0,0
551,d102b8a2,2,150,1,0,0,2,14,1,2,5,-3,2.2,4.8,-2.5,0,0,0,0
552,d2424d1b,7,542,6,6,6,1,6,2,19,2,17,13.1,4.1,9.0,0,0,0,0
553,d313e8ff,1,4,0,0,0,1,6,3,2,0,2,1.1,0.0,1.1,0,0,0,0
554,d3ce0e89,1,90,1,1,1,0,31,3,5,1,4,2.5,1.4,1.1,0,0,0,0
555,d557d734,15,875,9,9,6,6,13,2,27,11,16,19.1,9.2,9.9,0,0,0,0
556,d56543a0,27,1465,16,18,5,9,3,1,21,23,-2,16.6,23.4,-6.8,0,0,0,0
557,d5dd5f1f,14,1037,11,12,7,2,0,1,17,16,1,16.6,16.4,0.2,0,0,0,0
558,d60c03a9,0,0,0,0,0,0,3,0,0,0,0,0.0,0.0,0.0,0,0,0,0
559,d7492450,0,0,0,0,0,0,29,0,0,0,0,0.0,0.0,0.0,0,0,0,0
560,d7553721,9,238,2,2,0,7,4,1,3,5,-2,4.2,2.9,1.3,0,0,0,0
561,d79a8c87,15,845,9,9,8,6,21,2,18,14,4,14.0,12.9,1.0,0,0,0,0
562,d86a1f3e,3,28,0,0,0,3,2,0,0,0,0,0.9,0.1,0.8,0,0,0,0
563,d8931174,30,2515,27,28,26,2,3,1,46,41,5,41.1,36.4,4.7,0,0,0,0
564,d93c2511,30,2387,26,28,20,2,1,1,40,37,3,39.2,38.1,1.1,0,0,0,0
565,d9565625,24,1801,20,19,18,5,13,1,28,29,-1,29.3,26.0,3.4,0,0,0,0
566,d9a21f02,0,0,0,0,0,0,1,0,0,0,0,0.0,0.0,0.0,0,0,0,0
567,da011f18,0,0,0,0,0,0,2,0,0,0,0,0.0,0.0,0.0,0,0,0,0
568,da052c14,31,2019,22,23,10,8,6,1,31,31,0,27.1,25.4,1.7,0,0,0,0
569,da7b447d,23,1631,18,17,17,6,14,2,33,16,17,34.8,17.8,17.0,0,0,0,0
570,da8b19e2,2,135,1,1,1,1,36,0,1,3,-2,1.1,2.6,-1.4,0,0,0,0
571,dad4b285,34,2874,31,33,26,1,1,1,31,39,-8,40.5,37.6,2.9,0,0,0,0
572,dbf053da,29,1900,21,20,11,9,3,1,29,28,1,29.0,29.0,0.0,0,0,0,0
573,dc008610,0,0,0,0,0,0,1,0,0,0,0,0.0,0.0,0.0,0,0,0,0
574,dc64b8b3,21,1814,20,21,20,0,1,1,20,26,-6,21.4,30.4,-9.0,0,0,0,0
575,dc6c2f02,8,208,2,1,1,7,7,1,5,5,0,3.1,3.5,-0.4,0,0,0,0
576,dc6f5bdd,13,1001,11,11,9,2,10,1,17,16,1,14.3,17.1,-2.8,0,0,0,0
577,dc7f8a28,4,123,1,1,0,3,20,3,6,0,6,4.5,0.4,4.2,0,0,0,0
578,dd323728,1,8,0,0,0,1,12,3,1,0,1,0.7,0.4,0.3,0,0,0,0
579,dd897ee7,1,10,0,0,0,1,3,3,1,0,1,1.0,0.0,1.0,0,0,0,0
580,de0f152c,15,1077,12,13,11,2,18,0,17,26,-9,16.7,22.0,-5.3,0,0,0,0
581,de112b84,33,1473,16,13,9,20,5,1,24,35,-11,20.2,28.3,-8.2,0,0,0,0
582,de31038e,0,0,0,0,0,0,5,0,0,0,0,0.0,0.0,0.0,0,0,0,0
583,de5b5570,16,904,10,10,5,6,8,0,15,20,-5,9.1,14.1,-5.0,0,0,0,0
584,dea698d9,30,2456,27,27,21,3,0,1,40,41,-1,44.8,38.7,6.1,0,0,0,0
585,def899bd,4,163,1,2,1,2,20,1,0,3,-3,1.1,2.3,-1.2,0,0,0,0
586,df04eb4b,6,130,1,0,0,6,19,0,3,1,2,3.0,1.7,1.4,0,0,0,0
587,df0a4c90,35,3054,33,35,30,0,0,1,44,51,-7,41.7,44.8,-3.0,0,0,0,0
588,df10e27c,24,1855,20,21,15,3,7,0,8,52,-44,17.8,44.5,-26.6,0,0,0,0
589,df3cda47,18,1261,14,14,4,4,0,1,35,11,24,25.0,12.7,12.3,0,0,0,0
590,df8b52a5,31,2286,25,26,17,5,3,1,44,26,18,41.2,24.2,17.0,0,0,0,0
591,e0243d23,2,25,0,0,0,2,14,0,0,0,0,0.3,0.3,0.0,0,0,0,0
592,e06683ca,34,3060,34,34,34,0,1,2,84,21,63,80.9,29.1,51.8,0,0,0,0
593,e07398f8,0,0,0,0,0,0,1,0,0,0,0,0.0,0.0,0.0,0,0,0,0
594,e082af5b,9,810,9,9,9,0,29,0,6,22,-16,6.2,20.5,-14.3,0,0,0,0
595,e09f279b,33,2909,32,32,32,1,0,1,43,47,-4,40.5,40.9,-0.4,0,0,0,0
596,e0bc6fdc,1,5,0,0,0,1,0,3,0,0,0,0.0,0.0,0.0,0,0,0,0
597,e0d1510a,3,128,1,1,1,2,7,1,1,6,-5,1.8,4.6,-2.8,0,0,0,0
598,e1618c22,0,0,0,0,0,0,3,0,0,0,0,0.0,0.0,0.0,0,0,0,0
599,e1df6989,20,1416,15,17,8,3,9,0,12,38,-26,17.8,27.5,-9.7,0,0,0,0
600,e28868f3,13,1024,11,10,8,3,4,0,13,22,-9,10.7,19.3,-8.6,0,0,0,0
601,e32958b7,0,0,0,0,0,0,11,0,0,0,0,0.0,0.0,0.0,0,0,0,0
602,e342ad68,35,2762,30,30,25,5,0,2,78,22,56,75.7,27.1,48.6,0,0,0,0
603,e34fc66d,34,2916,32,32,31,2,0,1,44,37,7,40.4,35.8,4.6,0,0,0,0
604,e3a5814e,8,268,3,2,1,6,9,2,2,4,-2,3.8,6.1,-2.3,0,0,0,0
605,e46012d4,30,2201,24,25,16,5,3,2,64,22,42,52.0,17.6,34.4,0,0,0,0
606,e4b6d914,0,0,0,0,0,0,4,0,0,0,0,0.0,0.0,0.0,0,0,0,0
607,e514ab62,33,2871,31,33,30,0,3,2,38,47,-9,33.0,41.4,-8.4,0,0,0,0
608,e541326e,32,2694,29,32,28,0,0,1,35,43,-8,34.8,36.4,-1.6,0,0,0,0
609,e58a03c6,8,38,0,0,0,8,28,1,1,0,1,1.5,0.3,1.2,0,0,0,0
610,e5a76dfe,0,0,0,0,0,0,30,0,0,0,0,0.0,0.0,0.0,0,0,0,0
611,e5d01ecf,27,2142,23,26,17,1,0,0,21,49,-28,23.6,36.5,-12.9,0,0,0,0
612,e61b8aee,27,2327,25,27,23,0,0,1,46,35,11,43.6,28.6,15.0,0,0,0,0
613,e717705a,1,1,0,0,0,1,31,3,1,0,1,1.5,0.5,0.9,0,0,0,0
614,e71aac2c,0,0,0,0,0,0,6,0,0,0,0,0.0,0.0,0.0,0,0,0,0
615,e73c9bb2,21,1660,18,18,16,3,8,1,26,26,0,26.3,26.9,-0.6,0,0,0,0
616,e7aa9d7c,22,572,6,6,2,16,15,1,9,7,2,7.2,9.8,-2.6,0,0,0,0
617,e7ca0439,8,547,6,6,5,2,19,1,6,11,-5,6.1,7.3,-1.2,0,0,0,0
618,e7ee38c3,1,90,1,1,1,0,17,0,2,3,-1,0.2,3.4,-3.1,0,0,0,0
619,e814e1cf,3,32,0,0,0,3,8,1,1,1,0,0.5,0.4,0.0,0,0,0,0
620,e8832875,28,1644,18,15,10,13,1,0,19,35,-16,21.3,31.0,-9.8,0,0,0,0
621,e9254eec,33,2897,32,33,31,0,0,0,20,70,-50,26.9,62.1,-35.2,0,0,0,0
622,e97fd090,24,1394,15,13,10,11,6,1,30,21,9,27.0,18.8,8.2,0,0,0,0
623,e9971f2d,11,735,8,10,4,1,7,2,11,8,3,12.0,11.0,1.0,0,0,0,0
624,ea1a5662,0,0,0,0,0,0,4,0,0,0,0,0.0,0.0,0.0,0,0,0,0
625,ea6bc03a,20,1574,17,17,15,3,1,1,21,40,-19,20.7,30.0,-9.4,0,0,0,0
626,eaeca114,14,923,10,10,8,4,22,2,19,3,16,20.3,5.3,15.0,0,0,0,0
627,eb7822d7,23,1382,15,16,7,7,10,1,22,26,-4,21.2,23.0,-1.7,0,0,0,0
628,ebeac9e5,0,0,0,0,0,0,1,0,0,0,0,0.0,0.0,0.0,0,0,0,0
629,ecad9aa5,0,0,0,0,0,0,9,0,0,0,0,0.0,0.0,0.0,0,0,0,0
630,ed1e53f3,28,2128,23,24,15,4,5,2,59,16,43,52.4,14.7,37.7,0,0,0,0
631,ee38d9c5,35,2459,27,28,14,7,0,1,48,41,7,34.2,45.5,-11.3,0,0,0,0
632,eeb6551f,3,30,0,0,0,3,14,0,0,0,0,1.2,0.2,1.0,0,0,0,0
633,efb9215a,5,262,2,4,2,1,14,0,3,4,-1,2.6,4.3,-1.7,0,0,0,0
634,f0caab96,4,360,4,4,4,0,12,1,7,6,1,4.9,5.6,-0.7,0,0,0,0
635,f0e4c69e,0,0,0,0,0,0,8,0,0,0,0,0.0,0.0,0.0,0,0,0,0
636,f0f7f62f,0,0,0,0,0,0,35,0,0,0,0,0.0,0.0,0.0,0,0,0,0
637,f119a610,0,0,0,0,0,0,1,0,0,0,0,0.0,0.0,0.0,0,0,0,0
638,f127d782,12,1080,12,12,12,0,19,0,13,24,-11,11.2,16.6,-5.4,0,0,0,0
639,f13d02a6,1,22,0,0,0,1,2,0,0,0,0,0.3,0.0,0.2,0,0,0,0
640,f1e94cd6,14,804,8,10,1,4,14,0,13,18,-5,8.9,13.5,-4.6,0,0,0,0
641,f230bc30,28,1701,18,19,10,9,2,1,17,23,-6,20.4,21.2,-0.8,0,0,0,0
642,f23f9d20,29,2610,29,29,29,0,3,0,17,62,-45,26.1,55.0,-28.8,0,0,0,0
643,f240e4f2,0,0,0,0,0,0,3,0,0,0,0,0.0,0.0,0.0,0,0,0,0
644,f25b010f,7,523,5,5,4,2,11,0,7,12,-5,7.0,10.5,-3.6,0,0,0,0
645,f25c8e3a,23,1173,13,14,4,9,6,2,30,6,24,28.0,12.7,15.4,0,0,0,0
646,f2bf1b0f,30,2039,22,23,13,7,4,1,25,40,-15,28.5,36.1,-7.7,0,0,0,0
647,f315ca93,13,877,9,9,8,4,23,2,23,6,17,23.9,7.0,17.0,0,0,0,0
648,f3354c07,7,237,2,1,0,6,14,1,7,5,2,4.5,3.8,0.7,0,0,0,0
649,f4290206,28,2167,24,25,16,3,6,1,42,22,20,37.0,21.2,15.9,0,0,0,0
650,f4d296e4,29,2055,22,22,20,7,2,1,25,52,-27,25.6,38.4,-12.9,0,0,0,0
651,f4e433d4,30,1561,17,16,7,14,3,1,14,21,-7,19.7,18.0,1.7,0,0,0,0
652,f5044e54,33,2265,25,27,15,6,4,0,17,55,-38,21.9,51.5,-29.6,0,0,0,0
653,f58515f5,0,0,0,0,0,0,6,0,0,0,0,0.0,0.0,0.0,0,0,0,0
654,f586779e,0,0,0,0,0,0,1,0,0,0,0,0.0,0.0,0.0,0,0,0,0
655,f5a00fa4,35,2970,33,34,28,1,1,1,32,40,-8,31.8,48.0,-16.2,0,0,0,0
656,f5b281e7,0,0,0,0,0,0,1,0,0,0,0,0.0,0.0,0.0,0,0,0,0
657,f5deef4c,28,2355,26,26,25,2,5,1,38,47,-9,35.6,40.8,-5.2,0,0,0,0
658,f63d8a4b,8,441,4,5,2,3,4,0,2,15,-13,3.3,11.9,-8.5,0,0,0,0
659,f6b1bcd6,0,0,0,0,0,0,2,0,0,0,0,0.0,0.0,0.0,0,0,0,0
660,f72293fc,18,1102,12,13,5,5,0,0,10,19,-9,12.0,17.1,-5.2,0,0,0,0
661,f76e6b4e,0,0,0,0,0,0,5,0,0,0,0,0.0,0.0,0.0,0,0,0,0
662,f7b1d4e0,17,536,6,4,0,13,16,0,10,4,6,9.4,6.1,3.3,0,0,0,0
663,f833a830,11,186,2,1,1,10,15,2,6,1,5,5.1,0.6,4.4,0,0,0,0
664,f874dd44,0,0,0,0,0,0,1,0,0,0,0,0.0,0.0,0.0,0,0,0,0
665,f8fcd2a5,18,1348,15,16,12,2,2,1,27,23,4,21.3,21.7,-0.3,0,0,0,0
666,f9682888,1,4,0,0,0,1,7,3,0,0,0,0.0,0.0,0.0,0,0,0,0
667,f99b71de,13,799,8,9,4,4,7,0,3,17,-14,6.8,12.3,-5.6,0,0,0,0
668,fa031b34,30,2523,28,28,21,2,0,1,33,46,-13,29.6,38.5,-8.9,0,0,0,0
669,fb614c44,13,998,11,11,10,2,2,1,20,13,7,14.2,14.5,-0.4,0,0,0,0
670,fc027d02,22,1912,21,21,20,1,5,1,32,35,-3,24.2,36.4,-12.2,0,0,0,0
671,fc15fb84,38,3107,34,35,26,3,0,0,32,49,-17,34.6,49.8,-15.2,0,0,0,0
672,fcab00a0,0,0,0,0,0,0,2,0,0,0,0,0.0,0.0,0.0,0,0,0,0
673,fce2302c,22,1915,21,22,18,0,4,1,33,21,12,33.4,22.9,10.5,0,0,0,0
674,fdf3cb77,28,2209,24,25,21,3,3,1,42,35,7,35.4,33.6,1.8,0,0,0,0
675,fea06849,0,0,0,0,0,0,10,0,0,0,0,0.0,0.0,0.0,0,0,0,0
676,fed7cb61,29,1809,20,22,11,7,6,2,44,18,26,34.0,19.2,14.8,0,0,0,0
677,ff527768,11,332,3,3,1,8,22,1,5,5,0,6.5,6.4,0.1,0,0,0,0
678,ffa90327,11,399,4,4,2,7,17,2,7,8,-1,4.5,6.8,-2.4000000000000004,0,0,0,0
