,id,MP,Min,90s,Starts,Compl,Subs,unSub,PPM,onG,onGA,+/-,onxG,onxGA,xG+/-,MinGK,MPGK,StartsGK,90sGK
0,00242715,2,160,1,2,0,0,0,1,1,2,-1,1.5,3.2,-1.7,2250,25,25,25
1,007414dd,15,541,6,5,0,10,1,0,4,9,-5,6.6,6.8,-0.2,219,4,1,2
2,00b77ecf,0,0,0,0,0,0,1,0,0,0,0,0.0,0.0,0.0,1485,17,17,16
3,00f0482f,0,0,0,0,0,0,1,0,0,0,0,0.0,0.0,0.0,2250,25,25,25
4,012c975a,0,0,0,0,0,0,1,0,0,0,0,0.0,0.0,0.0,90,1,1,1
5,01962d0d,15,212,2,1,0,14,2,0,6,3,3,3.7,2.7,1.0,67,1,0,0
6,01c3aff5,6,465,5,5,2,1,0,0,3,6,-3,4.3,6.0,-1.6,2340,26,26,26
7,01ce9e70,20,1119,12,12,8,8,5,0,10,33,-23,8.7,22.8,-14.1,2031,24,24,22
8,01e5f06e,6,147,1,0,0,6,15,3,4,4,0,3.3,2.7,0.7,450,5,5,5
9,0284bd0d,0,0,0,0,0,0,3,0,0,0,0,0.0,0.0,0.0,2250,25,25,25
10,02b29014,16,756,8,8,6,8,4,1,5,13,-8,10.4,12.9,-2.6,2250,25,25,25
11,0313a347,25,2152,23,24,23,1,0,1,29,37,-8,27.6,36.2,-8.5,1620,18,18,18
12,0420d84f,18,1277,14,15,8,3,7,0,12,18,-6,16.2,22.4,-6.2,180,2,2,2
13,0442183b,19,1476,16,17,13,2,2,0,13,22,-9,14.3,23.8,-9.5,2160,24,24,24
14,049a888d,5,182,2,2,0,3,1,0,1,1,0,3.5,2.2,1.4,1890,21,21,21
15,04eb7d82,0,0,0,0,0,0,4,0,0,0,0,0.0,0.0,0.0,2014,23,23,22
16,0562b7f1,22,1124,12,12,2,10,2,1,12,15,-3,12.3,16.7,-4.4,765,9,8,8
17,05e8ca6d,6,49,0,0,0,6,8,1,0,1,-1,0.2,0.4,-0.1,2250,25,25,25
18,06df8256,6,540,6,6,6,0,2,1,3,2,1,8.6,5.8,2.8,450,5,5,5
19,07802f7f,24,1069,11,10,4,14,1,2,12,18,-6,17.1,17.4,-0.3,1305,15,15,14
20,089667a5,13,584,6,6,3,7,2,0,5,14,-9,6.7,13.7,-7.0,236,3,2,2
21,08eb3b58,2,16,0,0,0,2,1,1,0,1,-1,0.2,0.3,-0.1,2250,25,25,25
22,0a3d6d2b,8,357,4,3,3,5,8,0,2,9,-7,2.9,9.3,-6.4,2091,24,24,23
23,0a6cb1b1,5,450,5,5,5,0,0,1,8,8,0,7.4,9.0,-1.6,2340,26,26,26
24,0b33f6ad,21,1889,21,21,20,0,2,0,17,38,-21,19.7,26.3,-6.5,2160,24,24,24
25,0bdda685,1,23,0,0,0,1,1,0,0,1,-1,0.4,0.4,0.0,180,2,2,2
26,0cd31129,25,2061,22,23,15,2,0,1,19,38,-19,23.3,35.1,-11.7,2340,26,26,26
27,0d85a4e8,0,0,0,0,0,0,14,0,0,0,0,0.0,0.0,0.0,1980,22,22,22
28,0db5d2c8,13,745,8,8,6,5,7,1,12,12,0,12.8,13.3,-0.5,90,1,1,1
29,0ef89a37,20,788,8,7,1,13,1,1,9,9,0,9.2,8.4,0.9,945,11,10,10
30,0f134faf,24,1855,20,24,9,0,0,1,33,28,5,27.7,25.2,2.6,2250,25,25,25
31,0f7533cd,25,1968,21,24,10,1,0,1,31,29,2,26.7,35.9,-9.2,0,0,0,0
32,10a10454,10,304,3,2,0,8,6,0,5,4,1,5.1,5.8,-0.6,0,0,0,0
33,10b9fa99,0,0,0,0,0,0,3,0,0,0,0,0.0,0.0,0.0,0,0,0,0
34,10d221cd,0,0,0,0,0,0,25,0,0,0,0,0.0,0.0,0.0,0,0,0,0
35,10ec4169,1,8,0,0,0,1,4,0,0,0,0,0.0,0.2,-0.2,0,0,0,0
36,1137759d,5,77,0,0,0,5,7,1,0,2,-2,0.8,1.7,-1.0,0,0,0,0
37,1148323a,0,0,0,0,0,0,1,0,0,0,0,0.0,0.0,0.0,0,0,0,0
38,114bbdee,0,0,0,0,0,0,1,0,0,0,0,0.0,0.0,0.0,0,0,0,0
39,119b9a8e,7,556,6,6,6,1,9,2,12,7,5,13.2,6.0,7.2,0,0,0,0
40,11f54bd5,6,110,1,0,0,6,9,0,0,2,-2,1.4,2.4,-1.0,0,0,0,0
41,11ff3d56,15,746,8,10,4,5,8,0,5,16,-11,5.8,12.3,-6.5,0,0,0,0
42,1265a93a,11,850,9,10,8,1,0,1,13,11,2,11.3,10.1,1.2,0,0,0,0
43,130e085a,0,0,0,0,0,0,4,0,0,0,0,0.0,0.0,0.0,0,0,0,0
44,132a82f1,7,567,6,5,5,2,0,2,9,10,-1,6.1,7.1,-1.0,0,0,0,0
45,1544f145,22,1498,16,18,6,4,0,1,21,25,-4,19.2,25.8,-6.5,0,0,0,0
46,1598599e,13,545,6,5,1,8,8,1,9,8,1,9.5,9.7,-0.1,0,0,0,0
47,15ab5a2b,19,716,8,6,4,13,6,2,20,9,11,15.8,9.2,6.5,0,0,0,0
48,15ea812b,26,2340,26,26,26,0,0,0,19,38,-19,28.4,42.6,-14.2,0,0,0,0
49,15f24fe7,1,45,0,1,0,0,0,3,1,0,1,0.6,0.6,0.0,0,0,0,0
50,15f3ec41,0,0,0,0,0,0,3,0,0,0,0,0.0,0.0,0.0,0,0,0,0
51,16264a81,22,1909,21,21,18,1,0,1,40,25,15,36.1,23.5,12.6,0,0,0,0
52,169fd162,17,690,7,9,1,8,2,1,8,9,-1,7.2,8.6,-1.4,0,0,0,0
53,16e9d0ea,7,423,4,3,1,4,0,1,8,4,4,6.1,6.5,-0.4,0,0,0,0
54,172e52d8,7,515,5,6,5,1,2,1,13,10,3,7.4,7.5,-0.1,0,0,0,0
55,17695062,7,108,1,0,0,7,4,2,1,2,-1,2.1,1.4,0.8,0,0,0,0
56,1780bb4a,12,903,10,11,3,1,2,1,18,17,1,14.1,11.8,2.2,0,0,0,0
57,17850779,0,0,0,0,0,0,3,0,0,0,0,0.0,0.0,0.0,0,0,0,0
58,178ae8f8,9,406,4,4,0,5,0,2,6,4,2,8.4,6.1,2.3,0,0,0,0
59,17acc2ed,2,180,2,2,2,0,24,1,2,2,0,2.7,2.1,0.6,0,0,0,0
60,18b999f4,12,713,7,9,1,3,0,1,13,9,4,10.6,11.2,-0.6,0,0,0,0
61,1900032e,0,0,0,0,0,0,7,0,0,0,0,0.0,0.0,0.0,0,0,0,0
62,190163f3,0,0,0,0,0,0,2,0,0,0,0,0.0,0.0,0.0,0,0,0,0
63,1961b2aa,0,0,0,0,0,0,1,0,0,0,0,0.0,0.0,0.0,0,0,0,0
64,1971591f,8,568,6,7,1,1,0,1,10,6,4,11.2,8.1,3.1,0,0,0,0
65,197640fd,24,2085,23,23,21,1,1,1,34,38,-4,28.0,38.0,-10.0,0,0,0,0
66,1a4ef233,17,1365,15,15,14,2,6,0,18,23,-5,16.2,23.7,-7.5,0,0,0,0
67,1b4f1169,11,484,5,5,2,6,12,3,5,5,0,6.6,4.7,1.8000000000000005,0,0,0,0
68,1b804500,1,1,0,0,0,1,10,0,0,0,0,0.1,0.0,0.1,0,0,0,0
69,1b84dbe1,19,1264,14,16,9,3,0,1,17,24,-7,13.4,23.3,-10.0,0,0,0,0
70,1bf33a9a,16,609,6,6,0,10,1,1,8,8,0,8.3,8.4,-0.1,0,0,0,0
71,1c7012b8,25,2250,25,25,25,0,0,0,23,33,-10,31.3,30.0,1.4,0,0,0,0
72,1d5cab82,6,213,2,2,0,4,0,2,5,4,1,4.2,2.8,1.4,0,0,0,0
73,1daec722,20,1345,14,17,8,3,1,1,14,16,-2,17.0,21.7,-4.7,0,0,0,0
74,1e159d70,0,0,0,0,0,0,11,0,0,0,0,0.0,0.0,0.0,0,0,0,0
75,1ecb65be,7,261,2,2,0,5,9,1,1,5,-4,3.7,4.4,-0.7,0,0,0,0
76,1f44ac21,25,2022,22,24,15,1,0,2,62,22,40,49.0,18.3,30.7,0,0,0,0
77,1fb1c435,18,1296,14,17,5,1,0,1,18,24,-6,18.8,22.2,-3.4,0,0,0,0
78,2093823e,0,0,0,0,0,0,2,0,0,0,0,0.0,0.0,0.0,0,0,0,0
79,20b104bc,24,2043,22,24,20,0,0,0,23,44,-21,19.4,38.2,-18.8,0,0,0,0
80,21166ff4,2,79,0,1,0,1,14,1,0,1,-1,0.2,1.2,-1.1,0,0,0,0
81,2140e999,0,0,0,0,0,0,2,0,0,0,0,0.0,0.0,0.0,0,0,0,0
82,21512407,24,2107,23,24,20,0,0,1,33,15,18,37.0,22.1,14.8,0,0,0,0
83,215f3907,13,388,4,2,0,11,8,1,8,6,2,7.7,4.5,3.2,0,0,0,0
84,21a66f6a,26,2325,25,26,23,0,0,1,46,35,11,36.5,29.4,7.0,0,0,0,0
85,21a866b7,0,0,0,0,0,0,3,0,0,0,0,0.0,0.0,0.0,0,0,0,0
86,22f6ed2c,0,0,0,0,0,0,2,0,0,0,0,0.0,0.0,0.0,0,0,0,0
87,230f0471,13,988,11,11,9,2,0,0,7,17,-10,10.9,18.1,-7.2,0,0,0,0
88,2389cdc2,21,1470,16,16,12,5,1,1,21,26,-5,20.0,21.8,-1.9,0,0,0,0
89,2411c7f7,0,0,0,0,0,0,3,0,0,0,0,0.0,0.0,0.0,0,0,0,0
90,24f59bb2,9,569,6,5,4,4,9,0,2,8,-6,5.9,8.1,-2.2,0,0,0,0
91,2500cef9,24,1075,11,11,1,13,0,1,19,12,7,19.2,13.9,5.3,0,0,0,0
92,254147d4,12,578,6,6,2,6,9,0,5,11,-6,5.6,7.1,-1.5,0,0,0,0
93,2628fd2b,24,2160,24,24,24,0,2,1,36,32,4,30.0,40.6,-10.6,0,0,0,0
94,26ce2263,20,1045,11,12,2,8,5,0,8,23,-15,9.0,19.1,-10.2,0,0,0,0
95,26d3b5be,5,102,1,1,0,4,4,0,1,3,-2,1.5,2.4,-0.8,0,0,0,0
96,26f6dca8,7,150,1,1,0,6,18,0,1,3,-2,2.0,2.0,0.1,0,0,0,0
97,27d0a506,3,156,1,2,0,1,2,1,1,3,-2,2.3,1.7,0.6,0,0,0,0
98,282679b4,14,280,3,0,0,14,2,0,5,5,0,6.3,4.5,1.8,0,0,0,0
99,282f75f3,23,2069,23,23,22,0,0,1,43,29,14,39.4,26.8,12.6,0,0,0,0
100,28300a16,1,90,1,1,1,0,22,3,4,0,4,3.5,0.3,3.2,0,0,0,0
101,2886c9b5,13,439,4,4,0,9,2,1,7,6,1,6.2,5.0,1.2,0,0,0,0
102,288e1e13,9,785,8,8,7,1,2,1,10,12,-2,11.8,12.0,-0.2,0,0,0,0
103,289601e6,23,2008,22,23,22,0,0,1,33,25,8,29.6,33.3,-3.6,0,0,0,0
104,28b40c9c,26,2337,26,26,25,0,0,1,38,34,4,32.6,42.7,-10.1,0,0,0,0
105,28d596a0,17,1485,16,17,16,0,6,1,15,13,2,20.7,18.6,2.1,0,0,0,0
106,2928dca2,22,1970,21,22,21,0,3,0,15,28,-13,22.2,35.2,-13.0,0,0,0,0
107,2944f86f,12,442,4,4,0,8,4,1,7,8,-1,6.5,8.7,-2.2,0,0,0,0
108,2964fd20,4,160,1,2,0,2,3,1,1,1,0,2.1,2.7,-0.5,0,0,0,0
109,2afc7272,20,1506,16,17,13,3,0,0,17,35,-18,12.8,27.8,-15.1,0,0,0,0
110,2b09d998,23,2066,23,23,22,0,0,0,26,34,-8,29.2,30.5,-1.3,0,0,0,0
111,2b16cb1a,16,755,8,7,2,9,1,1,12,10,2,12.1,10.4,1.7,0,0,0,0
112,2b471f99,7,417,4,6,2,1,0,1,4,7,-3,3.6,8.6,-4.9,0,0,0,0
113,2b622f01,10,113,1,0,0,10,3,1,4,2,2,2.8,0.7,2.1,0,0,0,0
114,2bd83368,20,1260,14,13,7,7,1,1,11,14,-3,15.5,19.8,-4.3,0,0,0,0
115,2c44a35d,12,428,4,3,0,9,8,0,3,13,-10,4.4,8.4,-3.9,0,0,0,0
116,2c6835e5,0,0,0,0,0,0,1,0,0,0,0,0.0,0.0,0.0,0,0,0,0
117,2ce2508a,11,293,3,2,1,9,13,1,4,3,1,3.2,4.9,-1.7,0,0,0,0
118,2e4f5f03,22,1682,18,19,12,3,1,1,36,20,16,35.1,24.2,10.9,0,0,0,0
119,2f90f6b8,19,693,7,6,2,13,2,1,10,7,3,14.1,10.6,3.4,0,0,0,0
120,2f965a72,4,219,2,1,1,3,18,0,4,6,-2,3.2,6.0,-2.8,0,0,0,0
121,2f9e4435,6,486,5,6,3,0,0,0,6,9,-3,6.9,10.8,-3.9,0,0,0,0
122,2fba6108,16,426,4,5,0,11,8,2,8,2,6,9.4,4.7,4.7,0,0,0,0
123,30d4a2e5,25,2138,23,25,22,0,0,0,17,35,-18,25.7,39.6,-13.9,0,0,0,0
124,30db8574,4,21,0,0,0,4,3,2,1,0,1,0.3,0.3,0.0,0,0,0,0
125,31c69ef1,18,1279,14,14,12,4,4,2,41,11,30,29.5,11.1,18.5,0,0,0,0
126,328f7d51,19,1094,12,11,3,8,3,0,12,20,-8,12.5,14.1,-1.6,0,0,0,0
127,32e7ce92,0,0,0,0,0,0,7,0,0,0,0,0.0,0.0,0.0,0,0,0,0
128,32e8417f,10,439,4,5,0,5,10,2,11,3,8,11.0,5.7,5.4,0,0,0,0
129,32e9d210,0,0,0,0,0,0,2,0,0,0,0,0.0,0.0,0.0,0,0,0,0
130,32f60ed8,24,2006,22,23,18,1,0,1,20,37,-17,25.5,32.9,-7.2,0,0,0,0
131,3312f911,24,1790,19,21,10,3,0,1,20,25,-5,19.5,26.9,-7.4,0,0,0,0
132,33887998,9,765,8,8,8,1,4,1,9,12,-3,9.1,12.2,-3.1,0,0,0,0
133,339fe0e8,0,0,0,0,0,0,10,0,0,0,0,0.0,0.0,0.0,0,0,0,0
134,35141f4c,21,1698,18,20,15,1,3,0,18,43,-25,17.1,33.2,-16.2,0,0,0,0
135,3515d404,25,2250,25,25,25,0,0,0,20,41,-21,24.0,33.4,-9.3,0,0,0,0
136,3544641e,17,415,4,3,0,14,6,0,3,6,-3,3.6,7.7,-4.1,0,0,0,0
137,35e413f1,26,1994,22,24,11,2,0,2,51,17,34,42.1,20.6,21.4,0,0,0,0
138,36c2ca73,0,0,0,0,0,0,15,0,0,0,0,0.0,0.0,0.0,0,0,0,0
139,3727dd3c,7,299,3,3,1,4,3,3,3,5,-2,2.2,5.8,-3.6,0,0,0,0
140,3766178e,0,0,0,0,0,0,2,0,0,0,0,0.0,0.0,0.0,0,0,0,0
141,384d58d9,6,338,3,4,1,2,7,1,4,3,1,4.8,4.9,0.0,0,0,0,0
142,387e1d35,0,0,0,0,0,0,2,0,0,0,0,0.0,0.0,0.0,0,0,0,0
143,38c7feef,8,314,3,4,0,4,4,1,5,6,-1,7.0,5.7,1.3,0,0,0,0
144,38ceb24a,24,1628,18,20,5,4,1,3,31,29,2,27.0,23.0,4.0,0,0,0,0
145,3925dbd6,20,1723,19,20,12,0,0,1,29,23,6,26.8,28.5,-1.7,0,0,0,0
146,39769cff,15,1178,13,13,9,2,9,1,18,22,-4,17.3,19.1,-1.8,0,0,0,0
147,3a233281,24,1482,16,19,4,5,0,1,20,29,-9,21.3,29.5,-8.3,0,0,0,0
148,3a686640,0,0,0,0,0,0,1,0,0,0,0,0.0,0.0,0.0,0,0,0,0
149,3a949a25,1,67,0,0,0,1,13,0,0,0,0,1.7,1.1,0.6,0,0,0,0
150,3b57a494,0,0,0,0,0,0,1,0,0,0,0,0.0,0.0,0.0,0,0,0,0
151,3b8674e6,18,1500,16,17,10,1,0,1,33,24,9,26.4,19.5,6.9,0,0,0,0
152,3bb7b8b4,26,2340,26,26,26,0,0,2,66,25,41,54.1,21.3,32.7,0,0,0,0
153,3e1550ee,0,0,0,0,0,0,4,0,0,0,0,0.0,0.0,0.0,0,0,0,0
154,3e5e4e63,12,957,10,11,8,1,7,0,7,21,-14,10.5,14.9,-4.5,0,0,0,0
155,3e80e04e,0,0,0,0,0,0,2,0,0,0,0,0.0,0.0,0.0,0,0,0,0
156,3e9e06cb,14,1260,14,14,14,0,1,2,16,18,-2,15.8,19.0,-3.2,0,0,0,0
157,3ea50f67,23,1921,21,23,16,0,0,1,31,33,-2,26.9,35.4,-8.5,0,0,0,0
158,3eb22ec9,24,1706,19,19,13,5,2,2,46,20,26,36.2,17.3,18.9,0,0,0,0
159,3f70db80,0,0,0,0,0,0,11,0,0,0,0,0.0,0.0,0.0,0,0,0,0
160,3f847d95,0,0,0,0,0,0,8,0,0,0,0,0.0,0.0,0.0,0,0,0,0
161,3fe6bd8c,0,0,0,0,0,0,7,0,0,0,0,0.0,0.0,0.0,0,0,0,0
162,4115ce4e,10,709,7,8,6,2,13,2,4,13,-9,8.0,11.6,-3.7,0,0,0,0
163,414184f7,4,59,0,0,0,4,1,0,1,2,-1,0.5,2.2,-1.7,0,0,0,0
164,41e7ef1c,3,135,1,2,1,1,6,0,0,4,-4,1.1,4.4,-3.3,0,0,0,0
165,41f08ac8,10,321,3,3,0,7,9,1,10,4,6,7.1,4.1,3.0,0,0,0,0
166,420d7c7d,18,1064,11,11,10,7,2,0,10,18,-8,13.9,17.3,-3.4,0,0,0,0
167,422862ea,4,12,0,1,0,3,10,1,0,0,0,0.1,0.4,-0.3,0,0,0,0
168,4468ec10,24,1848,20,20,13,4,2,0,14,31,-17,21.2,33.3,-12.1,0,0,0,0
169,44781702,23,1705,18,19,16,4,1,1,30,23,7,24.4,18.1,6.3,0,0,0,0
170,44bfb6c5,25,2250,25,25,25,0,0,1,19,32,-13,23.8,35.2,-11.4,0,0,0,0
171,4506aec5,2,25,0,0,0,2,0,0,0,1,-1,0.8,0.4,0.4,0,0,0,0
172,450ab6fc,5,197,2,2,2,3,15,1,2,5,-3,1.6,3.5,-1.9,0,0,0,0
173,45963054,25,1243,13,11,4,14,0,0,18,20,-2,14.1,20.6,-6.4,0,0,0,0
174,4596da74,8,387,4,4,0,4,2,1,13,2,11,9.9,3.2,6.6,0,0,0,0
175,45db685d,23,1626,18,19,11,4,4,3,24,18,6,23.1,19.5,3.5,0,0,0,0
176,466fb2c5,26,2340,26,26,26,0,0,2,59,25,34,50.3,25.4,24.9,0,0,0,0
177,468a7a91,3,50,0,0,0,3,1,2,2,1,1,1.3,0.6,0.6,0,0,0,0
178,47a34c4f,5,113,1,1,1,4,4,3,2,2,0,2.6,1.3,1.4,0,0,0,0
179,4806ec67,25,2250,25,25,25,0,0,0,18,38,-20,28.0,41.5,-13.5,0,0,0,0
180,48a5a5d6,26,2094,23,25,14,1,0,2,54,20,34,45.4,22.9,22.5,0,0,0,0
181,48b3dd60,0,0,0,0,0,0,2,0,0,0,0,0.0,0.0,0.0,0,0,0,0
182,49375cdd,0,0,0,0,0,0,2,0,0,0,0,0.0,0.0,0.0,0,0,0,0
183,493924a7,6,144,1,1,0,5,8,0,2,7,-5,1.4,6.8,-5.3,0,0,0,0
184,4a1a9578,8,613,6,7,5,1,0,1,17,8,9,12.4,7.8,4.6,0,0,0,0
185,4a51ba65,0,0,0,0,0,0,25,0,0,0,0,0.0,0.0,0.0,0,0,0,0
186,4abac767,5,187,2,2,0,3,2,1,3,2,1,2.7,3.1,-0.4,0,0,0,0
187,4b40d9ca,24,2091,23,24,23,0,0,1,35,17,18,35.8,22.7,13.1,0,0,0,0
188,4b511457,1,74,0,1,0,0,3,0,1,4,-3,0.3,1.4,-1.1,0,0,0,0
189,4b803b3c,8,610,6,7,6,1,0,0,4,6,-2,6.7,7.3,-0.6,0,0,0,0
190,4bcf39f6,19,942,10,10,1,9,4,1,8,12,-4,11.2,16.7,-5.5,0,0,0,0
191,4c370d81,18,1006,11,11,3,7,0,1,23,13,10,18.6,15.0,3.6,0,0,0,0
192,4d224fe8,18,1305,14,14,10,4,0,2,23,15,8,24.1,13.6,10.4,0,0,0,0
193,4d77b365,19,1282,14,15,5,4,0,1,29,17,12,29.2,20.7,8.4,0,0,0,0
194,4d90ce8c,1,5,0,0,0,1,2,3,0,0,0,0.0,0.0,0.0,0,0,0,0
195,4d960fc3,1,9,0,0,0,1,9,0,0,1,-1,0.0,0.3,-0.3,0,0,0,0
196,4e015693,6,142,1,0,0,6,5,0,1,2,-1,1.0,2.7,-1.6,0,0,0,0
197,4e5a4cbc,18,1462,16,17,16,1,4,0,14,30,-16,18.0,25.0,-7.0,0,0,0,0
198,4e9a0555,24,812,9,9,0,15,1,2,11,9,2,10.0,11.6,-1.6999999999999995,0,0,0,0
199,4f28a6ff,16,1192,13,14,7,2,9,1,26,22,4,20.9,16.0,4.9,0,0,0,0
200,4f565d77,5,61,0,0,0,5,10,3,0,1,-1,1.0,1.3,-0.3,0,0,0,0
201,4f974391,19,1578,17,17,15,2,4,0,16,22,-6,22.6,20.2,2.4,0,0,0,0
202,4fb9c88f,7,195,2,1,1,6,5,1,1,3,-2,4.1,3.7,0.5,0,0,0,0
203,4fd08daa,2,80,0,1,0,1,15,2,1,2,-1,1.5,0.9,0.7,0,0,0,0
204,505486d6,4,350,3,4,3,0,0,1,8,7,1,5.4,7.4,-2.0,0,0,0,0
205,507c7bdf,24,2158,24,24,22,0,0,2,40,32,8,39.3,30.6,8.7,0,0,0,0
206,50dc94ce,7,167,1,2,0,5,4,1,3,3,0,2.4,1.5,0.9,0,0,0,0
207,50e6dc35,21,684,7,6,0,15,3,0,3,9,-6,7.5,12.3,-4.8,0,0,0,0
208,515ebe8d,2,66,0,1,0,1,15,2,1,1,0,2.0,0.5,1.5,0,0,0,0
209,51a3c4c8,4,354,3,3,3,1,1,0,3,9,-6,2.9,8.5,-5.5,0,0,0,0
210,51cf8561,19,1519,16,18,7,1,0,2,36,16,20,32.8,16.7,16.1,0,0,0,0
211,51dbeea9,18,1575,17,18,17,0,4,0,17,23,-6,21.0,19.1,1.9,0,0,0,0
212,529f49ab,21,1681,18,19,14,2,0,2,46,13,33,37.4,19.0,18.5,0,0,0,0
213,52afb588,5,69,0,0,0,5,1,2,3,2,1,1.4,1.2,0.2,0,0,0,0
214,531a4aa8,1,45,0,1,0,0,4,0,1,2,-1,0.2,1.0,-0.8,0,0,0,0
215,53552942,1,19,0,0,0,1,1,3,0,1,-1,0.3,0.2,0.1,0,0,0,0
216,53cad200,19,1106,12,11,8,8,4,1,12,11,1,15.1,16.3,-1.2,0,0,0,0
217,54778940,0,0,0,0,0,0,2,0,0,0,0,0.0,0.0,0.0,0,0,0,0
218,54b6eed9,0,0,0,0,0,0,3,0,0,0,0,0.0,0.0,0.0,0,0,0,0
219,5515376c,14,985,10,11,9,3,9,1,11,10,1,13.7,16.5,-2.9,0,0,0,0
220,558807c0,9,297,3,3,2,6,13,0,0,10,-10,0.9,6.1,-5.1,0,0,0,0
221,56d838f7,1,8,0,0,0,1,10,0,0,0,0,0.1,0.3,-0.2,0,0,0,0
222,56f7a928,23,1708,19,19,11,4,0,0,28,34,-6,22.6,31.3,-8.7,0,0,0,0
223,570bb4b9,4,305,3,4,1,0,0,1,2,5,-3,3.6,6.4,-2.8,0,0,0,0
224,57c94db2,15,934,10,10,9,5,9,2,18,11,7,14.8,14.4,0.4,0,0,0,0
225,57e3f0c7,0,0,0,0,0,0,2,0,0,0,0,0.0,0.0,0.0,0,0,0,0
226,59878425,1,1,0,0,0,1,14,3,0,0,0,0.0,0.0,0.0,0,0,0,0
227,59d2e6bb,0,0,0,0,0,0,1,0,0,0,0,0.0,0.0,0.0,0,0,0,0
228,59e6e5bf,11,731,8,9,3,2,0,0,5,12,-7,7.9,12.5,-4.5,0,0,0,0
229,5a04fd92,23,1339,14,14,6,9,2,0,14,20,-6,20.4,18.9,1.5,0,0,0,0
230,5a7301ae,17,579,6,5,2,12,4,1,9,11,-2,9.3,10.2,-0.8999999999999999,0,0,0,0
231,5bc43860,24,1785,19,21,8,3,1,0,24,37,-13,25.1,31.2,-6.1,0,0,0,0
232,5c0da4a4,17,1367,15,16,9,1,0,1,19,31,-12,12.4,24.9,-12.5,0,0,0,0
233,5c2b4f07,16,1250,13,14,9,2,0,1,11,18,-7,14.2,19.9,-5.6,0,0,0,0
234,5c74c0f5,23,1776,19,22,13,1,0,1,29,30,-1,22.4,30.6,-8.2,0,0,0,0
235,5cbd1eb0,23,1721,19,21,14,2,0,1,17,21,-4,16.8,25.3,-8.5,0,0,0,0
236,5dbefa9d,5,106,1,0,0,5,0,1,2,5,-3,1.6,3.5,-1.9,0,0,0,0
237,5e253986,0,0,0,0,0,0,4,0,0,0,0,0.0,0.0,0.0,0,0,0,0
238,5e74d6c8,0,0,0,0,0,0,2,0,0,0,0,0.0,0.0,0.0,0,0,0,0
239,5ed9b537,7,562,6,6,6,1,2,1,12,8,4,10.9,8.9,2.0,0,0,0,0
240,5eecec3d,14,1181,13,13,12,1,3,2,33,13,20,28.3,8.7,19.6,0,0,0,0
241,5ff4ab71,5,443,4,5,4,0,0,1,2,4,-2,5.9,3.9,2.1,0,0,0,0
242,60344e4f,24,1062,11,12,0,12,0,1,24,13,11,18.8,12.8,5.9,0,0,0,0
243,6250083a,11,467,5,6,2,5,10,1,7,4,3,5.9,3.7,2.2,0,0,0,0
244,62d7ef38,0,0,0,0,0,0,17,0,0,0,0,0.0,0.0,0.0,0,0,0,0
245,6385ebfb,0,0,0,0,0,0,10,0,0,0,0,0.0,0.0,0.0,0,0,0,0
246,6412cc03,16,396,4,2,0,14,8,2,11,3,8,10.1,3.9,6.2,0,0,0,0
247,6434f10d,25,2147,23,25,19,0,0,2,58,21,37,48.6,18.2,30.4,0,0,0,0
248,65c3efa2,0,0,0,0,0,0,1,0,0,0,0,0.0,0.0,0.0,0,0,0,0
249,6612cd8c,2,15,0,0,0,2,3,0,0,2,-2,0.1,0.6,-0.5,0,0,0,0
250,6613c819,25,1909,21,21,16,4,0,0,20,27,-7,26.4,25.4,1.0,0,0,0,0
251,6622454d,13,572,6,6,2,7,9,0,3,6,-3,6.4,6.4,-0.1,0,0,0,0
252,6639e500,26,2165,24,26,7,0,0,1,36,29,7,30.2,36.7,-6.6,0,0,0,0
253,66b290f7,0,0,0,0,0,0,1,0,0,0,0,0.0,0.0,0.0,0,0,0,0
254,66b76d44,25,1465,16,16,4,9,0,1,25,28,-3,21.6,25.4,-3.8,0,0,0,0
255,6722d4f0,1,1,0,0,0,1,4,1,0,0,0,0.0,0.0,0.0,0,0,0,0
256,67ac5bb8,26,2340,26,26,26,0,0,2,59,25,34,50.3,25.4,24.9,0,0,0,0
257,68c720b5,23,1096,12,12,0,11,2,0,12,18,-6,10.4,17.2,-6.8,0,0,0,0
258,68db6358,0,0,0,0,0,0,6,0,0,0,0,0.0,0.0,0.0,0,0,0,0
259,68dc0dac,23,1608,17,19,8,4,1,0,14,28,-14,16.7,22.4,-5.7,0,0,0,0
260,6992791d,4,61,0,0,0,4,5,0,0,1,-1,0.4,0.7,-0.3,0,0,0,0
261,69942fb3,0,0,0,0,0,0,6,0,0,0,0,0.0,0.0,0.0,0,0,0,0
262,69fdb896,12,397,4,4,0,8,13,1,1,5,-4,3.5,4.8,-1.4,0,0,0,0
263,6a713852,22,1980,22,22,22,0,1,1,39,29,10,36.0,26.5,9.5,0,0,0,0
264,6aa3e78b,17,813,9,9,3,8,4,1,17,15,2,13.5,10.8,2.7,0,0,0,0
265,6ad43f9a,3,26,0,0,0,3,5,0,0,0,0,0.6,0.3,0.4,0,0,0,0
266,6adbc307,10,589,6,6,6,4,10,1,9,12,-3,8.9,11.0,-2.2,0,0,0,0
267,6afaebf2,24,1836,20,24,3,0,0,1,35,28,7,27.4,25.8,1.6,0,0,0,0
268,6b47c5db,17,997,11,11,6,6,2,0,16,25,-9,11.7,17.3,-5.6,0,0,0,0
269,6b625ac2,25,2250,25,25,25,0,0,0,29,40,-11,31.4,36.6,-5.2,0,0,0,0
270,6b6c793c,15,920,10,10,7,5,10,1,15,10,5,16.2,12.7,3.5,0,0,0,0
271,6bd603db,0,0,0,0,0,0,2,0,0,0,0,0.0,0.0,0.0,0,0,0,0
272,6c203af0,20,814,9,8,3,12,1,1,15,15,0,11.2,11.1,0.1,0,0,0,0
273,6ca5ec4b,26,2299,25,26,23,0,0,0,19,37,-18,28.0,41.6,-13.6,0,0,0,0
274,6d5701f2,3,234,2,3,1,0,9,0,1,4,-3,2.3,4.1,-1.8,0,0,0,0
275,6dfd8f05,22,1339,14,16,7,6,1,0,9,26,-17,13.7,20.9,-7.2,0,0,0,0
276,6e4cb264,0,0,0,0,0,0,1,0,0,0,0,0.0,0.0,0.0,0,0,0,0
277,6e7f1353,2,11,0,0,0,2,11,3,0,1,-1,0.0,0.4,-0.4,0,0,0,0
278,6f711f67,5,74,0,0,0,5,9,0,0,2,-2,0.2,1.0,-0.8,0,0,0,0
279,6f7d826d,24,1770,19,20,13,4,1,1,26,26,0,23.2,27.2,-4.0,0,0,0,0
280,6fa3c28e,0,0,0,0,0,0,6,0,0,0,0,0.0,0.0,0.0,0,0,0,0
281,6faae64f,0,0,0,0,0,0,1,0,0,0,0,0.0,0.0,0.0,0,0,0,0
282,6fe90922,25,1523,16,17,7,8,1,1,28,24,4,23.5,20.3,3.2,0,0,0,0
283,700783e7,7,463,5,5,5,2,8,2,13,8,5,6.5,9.1,-2.6,0,0,0,0
284,7120a04d,5,360,4,5,0,0,0,1,7,8,-1,6.3,8.2,-1.9,0,0,0,0
285,71ef519e,3,24,0,0,0,3,13,1,0,0,0,0.6,0.7,-0.1,0,0,0,0
286,72c812f3,21,1626,18,20,10,1,0,0,14,27,-13,18.4,28.4,-10.0,0,0,0,0
287,7314bba4,4,6,0,0,0,4,16,1,0,2,-2,0.0,0.6,-0.6,0,0,0,0
288,732327ae,0,0,0,0,0,0,4,0,0,0,0,0.0,0.0,0.0,0,0,0,0
289,73341ace,1,8,0,0,0,1,5,3,1,0,1,0.3,0.0,0.3,0,0,0,0
290,733f1a7d,2,26,0,0,0,2,2,1,0,1,-1,0.1,0.8,-0.6,0,0,0,0
291,74618572,18,1102,12,11,6,7,2,1,26,13,13,23.7,14.2,9.5,0,0,0,0
292,74b2cd7e,10,715,7,8,6,2,13,0,8,10,-2,10.8,9.7,1.1,0,0,0,0
293,758dd7f0,1,11,0,0,0,1,15,3,1,1,0,0.0,0.5,-0.4,0,0,0,0
294,75a72a99,3,99,1,1,1,2,1,1,0,1,-1,1.9,1.5,0.4,0,0,0,0
295,75fdd638,14,979,10,11,6,3,3,0,12,15,-3,12.3,16.2,-3.9,0,0,0,0
296,76eca7e2,2,180,2,2,2,0,23,0,1,4,-3,2.6,3.8,-1.2,0,0,0,0
297,77cf6852,1,1,0,0,0,1,0,1,0,0,0,0.0,0.1,-0.1,0,0,0,0
298,77d7c96f,20,1678,18,19,13,1,0,1,25,19,6,21.4,28.2,-6.7,0,0,0,0
299,77e84962,14,1154,12,14,9,0,0,1,18,22,-4,20.4,19.6,0.8,0,0,0,0
300,79300479,25,2126,23,25,9,0,0,2,55,24,31,46.9,23.9,22.9,0,0,0,0
301,7956236f,23,2014,22,23,22,0,1,1,28,31,-3,27.7,31.3,-3.7,0,0,0,0
302,79c0821a,17,999,11,9,5,8,1,1,8,13,-5,12.1,14.8,-2.8,0,0,0,0
303,79c84d1c,25,2240,24,25,22,0,0,0,22,33,-11,30.3,30.0,0.4,0,0,0,0
304,7a11550b,19,1286,14,13,13,6,3,1,24,12,12,26.4,20.5,5.9,0,0,0,0
305,7a1f2c08,4,49,0,0,0,4,14,1,0,0,0,0.3,0.9,-0.6,0,0,0,0
306,7a2e46a8,25,2250,25,25,25,0,0,1,47,28,19,46.0,33.7,12.4,0,0,0,0
307,7aa8adfe,14,436,4,4,0,10,8,1,11,11,0,10.5,6.0,4.5,0,0,0,0
308,7aee4dd3,0,0,0,0,0,0,1,0,0,0,0,0.0,0.0,0.0,0,0,0,0
309,7b4de647,1,90,1,1,1,0,25,3,1,0,1,0.4,1.0,-0.7,0,0,0,0
310,7b5ab7f2,4,148,1,2,0,2,12,1,5,1,4,2.3,1.0,1.3,0,0,0,0
311,7ba2eaa9,9,644,7,9,2,0,2,1,3,6,-3,6.4,7.0,-0.7,0,0,0,0
312,7ba6d84e,25,2250,25,25,25,0,0,1,41,35,6,39.7,31.4,8.4,0,0,0,0
313,7bf9400b,0,0,0,0,0,0,4,0,0,0,0,0.0,0.0,0.0,0,0,0,0
314,7d6af698,0,0,0,0,0,0,1,0,0,0,0,0.0,0.0,0.0,0,0,0,0
315,7e003182,0,0,0,0,0,0,2,0,0,0,0,0.0,0.0,0.0,0,0,0,0
316,7eda24fe,0,0,0,0,0,0,1,0,0,0,0,0.0,0.0,0.0,0,0,0,0
317,7f3b388c,23,1621,18,18,13,5,0,1,37,17,20,33.2,22.4,10.8,0,0,0,0
318,7f94982c,1,1,0,0,0,1,0,3,0,0,0,0.0,0.0,0.0,0,0,0,0
319,7fcc71d8,24,1384,15,16,8,8,0,0,10,25,-15,16.3,20.0,-3.7,0,0,0,0
320,803ae100,25,2040,22,25,14,0,0,1,32,31,1,27.9,38.3,-10.4,0,0,0,0
321,8074e66f,0,0,0,0,0,0,1,0,0,0,0,0.0,0.0,0.0,0,0,0,0
322,810e3c74,15,875,9,11,2,4,5,0,8,15,-7,10.3,14.0,-3.7,0,0,0,0
323,819aa8e7,8,382,4,3,1,5,10,0,4,5,-1,5.7,5.6,0.2,0,0,0,0
324,819b3158,23,1666,18,19,12,4,3,2,51,15,36,43.8,14.0,29.8,0,0,0,0
325,82518f62,18,1487,16,18,10,0,0,2,28,9,19,25.4,13.9,11.5,0,0,0,0
326,828657ff,24,1896,21,22,14,2,0,0,17,30,-13,24.3,34.7,-10.5,0,0,0,0
327,82927de4,21,1023,11,11,1,10,4,0,11,17,-6,13.7,14.4,-0.7,0,0,0,0
328,8397a50c,22,1980,22,22,22,0,1,1,30,32,-2,28.7,32.8,-4.1,0,0,0,0
329,839c14e1,4,38,0,0,0,4,12,4,2,1,1,0.8,0.4,0.3,0,0,0,0
330,83d074ff,20,1727,19,19,17,1,0,1,33,24,9,33.5,20.5,13.0,0,0,0,0
331,8449d35e,24,1449,16,15,8,9,0,1,24,23,1,23.0,20.3,2.6,0,0,0,0
332,84c5ceea,0,0,0,0,0,0,2,0,0,0,0,0.0,0.0,0.0,0,0,0,0
333,85322440,1,7,0,0,0,1,1,3,0,0,0,0.0,0.2,-0.2,0,0,0,0
334,862a1c15,24,1955,21,24,5,0,0,1,31,15,16,33.0,20.7,12.3,0,0,0,0
335,86695068,15,514,5,5,0,10,7,1,8,7,1,6.0,9.3,-3.4,0,0,0,0
336,86dd77d1,16,1164,12,14,10,2,4,2,34,13,21,27.5,10.4,17.1,0,0,0,0
337,86e7deaf,21,1812,20,20,19,1,1,1,20,22,-2,23.7,25.9,-2.2,0,0,0,0
338,8790f988,16,926,10,11,3,5,3,0,9,12,-3,13.4,11.4,2.0,0,0,0,0
339,87966294,1,9,0,0,0,1,0,0,0,1,-1,0.0,0.3,-0.3,0,0,0,0
340,87f12e30,0,0,0,0,0,0,2,0,0,0,0,0.0,0.0,0.0,0,0,0,0
341,886f9aac,8,207,2,1,0,7,2,1,5,3,2,2.7,3.6,-1.0,0,0,0,0
342,892d5bb1,19,1061,11,12,4,7,7,2,30,16,14,26.0,8.9,17.1,0,0,0,0
343,89ac64a6,19,1541,17,16,15,3,1,2,41,17,24,33.8,14.6,19.3,0,0,0,0
344,8a3c1dc7,23,2050,22,23,20,0,0,1,37,32,5,32.7,29.3,3.5,0,0,0,0
345,8a7ff278,16,1295,14,14,13,2,6,1,15,20,-5,13.7,20.5,-6.8,0,0,0,0
346,8aafd64f,5,386,4,5,2,0,0,0,3,5,-2,6.4,3.6,2.8,0,0,0,0
347,8aec0537,23,2001,22,23,17,0,0,1,42,29,13,38.4,26.6,11.8,0,0,0,0
348,8b04d6c1,25,2231,24,25,23,0,0,1,45,34,11,35.0,28.2,6.9,0,0,0,0
349,8b529245,18,562,6,5,3,13,3,1,10,11,-1,6.2,12.1,-5.9,0,0,0,0
350,8b57ad2c,3,69,0,0,0,3,2,1,2,2,0,0.7,1.9,-1.2,0,0,0,0
351,8b788c01,9,458,5,6,0,3,0,2,10,5,5,10.1,4.1,6.0,0,0,0,0
352,8b9ebd03,19,1459,16,17,4,2,0,1,24,12,12,21.5,23.1,-1.6,0,0,0,0
353,8c3078cd,3,13,0,0,0,3,15,2,0,1,-1,0.3,1.2,-0.8,0,0,0,0
354,8c45f10e,0,0,0,0,0,0,6,0,0,0,0,0.0,0.0,0.0,0,0,0,0
355,8d3c902d,12,704,7,9,1,3,1,0,6,20,-14,7.1,13.1,-5.9,0,0,0,0
356,8df7a2fb,23,2018,22,23,21,0,1,1,38,26,12,32.9,27.0,5.9,0,0,0,0
357,8e16dd48,12,537,6,8,0,4,0,0,4,10,-6,7.7,5.6,2.1,0,0,0,0
358,8e633970,0,0,0,0,0,0,2,0,0,0,0,0.0,0.0,0.0,0,0,0,0
359,8e92be30,8,466,5,5,2,3,0,0,4,6,-2,9.7,6.2,3.5,0,0,0,0
360,8f534f8e,0,0,0,0,0,0,2,0,0,0,0,0.0,0.0,0.0,0,0,0,0
361,8f62b6ee,21,1890,21,21,21,0,1,1,39,29,10,30.9,24.8,6.0,0,0,0,0
362,903b6e8b,26,2340,26,26,26,0,0,1,19,35,-16,24.9,37.1,-12.2,0,0,0,0
363,907a5d7c,0,0,0,0,0,0,3,0,0,0,0,0.0,0.0,0.0,0,0,0,0
364,90f91999,21,1524,16,17,10,4,1,1,16,23,-7,19.3,22.8,-3.5,0,0,0,0
365,91c75917,0,0,0,0,0,0,4,0,0,0,0,0.0,0.0,0.0,0,0,0,0
366,9228b07c,15,466,5,4,1,11,10,1,2,8,-6,5.4,10.2,-4.8,0,0,0,0
367,92868cb5,1,4,0,0,0,1,0,0,0,0,0,0.1,0.0,0.1,0,0,0,0
368,92e7e919,24,1853,20,21,13,3,0,1,34,29,5,29.8,24.3,5.5,0,0,0,0
369,9319781b,13,744,8,8,7,5,7,1,7,9,-2,11.8,10.8,1.0,0,0,0,0
370,9328b835,24,2031,22,24,21,0,0,0,19,27,-8,28.1,24.0,4.2,0,0,0,0
371,935e6b8f,22,1235,13,14,5,8,0,1,29,16,13,25.8,18.7,7.1,0,0,0,0
372,93feac6e,17,825,9,9,1,8,0,0,10,12,-2,11.4,11.9,-0.6,0,0,0,0
373,94f8d10c,10,716,8,7,5,3,5,0,7,11,-4,7.8,10.6,-2.8,0,0,0,0
374,9610c9c1,0,0,0,0,0,0,2,0,0,0,0,0.0,0.0,0.0,0,0,0,0
375,963a9201,11,497,5,4,2,7,4,1,3,11,-8,4.8,9.8,-5.0,0,0,0,0
376,966e28d0,11,337,3,4,0,7,11,1,10,3,7,7.1,4.8,2.3,0,0,0,0
377,9674002f,23,1631,18,20,7,3,0,1,18,21,-3,22.3,23.3,-1.0,0,0,0,0
378,97220da2,12,294,3,2,0,10,1,1,5,5,0,2.8,4.4,-1.6,0,0,0,0
379,972aeb2a,26,2325,25,26,25,0,0,2,58,25,33,49.9,25.3,24.6,0,0,0,0
380,97333cf5,21,898,10,9,0,12,1,0,6,20,-14,11.0,15.0,-4.0,0,0,0,0
381,9744ff80,7,470,5,6,2,1,0,1,5,5,0,5.2,7.3,-2.1,0,0,0,0
382,980522ec,19,1489,16,18,7,1,0,2,24,23,1,23.2,19.5,3.7,0,0,0,0
383,984a5a64,18,1512,16,17,14,1,1,0,15,27,-12,15.9,23.3,-7.4,0,0,0,0
384,98d2c2c4,21,1711,19,19,15,2,2,1,13,34,-21,19.6,30.8,-11.2,0,0,0,0
385,98ea5115,24,2160,24,24,24,0,0,1,40,32,8,34.6,30.3,4.3,0,0,0,0
386,99127249,13,998,11,12,4,1,0,1,19,19,0,15.7,14.2,1.5,0,0,0,0
387,99813635,16,722,8,12,0,4,0,1,16,10,6,12.0,10.7,1.3,0,0,0,0
388,999ceb5f,8,384,4,4,2,4,1,0,4,7,-3,3.0,6.3,-3.3,0,0,0,0
389,9a28eba4,23,1097,12,8,2,15,1,1,8,20,-12,12.5,20.7,-8.2,0,0,0,0
390,9b398aea,19,1009,11,9,4,10,6,1,7,15,-8,10.6,17.1,-6.5,0,0,0,0
391,9b5ce51a,24,2108,23,24,22,0,0,0,21,47,-26,18.9,39.2,-20.3,0,0,0,0
392,9b6f7fd5,17,1240,13,16,3,1,0,1,16,19,-3,17.6,16.1,1.5,0,0,0,0
393,9bbef03e,0,0,0,0,0,0,6,0,0,0,0,0.0,0.0,0.0,0,0,0,0
394,9bc9a519,4,7,0,0,0,4,8,1,0,0,0,0.3,0.5,-0.2,0,0,0,0
395,9c221d14,19,1710,19,19,19,0,0,1,28,27,1,24.1,30.8,-6.7,0,0,0,0
396,9c94165b,21,1751,19,20,16,1,3,1,34,29,5,32.0,23.7,8.3,0,0,0,0
397,9cfbad36,6,139,1,0,0,6,10,2,4,3,1,1.8,3.1,-1.2,0,0,0,0
398,9d8cf204,1,8,0,0,0,1,1,1,1,0,1,0.1,0.1,0.0,0,0,0,0
399,9e525177,10,649,7,7,5,3,4,2,15,6,9,13.4,7.8,5.6,0,0,0,0
400,9e5708be,0,0,0,0,0,0,20,0,0,0,0,0.0,0.0,0.0,0,0,0,0
401,9f1938ab,5,159,1,2,0,3,2,1,1,3,-2,1.7,5.0,-3.3,0,0,0,0
402,9f684e25,0,0,0,0,0,0,2,0,0,0,0,0.0,0.0,0.0,0,0,0,0
403,9f7c837d,6,331,3,4,2,2,5,0,4,8,-4,4.4,5.6,-1.2,0,0,0,0
404,9f8e9423,18,1389,15,16,12,2,4,1,21,20,1,22.5,18.9,3.5,0,0,0,0
405,9fec8860,3,77,0,1,0,2,9,1,1,0,1,2.5,0.8,1.6,0,0,0,0
406,a0666d3e,17,392,4,3,0,14,5,0,0,6,-6,3.5,8.9,-5.4,0,0,0,0
407,a105d46a,12,639,7,6,5,6,5,0,4,11,-7,6.8,12.6,-5.9,0,0,0,0
408,a179d516,0,0,0,0,0,0,10,0,0,0,0,0.0,0.0,0.0,0,0,0,0
409,a182122b,0,0,0,0,0,0,2,0,0,0,0,0.0,0.0,0.0,0,0,0,0
410,a190d597,14,711,7,9,1,5,1,1,8,10,-2,8.0,10.6,-2.7,0,0,0,0
411,a1d5bd30,25,2036,22,23,13,2,0,1,37,31,6,34.8,27.7,7.1,0,0,0,0
412,a2081c6b,1,23,0,0,0,1,5,0,0,1,-1,0.0,0.8,-0.8,0,0,0,0
413,a2b105e0,24,1837,20,20,18,4,0,1,29,12,17,32.3,20.0,12.3,0,0,0,0
414,a39d11bc,16,1296,14,16,12,0,2,0,12,23,-11,14.2,21.0,-6.8,0,0,0,0
415,a3b03921,23,1627,18,20,5,3,0,1,30,13,17,29.0,17.2,11.8,0,0,0,0
416,a3d94a58,17,1464,16,16,14,1,0,1,27,18,9,21.7,17.4,4.3,0,0,0,0
417,a42f6058,0,0,0,0,0,0,1,0,0,0,0,0.0,0.0,0.0,0,0,0,0
418,a48635b8,0,0,0,0,0,0,6,0,0,0,0,0.0,0.0,0.0,0,0,0,0
419,a4ac4b8f,8,592,6,8,5,0,11,1,5,8,-3,6.5,7.7,-1.2,0,0,0,0
420,a5212312,20,1521,16,15,15,5,5,1,14,29,-15,19.0,29.2,-10.2,0,0,0,0
421,a53649b7,23,1001,11,9,8,14,2,2,23,13,10,23.0,12.7,10.3,0,0,0,0
422,a572e291,15,712,7,10,0,5,5,1,6,7,-1,9.8,11.5,-1.7,0,0,0,0
423,a5ca9127,1,1,0,0,0,1,10,0,0,0,0,0.0,0.0,0.0,0,0,0,0
424,a62f8bf1,5,334,3,4,1,1,0,1,3,3,0,3.7,3.7,0.0,0,0,0,0
425,a6b461e7,7,286,3,3,1,4,7,1,1,10,-9,1.3,5.8,-4.6,0,0,0,0
426,a6c58494,4,43,0,0,0,4,1,0,0,1,-1,0.4,0.6,-0.1,0,0,0,0
427,a6de6361,0,0,0,0,0,0,22,0,0,0,0,0.0,0.0,0.0,0,0,0,0
428,a70182a5,0,0,0,0,0,0,1,0,0,0,0,0.0,0.0,0.0,0,0,0,0
429,a712ca2b,18,1416,15,15,14,3,7,1,22,17,5,20.8,23.3,-2.5,0,0,0,0
430,a71ebcc8,0,0,0,0,0,0,2,0,0,0,0,0.0,0.0,0.0,0,0,0,0
431,a755db8c,0,0,0,0,0,0,2,0,0,0,0,0.0,0.0,0.0,0,0,0,0
432,a78ff07f,24,2135,23,24,21,0,0,1,34,27,7,29.6,37.0,-7.4,0,0,0,0
433,a79abd8b,0,0,0,0,0,0,1,0,0,0,0,0.0,0.0,0.0,0,0,0,0
434,a816dbfb,3,148,1,2,0,1,1,1,2,1,1,1.6,2.4,-0.8,0,0,0,0
435,a8748947,22,471,5,1,0,21,0,1,9,6,3,9.0,9.7,-0.8,0,0,0,0
436,a89e7b29,0,0,0,0,0,0,20,0,0,0,0,0.0,0.0,0.0,0,0,0,0
437,a8c0acb7,9,763,8,9,6,0,5,1,7,14,-7,9.4,11.1,-1.6,0,0,0,0
438,a8c19eb8,18,1517,16,17,16,1,5,0,12,24,-12,16.1,24.8,-8.6,0,0,0,0
439,a9dc785c,15,1305,14,15,14,0,3,1,14,20,-6,13.7,23.9,-10.1,0,0,0,0
440,aa81d8f8,0,0,0,0,0,0,1,0,0,0,0,0.0,0.0,0.0,0,0,0,0
441,aa849a12,23,1654,18,21,6,2,1,0,18,22,-4,22.3,24.0,-1.7,0,0,0,0
442,aa8e289e,0,0,0,0,0,0,1,0,0,0,0,0.0,0.0,0.0,0,0,0,0
443,ab13a5aa,25,2250,25,25,25,0,0,1,21,32,-11,22.6,34.9,-12.3,0,0,0,0
444,ab18d1b0,0,0,0,0,0,0,1,0,0,0,0,0.0,0.0,0.0,0,0,0,0
445,ab651565,1,1,0,0,0,1,0,0,0,0,0,0.0,0.0,0.0,0,0,0,0
446,ab77d10d,0,0,0,0,0,0,1,0,0,0,0,0.0,0.0,0.0,0,0,0,0
447,ac05f970,23,1129,12,12,2,11,0,1,11,15,-4,15.8,15.4,0.4,0,0,0,0
448,ac0d576d,8,173,1,1,0,7,10,2,9,2,7,3.9,2.4,1.4,0,0,0,0
449,ac7e7b1c,1,32,0,0,0,1,11,1,2,0,2,0.9,0.1,0.8,0,0,0,0
450,ac861941,24,2095,23,23,22,1,2,1,45,31,14,34.0,27.7,6.3,0,0,0,0
451,ad1f61f3,0,0,0,0,0,0,5,0,0,0,0,0.0,0.0,0.0,0,0,0,0
452,ae4fc6a4,25,1671,18,20,5,5,0,1,20,24,-4,16.9,22.3,-5.4,0,0,0,0
453,ae59b359,16,882,9,12,2,4,1,1,11,15,-4,10.0,18.9,-9.0,0,0,0,0
454,aed3a70f,24,1969,21,23,17,1,0,1,27,33,-6,25.2,32.6,-7.4,0,0,0,0
455,af102dc3,0,0,0,0,0,0,1,0,0,0,0,0.0,0.0,0.0,0,0,0,0
456,b017b770,15,269,3,1,0,14,9,1,5,2,3,5.3,4.0,1.3,0,0,0,0
457,b0b4fd3e,20,1435,15,16,7,4,3,2,43,12,31,34.2,11.4,22.8,0,0,0,0
458,b217ef29,11,822,9,9,7,2,5,1,15,15,0,16.1,11.6,4.4,0,0,0,0
459,b2626673,3,87,1,1,0,2,2,1,2,2,0,2.2,1.8,0.4,0,0,0,0
460,b2856bc0,2,12,0,0,0,2,8,0,0,0,0,0.1,0.7,-0.7,0,0,0,0
461,b2bc3b1f,20,1751,19,20,17,0,0,1,16,24,-8,18.1,25.5,-7.3,0,0,0,0
462,b2c66859,0,0,0,0,0,0,3,0,0,0,0,0.0,0.0,0.0,0,0,0,0
463,b2d31e83,24,2030,22,23,18,1,0,1,34,16,18,34.7,21.9,12.8,0,0,0,0
464,b2f9c73e,9,218,2,1,0,8,6,1,2,2,0,2.6,3.8,-1.2,0,0,0,0
465,b318a643,7,109,1,1,0,6,3,1,1,2,-1,1.8,2.8,-1.0,0,0,0,0
466,b391383a,0,0,0,0,0,0,3,0,0,0,0,0.0,0.0,0.0,0,0,0,0
467,b3af9be1,20,652,7,6,3,14,2,2,17,11,6,14.1,8.8,5.3,0,0,0,0
468,b400bde0,19,1338,14,16,5,3,1,1,17,16,1,17.9,17.5,0.4,0,0,0,0
469,b4a014b1,2,179,2,2,1,0,0,1,2,3,-1,2.9,1.9,1.0,0,0,0,0
470,b561db50,11,563,6,5,2,6,3,1,4,6,-2,6.3,9.3,-3.1,0,0,0,0
471,b57e066e,10,543,6,6,2,4,15,2,14,5,9,13.5,4.1,9.5,0,0,0,0
472,b5bf1770,14,698,7,7,6,7,7,1,5,11,-6,8.1,9.1,-1.0,0,0,0,0
473,b66315ae,14,1219,13,14,7,0,0,2,32,11,21,25.3,11.4,14.0,0,0,0,0
474,b827d5b3,6,237,2,1,0,5,13,1,4,3,1,4.9,4.3,0.6,0,0,0,0
475,b853e0ad,22,968,10,10,6,12,3,1,19,18,1,18.6,16.3,2.3,0,0,0,0
476,b937e490,2,26,0,0,0,2,19,0,0,0,0,0.1,0.3,-0.3,0,0,0,0
477,b9403c99,1,33,0,0,0,1,2,0,1,0,1,1.0,0.4,0.6,0,0,0,0
478,b9fbae28,2,174,1,2,1,0,0,2,3,1,2,3.0,1.3,1.8,0,0,0,0
479,bac46a10,23,1763,19,20,17,3,0,1,32,32,0,30.3,26.5,3.9,0,0,0,0
480,bb5fbd2b,23,1971,21,23,13,0,0,1,40,28,12,37.9,25.4,12.6,0,0,0,0
481,bba30585,8,649,7,7,7,1,11,1,11,12,-1,10.9,10.4,0.5,0,0,0,0
482,bc67a0e1,0,0,0,0,0,0,1,0,0,0,0,0.0,0.0,0.0,0,0,0,0
483,bc7dc64d,26,2242,24,26,17,0,0,2,55,25,30,47.7,24.1,23.7,0,0,0,0
484,bca5c4a7,0,0,0,0,0,0,3,0,0,0,0,0.0,0.0,0.0,0,0,0,0
485,bd6351cd,17,1274,14,16,10,1,3,2,36,15,21,24.8,11.3,13.4,0,0,0,0
486,bd8a5d95,5,169,1,1,0,4,9,1,1,5,-4,2.0,4.2,-2.2,0,0,0,0
487,bd9553e6,1,23,0,0,0,1,4,0,0,0,0,0.1,0.6,-0.5,0,0,0,0
488,be18d79f,0,0,0,0,0,0,2,0,0,0,0,0.0,0.0,0.0,0,0,0,0
489,be927d03,18,1267,14,14,11,4,7,1,16,22,-6,16.9,22.7,-5.8,0,0,0,0
490,beb391dd,5,91,1,1,0,4,2,0,1,1,0,1.6,0.5,1.1,0,0,0,0
491,bf34eebd,4,182,2,2,0,2,1,1,1,2,-1,2.1,2.6,-0.5,0,0,0,0
492,bf713136,0,0,0,0,0,0,2,0,0,0,0,0.0,0.0,0.0,0,0,0,0
493,bfc3b3a0,15,1040,11,13,6,2,6,1,10,19,-9,11.4,15.9,-4.5,0,0,0,0
494,c067631c,11,522,5,5,1,6,2,0,11,11,0,6.7,9.9,-3.2,0,0,0,0
495,c06d1086,4,238,2,3,0,1,1,0,2,2,0,2.0,2.2,-0.2,0,0,0,0
496,c07b7c5c,2,169,1,2,1,0,0,0,1,4,-3,1.5,2.7,-1.3,0,0,0,0
497,c0a454d5,0,0,0,0,0,0,6,0,0,0,0,0.0,0.0,0.0,0,0,0,0
498,c1242d4e,0,0,0,0,0,0,26,0,0,0,0,0.0,0.0,0.0,0,0,0,0
499,c1426015,0,0,0,0,0,0,1,0,0,0,0,0.0,0.0,0.0,0,0,0,0
500,c17bfb65,22,1850,20,21,19,1,1,1,24,14,10,31.3,20.0,11.3,0,0,0,0
501,c19a2df1,0,0,0,0,0,0,8,0,0,0,0,0.0,0.0,0.0,0,0,0,0
502,c1fe2a48,19,1413,15,16,12,3,0,1,13,28,-15,17.0,22.8,-5.7,0,0,0,0
503,c2731c10,22,871,9,10,4,12,2,1,6,7,-1,10.6,10.8,-0.2,0,0,0,0
504,c3e39f12,5,450,5,5,5,0,21,1,7,7,0,5.8,4.8,1.0,0,0,0,0
505,c40b6180,18,1410,15,16,14,2,1,1,27,18,9,28.2,16.0,12.1,0,0,0,0
506,c4486bac,24,1610,17,18,7,6,0,1,16,21,-5,15.9,23.7,-7.8,0,0,0,0
507,c4720845,1,12,0,0,0,1,5,3,0,1,-1,0.1,0.8,-0.7,0,0,0,0
508,c47541e0,0,0,0,0,0,0,3,0,0,0,0,0.0,0.0,0.0,0,0,0,0
509,c4e87b8b,7,511,5,7,3,0,0,1,9,8,1,10.2,9.4,0.8,0,0,0,0
510,c596fcb0,18,1216,13,15,1,3,0,1,23,7,16,21.1,13.0,8.1,0,0,0,0
511,c5b7c315,3,203,2,2,2,1,17,0,2,7,-5,3.2,4.6,-1.4,0,0,0,0
512,c5bdb6e3,3,87,1,0,0,3,8,3,6,0,6,2.4,0.4,2.0,0,0,0,0
513,c6220452,1,11,0,0,0,1,6,3,0,0,0,0.5,0.2,0.2,0,0,0,0
514,c64c01fc,6,181,2,1,0,5,1,0,1,4,-3,1.7,3.3,-1.6,0,0,0,0
515,c6dc9ecd,17,438,4,4,0,13,1,1,5,5,0,5.6,7.8,-2.2,0,0,0,0
516,c6e8cf1f,3,120,1,1,0,2,1,1,2,2,0,1.3,2.2,-0.9,0,0,0,0
517,c81d773d,14,1095,12,12,12,2,12,1,20,22,-2,14.0,24.2,-10.3,0,0,0,0
518,c8387671,25,1383,15,15,4,10,0,1,29,14,15,27.9,20.5,7.3,0,0,0,0
519,c8aa95da,22,1963,21,22,19,0,1,1,34,12,22,35.9,20.3,15.6,0,0,0,0
520,c9093a1a,0,0,0,0,0,0,2,0,0,0,0,0.0,0.0,0.0,0,0,0,0
521,c91441dc,25,2250,25,25,25,0,0,0,20,41,-21,24.0,33.4,-9.3,0,0,0,0
522,c92e1a31,19,668,7,6,1,13,6,0,10,18,-8,12.0,15.6,-3.6,0,0,0,0
523,c931d9f9,16,558,6,5,0,11,8,2,11,15,-4,8.8,14.5,-5.7,0,0,0,0
524,ca45605e,18,720,8,9,1,9,6,1,12,17,-5,10.1,13.1,-3.0,0,0,0,0
525,cc3b8e78,0,0,0,0,0,0,3,0,0,0,0,0.0,0.0,0.0,0,0,0,0
526,cc700722,0,0,0,0,0,0,5,0,0,0,0,0.0,0.0,0.0,0,0,0,0
527,cc70a1d5,0,0,0,0,0,0,2,0,0,0,0,0.0,0.0,0.0,0,0,0,0
528,cc77354e,19,1524,16,18,12,1,0,1,23,27,-4,19.1,28.6,-9.6,0,0,0,0
529,ccce7025,22,1867,20,21,19,1,2,1,31,14,17,32.3,21.3,11.0,0,0,0,0
530,cd1acf9d,25,1869,20,22,12,3,0,1,42,25,17,38.9,27.6,11.3,0,0,0,0
531,cd4b2c5f,0,0,0,0,0,0,1,0,0,0,0,0.0,0.0,0.0,0,0,0,0
532,cda0b317,0,0,0,0,0,0,14,0,0,0,0,0.0,0.0,0.0,0,0,0,0
533,cde3309f,0,0,0,0,0,0,7,0,0,0,0,0.0,0.0,0.0,0,0,0,0
534,ce4246f5,16,1296,14,15,14,1,1,1,13,17,-4,17.8,15.5,2.3,0,0,0,0
535,ce4f40c7,23,1888,21,23,12,0,0,1,17,27,-10,18.5,29.6,-11.1,0,0,0,0
536,ce5143da,17,1157,12,13,7,4,0,1,19,16,3,20.8,14.3,6.5,0,0,0,0
537,cea4ee8f,2,40,0,0,0,2,1,0,1,1,0,1.0,1.7,-0.7,0,0,0,0
538,cee31595,1,10,0,0,0,1,3,0,0,0,0,0.1,0.1,0.0,0,0,0,0
539,cf7fb13a,5,152,1,2,0,3,4,0,1,2,-1,1.4,2.5,-1.1,0,0,0,0
540,cfa9f361,0,0,0,0,0,0,2,0,0,0,0,0.0,0.0,0.0,0,0,0,0
541,cfca9c4e,0,0,0,0,0,0,2,0,0,0,0,0.0,0.0,0.0,0,0,0,0
542,d0042ab9,5,365,4,3,2,2,13,0,3,6,-3,5.1,7.8,-2.7,0,0,0,0
543,d00d45ab,1,1,0,0,0,1,3,1,0,0,0,0.0,0.0,0.0,0,0,0,0
544,d04b94db,24,1632,18,19,13,5,1,1,15,23,-8,15.4,28.4,-13.0,0,0,0,0
545,d0706b27,24,2160,24,24,24,0,0,1,21,29,-8,22.2,32.4,-10.2,0,0,0,0
546,d0f72bf1,26,2340,26,26,26,0,0,1,19,35,-16,24.9,37.1,-12.2,0,0,0,0
547,d102b8a2,0,0,0,0,0,0,5,0,0,0,0,0.0,0.0,0.0,0,0,0,0
548,d2424d1b,14,713,7,7,5,7,2,1,9,6,3,9.0,7.4,1.6,0,0,0,0
549,d2b32e91,0,0,0,0,0,0,4,0,0,0,0,0.0,0.0,0.0,0,0,0,0
550,d328a254,24,1793,19,22,7,2,0,0,22,38,-16,16.4,31.0,-14.6,0,0,0,0
551,d38fdf53,20,1397,15,17,8,3,1,1,32,22,10,27.4,19.7,7.7,0,0,0,0
552,d3ce0e89,25,2250,25,25,25,0,0,0,36,43,-7,30.2,41.1,-11.0,0,0,0,0
553,d5094280,0,0,0,0,0,0,1,0,0,0,0,0.0,0.0,0.0,0,0,0,0
554,d524dcd7,0,0,0,0,0,0,2,0,0,0,0,0.0,0.0,0.0,0,0,0,0
555,d557d734,12,667,7,7,2,5,9,1,12,9,3,9.0,8.6,0.4,0,0,0,0
556,d56543a0,8,313,3,3,0,5,8,1,3,3,0,5.8,3.3,2.5,0,0,0,0
557,d5dd5f1f,12,441,4,4,0,8,4,1,3,4,-1,4.5,7.2,-2.6,0,0,0,0
558,d720e834,0,0,0,0,0,0,1,0,0,0,0,0.0,0.0,0.0,0,0,0,0
559,d79a8c87,7,20,0,0,0,7,19,3,1,0,1,1.1,0.3,0.8,0,0,0,0
560,d7e24aa1,0,0,0,0,0,0,5,0,0,0,0,0.0,0.0,0.0,0,0,0,0
561,d8931174,10,481,5,5,5,5,9,2,8,6,2,7.6,7.2,0.4,0,0,0,0
562,d8edc4be,0,0,0,0,0,0,1,0,0,0,0,0.0,0.0,0.0,0,0,0,0
563,d93c2511,17,818,9,7,5,10,2,1,14,18,-4,12.1,16.5,-4.4,0,0,0,0
564,d9565625,18,1520,16,17,14,1,1,1,24,28,-4,24.4,22.2,2.2,0,0,0,0
565,da011f18,5,304,3,4,0,1,4,0,2,3,-1,4.2,3.9,0.3,0,0,0,0
566,da052c14,25,1751,19,21,11,4,0,1,14,28,-14,15.8,28.8,-13.1,0,0,0,0
567,da27e268,21,1466,16,19,4,2,1,1,20,30,-10,19.5,25.3,-5.8,0,0,0,0
568,da7b447d,13,573,6,6,3,7,13,1,12,9,3,9.8,7.4,2.5,0,0,0,0
569,da974c7b,17,1340,14,15,12,2,4,1,15,16,-1,17.4,17.1,0.3,0,0,0,0
570,dad4b285,21,1538,17,16,11,5,1,1,30,18,12,30.7,17.3,13.5,0,0,0,0
571,dbf053da,13,851,9,11,1,2,4,1,14,12,2,14.1,12.5,1.5,0,0,0,0
572,dc3e663e,0,0,0,0,0,0,7,0,0,0,0,0.0,0.0,0.0,0,0,0,0
573,dc62b55d,8,402,4,5,0,3,0,1,5,5,0,4.6,7.2,-2.6,0,0,0,0
574,dc64b8b3,13,1106,12,12,11,1,2,0,15,22,-7,16.3,19.6,-3.3,0,0,0,0
575,dc6f5bdd,6,231,2,2,2,4,18,2,1,4,-3,1.3,4.5,-3.3,0,0,0,0
576,dc7f8a28,9,119,1,0,0,9,13,3,2,2,0,2.3,2.4,-0.1,0,0,0,0
577,dd323728,23,1338,14,14,10,9,2,1,12,29,-17,15.7,25.8,-10.0,0,0,0,0
578,dd549382,11,249,2,2,0,9,10,1,2,1,1,6.2,1.2,5.0,0,0,0,0
579,dd897ee7,0,0,0,0,0,0,1,0,0,0,0,0.0,0.0,0.0,0,0,0,0
580,de112b84,24,598,6,5,1,19,0,1,13,3,10,11.1,6.8,4.3,0,0,0,0
581,de31038e,11,143,1,1,0,10,9,1,3,5,-2,3.1,3.3,-0.2,0,0,0,0
582,de40e38c,2,17,0,0,0,2,8,0,0,1,-1,0.3,0.5,-0.3,0,0,0,0
583,de5b5570,0,0,0,0,0,0,9,0,0,0,0,0.0,0.0,0.0,0,0,0,0
584,dea698d9,10,525,5,4,3,6,2,1,6,8,-2,6.0,5.8,0.2,0,0,0,0
585,df04eb4b,18,943,10,8,5,10,5,0,14,22,-8,13.5,15.7,-2.2,0,0,0,0
586,df0a4c90,14,1131,12,13,8,1,0,1,24,13,11,19.6,14.8,4.7,0,0,0,0
587,df10e27c,7,163,1,2,1,5,10,1,4,4,0,3.3,3.4,-0.2,0,0,0,0
588,df3cda47,18,1375,15,16,3,2,0,1,28,21,7,20.2,17.9,2.3,0,0,0,0
589,df8b52a5,21,1386,15,16,9,5,2,1,27,20,7,22.1,16.8,5.3,0,0,0,0
590,e06683ca,21,1845,20,21,20,0,1,1,44,21,23,38.9,27.4,11.5,0,0,0,0
591,e09d77a2,0,0,0,0,0,0,1,0,0,0,0,0.0,0.0,0.0,0,0,0,0
592,e09f279b,22,1969,21,22,19,0,0,1,35,29,6,31.2,26.8,4.4,0,0,0,0
593,e0bc6fdc,13,717,8,9,4,4,9,1,6,13,-7,8.6,10.3,-1.7,0,0,0,0
594,e0d1510a,1,69,0,1,0,0,5,0,1,3,-2,0.5,1.3,-0.8,0,0,0,0
595,e0eea46f,0,0,0,0,0,0,1,0,0,0,0,0.0,0.0,0.0,0,0,0,0
596,e20a28ce,0,0,0,0,0,0,1,0,0,0,0,0.0,0.0,0.0,0,0,0,0
597,e280527c,5,275,3,3,1,2,0,2,7,4,3,6.4,4.3,2.1,0,0,0,0
598,e28868f3,16,1110,12,12,9,4,8,1,6,16,-10,13.1,14.5,-1.3,0,0,0,0
599,e342ad68,25,2225,24,25,21,0,0,1,47,27,20,45.2,32.6,12.5,0,0,0,0
600,e34fc66d,20,1747,19,20,19,0,0,1,17,25,-8,18.6,24.7,-6.2,0,0,0,0
601,e3a5814e,14,903,10,9,4,5,4,0,9,13,-4,11.2,11.1,0.1,0,0,0,0
602,e4238fb1,20,859,9,7,3,13,5,0,5,23,-18,7.8,18.0,-10.2,0,0,0,0
603,e4588897,0,0,0,0,0,0,1,0,0,0,0,0.0,0.0,0.0,0,0,0,0
604,e46012d4,24,1926,21,22,13,2,2,2,52,19,33,44.9,16.0,28.9,0,0,0,0
605,e514ab62,11,430,4,4,3,7,4,1,6,4,2,8.0,4.3,3.7,0,0,0,0
606,e541326e,16,1440,16,16,16,0,0,1,25,20,5,23.2,20.7,2.5,0,0,0,0
607,e5478b87,16,730,8,9,0,7,2,0,6,18,-12,10.1,12.7,-2.5,0,0,0,0
608,e5a76dfe,18,1620,18,18,18,0,0,1,15,31,-16,20.5,26.6,-6.1,0,0,0,0
609,e61b8aee,26,2114,23,25,18,1,0,2,51,23,28,42.3,22.6,19.7,0,0,0,0
610,e6af02e0,23,1672,18,21,10,2,0,1,11,22,-11,17.7,25.2,-7.5,0,0,0,0
611,e6bc67d7,13,707,7,8,1,5,4,0,4,12,-8,5.7,11.7,-6.0,0,0,0,0
612,e77dc3b2,20,1701,18,19,12,1,0,1,23,32,-9,17.3,30.4,-13.2,0,0,0,0
613,e7ca0439,4,247,2,2,1,2,10,0,1,4,-3,1.8,4.9,-3.1,0,0,0,0
614,e7ee38c3,3,236,2,2,2,1,19,1,3,7,-4,2.5,6.2,-3.7,0,0,0,0
615,e8271ad9,19,1454,16,17,12,2,5,0,14,31,-17,14.0,27.1,-13.2,0,0,0,0
616,e82900ef,2,61,0,1,0,1,4,0,0,1,-1,0.7,0.6,0.1,0,0,0,0
617,e97fd090,17,1176,13,15,6,2,2,1,14,16,-2,14.3,18.1,-3.8,0,0,0,0
618,e98211e7,0,0,0,0,0,0,2,0,0,0,0,0.0,0.0,0.0,0,0,0,0
619,e9971f2d,2,141,1,2,0,0,18,0,2,5,-3,1.3,3.2,-1.8,0,0,0,0
620,ea0271ee,0,0,0,0,0,0,3,0,0,0,0,0.0,0.0,0.0,0,0,0,0
621,ea6bc03a,24,2112,23,24,22,0,0,0,29,39,-10,29.4,35.9,-6.5,0,0,0,0
622,eaeca114,20,1423,15,16,14,4,3,2,40,13,27,32.7,14.4,18.3,0,0,0,0
623,eafaafa5,0,0,0,0,0,0,1,0,0,0,0,0.0,0.0,0.0,0,0,0,0
624,eb1600f9,0,0,0,0,0,0,1,0,0,0,0,0.0,0.0,0.0,0,0,0,0
625,ecad9aa5,16,1159,12,14,6,2,0,1,13,23,-10,12.8,18.0,-5.3,0,0,0,0
626,ecada4fc,5,450,5,5,5,0,0,1,4,9,-5,3.3,9.3,-6.0,0,0,0,0
627,ed1e53f3,23,1349,15,16,7,7,1,2,40,13,27,30.4,11.8,18.6,0,0,0,0
628,ed46ab76,0,0,0,0,0,0,1,0,0,0,0,0.0,0.0,0.0,0,0,0,0
629,ed9f7cfe,17,1343,14,16,9,1,1,1,13,30,-17,16.2,22.5,-6.3,0,0,0,0
630,ee38d9c5,18,1453,16,17,13,1,0,1,28,31,-3,20.1,25.7,-5.6,0,0,0,0
631,ee950928,1,7,0,0,0,1,1,0,0,0,0,0.2,0.0,0.2,0,0,0,0
632,efb9215a,1,8,0,0,0,1,14,3,0,1,-1,0.1,0.5,-0.4,0,0,0,0
633,efd2ec23,4,198,2,2,1,2,1,1,2,2,0,2.9,4.3,-1.4,0,0,0,0
634,f08490a6,1,12,0,0,0,1,4,0,0,1,-1,0.1,0.1,0.0,0,0,0,0
635,f0caab96,7,310,3,3,2,4,9,1,2,6,-4,3.5,7.9,-4.4,0,0,0,0
636,f173303a,0,0,0,0,0,0,2,0,0,0,0,0.0,0.0,0.0,0,0,0,0
637,f25c8e3a,8,293,3,3,0,5,2,1,2,4,-2,4.9,3.7,1.2,0,0,0,0
638,f2bf1b0f,22,1639,18,19,12,3,1,0,15,31,-16,19.5,25.3,-5.8,0,0,0,0
639,f315ca93,14,536,6,6,2,8,10,1,10,7,3,10.8,8.9,1.9,0,0,0,0
640,f31def1e,10,900,10,10,10,0,0,0,6,19,-13,5.8,16.0,-10.2,0,0,0,0
641,f3354c07,15,339,3,2,1,13,10,0,8,9,-1,6.3,8.3,-2.0,0,0,0,0
642,f4d296e4,20,1677,18,20,16,0,1,0,25,32,-7,24.8,28.9,-4.1,0,0,0,0
643,f4e433d4,20,453,5,3,1,17,3,1,6,7,-1,7.5,6.5,1.0,0,0,0,0
644,f58515f5,0,0,0,0,0,0,2,0,0,0,0,0.0,0.0,0.0,0,0,0,0
645,f5a00fa4,24,1567,17,18,6,6,0,1,11,24,-13,17.8,23.4,-5.6,0,0,0,0
646,f5deef4c,9,542,6,5,4,4,9,1,15,9,6,13.0,6.9,6.1,0,0,0,0
647,f76e6b4e,0,0,0,0,0,0,10,0,0,0,0,0.0,0.0,0.0,0,0,0,0
648,f7b1d4e0,9,90,1,0,0,9,11,1,1,4,-3,1.6,2.6,-1.0,0,0,0,0
649,f8fcd2a5,9,810,9,9,9,0,1,0,15,24,-9,10.1,14.8,-4.6,0,0,0,0
650,f9d409a1,0,0,0,0,0,0,1,0,0,0,0,0.0,0.0,0.0,0,0,0,0
651,fa031b34,17,664,7,7,1,10,1,1,14,11,3,11.6,9.3,2.3,0,0,0,0
652,fa9fa773,3,34,0,0,0,3,14,0,0,1,-1,0.3,0.2,0.1,0,0,0,0
653,fb614c44,14,1252,13,14,12,0,0,1,23,25,-2,15.9,20.8,-5.0,0,0,0,0
654,fc027d02,10,691,7,8,6,2,14,1,7,15,-8,8.7,14.3,-5.5,0,0,0,0
655,fc15fb84,24,1418,15,16,7,8,2,0,11,27,-16,18.4,27.1,-8.6,0,0,0,0
656,fce2302c,17,480,5,4,2,13,9,2,12,5,7,9.9,4.7,5.2,0,0,0,0
657,fd08a24b,0,0,0,0,0,0,3,0,0,0,0,0.0,0.0,0.0,0,0,0,0
658,fdf3cb77,18,1426,15,16,12,2,6,0,12,21,-9,19.5,17.4,2.0,0,0,0,0
659,fe558029,11,945,10,10,10,1,14,0,10,31,-21,7.5,18.8,-11.3,0,0,0,0
660,fea06849,0,0,0,0,0,0,14,0,0,0,0,0.0,0.0,0.0,0,0,0,0
661,feb5d972,5,138,1,1,0,4,9,1,2,3,-1,2.1,2.5,-0.4,0,0,0,0
662,fed7cb61,24,1798,20,21,11,3,1,1,20,20,0,26.0,25.8,0.2,0,0,0,0
663,fed96827,21,1749,19,19,18,2,2,0,18,44,-26,14.3,34.5,-20.1,0,0,0,0
